===BEGIN_METADATA===
Test Name: 2026-08-25_130903_01,yyyy-mm-dd_hhmmss_{probe#/nano_id}
Probe ID: Nano_01,Probe Height (m): 0.8400
Note: 3x3 bucket weight calibration
Test Type: Calibration
Stalks: None,Probe: v4.1,Speed: None
Loads (N): 4.905 9.81 49.05,Positions (mm): 60 100 150
Analog-to-Digital Converter: ADS1220,Mode: Turbo,Data Rate: DR_330SPS,Analog Excitation/Reference Voltage: 5.1V +/-2mV
DAQ Microcontroller: Arduino Nano ESP32,Data-stream Connection: Wi-Fi
Number of ICB-Sensors: 1,Sensor Label(s): A,Sensor SNs: 114
ICB-Sensor A's Latest Calibration: N/A,kA1: 1.0,dA1: 1.0,cA1: 0.0,kA2: 1.0,dA2: 1.0,cA2: 0.0
===END_METADATA===
===BEGIN_DATA===
Time_A_sec,Strain_A1_raw,Strain_A2_raw,Processed_Time
0.001568,-292,-633,13:09:04.295474
0.003425,-523,-881,13:09:04.295474
0.005281,-734,-674,13:09:04.295474
0.007144,-1018,-852,13:09:04.295474
0.009,-702,-787,13:09:04.296866
0.010858,-749,-701,13:09:04.296866
0.012735,-837,-726,13:09:04.296866
0.014595,-686,-501,13:09:04.296866
0.016497,-1019,-708,13:09:04.296866
0.018356,-700,-646,13:09:04.296866
0.020218,-713,-437,13:09:04.296866
0.022076,-1170,-723,13:09:04.296866
0.023942,-767,-545,13:09:04.296866
0.025799,-683,-730,13:09:04.296866
0.027656,-2087,-474,13:09:04.296866
0.029514,-638,-660,13:09:04.296866
0.03137,-668,-800,13:09:04.296866
0.033227,-669,-941,13:09:04.296866
0.035083,-665,-645,13:09:04.296866
0.03694,-547,-646,13:09:04.296866
0.038798,-1533,-634,13:09:04.296866
0.040654,-530,-778,13:09:04.296866
0.042521,-811,-874,13:09:04.296866
0.044379,-631,-648,13:09:04.296866
0.046235,-759,-756,13:09:04.296866
0.048104,-817,-822,13:09:04.296866
0.04996,-591,-633,13:09:04.296866
0.051819,-876,-675,13:09:04.296866
0.053675,-574,-613,13:09:04.296866
0.055533,-748,-643,13:09:04.296866
0.057394,-570,-804,13:09:04.296866
0.059254,-745,-569,13:09:04.296866
0.061166,-966,-618,13:09:04.296866
0.063029,-679,-866,13:09:04.296866
0.064888,-657,-553,13:09:04.296866
0.066749,-722,-711,13:09:04.296866
0.068606,-565,-743,13:09:04.296866
0.070464,-822,-790,13:09:04.296866
0.07232,-495,-774,13:09:04.298375
0.074177,-434,-473,13:09:04.298375
0.076035,-490,-583,13:09:04.298375
0.077897,-662,-741,13:09:04.298878
0.079756,-760,-732,13:09:04.298878
0.081612,-760,-748,13:09:04.300891
0.083479,-677,-593,13:09:04.300891
0.085335,-511,-769,13:09:04.300891
0.087191,-614,-789,13:09:04.300891
0.08905,-624,-702,13:09:04.300891
0.090906,-602,-564,13:09:04.300891
0.092767,-577,-829,13:09:04.300891
0.094641,-1094,-644,13:09:04.300891
0.096507,-724,-696,13:09:04.300891
0.098366,-535,-696,13:09:04.300891
0.100228,-611,-627,13:09:04.300891
0.102086,-675,-685,13:09:04.300891
0.103943,-514,-733,13:09:04.300891
0.105807,-541,-624,13:09:04.300891
0.107677,-665,-970,13:09:04.300891
0.10954,-636,-599,13:09:04.300891
0.111449,-741,-593,13:09:04.300891
0.113306,-370,-856,13:09:04.300891
0.115163,-799,-556,13:09:04.300891
0.117021,-913,-669,13:09:04.300891
0.118877,-501,-839,13:09:04.300891
0.120736,-737,-695,13:09:04.301896
0.122592,-541,-437,13:09:04.301896
0.124449,-684,-725,13:09:04.301896
0.126307,-657,-790,13:09:04.301896
0.128171,-583,-377,13:09:04.301896
0.130028,-736,-708,13:09:04.301896
0.131884,-906,-650,13:09:04.301896
0.133742,-337,-662,13:09:04.301896
0.135599,-502,-608,13:09:04.301896
0.137455,-617,-626,13:09:04.301896
0.139314,-720,-579,13:09:04.301896
0.14117,-540,-739,13:09:04.301896
0.143026,-589,-779,13:09:04.301896
0.144883,-599,-786,13:09:04.301896
0.146749,-804,-633,13:09:04.301896
0.148605,-865,-983,13:09:04.301896
0.150462,-674,-846,13:09:04.301896
0.15232,-674,-767,13:09:04.301896
0.154177,-474,-741,13:09:04.301896
0.156041,-601,-749,13:09:04.307426
0.157901,-556,-723,13:09:04.307426
0.159772,-766,-466,13:09:04.307426
0.161698,-982,-628,13:09:04.307426
0.163554,-247,-779,13:09:04.307426
0.165411,-567,-656,13:09:04.307426
0.167269,-733,-853,13:09:04.307426
0.16913,-621,-625,13:09:04.307426
0.170988,-583,-805,13:09:04.307426
0.172846,-929,-724,13:09:04.307426
0.174704,-664,-493,13:09:04.307426
0.176561,-648,-345,13:09:04.309424
0.178417,-687,-645,13:09:04.309424
0.180276,-628,-710,13:09:04.309424
0.182132,-730,-589,13:09:04.309424
0.18399,-602,-441,13:09:04.309424
0.185847,-723,-614,13:09:04.309424
0.187709,-709,-626,13:09:04.309424
0.189565,-767,-883,13:09:04.309424
0.191422,-636,-452,13:09:04.309424
0.19328,-440,-785,13:09:04.309424
0.195139,-677,-638,13:09:04.309424
0.196997,-666,-577,13:09:04.309424
0.198853,-452,-841,13:09:04.309424
0.20071,-334,-582,13:09:04.309424
0.202594,-543,-696,13:09:04.309424
0.204452,-494,-814,13:09:04.447765
0.206337,-617,-866,13:09:04.447765
0.208197,-732,-770,13:09:04.447765
0.210067,-592,-821,13:09:04.447765
0.211953,-654,-500,13:09:04.447765
0.21381,-897,-736,13:09:04.447765
0.215672,-511,-678,13:09:04.447765
0.217529,-353,-633,13:09:04.447765
0.219385,-709,-586,13:09:04.447765
0.221243,-484,-677,13:09:04.447765
0.2231,-475,-534,13:09:04.447765
0.224958,-608,-464,13:09:04.447765
0.226814,-586,-644,13:09:04.447765
0.228675,-652,-878,13:09:04.447765
0.230533,-620,-711,13:09:04.447765
0.23239,-558,-553,13:09:04.447765
0.23425,-411,-567,13:09:04.447765
0.236106,-746,-647,13:09:04.447765
0.237965,-624,-712,13:09:04.447765
0.239823,-412,-784,13:09:04.447765
0.24168,-706,-882,13:09:04.447765
0.243538,-715,-690,13:09:04.447765
0.245396,-735,-801,13:09:04.447765
0.247255,-572,-927,13:09:04.447765
0.249111,-875,-624,13:09:04.447765
0.250977,-796,-399,13:09:04.447765
0.25285,-1147,-788,13:09:04.447765
0.25471,-435,-628,13:09:04.447765
0.256584,-847,-835,13:09:04.447765
0.258444,-668,-556,13:09:04.447765
0.260351,-431,-767,13:09:04.447765
0.262215,-728,-707,13:09:04.447765
0.264072,-848,-490,13:09:04.447765
0.26593,-605,-606,13:09:04.447765
0.267786,-500,-700,13:09:04.447765
0.269643,-577,-614,13:09:04.447765
0.271499,-666,-972,13:09:04.447765
0.273359,-617,-626,13:09:04.447765
0.275216,-479,-531,13:09:04.447765
0.277072,-698,-563,13:09:04.447765
0.278931,-808,-628,13:09:04.449217
0.280787,-572,-513,13:09:04.449217
0.282644,-634,-721,13:09:04.449217
0.2845,-619,-665,13:09:04.449217
0.286356,-538,-553,13:09:04.449217
0.288213,-629,-311,13:09:04.449217
0.290069,-427,-705,13:09:04.449217
0.291931,-609,-287,13:09:04.449217
0.293788,-870,-618,13:09:04.449217
0.295644,-806,-369,13:09:04.449217
0.297509,-712,-644,13:09:04.449217
0.299365,-647,-719,13:09:04.449217
0.301221,-894,-689,13:09:04.449217
0.303078,-510,-609,13:09:04.449217
0.304938,-342,-610,13:09:04.456876
0.306805,-619,-463,13:09:04.456876
0.308665,-641,-792,13:09:04.456876
0.310563,-591,-758,13:09:04.456876
0.312444,-435,-471,13:09:04.456876
0.314305,-534,-304,13:09:04.456876
0.316166,-681,-764,13:09:04.456876
0.318023,-535,-751,13:09:04.456876
0.319883,-565,-721,13:09:04.457864
0.321739,-513,-580,13:09:04.457864
0.323596,-685,-729,13:09:04.457864
0.325454,-518,-821,13:09:04.457864
0.327314,-488,-447,13:09:04.457864
0.329173,-505,-602,13:09:04.457864
0.331029,-531,-613,13:09:04.457864
0.332894,-591,-494,13:09:04.457864
0.334752,-711,-811,13:09:04.457864
0.336608,-715,-612,13:09:04.457864
0.338467,-667,-632,13:09:04.457864
0.340323,-587,-899,13:09:04.457864
0.342182,-341,-536,13:09:04.457864
0.344038,-582,-471,13:09:04.457864
0.345894,-585,-324,13:09:04.457864
0.347751,-656,-587,13:09:04.457864
0.349616,-517,-476,13:09:04.457864
0.351475,-607,-668,13:09:04.457864
0.353332,-390,-819,13:09:04.457864
0.35519,-539,-636,13:09:04.508945
0.357057,-604,-625,13:09:04.508945
0.358917,-438,-738,13:09:04.508945
0.360811,-780,-640,13:09:04.508945
0.362668,-440,-977,13:09:04.508945
0.36453,-737,-565,13:09:04.508945
0.366386,-327,-731,13:09:04.508945
0.368243,-616,-844,13:09:04.508945
0.370101,-611,-598,13:09:04.508945
0.371957,-501,-817,13:09:04.508945
0.373816,-487,-577,13:09:04.508945
0.375672,-645,-864,13:09:04.508945
0.377529,-615,-900,13:09:04.508945
0.379387,-475,-805,13:09:04.508945
0.381251,-779,-477,13:09:04.508945
0.383108,-672,-559,13:09:04.508945
0.384964,-558,-627,13:09:04.508945
0.386823,-725,-767,13:09:04.508945
0.388679,-485,-609,13:09:04.508945
0.390535,-561,-615,13:09:04.508945
0.392394,-501,-545,13:09:04.508945
0.39425,-722,-547,13:09:04.508945
0.396107,-427,-629,13:09:04.508945
0.397963,-526,-649,13:09:04.508945
0.399823,-634,-568,13:09:04.508945
0.401682,-380,-709,13:09:04.508945
0.403538,-724,-610,13:09:04.508945
0.405398,-821,-568,13:09:04.557868
0.407259,-501,-577,13:09:04.557868
0.409124,-901,-366,13:09:04.557868
0.411031,-762,-727,13:09:04.557868
0.412938,-682,-725,13:09:04.557868
0.414796,-627,-530,13:09:04.557868
0.416652,-370,-656,13:09:04.557868
0.418509,-502,-522,13:09:04.557868
0.420367,-661,-763,13:09:04.557868
0.422223,-555,-710,13:09:04.557868
0.42408,-799,-829,13:09:04.557868
0.425936,-631,-748,13:09:04.557868
0.427801,-468,-691,13:09:04.557868
0.429657,-566,-746,13:09:04.557868
0.431513,-313,-667,13:09:04.557868
0.433374,-538,-572,13:09:04.557868
0.43523,-683,-777,13:09:04.557868
0.437089,-553,-527,13:09:04.557868
0.438945,-798,-649,13:09:04.557868
0.440803,-454,-563,13:09:04.557868
0.442662,-517,-681,13:09:04.557868
0.444521,-607,-691,13:09:04.557868
0.446379,-695,-773,13:09:04.557868
0.448235,-579,-879,13:09:04.557868
0.450093,-756,-654,13:09:04.557868
0.45195,-586,-611,13:09:04.557868
0.453806,-671,-706,13:09:04.557868
0.455664,-369,-331,13:09:04.608317
0.457529,-697,-115,13:09:04.608317
0.459402,-1012,-484,13:09:04.608317
0.461333,-779,-596,13:09:04.608317
0.463192,-634,-344,13:09:04.608317
0.46505,-451,-477,13:09:04.608317
0.466906,-595,-594,13:09:04.608317
0.468769,-590,-563,13:09:04.608317
0.470627,-449,-812,13:09:04.608317
0.472493,-525,-724,13:09:04.608317
0.47435,-346,-528,13:09:04.608317
0.476206,-832,-669,13:09:04.608317
0.478065,-717,-564,13:09:04.608317
0.479921,-487,-485,13:09:04.608317
0.481777,-953,-606,13:09:04.608317
0.483634,-535,-614,13:09:04.608317
0.48549,-645,-702,13:09:04.608317
0.487347,-734,-784,13:09:04.608317
0.489203,-447,-756,13:09:04.608317
0.491065,-805,-670,13:09:04.608317
0.492922,-778,-626,13:09:04.608317
0.494778,-759,-684,13:09:04.608317
0.496637,-379,-740,13:09:04.608317
0.498493,-617,-587,13:09:04.608317
0.500351,-732,-520,13:09:04.609323
0.50221,-443,-392,13:09:04.609323
0.504066,-523,-678,13:09:04.609323
0.505932,-783,-651,13:09:04.657319
0.507792,-668,-654,13:09:04.657319
0.509655,-414,-728,13:09:04.657319
0.511565,-972,-831,13:09:04.657319
0.51344,-580,-731,13:09:04.657319
0.515302,-753,-646,13:09:04.657319
0.517158,-448,-565,13:09:04.657319
0.519017,-602,-573,13:09:04.657319
0.520875,-630,-596,13:09:04.657319
0.522732,-567,-650,13:09:04.657319
0.52459,-542,-870,13:09:04.657319
0.526448,-441,-361,13:09:04.657319
0.528307,-480,-609,13:09:04.657319
0.530163,-607,-642,13:09:04.657319
0.53203,-536,-495,13:09:04.657319
0.533886,-749,-786,13:09:04.657319
0.535742,-687,-598,13:09:04.657319
0.537601,-641,-767,13:09:04.658327
0.539457,-568,-918,13:09:04.658327
0.541315,-652,-500,13:09:04.658327
0.543172,-919,-598,13:09:04.658327
0.545028,-743,-573,13:09:04.658327
0.546885,-541,-569,13:09:04.658327
0.54875,-753,-549,13:09:04.658327
0.550609,-796,-617,13:09:04.658327
0.552466,-648,-496,13:09:04.658327
0.554324,-609,-732,13:09:04.658327
0.556192,-608,-520,13:09:04.710885
0.558053,-615,-704,13:09:04.710885
0.559929,-693,-698,13:09:04.710885
0.561809,-575,-527,13:09:04.710885
0.563666,-536,-606,13:09:04.710885
0.565522,-534,-698,13:09:04.710885
0.567379,-699,-724,13:09:04.710885
0.569237,-511,-552,13:09:04.710885
0.571093,-652,-384,13:09:04.710885
0.572952,-759,-459,13:09:04.710885
0.574808,-456,-502,13:09:04.710885
0.576665,-520,-705,13:09:04.710885
0.578521,-758,-406,13:09:04.710885
0.580385,-550,-615,13:09:04.710885
0.582242,-594,-308,13:09:04.710885
0.584098,-536,-684,13:09:04.710885
0.585956,-805,-800,13:09:04.710885
0.587813,-506,-614,13:09:04.710885
0.589669,-535,-654,13:09:04.710885
0.591528,-877,-617,13:09:04.710885
0.593384,-401,-433,13:09:04.710885
0.595242,-671,-555,13:09:04.710885
0.597099,-788,-748,13:09:04.710885
0.598963,-671,-544,13:09:04.710885
0.60082,-900,-415,13:09:04.710885
0.602676,-606,-579,13:09:04.710885
0.604534,-679,-844,13:09:04.757463
0.606399,-564,-379,13:09:04.757463
0.608259,-517,-452,13:09:04.757463
0.610141,-510,-605,13:09:04.757463
0.61202,-519,-663,13:09:04.757463
0.613882,-910,-359,13:09:04.757463
0.615758,-652,-411,13:09:04.757463
0.617619,-404,-501,13:09:04.757463
0.619475,-353,-549,13:09:04.757463
0.621331,-493,-595,13:09:04.757463
0.623192,-715,-644,13:09:04.757463
0.625048,-513,-571,13:09:04.757463
0.626907,-566,-428,13:09:04.757463
0.628763,-629,-715,13:09:04.757463
0.630619,-669,-524,13:09:04.757463
0.632478,-527,-579,13:09:04.757463
0.63434,-538,-525,13:09:04.757463
0.636199,-615,-469,13:09:04.757463
0.638055,-624,-509,13:09:04.757463
0.639921,-692,-781,13:09:04.757463
0.641778,-658,-335,13:09:04.757463
0.643634,-619,-722,13:09:04.757463
0.645492,-440,-530,13:09:04.758459
0.647349,-415,-742,13:09:04.758459
0.649207,-719,-313,13:09:04.758459
0.651064,-615,-515,13:09:04.758459
0.65292,-659,-575,13:09:04.758459
0.654778,-527,-575,13:09:04.813223
0.65665,-699,-547,13:09:04.813223
0.658509,-668,-389,13:09:04.813223
0.660417,-585,-533,13:09:04.813223
0.662312,-547,-563,13:09:04.813223
0.66417,-768,-272,13:09:04.813223
0.666026,-701,-781,13:09:04.813223
0.667891,-591,-573,13:09:04.813223
0.669747,-795,-705,13:09:04.813223
0.671604,-721,-564,13:09:04.813223
0.673462,-481,-602,13:09:04.813223
0.675318,-511,-711,13:09:04.813223
0.677177,-633,-580,13:09:04.813223
0.679033,-764,-573,13:09:04.813223
0.680889,-547,-703,13:09:04.813223
0.682748,-547,-517,13:09:04.813223
0.684614,-577,-532,13:09:04.813223
0.686471,-649,-576,13:09:04.813223
0.688327,-692,-809,13:09:04.813223
0.690185,-789,-476,13:09:04.813223
0.692042,-543,-671,13:09:04.813223
0.693898,-475,-565,13:09:04.813223
0.695757,-577,-688,13:09:04.813223
0.697613,-833,-681,13:09:04.813223
0.699469,-705,-399,13:09:04.813223
0.701326,-462,-350,13:09:04.813223
0.703192,-559,-647,13:09:04.813223
0.705049,-562,-462,13:09:04.857721
0.706923,-488,-528,13:09:04.857721
0.708787,-786,-939,13:09:04.857721
0.710711,-659,-623,13:09:04.857721
0.712568,-589,-621,13:09:04.857721
0.714426,-637,-386,13:09:04.857721
0.716286,-785,-672,13:09:04.857721
0.718149,-655,-351,13:09:04.857721
0.720005,-554,-336,13:09:04.857721
0.721864,-664,-500,13:09:04.857721
0.723722,-616,-349,13:09:04.857721
0.725582,-497,-480,13:09:04.859728
0.727441,-667,-695,13:09:04.859728
0.729297,-757,-430,13:09:04.859728
0.731164,-551,-520,13:09:04.859728
0.73302,-555,-601,13:09:04.859728
0.734876,-539,-568,13:09:04.859728
0.736735,-761,-441,13:09:04.859728
0.738591,-390,-470,13:09:04.859728
0.740449,-629,-637,13:09:04.859728
0.742306,-543,-494,13:09:04.859728
0.744162,-580,-318,13:09:04.859728
0.746021,-504,-499,13:09:04.859728
0.747884,-658,-445,13:09:04.859728
0.749743,-749,-568,13:09:04.859728
0.7516,-503,-459,13:09:04.859728
0.753458,-507,-520,13:09:04.859728
0.755315,-544,-441,13:09:04.909758
0.757181,-885,-700,13:09:04.909758
0.759043,-622,-406,13:09:04.909758
0.760955,-1067,-404,13:09:04.909758
0.762836,-520,-413,13:09:04.909758
0.764696,-816,-486,13:09:04.909758
0.766553,-709,-611,13:09:04.909758
0.768411,-429,-447,13:09:04.909758
0.770267,-768,-393,13:09:04.909758
0.772126,-670,-611,13:09:04.909758
0.773982,-644,-245,13:09:04.909758
0.775838,-591,-472,13:09:04.909758
0.777697,-815,-558,13:09:04.909758
0.779553,-446,-448,13:09:04.909758
0.781412,-567,-504,13:09:04.909758
0.783268,-592,-775,13:09:04.909758
0.785124,-556,-412,13:09:04.909758
0.786983,-752,-449,13:09:04.909758
0.788843,-506,-297,13:09:04.909758
0.7907,-473,-352,13:09:04.909758
0.792556,-453,-329,13:09:04.909758
0.794414,-747,-321,13:09:04.909758
0.796271,-476,-607,13:09:04.910752
0.798127,-421,-655,13:09:04.910752
0.799986,-940,-619,13:09:04.910752
0.801844,-562,-460,13:09:04.910752
0.803702,-512,-644,13:09:04.910752
0.805571,-554,-545,13:09:04.960580
0.807441,-761,-728,13:09:04.960580
0.809302,-474,-453,13:09:04.960580
0.811212,-1330,-463,13:09:04.960580
0.813088,-1104,-705,13:09:04.960580
0.814946,-621,-438,13:09:04.960580
0.816802,-628,-410,13:09:04.960580
0.818663,-610,-656,13:09:04.960580
0.820519,-577,-342,13:09:04.960580
0.82238,-674,-480,13:09:04.960580
0.824236,-415,-488,13:09:04.960580
0.826092,-469,-530,13:09:04.960580
0.827951,-337,-439,13:09:04.960580
0.829811,-533,-471,13:09:04.960580
0.83167,-468,-643,13:09:04.960580
0.833526,-720,-410,13:09:04.960580
0.835386,-630,-543,13:09:04.960580
0.837243,-764,-437,13:09:04.960580
0.839099,-773,-601,13:09:04.960580
0.840958,-642,-446,13:09:04.960580
0.842814,-796,-327,13:09:04.960580
0.844672,-455,-562,13:09:04.960580
0.846529,-872,-280,13:09:04.960580
0.848389,-442,-467,13:09:04.960580
0.850247,-505,-477,13:09:04.960580
0.852113,-678,-410,13:09:04.960580
0.85397,-582,-651,13:09:04.960580
0.855831,-582,-581,13:09:05.012794
0.857697,-840,-543,13:09:05.012794
0.859559,-539,-436,13:09:05.012794
0.861466,-634,-760,13:09:05.012794
0.863323,-2872,-558,13:09:05.012794
0.86521,-322,-589,13:09:05.012794
0.867067,-551,-475,13:09:05.012794
0.868927,-619,-626,13:09:05.012794
0.870783,-516,-456,13:09:05.012794
0.872642,-588,-567,13:09:05.012794
0.874498,-646,-434,13:09:05.012794
0.87636,-482,-421,13:09:05.012794
0.878219,-567,-548,13:09:05.012794
0.880085,-506,-545,13:09:05.012794
0.881942,-584,-310,13:09:05.012794
0.883802,-394,-353,13:09:05.013799
0.885658,-587,-525,13:09:05.013799
0.887515,-507,-303,13:09:05.013799
0.889373,-411,-326,13:09:05.013799
0.891231,-727,-557,13:09:05.013799
0.893088,-632,-607,13:09:05.013799
0.894946,-562,-503,13:09:05.013799
0.896803,-463,-620,13:09:05.013799
0.898663,-591,-428,13:09:05.013799
0.900519,-810,-663,13:09:05.013799
0.902378,-657,-845,13:09:05.013799
0.904236,-474,-397,13:09:05.013799
0.906106,-871,-421,13:09:05.062829
0.907967,-380,-543,13:09:05.062829
0.909834,-755,-398,13:09:05.062829
0.91172,-748,-522,13:09:05.062829
0.913584,-613,-425,13:09:05.062829
0.915464,-1670,-335,13:09:05.062829
0.91733,-501,-442,13:09:05.062829
0.919191,-564,-552,13:09:05.062829
0.921053,-653,-403,13:09:05.062829
0.922912,-590,-411,13:09:05.062829
0.924768,-541,-631,13:09:05.062829
0.926634,-506,-472,13:09:05.062829
0.928491,-465,-644,13:09:05.062829
0.930347,-644,-564,13:09:05.062829
0.932205,-634,-600,13:09:05.062829
0.934062,-486,-588,13:09:05.062829
0.93592,-484,-398,13:09:05.062829
0.937777,-842,-339,13:09:05.062829
0.939633,-441,-383,13:09:05.062829
0.941491,-510,-544,13:09:05.062829
0.943355,-536,-482,13:09:05.062829
0.945212,-765,-251,13:09:05.062829
0.947069,-583,-510,13:09:05.062829
0.948927,-575,-496,13:09:05.062829
0.950785,-712,-269,13:09:05.062829
0.952642,-522,-580,13:09:05.062829
0.9545,-775,-650,13:09:05.062829
0.95636,-293,-281,13:09:05.114773
0.958221,-574,-540,13:09:05.114773
0.960106,-572,-454,13:09:05.114773
0.962013,-794,-695,13:09:05.114773
0.963874,-520,-855,13:09:05.114773
0.96573,-2352,-495,13:09:05.114773
0.96762,-517,-456,13:09:05.114773
0.969479,-494,-558,13:09:05.114773
0.971336,-564,-222,13:09:05.114773
0.973193,-374,-463,13:09:05.114773
0.97505,-714,-244,13:09:05.114773
0.976912,-595,-582,13:09:05.114773
0.978771,-556,-344,13:09:05.114773
0.980627,-534,-544,13:09:05.114773
0.982485,-511,-225,13:09:05.114773
0.984346,-369,-346,13:09:05.114773
0.986202,-779,-397,13:09:05.114773
0.988059,-322,-636,13:09:05.114773
0.989915,-521,-490,13:09:05.114773
0.991773,-466,-260,13:09:05.114773
0.993638,-712,-658,13:09:05.114773
0.995494,-597,-458,13:09:05.114773
0.99735,-755,-471,13:09:05.114773
0.999209,-604,-362,13:09:05.114773
1.001065,-796,-612,13:09:05.115778
1.002922,-663,-520,13:09:05.115778
1.00478,-370,-238,13:09:05.165895
1.006644,-514,-216,13:09:05.165895
1.008505,-499,-307,13:09:05.165895
1.010421,-289,-251,13:09:05.165895
1.012289,-421,-468,13:09:05.165895
1.014146,-270,-583,13:09:05.165895
1.016006,-571,-508,13:09:05.166883
1.01787,-3608,-224,13:09:05.166883
1.019735,-717,-316,13:09:05.166883
1.021592,-499,-318,13:09:05.166883
1.023449,-466,-750,13:09:05.166883
1.025306,-303,-621,13:09:05.166883
1.027164,-449,-457,13:09:05.166883
1.029021,-618,-680,13:09:05.166883
1.030877,-512,-249,13:09:05.166883
1.032735,-720,-342,13:09:05.166883
1.034597,-581,-469,13:09:05.166883
1.036454,-584,-536,13:09:05.166883
1.038311,-353,-430,13:09:05.166883
1.040169,-628,-431,13:09:05.166883
1.042025,-452,-389,13:09:05.166883
1.043882,-325,-227,13:09:05.166883
1.045738,-618,-597,13:09:05.166883
1.047595,-520,-533,13:09:05.166883
1.049451,-495,-594,13:09:05.166883
1.051307,-495,-730,13:09:05.166883
1.053168,-811,-284,13:09:05.166883
1.055024,-428,-380,13:09:05.215970
1.056897,-414,-600,13:09:05.215970
1.058759,-390,-338,13:09:05.215970
1.060655,-437,-354,13:09:05.215970
1.062519,-748,-516,13:09:05.215970
1.064378,-375,-518,13:09:05.215970
1.066234,-589,-505,13:09:05.215970
1.068096,-1311,-444,13:09:05.215970
1.069979,-2623,-557,13:09:05.215970
1.071835,-190,-540,13:09:05.215970
1.073692,-161,-533,13:09:05.215970
1.075556,-659,-371,13:09:05.215970
1.077412,-854,-462,13:09:05.215970
1.079269,-566,-604,13:09:05.215970
1.081125,-479,-578,13:09:05.215970
1.082982,-665,-568,13:09:05.215970
1.084838,-428,-395,13:09:05.215970
1.086696,-692,-478,13:09:05.215970
1.088553,-579,-524,13:09:05.215970
1.090409,-455,-244,13:09:05.215970
1.092266,-585,-470,13:09:05.215970
1.094128,-470,-418,13:09:05.215970
1.095984,-749,-483,13:09:05.215970
1.097843,-639,-426,13:09:05.215970
1.099701,-670,-463,13:09:05.215970
1.101557,-585,-353,13:09:05.215970
1.103416,-586,-536,13:09:05.215970
1.105272,-420,-383,13:09:05.272398
1.107141,-621,-326,13:09:05.272398
1.109001,-470,-398,13:09:05.272398
1.110899,-959,-361,13:09:05.272398
1.112762,-548,-272,13:09:05.272398
1.11462,-584,-319,13:09:05.272398
1.116477,-640,-547,13:09:05.272398
1.118337,-1432,-331,13:09:05.272398
1.120203,-1032,-284,13:09:05.272398
1.122085,-404,-586,13:09:05.272398
1.123944,-592,-612,13:09:05.272398
1.125804,-537,-334,13:09:05.272398
1.127663,-437,-487,13:09:05.272398
1.129519,-621,-36,13:09:05.272398
1.131379,-593,-450,13:09:05.272398
1.133236,-315,-467,13:09:05.273403
1.135092,-337,-441,13:09:05.273403
1.136948,-352,-309,13:09:05.273403
1.138805,-333,-394,13:09:05.274387
1.140663,-487,-468,13:09:05.274387
1.14252,-382,-414,13:09:05.274387
1.144378,-621,-738,13:09:05.274387
1.146234,-525,-458,13:09:05.274387
1.148091,-498,-385,13:09:05.274387
1.149949,-515,-499,13:09:05.274387
1.151813,-548,-391,13:09:05.274387
1.15367,-258,-446,13:09:05.274387
1.15553,-446,-667,13:09:05.321460
1.157393,-402,-496,13:09:05.321460
1.159253,-588,-792,13:09:05.321460
1.161191,-1003,-376,13:09:05.321460
1.163091,-584,-610,13:09:05.321460
1.164954,-804,-538,13:09:05.321460
1.16681,-673,-621,13:09:05.321460
1.168666,-690,-263,13:09:05.321460
1.170523,-515,-752,13:09:05.321460
1.172387,-2258,-303,13:09:05.321460
1.174275,-422,-434,13:09:05.321460
1.176132,-383,-597,13:09:05.321460
1.177988,-515,-433,13:09:05.321460
1.179847,-714,-465,13:09:05.322460
1.181707,-207,-459,13:09:05.322460
1.183563,-487,-561,13:09:05.322460
1.18542,-305,-389,13:09:05.322460
1.187278,-253,-564,13:09:05.322460
1.189135,-460,-372,13:09:05.322460
1.190993,-486,-350,13:09:05.322460
1.192849,-428,-483,13:09:05.322460
1.194708,-612,-510,13:09:05.322460
1.196566,-461,-379,13:09:05.322460
1.198423,-471,-418,13:09:05.322460
1.200283,-384,-412,13:09:05.322460
1.202139,-374,-638,13:09:05.322460
1.203998,-542,-633,13:09:05.322460
1.205862,-394,-279,13:09:05.370893
1.207726,-468,-420,13:09:05.370893
1.209591,-351,-321,13:09:05.370893
1.211503,-553,-343,13:09:05.370893
1.213359,-451,-541,13:09:05.371902
1.215216,-803,-335,13:09:05.371902
1.217081,-235,-359,13:09:05.371902
1.218941,-959,-630,13:09:05.371902
1.220803,-548,-701,13:09:05.371902
1.222663,-3298,-647,13:09:05.371902
1.22452,-539,-580,13:09:05.371902
1.226378,-546,-428,13:09:05.371902
1.228236,-399,-449,13:09:05.371902
1.230093,-371,-372,13:09:05.371902
1.231951,-492,-523,13:09:05.371902
1.233808,-313,-617,13:09:05.371902
1.235668,-479,-608,13:09:05.371902
1.237524,-474,-510,13:09:05.371902
1.239381,-332,-332,13:09:05.371902
1.241243,-479,-360,13:09:05.371902
1.243099,-479,-169,13:09:05.371902
1.244958,-297,-384,13:09:05.371902
1.246814,-408,-533,13:09:05.371902
1.248671,-348,-494,13:09:05.371902
1.250529,-783,-483,13:09:05.371902
1.252388,-525,-406,13:09:05.371902
1.254244,-411,-502,13:09:05.371902
1.256122,-407,-533,13:09:05.429012
1.257983,-530,-519,13:09:05.429012
1.259859,-347,-377,13:09:05.429012
1.261763,-589,-669,13:09:05.429012
1.263623,-461,-484,13:09:05.429012
1.26548,-260,-432,13:09:05.429012
1.267336,-695,-757,13:09:05.429012
1.269195,-872,-423,13:09:05.429012
1.271051,-569,-564,13:09:05.429012
1.272915,-553,-446,13:09:05.429012
1.274789,-1198,-367,13:09:05.429012
1.276664,-334,-432,13:09:05.429012
1.278522,-516,-229,13:09:05.429012
1.280379,-401,-193,13:09:05.429012
1.282237,-445,-566,13:09:05.429012
1.284094,-275,-317,13:09:05.429012
1.28595,-453,-306,13:09:05.429012
1.287808,-312,-319,13:09:05.429012
1.289665,-540,-612,13:09:05.429012
1.291525,-339,-463,13:09:05.429012
1.293381,-673,-527,13:09:05.429012
1.29524,-416,-668,13:09:05.429012
1.297096,-393,-270,13:09:05.429012
1.298953,-580,-426,13:09:05.429012
1.300811,-443,-489,13:09:05.429012
1.302671,-434,-381,13:09:05.429012
1.30453,-569,-373,13:09:05.429012
1.306396,-482,-682,13:09:05.473565
1.308261,-487,-425,13:09:05.473565
1.310155,-296,-253,13:09:05.473565
1.312033,-960,-362,13:09:05.473565
1.313893,-570,-174,13:09:05.474566
1.31575,-338,-374,13:09:05.474566
1.317606,-413,-273,13:09:05.474566
1.319465,-377,-309,13:09:05.474566
1.321321,-1335,-665,13:09:05.474566
1.323183,-824,-485,13:09:05.474566
1.32504,-376,-359,13:09:05.474566
1.326904,-529,-570,13:09:05.474566
1.328784,-573,-484,13:09:05.474566
1.330643,-326,-430,13:09:05.474566
1.332505,-2591,-298,13:09:05.474566
1.334362,-359,-290,13:09:05.474566
1.336224,-813,-362,13:09:05.474566
1.33808,-556,-823,13:09:05.474566
1.339937,-519,-630,13:09:05.474566
1.341795,-573,-536,13:09:05.474566
1.343652,-509,-430,13:09:05.474566
1.34551,-703,-341,13:09:05.474566
1.347366,-426,-234,13:09:05.474566
1.349223,-418,-487,13:09:05.474566
1.351081,-258,-315,13:09:05.474566
1.352945,-397,-499,13:09:05.474566
1.354808,-406,-457,13:09:05.523185
1.356672,-489,-425,13:09:05.523185
1.358537,-333,-550,13:09:05.523185
1.360442,-340,-345,13:09:05.523185
1.362309,-810,-578,13:09:05.523185
1.364168,-531,-403,13:09:05.524189
1.366026,-400,-430,13:09:05.524189
1.367882,-1919,-326,13:09:05.524189
1.369741,-542,-211,13:09:05.524189
1.371602,-582,-335,13:09:05.524189
1.37346,-584,-661,13:09:05.524189
1.375316,-392,-470,13:09:05.524189
1.37718,-4688,-450,13:09:05.524189
1.37908,-236,-362,13:09:05.524189
1.380937,-480,-588,13:09:05.524189
1.382797,-591,-531,13:09:05.524189
1.384654,-367,-318,13:09:05.524189
1.386516,-624,-525,13:09:05.524189
1.388378,-517,-367,13:09:05.524189
1.390241,-495,-497,13:09:05.524189
1.392097,-616,-440,13:09:05.524189
1.393954,-607,-465,13:09:05.524189
1.395812,-524,-568,13:09:05.524189
1.397668,-618,-198,13:09:05.524189
1.399525,-692,-697,13:09:05.524189
1.401383,-314,-100,13:09:05.524189
1.40324,-613,-414,13:09:05.524189
1.405098,-408,-571,13:09:05.575342
1.406966,-258,-399,13:09:05.575342
1.408827,-556,-287,13:09:05.575342
1.410723,-677,-494,13:09:05.575342
1.412581,-272,-580,13:09:05.575342
1.41444,-184,-401,13:09:05.575342
1.416296,-359,-369,13:09:05.575342
1.418154,-840,-282,13:09:05.575342
1.420011,-625,-383,13:09:05.575342
1.421876,-393,-272,13:09:05.575342
1.423736,-729,-271,13:09:05.575342
1.425592,-581,-356,13:09:05.575342
1.427452,-2446,-452,13:09:05.575342
1.429309,-197,-243,13:09:05.575342
1.431165,-306,-325,13:09:05.575342
1.433024,-269,-515,13:09:05.575342
1.43488,-564,-429,13:09:05.575342
1.436738,-626,-429,13:09:05.575342
1.438595,-636,-408,13:09:05.575342
1.440453,-421,-442,13:09:05.575342
1.442309,-436,-208,13:09:05.575342
1.444166,-443,-624,13:09:05.575342
1.446024,-448,-485,13:09:05.575342
1.447881,-288,-298,13:09:05.575342
1.449739,-163,-206,13:09:05.575342
1.451595,-404,-735,13:09:05.575342
1.453452,-202,-325,13:09:05.575342
1.45531,-398,-501,13:09:05.626388
1.457185,-148,-350,13:09:05.626388
1.459045,-198,-619,13:09:05.626388
1.460947,-770,-435,13:09:05.626388
1.462808,-281,-388,13:09:05.626388
1.464666,-456,-476,13:09:05.626388
1.466522,-681,-450,13:09:05.626388
1.468381,-455,-318,13:09:05.626388
1.470237,-406,-296,13:09:05.626388
1.472097,-1007,-552,13:09:05.626388
1.473956,-1666,-326,13:09:05.626388
1.475822,-168,-450,13:09:05.626388
1.477679,-1939,-407,13:09:05.626388
1.479562,-620,-490,13:09:05.626388
1.481421,-424,-356,13:09:05.626388
1.48328,-316,-549,13:09:05.626388
1.485146,-403,-341,13:09:05.626388
1.487002,-459,-370,13:09:05.626388
1.488859,-391,-253,13:09:05.626388
1.490717,-322,-406,13:09:05.627398
1.492573,-281,-398,13:09:05.627398
1.49443,-296,-439,13:09:05.627398
1.496288,-465,-547,13:09:05.627398
1.498145,-419,-392,13:09:05.627398
1.500003,-483,-92,13:09:05.627398
1.501859,-313,-564,13:09:05.627398
1.503724,-192,-392,13:09:05.627398
1.505584,-351,-307,13:09:05.679372
1.507448,-291,-142,13:09:05.679372
1.509311,-288,-447,13:09:05.679372
1.51122,-968,-305,13:09:05.679372
1.513077,-338,-366,13:09:05.679372
1.514938,-307,-414,13:09:05.679372
1.516798,-537,-446,13:09:05.679372
1.518657,-353,-300,13:09:05.679372
1.520513,-123,-513,13:09:05.679372
1.522371,-456,-338,13:09:05.679372
1.524228,-215,-543,13:09:05.679372
1.526084,-1106,-216,13:09:05.679372
1.527947,-256,-234,13:09:05.679372
1.529811,-2514,-266,13:09:05.679372
1.531669,-290,-443,13:09:05.679372
1.533528,-435,-347,13:09:05.679372
1.535384,-177,-296,13:09:05.679372
1.537242,-258,-384,13:09:05.679372
1.539101,-204,-253,13:09:05.679372
1.540959,-470,-368,13:09:05.679372
1.542816,-274,-535,13:09:05.679372
1.544676,-546,-382,13:09:05.679372
1.546532,-159,-526,13:09:05.679372
1.548389,-274,-291,13:09:05.679372
1.550247,-129,-315,13:09:05.679372
1.552103,-208,-466,13:09:05.679372
1.553962,-144,-483,13:09:05.679372
1.555824,-282,-233,13:09:05.728864
1.557689,-326,-327,13:09:05.728864
1.559551,-315,-412,13:09:05.728864
1.561453,-138,-297,13:09:05.728864
1.563312,-620,-472,13:09:05.728864
1.56517,-271,-213,13:09:05.728864
1.567026,-304,-2,13:09:05.728864
1.568885,-485,-421,13:09:05.728864
1.570741,-271,-409,13:09:05.728864
1.572599,-133,-93,13:09:05.728864
1.574456,-213,-340,13:09:05.728864
1.576318,-103,-256,13:09:05.728864
1.578177,-796,-267,13:09:05.728864
1.580053,-375,-470,13:09:05.728864
1.581925,-1458,-300,13:09:05.728864
1.583796,-372,-579,13:09:05.728864
1.585652,-17,-333,13:09:05.728864
1.587508,-179,-129,13:09:05.728864
1.589365,-217,-406,13:09:05.728864
1.591225,-315,-426,13:09:05.728864
1.593081,-133,-263,13:09:05.728864
1.59494,-430,-422,13:09:05.728864
1.596798,-526,-438,13:09:05.728864
1.598655,-484,-265,13:09:05.728864
1.600511,-504,-457,13:09:05.728864
1.602371,-113,-427,13:09:05.728864
1.60423,-493,-317,13:09:05.728864
1.606096,-228,-506,13:09:05.780577
1.607963,-518,-139,13:09:05.780577
1.609833,-439,-126,13:09:05.780577
1.611717,-233,-465,13:09:05.780577
1.613576,-279,-375,13:09:05.780577
1.615432,-436,-456,13:09:05.780577
1.61729,-344,-260,13:09:05.780577
1.619147,-232,-374,13:09:05.780577
1.62101,-416,-495,13:09:05.780577
1.622869,-1076,-385,13:09:05.780577
1.624726,-175,-172,13:09:05.780577
1.626584,-1060,-261,13:09:05.780577
1.628441,-615,-343,13:09:05.780577
1.630301,-456,-356,13:09:05.780577
1.632162,-4048,-308,13:09:05.780577
1.634022,-208,-208,13:09:05.780577
1.63588,-397,-391,13:09:05.780577
1.637737,-317,-129,13:09:05.780577
1.639625,-277,-289,13:09:05.780577
1.641485,79,-97,13:09:05.780577
1.643342,-394,-293,13:09:05.780577
1.6452,-246,-252,13:09:05.780577
1.647056,-26,-232,13:09:05.780577
1.648913,-189,-287,13:09:05.780577
1.650769,-234,-422,13:09:05.780577
1.652626,-314,-319,13:09:05.780577
1.654484,-205,-414,13:09:05.780577
1.656342,-95,-285,13:09:05.831793
1.658203,-292,-417,13:09:05.831793
1.660083,-42,-201,13:09:05.831793
1.661974,-289,-252,13:09:05.831793
1.663836,-137,-563,13:09:05.831793
1.665692,-426,-228,13:09:05.831793
1.667552,-278,-156,13:09:05.831793
1.669411,-670,-163,13:09:05.831793
1.671267,-219,-353,13:09:05.831793
1.673126,-836,-562,13:09:05.831793
1.674982,-975,-308,13:09:05.831793
1.676842,-649,-127,13:09:05.831793
1.678699,-810,-409,13:09:05.831793
1.680555,-75,-269,13:09:05.831793
1.682414,-1074,-222,13:09:05.831793
1.68428,-507,-234,13:09:05.831793
1.686136,-504,-638,13:09:05.831793
1.687993,-198,-211,13:09:05.831793
1.689851,-316,-311,13:09:05.831793
1.691708,-113,-342,13:09:05.831793
1.693564,-89,-311,13:09:05.831793
1.695422,-218,-330,13:09:05.831793
1.697279,-186,-233,13:09:05.831793
1.699137,-464,-325,13:09:05.831793
1.700994,-43,-159,13:09:05.831793
1.702858,-454,-233,13:09:05.831793
1.704714,-363,-213,13:09:05.882983
1.706581,-314,-75,13:09:05.882983
1.708444,-416,-284,13:09:05.882983
1.710347,-175,-60,13:09:05.882983
1.712216,-739,-284,13:09:05.882983
1.714074,-38,-363,13:09:05.882983
1.71593,-484,-318,13:09:05.882983
1.717789,-338,-262,13:09:05.882983
1.719645,-202,-515,13:09:05.882983
1.721506,-1125,-382,13:09:05.882983
1.723362,-1088,-153,13:09:05.882983
1.725218,-927,-160,13:09:05.884989
1.727077,-323,-408,13:09:05.884989
1.728933,-677,-131,13:09:05.884989
1.73079,-1129,-217,13:09:05.884989
1.732656,-510,-195,13:09:05.884989
1.734539,-1040,-388,13:09:05.884989
1.736401,-317,-207,13:09:05.884989
1.738257,-116,-321,13:09:05.884989
1.740117,-326,-373,13:09:05.884989
1.741974,-407,-262,13:09:05.884989
1.74383,-80,-275,13:09:05.884989
1.745687,-149,-427,13:09:05.884989
1.74755,-208,-592,13:09:05.884989
1.749407,-71,-176,13:09:05.884989
1.751264,-258,-267,13:09:05.884989
1.753122,-276,-233,13:09:05.884989
1.754979,-404,-126,13:09:05.933847
1.756843,-247,-53,13:09:05.933847
1.758703,-298,-274,13:09:05.933847
1.760613,-297,-418,13:09:05.933847
1.762474,-132,-392,13:09:05.933847
1.76433,-279,-244,13:09:05.933847
1.766186,-220,16,13:09:05.933847
1.768049,104,-253,13:09:05.933847
1.769905,-187,-379,13:09:05.933847
1.771768,-1397,-227,13:09:05.933847
1.773624,-1172,-354,13:09:05.933847
1.775481,-391,-18,13:09:05.933847
1.777339,-223,-196,13:09:05.933847
1.779195,-424,-166,13:09:05.933847
1.781052,-226,-108,13:09:05.933847
1.782908,-988,-186,13:09:05.933847
1.784768,-138,-8,13:09:05.933847
1.786629,-2294,-220,13:09:05.933847
1.78851,30,-115,13:09:05.933847
1.790367,-251,-78,13:09:05.933847
1.792224,-350,-204,13:09:05.933847
1.794082,-188,-324,13:09:05.933847
1.795939,-25,-347,13:09:05.933847
1.797795,-240,-136,13:09:05.933847
1.799653,-233,-358,13:09:05.933847
1.80151,-157,-155,13:09:05.933847
1.803366,120,-367,13:09:05.933847
1.805223,-253,-303,13:09:05.987294
1.807087,-1,-280,13:09:05.987294
1.808947,127,-290,13:09:05.987294
1.810842,-153,-314,13:09:05.987294
1.812702,-298,-199,13:09:05.987294
1.814558,-347,2,13:09:05.987294
1.816419,-581,-130,13:09:05.987294
1.818277,-316,-102,13:09:05.987294
1.820134,-173,-210,13:09:05.987294
1.821994,-1108,-159,13:09:05.987294
1.82385,-146,-207,13:09:05.987294
1.825709,-289,-378,13:09:05.987294
1.827565,-965,-222,13:09:05.987294
1.829421,-25,-449,13:09:05.987294
1.83128,-1410,-248,13:09:05.987294
1.83314,-836,-273,13:09:05.987294
1.834999,-129,-191,13:09:05.988300
1.836859,-3489,-79,13:09:05.988300
1.838721,-344,-201,13:09:05.988300
1.840578,-8,-117,13:09:05.988300
1.842434,-109,-341,13:09:05.988300
1.844292,-132,-321,13:09:05.988300
1.846149,-310,-346,13:09:05.988300
1.848005,-208,-203,13:09:05.988300
1.849864,-240,-277,13:09:05.988300
1.851726,7,-341,13:09:05.988300
1.853582,-351,-288,13:09:05.988300
1.855442,-193,-206,13:09:06.034771
1.857315,-265,-237,13:09:06.034771
1.859178,-186,-23,13:09:06.034771
1.861072,-350,8,13:09:06.035796
1.862932,-229,-264,13:09:06.035796
1.864789,-175,-311,13:09:06.035796
1.866647,-275,-255,13:09:06.035796
1.868503,-362,-311,13:09:06.035796
1.870366,-110,-239,13:09:06.035796
1.872224,-72,-246,13:09:06.035796
1.87409,-797,-86,13:09:06.035796
1.875947,-151,20,13:09:06.035796
1.877803,22,-304,13:09:06.035796
1.879662,-1114,-403,13:09:06.035796
1.881518,-36,-58,13:09:06.035796
1.883378,-184,-286,13:09:06.035796
1.885237,-212,-86,13:09:06.035796
1.887095,-261,183,13:09:06.035796
1.888975,38,-163,13:09:06.035796
1.890834,-4412,-227,13:09:06.035796
1.8927,-319,-249,13:09:06.035796
1.894559,-92,-258,13:09:06.035796
1.896415,-78,-251,13:09:06.035796
1.898271,-232,-288,13:09:06.035796
1.900128,-68,-373,13:09:06.035796
1.901992,-333,-80,13:09:06.035796
1.903849,-310,-407,13:09:06.035796
1.905707,-61,105,13:09:06.090312
1.907575,-223,-124,13:09:06.090312
1.90944,9,-364,13:09:06.090312
1.911342,-586,-107,13:09:06.090312
1.9132,-403,-290,13:09:06.090312
1.915057,-108,-259,13:09:06.090312
1.916915,-76,-335,13:09:06.090312
1.918773,-313,-207,13:09:06.090312
1.92064,-155,-40,13:09:06.090312
1.922496,-466,-145,13:09:06.090312
1.924353,-247,-236,13:09:06.090312
1.926211,-1103,-336,13:09:06.090312
1.928067,-1056,-228,13:09:06.090312
1.929924,-47,-213,13:09:06.090312
1.931782,-565,-94,13:09:06.090312
1.933638,-992,-177,13:09:06.090312
1.935498,-1046,-74,13:09:06.090312
1.93736,-299,-274,13:09:06.090312
1.939246,-1275,-524,13:09:06.090312
1.941118,-58,-367,13:09:06.090312
1.942974,-110,-454,13:09:06.090312
1.944833,-176,-287,13:09:06.090312
1.946693,-74,-236,13:09:06.090312
1.948551,63,-29,13:09:06.090312
1.950408,-28,-396,13:09:06.090312
1.952274,-207,1,13:09:06.090312
1.95413,81,-202,13:09:06.090312
1.956006,-77,-205,13:09:06.139949
1.957865,58,-354,13:09:06.139949
1.959729,-35,-348,13:09:06.139949
1.96164,-698,-269,13:09:06.139949
1.963498,-281,-393,13:09:06.139949
1.965354,-332,-193,13:09:06.139949
1.967213,-815,-65,13:09:06.140452
1.969069,-364,-93,13:09:06.140452
1.970932,-160,-440,13:09:06.140452
1.97279,-160,-285,13:09:06.140452
1.974656,-584,-252,13:09:06.140452
1.976513,-1084,-549,13:09:06.140452
1.978369,-1054,-310,13:09:06.140452
1.980227,-1420,-143,13:09:06.140452
1.982084,-851,-315,13:09:06.140452
1.983942,-326,-297,13:09:06.140452
1.985803,-33,-66,13:09:06.140452
1.987659,-950,-364,13:09:06.140452
1.989515,-960,-503,13:09:06.140452
1.991409,-436,165,13:09:06.140452
1.993276,-1906,-220,13:09:06.140452
1.995134,-101,-324,13:09:06.140452
1.996991,-77,-97,13:09:06.141457
1.998849,-275,-197,13:09:06.141457
2.000706,-192,-159,13:09:06.141457
2.002566,-284,-379,13:09:06.141457
2.004424,-180,-232,13:09:06.141457
2.00629,-76,-208,13:09:06.192050
2.008149,45,-183,13:09:06.192050
2.01003,-126,-175,13:09:06.192050
2.011912,-257,-231,13:09:06.192050
2.013768,-349,-241,13:09:06.192050
2.015624,-594,-353,13:09:06.192050
2.017483,47,-239,13:09:06.192050
2.019339,-6,-181,13:09:06.192050
2.021206,-499,-589,13:09:06.192050
2.023062,-853,-247,13:09:06.192050
2.024921,-389,-132,13:09:06.192050
2.026779,-245,-229,13:09:06.192050
2.028635,-56,-174,13:09:06.192050
2.030494,-528,-314,13:09:06.192050
2.03235,-1093,-293,13:09:06.193061
2.034208,-131,-258,13:09:06.193061
2.036065,-181,-206,13:09:06.193061
2.037926,29,-445,13:09:06.193061
2.039789,-368,-206,13:09:06.193061
2.041646,-2561,-22,13:09:06.193061
2.043516,-43,-104,13:09:06.193061
2.045373,-146,-480,13:09:06.193061
2.047229,-373,-270,13:09:06.193061
2.049113,-270,-149,13:09:06.193061
2.050972,-333,-190,13:09:06.193061
2.052834,-223,-426,13:09:06.193061
2.05469,-28,-132,13:09:06.208704
2.056555,-274,20,13:09:06.208704
2.058415,-172,-210,13:09:06.208704
2.060313,-23,-303,13:09:06.208704
2.062188,-462,-347,13:09:06.208704
2.064046,-451,-207,13:09:06.208704
2.065907,-361,-331,13:09:06.208704
2.067765,-204,-395,13:09:06.208704
2.069621,-135,-47,13:09:06.208704
2.071482,-950,-198,13:09:06.208704
2.073338,-170,-146,13:09:06.208704
2.075194,-1204,-150,13:09:06.208704
2.077053,-191,-246,13:09:06.208704
2.078909,-73,-92,13:09:06.208704
2.080768,-431,-415,13:09:06.208704
2.082624,-874,-374,13:09:06.208704
2.084484,-247,-191,13:09:06.208704
2.086343,-593,-499,13:09:06.208704
2.088209,-96,-302,13:09:06.208704
2.090066,162,-120,13:09:06.208704
2.091926,-623,-414,13:09:06.208704
2.093808,-279,-313,13:09:06.208704
2.095675,-2458,-193,13:09:06.208704
2.097533,-110,-329,13:09:06.208704
2.099389,-25,-150,13:09:06.208704
2.101246,-74,-191,13:09:06.208704
2.103104,-186,-315,13:09:06.208704
2.104961,42,-30,13:09:06.258010
2.106825,-132,-365,13:09:06.258010
2.108685,-177,-264,13:09:06.258010
2.110593,-254,-152,13:09:06.258010
2.112478,153,-304,13:09:06.258010
2.114336,-56,15,13:09:06.258010
2.116193,-192,-95,13:09:06.258010
2.118051,73,-258,13:09:06.258010
2.119907,-74,-276,13:09:06.258010
2.121772,-53,-210,13:09:06.258010
2.123628,-155,-22,13:09:06.259011
2.125484,40,-118,13:09:06.260012
2.127343,-378,-180,13:09:06.260012
2.129199,143,54,13:09:06.260012
2.131056,-46,-147,13:09:06.260012
2.132912,-5,-188,13:09:06.260012
2.134768,25,-324,13:09:06.260012
2.136625,-179,-131,13:09:06.260012
2.138482,-314,-274,13:09:06.260012
2.140344,-273,-142,13:09:06.260012
2.142204,-222,-347,13:09:06.260012
2.144062,-185,-154,13:09:06.260012
2.145919,-21,-179,13:09:06.260012
2.147775,-195,59,13:09:06.260012
2.149633,-155,-183,13:09:06.260012
2.15149,-83,-220,13:09:06.260012
2.153346,-39,-57,13:09:06.261012
2.155203,-73,15,13:09:06.306908
2.157073,-1,-49,13:09:06.306908
2.158933,236,-372,13:09:06.306908
2.160834,-642,-233,13:09:06.306908
2.162696,-113,-342,13:09:06.306908
2.164552,54,-213,13:09:06.306908
2.166409,-69,-120,13:09:06.306908
2.168267,178,-170,13:09:06.306908
2.170127,-189,-263,13:09:06.306908
2.171984,55,-415,13:09:06.306908
2.17384,-211,-385,13:09:06.306908
2.175699,-280,-113,13:09:06.306908
2.177555,-271,-144,13:09:06.306908
2.179411,-145,-224,13:09:06.306908
2.181268,75,-64,13:09:06.306908
2.183124,16,-349,13:09:06.306908
2.184981,-18,-225,13:09:06.306908
2.186837,-65,-168,13:09:06.307810
2.188697,-7,-482,13:09:06.307810
2.190554,144,-322,13:09:06.307810
2.19241,-194,-215,13:09:06.307810
2.194269,179,-436,13:09:06.307810
2.196125,-334,-468,13:09:06.307810
2.197983,-149,-351,13:09:06.307810
2.19984,-40,-34,13:09:06.307810
2.2017,215,-89,13:09:06.307810
2.203559,-227,-137,13:09:06.307810
2.205415,-227,-493,13:09:06.357538
2.207279,-57,-339,13:09:06.357538
2.209141,-17,-111,13:09:06.357538
2.211044,-433,-145,13:09:06.357538
2.212918,-74,-122,13:09:06.357538
2.214775,-271,-291,13:09:06.357538
2.216633,-96,-88,13:09:06.357538
2.218489,-44,-291,13:09:06.357538
2.220348,85,-46,13:09:06.357538
2.222206,-492,-251,13:09:06.357538
2.224063,-242,-236,13:09:06.357538
2.225923,-190,-41,13:09:06.357538
2.227781,17,-44,13:09:06.357538
2.22964,-211,-88,13:09:06.357538
2.231496,-66,-206,13:09:06.357538
2.233353,19,-262,13:09:06.357538
2.235211,3,-272,13:09:06.358713
2.237069,0,-161,13:09:06.358713
2.238928,116,122,13:09:06.358713
2.240784,14,-107,13:09:06.358713
2.242651,-240,-24,13:09:06.358713
2.244519,30,-293,13:09:06.358713
2.246384,-164,138,13:09:06.358713
2.248242,-84,-51,13:09:06.358713
2.2501,-80,-248,13:09:06.358713
2.251958,-131,-231,13:09:06.358713
2.253815,-138,-414,13:09:06.358713
2.255675,-84,-170,13:09:06.406991
2.257536,-356,-236,13:09:06.406991
2.259398,-104,4,13:09:06.406991
2.261334,-470,-246,13:09:06.406991
2.263228,-489,252,13:09:06.406991
2.265097,-170,-114,13:09:06.406991
2.266959,82,-353,13:09:06.406991
2.268815,-11,-8,13:09:06.406991
2.270672,-10,-325,13:09:06.406991
2.27253,107,-62,13:09:06.406991
2.274387,1,-133,13:09:06.406991
2.276245,-147,-163,13:09:06.406991
2.278101,-18,-151,13:09:06.406991
2.279958,-13,60,13:09:06.406991
2.281816,121,-215,13:09:06.406991
2.28368,-184,-209,13:09:06.406991
2.285537,-153,-296,13:09:06.406991
2.287393,-197,-286,13:09:06.406991
2.289252,-58,-99,13:09:06.406991
2.291108,-80,-274,13:09:06.406991
2.292965,-169,-238,13:09:06.406991
2.294825,98,-176,13:09:06.406991
2.296681,65,-56,13:09:06.406991
2.29854,-56,-344,13:09:06.406991
2.300396,-392,-342,13:09:06.406991
2.302259,-17,-57,13:09:06.406991
2.304115,-68,-104,13:09:06.406991
2.305982,-162,-299,13:09:06.457777
2.307844,-73,74,13:09:06.457777
2.309706,-47,122,13:09:06.457777
2.311596,-9,-265,13:09:06.457777
2.313455,-216,-105,13:09:06.457777
2.315315,-129,-183,13:09:06.457777
2.317172,-174,132,13:09:06.457777
2.319028,-162,7,13:09:06.457777
2.320886,-113,-121,13:09:06.457777
2.322743,114,-169,13:09:06.457777
2.324599,-142,-63,13:09:06.457777
2.326458,121,-165,13:09:06.457777
2.328314,-26,-344,13:09:06.457777
2.33017,-83,-93,13:09:06.457777
2.332027,230,-415,13:09:06.457777
2.333891,0,-476,13:09:06.457777
2.33575,-113,-159,13:09:06.457777
2.337606,165,-79,13:09:06.457777
2.339464,179,-42,13:09:06.457777
2.341321,103,12,13:09:06.457777
2.343177,24,-359,13:09:06.457777
2.345033,-102,76,13:09:06.457777
2.346892,-178,75,13:09:06.457777
2.34875,-200,-385,13:09:06.457777
2.350613,-215,-232,13:09:06.457777
2.352469,6,-231,13:09:06.457777
2.354325,-139,-177,13:09:06.457777
2.356202,85,-406,13:09:06.507379
2.358062,186,-177,13:09:06.507379
2.359949,-224,-220,13:09:06.507379
2.361867,68,-104,13:09:06.507379
2.363723,-324,-426,13:09:06.507379
2.36558,-135,-235,13:09:06.507379
2.367438,-243,-219,13:09:06.507379
2.369294,38,30,13:09:06.507379
2.371153,42,-213,13:09:06.507379
2.373009,-136,-268,13:09:06.507379
2.374867,-144,-65,13:09:06.507379
2.376724,-211,-103,13:09:06.507379
2.378585,-14,-45,13:09:06.507379
2.380444,-112,-162,13:09:06.507379
2.382301,-94,30,13:09:06.507379
2.384159,-243,-154,13:09:06.507379
2.386016,241,-307,13:09:06.507379
2.387876,32,-74,13:09:06.507379
2.389736,-10,-43,13:09:06.507379
2.391593,-128,-292,13:09:06.507379
2.393449,-71,-279,13:09:06.507379
2.395306,-58,-219,13:09:06.507379
2.397162,-209,10,13:09:06.507379
2.399018,108,-319,13:09:06.507379
2.400877,-216,-107,13:09:06.507379
2.402735,-120,-110,13:09:06.507379
2.404592,212,-28,13:09:06.557521
2.406454,-32,-87,13:09:06.557521
2.408314,-194,-130,13:09:06.557521
2.410218,-288,-310,13:09:06.557521
2.412117,-36,-46,13:09:06.557521
2.413973,72,-181,13:09:06.557521
2.41583,-104,-66,13:09:06.557521
2.417688,-115,79,13:09:06.557521
2.419545,-241,18,13:09:06.557521
2.421403,17,-221,13:09:06.557521
2.423259,-130,-210,13:09:06.557521
2.425118,-217,-216,13:09:06.557521
2.426974,52,-225,13:09:06.557521
2.428832,-253,-3,13:09:06.557521
2.430691,-210,-140,13:09:06.557521
2.432547,-60,82,13:09:06.557521
2.434404,92,116,13:09:06.557521
2.43626,-138,-130,13:09:06.558529
2.438122,-75,-300,13:09:06.558529
2.439979,-29,-124,13:09:06.558529
2.441835,21,-189,13:09:06.558529
2.443693,-128,30,13:09:06.558529
2.44555,69,-12,13:09:06.558529
2.447406,-67,-155,13:09:06.558529
2.449271,-226,-285,13:09:06.558529
2.451127,-115,-123,13:09:06.558529
2.452985,10,-65,13:09:06.558529
2.45487,99,-45,13:09:06.607691
2.456738,-8,56,13:09:06.607691
2.458598,-170,-273,13:09:06.607691
2.460491,-146,-286,13:09:06.607691
2.462359,-4,-135,13:09:06.607691
2.464215,-117,-78,13:09:06.607691
2.466074,34,-344,13:09:06.607691
2.46793,70,84,13:09:06.607691
2.469787,73,-167,13:09:06.607691
2.471645,-105,-85,13:09:06.607691
2.473501,-146,71,13:09:06.607691
2.47536,87,-38,13:09:06.607691
2.477216,-270,-125,13:09:06.607691
2.479081,-62,-315,13:09:06.607691
2.480937,-97,13,13:09:06.607691
2.482796,-23,-194,13:09:06.607691
2.484654,-169,-221,13:09:06.607691
2.48651,84,-162,13:09:06.607691
2.488369,-59,-229,13:09:06.607691
2.490225,-54,-126,13:09:06.607691
2.492081,98,-32,13:09:06.607691
2.49394,91,-148,13:09:06.607691
2.495801,-325,-329,13:09:06.607691
2.497661,-116,31,13:09:06.607691
2.499517,-123,-217,13:09:06.607691
2.501375,-241,-424,13:09:06.607691
2.503232,-150,173,13:09:06.607691
2.505088,174,228,13:09:06.658280
2.506955,-281,-456,13:09:06.658280
2.508815,-405,-271,13:09:06.658280
2.510749,81,59,13:09:06.658280
2.512627,-148,-296,13:09:06.658280
2.514484,-282,61,13:09:06.658280
2.516342,209,-71,13:09:06.658280
2.518198,-170,-252,13:09:06.658280
2.520055,198,-177,13:09:06.658280
2.521911,139,13,13:09:06.658280
2.523773,-60,-431,13:09:06.658280
2.52563,-193,117,13:09:06.658280
2.527486,222,189,13:09:06.658280
2.529345,-86,-300,13:09:06.658280
2.531201,-197,176,13:09:06.658280
2.533058,139,-195,13:09:06.658280
2.534916,-156,-339,13:09:06.658280
2.536774,335,-98,13:09:06.658280
2.538633,33,18,13:09:06.658280
2.540489,35,-86,13:09:06.658280
2.542352,240,-124,13:09:06.658280
2.544208,-39,-44,13:09:06.658280
2.546064,-280,-28,13:09:06.658280
2.547923,-91,-65,13:09:06.658280
2.549779,208,-250,13:09:06.658280
2.551645,70,-201,13:09:06.658280
2.553502,53,-33,13:09:06.658280
2.555358,31,-148,13:09:06.708413
2.557225,-129,-79,13:09:06.710389
2.559085,-51,38,13:09:06.710389
2.561009,196,217,13:09:06.710389
2.562875,25,-338,13:09:06.710389
2.564733,-243,-7,13:09:06.710389
2.56659,-215,-163,13:09:06.710389
2.568449,120,-46,13:09:06.710389
2.570315,48,-129,13:09:06.710389
2.572171,-117,-131,13:09:06.710389
2.574028,222,97,13:09:06.710389
2.575886,-41,132,13:09:06.710389
2.577742,45,-98,13:09:06.710389
2.579601,177,332,13:09:06.710389
2.581457,159,-165,13:09:06.710389
2.583318,128,-2,13:09:06.710389
2.585174,-207,-276,13:09:06.710389
2.58703,82,-28,13:09:06.710389
2.588891,-115,-62,13:09:06.710389
2.590747,-59,34,13:09:06.710389
2.592606,-188,-115,13:09:06.710389
2.594462,-154,40,13:09:06.710389
2.596318,-73,-25,13:09:06.710389
2.598177,-3,-249,13:09:06.710389
2.600039,254,-154,13:09:06.710389
2.601898,-150,16,13:09:06.710389
2.603756,-190,75,13:09:06.710389
2.605644,17,-191,13:09:06.758280
2.607505,-399,26,13:09:06.758280
2.609366,-152,-171,13:09:06.759189
2.611275,-766,-78,13:09:06.759189
2.613132,-296,2,13:09:06.759189
2.614988,-138,-127,13:09:06.759189
2.616846,-106,293,13:09:06.759189
2.618703,137,-159,13:09:06.759189
2.620561,-17,-115,13:09:06.759189
2.622418,-88,198,13:09:06.759189
2.624278,-156,-134,13:09:06.759189
2.626134,92,-275,13:09:06.759189
2.627991,85,-180,13:09:06.759189
2.629853,-230,-262,13:09:06.759189
2.63171,111,236,13:09:06.759189
2.633568,323,-174,13:09:06.759189
2.635424,174,43,13:09:06.759189
2.637281,-26,-38,13:09:06.759189
2.639139,-93,90,13:09:06.759189
2.640998,-190,-201,13:09:06.759189
2.642856,-243,-112,13:09:06.759189
2.644712,-28,-16,13:09:06.759189
2.646573,126,-1,13:09:06.759189
2.648429,-19,68,13:09:06.759189
2.650286,28,-7,13:09:06.759189
2.652145,207,-118,13:09:06.759189
2.654002,-85,-342,13:09:06.759189
2.655869,-123,-96,13:09:06.806853
2.657729,-209,-85,13:09:06.806853
2.659592,-178,-13,13:09:06.807847
2.661482,-8,245,13:09:06.807847
2.66336,-7,-316,13:09:06.807847
2.665222,-73,169,13:09:06.807847
2.667079,-64,27,13:09:06.807847
2.668935,-88,74,13:09:06.807847
2.670796,160,178,13:09:06.807847
2.672652,-124,-137,13:09:06.807847
2.67451,165,23,13:09:06.807847
2.676367,-4,24,13:09:06.807847
2.678223,111,13,13:09:06.807847
2.680082,-240,-56,13:09:06.807847
2.681948,-217,-37,13:09:06.807847
2.68381,-87,144,13:09:06.807847
2.685667,-44,-22,13:09:06.807847
2.687531,-99,-70,13:09:06.807847
2.689388,-53,-121,13:09:06.807847
2.691244,225,45,13:09:06.807847
2.693102,-57,-28,13:09:06.807847
2.694959,-18,-97,13:09:06.807847
2.696817,150,-5,13:09:06.807847
2.698674,-64,-154,13:09:06.807847
2.700534,-53,-54,13:09:06.807847
2.702392,-12,-180,13:09:06.807847
2.704249,287,4,13:09:06.807847
2.706117,243,35,13:09:06.861021
2.707978,115,93,13:09:06.861021
2.709853,175,-225,13:09:06.861021
2.71176,-103,-266,13:09:06.861021
2.713616,-169,-392,13:09:06.861021
2.715475,35,-187,13:09:06.861021
2.717331,117,130,13:09:06.861021
2.719188,-300,-65,13:09:06.861021
2.721046,105,-231,13:09:06.861021
2.722907,-56,165,13:09:06.861021
2.724765,76,205,13:09:06.861021
2.726621,-28,46,13:09:06.861021
2.72848,1,-191,13:09:06.861021
2.730336,-184,67,13:09:06.861021
2.732192,31,-222,13:09:06.861021
2.734051,101,-46,13:09:06.861021
2.735907,32,-3,13:09:06.861021
2.737766,-171,-115,13:09:06.861021
2.739622,257,-40,13:09:06.861021
2.741484,-46,-126,13:09:06.861021
2.743341,169,-17,13:09:06.861021
2.745197,37,-212,13:09:06.861021
2.747056,-139,90,13:09:06.861021
2.748912,-235,-154,13:09:06.861021
2.75077,-9,249,13:09:06.861021
2.752627,15,-179,13:09:06.861021
2.754483,228,-113,13:09:06.861021
2.756344,175,-130,13:09:06.908182
2.758205,154,-118,13:09:06.908182
2.760096,108,17,13:09:06.908182
2.761969,-12,54,13:09:06.908182
2.763825,72,31,13:09:06.909193
2.765713,-118,-200,13:09:06.909193
2.76757,180,-130,13:09:06.909193
2.769428,-34,106,13:09:06.909193
2.771285,-56,74,13:09:06.909193
2.773141,129,40,13:09:06.909193
2.774999,69,-5,13:09:06.909193
2.776862,149,22,13:09:06.909193
2.77872,250,19,13:09:06.909193
2.780577,292,-294,13:09:06.909193
2.782437,-83,-119,13:09:06.909193
2.784293,286,-246,13:09:06.909193
2.78615,105,17,13:09:06.909193
2.788008,-125,-69,13:09:06.909193
2.789867,-112,-21,13:09:06.909193
2.791725,121,-116,13:09:06.909193
2.793581,-37,-81,13:09:06.909193
2.79544,-9,-158,13:09:06.909193
2.797298,-66,-186,13:09:06.909193
2.799164,-155,-97,13:09:06.909193
2.801021,50,95,13:09:06.909193
2.802877,-5,-237,13:09:06.909193
2.804736,211,7,13:09:06.958214
2.806608,202,-159,13:09:06.958214
2.808469,25,8,13:09:06.958214
2.810367,104,-222,13:09:06.958214
2.812239,54,48,13:09:06.958214
2.814109,-551,95,13:09:06.958214
2.815968,101,-91,13:09:06.958214
2.817824,206,-317,13:09:06.958214
2.819683,58,1,13:09:06.958214
2.821539,254,16,13:09:06.958214
2.823401,144,-207,13:09:06.958214
2.825258,281,107,13:09:06.958214
2.827114,-27,-30,13:09:06.958214
2.828973,134,-174,13:09:06.958214
2.830829,-191,9,13:09:06.958214
2.832687,99,-133,13:09:06.958214
2.834544,182,-51,13:09:06.958214
2.8364,95,-90,13:09:06.958214
2.838257,306,-301,13:09:06.958214
2.840123,124,-208,13:09:06.958214
2.841979,-155,10,13:09:06.958214
2.843836,-105,-12,13:09:06.958214
2.845694,-9,-97,13:09:06.958214
2.847551,-122,-175,13:09:06.958214
2.849407,3,198,13:09:06.958214
2.851265,47,140,13:09:06.958214
2.853122,346,-233,13:09:06.958214
2.85498,-12,-214,13:09:07.008515
2.856855,-82,49,13:09:07.008515
2.858717,11,-4,13:09:07.008515
2.860633,179,-38,13:09:07.008515
2.862494,129,124,13:09:07.008515
2.864356,-53,22,13:09:07.008515
2.866212,269,117,13:09:07.008515
2.868069,47,-141,13:09:07.008515
2.869927,110,1,13:09:07.008515
2.871784,279,119,13:09:07.008515
2.873642,-81,-41,13:09:07.008515
2.875498,-122,-70,13:09:07.008515
2.877357,134,-174,13:09:07.008515
2.879215,124,-341,13:09:07.008515
2.881072,-61,-236,13:09:07.008515
2.882932,36,-222,13:09:07.008515
2.884788,251,22,13:09:07.008515
2.886647,-89,-44,13:09:07.008515
2.888503,258,-67,13:09:07.008515
2.89036,-81,315,13:09:07.008515
2.892218,35,-14,13:09:07.008515
2.894078,248,258,13:09:07.008515
2.895937,17,119,13:09:07.008515
2.897795,-168,-108,13:09:07.008515
2.899659,58,-22,13:09:07.008515
2.901516,159,154,13:09:07.008515
2.903375,-33,-93,13:09:07.008515
2.905233,303,-130,13:09:07.059398
2.907095,267,65,13:09:07.059398
2.908957,129,188,13:09:07.059398
2.910864,-39,-225,13:09:07.059398
2.91274,-177,-130,13:09:07.059398
2.914606,-94,266,13:09:07.059398
2.916463,119,44,13:09:07.059398
2.918319,35,-53,13:09:07.059398
2.920176,140,10,13:09:07.059398
2.922041,458,43,13:09:07.059398
2.923898,196,105,13:09:07.059398
2.925755,331,-132,13:09:07.059398
2.927613,12,-213,13:09:07.059398
2.92947,-7,-44,13:09:07.059398
2.931326,-147,-290,13:09:07.059398
2.933182,185,101,13:09:07.059398
2.935039,172,-23,13:09:07.059398
2.936895,118,-84,13:09:07.059398
2.938754,353,117,13:09:07.059398
2.940618,49,-172,13:09:07.059398
2.942474,86,332,13:09:07.059398
2.944331,340,25,13:09:07.059398
2.946189,-23,108,13:09:07.059398
2.948046,-65,19,13:09:07.059398
2.949904,182,79,13:09:07.059398
2.95176,-146,292,13:09:07.059398
2.953617,141,199,13:09:07.059398
2.955477,197,254,13:09:07.112185
2.957348,258,-6,13:09:07.112185
2.959208,198,-39,13:09:07.112185
2.961116,-398,-112,13:09:07.112185
2.962978,3,-250,13:09:07.112185
2.964837,-13,129,13:09:07.112185
2.966695,113,234,13:09:07.112185
2.968554,-120,-164,13:09:07.112185
2.97041,-93,130,13:09:07.112185
2.972266,116,47,13:09:07.112185
2.974123,322,-117,13:09:07.112185
2.975987,136,226,13:09:07.112185
2.977846,29,54,13:09:07.112185
2.979702,17,-200,13:09:07.112185
2.98156,153,174,13:09:07.112185
2.983417,37,-118,13:09:07.112185
2.985281,89,-97,13:09:07.112185
2.98714,146,108,13:09:07.112185
2.988996,146,-53,13:09:07.112185
2.990854,298,105,13:09:07.112185
2.992711,82,72,13:09:07.112185
2.994573,-50,106,13:09:07.112185
2.996431,137,69,13:09:07.112185
2.998298,279,68,13:09:07.112185
3.000154,53,-28,13:09:07.112185
3.002011,80,-56,13:09:07.112185
3.003869,50,-122,13:09:07.112185
3.005731,138,-11,13:09:07.161704
3.007596,80,-246,13:09:07.161704
3.009458,316,-11,13:09:07.161704
3.01137,-344,134,13:09:07.161704
3.013229,99,88,13:09:07.161704
3.015117,-264,-2,13:09:07.161704
3.016973,109,9,13:09:07.161704
3.018832,-31,-172,13:09:07.161704
3.020688,-6,-89,13:09:07.161704
3.022545,79,40,13:09:07.161704
3.024401,99,36,13:09:07.161704
3.026257,84,-69,13:09:07.161704
3.02812,52,53,13:09:07.161704
3.029976,242,4,13:09:07.161704
3.031835,201,111,13:09:07.161704
3.033691,180,-166,13:09:07.161704
3.035547,260,-50,13:09:07.161704
3.037406,87,2,13:09:07.161704
3.039266,288,2,13:09:07.161704
3.041125,99,38,13:09:07.161704
3.042981,289,92,13:09:07.161704
3.044847,166,228,13:09:07.161704
3.046704,109,-53,13:09:07.161704
3.04856,-87,65,13:09:07.161704
3.050418,183,47,13:09:07.161704
3.052275,192,74,13:09:07.161704
3.054131,191,-153,13:09:07.161704
3.055994,43,-11,13:09:07.215307
3.057856,152,60,13:09:07.215307
3.05972,30,-42,13:09:07.215307
3.061603,-151,66,13:09:07.215307
3.063465,215,-138,13:09:07.215307
3.065328,-306,-75,13:09:07.215307
3.067184,205,-99,13:09:07.215307
3.069042,-32,-91,13:09:07.215307
3.070898,79,-18,13:09:07.215307
3.072779,303,37,13:09:07.215307
3.074635,53,-153,13:09:07.215307
3.076492,128,30,13:09:07.215307
3.078348,-17,-51,13:09:07.215307
3.080205,219,56,13:09:07.215307
3.082067,361,19,13:09:07.215307
3.083923,119,215,13:09:07.215307
3.085784,421,-44,13:09:07.215307
3.08764,118,169,13:09:07.215307
3.089497,395,-73,13:09:07.215307
3.091355,-60,-92,13:09:07.215307
3.093212,227,-8,13:09:07.215307
3.09507,117,78,13:09:07.215307
3.096926,149,-30,13:09:07.215307
3.098795,37,-89,13:09:07.215307
3.100651,45,-160,13:09:07.215307
3.102507,-157,-242,13:09:07.215307
3.104366,210,16,13:09:07.215307
3.106234,104,-357,13:09:07.265388
3.108095,238,-57,13:09:07.265388
3.109974,252,-158,13:09:07.265388
3.11186,-304,13,13:09:07.265388
3.113718,-40,141,13:09:07.265388
3.115574,232,-143,13:09:07.265388
3.117436,-1931,-1,13:09:07.265388
3.119297,174,70,13:09:07.265388
3.121153,110,111,13:09:07.265388
3.123011,146,-83,13:09:07.265388
3.12487,405,80,13:09:07.265388
3.126726,153,-17,13:09:07.265388
3.128583,118,-102,13:09:07.265388
3.130439,77,91,13:09:07.265388
3.132295,249,8,13:09:07.265388
3.134162,-183,-297,13:09:07.265388
3.136018,35,-8,13:09:07.265388
3.137875,254,-225,13:09:07.266380
3.139733,191,45,13:09:07.266380
3.141589,-58,33,13:09:07.266380
3.143449,-30,-8,13:09:07.266380
3.145306,71,-87,13:09:07.266380
3.147163,14,79,13:09:07.266380
3.149019,-138,4,13:09:07.266380
3.150875,365,134,13:09:07.266380
3.15274,-68,-129,13:09:07.266380
3.154596,183,103,13:09:07.317762
3.156462,300,-130,13:09:07.317762
3.158321,231,92,13:09:07.317762
3.16022,292,-39,13:09:07.317762
3.162094,-180,-186,13:09:07.317762
3.163953,25,-68,13:09:07.317762
3.165814,371,-98,13:09:07.317762
3.167696,-971,-48,13:09:07.317762
3.169561,103,143,13:09:07.317762
3.171421,195,52,13:09:07.317762
3.17328,221,48,13:09:07.317762
3.175136,77,189,13:09:07.317762
3.176995,236,214,13:09:07.317762
3.178851,151,-160,13:09:07.317762
3.180711,-39,76,13:09:07.317762
3.182568,24,-4,13:09:07.317762
3.184424,152,90,13:09:07.318752
3.186283,101,-75,13:09:07.318752
3.188139,127,-204,13:09:07.318752
3.189997,258,-98,13:09:07.318752
3.191856,224,81,13:09:07.318752
3.193712,139,104,13:09:07.318752
3.195571,245,-46,13:09:07.318752
3.197432,-96,-146,13:09:07.318752
3.199289,391,-114,13:09:07.318752
3.201146,0,32,13:09:07.318752
3.203004,149,-177,13:09:07.318752
3.204861,270,-52,13:09:07.375984
3.206727,220,35,13:09:07.375984
3.208587,271,-138,13:09:07.375984
3.210489,452,166,13:09:07.375984
3.212356,100,143,13:09:07.375984
3.214212,176,-63,13:09:07.376976
3.216069,-142,38,13:09:07.376976
3.217929,-331,-113,13:09:07.376976
3.219786,109,87,13:09:07.376976
3.22166,-1354,-98,13:09:07.376976
3.223536,360,157,13:09:07.376976
3.225393,347,-70,13:09:07.376976
3.227255,343,-81,13:09:07.376976
3.229111,305,68,13:09:07.376976
3.23097,206,-118,13:09:07.376976
3.232826,-94,223,13:09:07.376976
3.234683,238,-95,13:09:07.376976
3.236541,41,58,13:09:07.376976
3.2384,39,168,13:09:07.376976
3.240258,315,-209,13:09:07.376976
3.242114,142,-106,13:09:07.376976
3.243976,105,41,13:09:07.376976
3.245835,256,-88,13:09:07.376976
3.247691,4,23,13:09:07.376976
3.249552,339,-51,13:09:07.376976
3.251408,320,237,13:09:07.376976
3.253266,45,142,13:09:07.376976
3.255123,176,-101,13:09:07.418021
3.256997,70,188,13:09:07.418021
3.258858,75,14,13:09:07.418021
3.260774,-63,85,13:09:07.418021
3.262632,123,5,13:09:07.418021
3.264491,91,72,13:09:07.418021
3.26635,-226,-15,13:09:07.418021
3.268217,-236,25,13:09:07.418021
3.270074,13,23,13:09:07.418021
3.271932,230,59,13:09:07.418021
3.273788,14,101,13:09:07.418021
3.275645,175,-141,13:09:07.419029
3.277503,-488,-120,13:09:07.419029
3.27936,-2793,-159,13:09:07.419029
3.281224,268,51,13:09:07.419029
3.28308,254,77,13:09:07.419029
3.284941,126,-196,13:09:07.419029
3.286799,244,-29,13:09:07.419029
3.288656,42,-102,13:09:07.419029
3.290514,71,-207,13:09:07.419029
3.29237,211,-186,13:09:07.419029
3.294229,158,-42,13:09:07.419029
3.296085,427,64,13:09:07.419029
3.297942,127,-274,13:09:07.419029
3.299802,180,68,13:09:07.419029
3.301661,201,-69,13:09:07.419029
3.303519,187,-89,13:09:07.419029
3.305379,102,-297,13:09:07.470909
3.307253,431,73,13:09:07.470909
3.309116,200,-7,13:09:07.470909
3.311018,-191,-119,13:09:07.470909
3.312876,-290,-76,13:09:07.470909
3.314733,250,-35,13:09:07.470909
3.316589,-11,-284,13:09:07.470909
3.318449,-398,82,13:09:07.470909
3.320309,318,198,13:09:07.470909
3.322172,-1522,-8,13:09:07.470909
3.324049,128,90,13:09:07.470909
3.325905,155,-200,13:09:07.470909
3.327762,-25,18,13:09:07.470909
3.32962,294,-224,13:09:07.470909
3.331482,219,-23,13:09:07.470909
3.333339,189,-166,13:09:07.470909
3.335197,43,20,13:09:07.470909
3.337054,-80,8,13:09:07.470909
3.33891,370,72,13:09:07.470909
3.340766,-45,-179,13:09:07.470909
3.342629,308,-94,13:09:07.470909
3.344487,392,-6,13:09:07.470909
3.346343,92,-333,13:09:07.470909
3.348204,241,-158,13:09:07.470909
3.35006,146,-95,13:09:07.470909
3.351917,327,22,13:09:07.478081
3.353775,218,-93,13:09:07.478081
3.355643,303,-105,13:09:07.524831
3.35751,220,12,13:09:07.524831
3.359372,197,-10,13:09:07.524831
3.361286,-319,-153,13:09:07.524831
3.363167,286,10,13:09:07.524831
3.365023,72,-115,13:09:07.524831
3.366885,-339,-37,13:09:07.524831
3.368744,363,-302,13:09:07.524831
3.370602,124,-99,13:09:07.524831
3.372463,290,24,13:09:07.525827
3.374325,-2564,264,13:09:07.525827
3.376183,94,-34,13:09:07.525827
3.37804,178,24,13:09:07.525827
3.379896,187,-41,13:09:07.525827
3.381784,261,-156,13:09:07.525827
3.383641,272,-188,13:09:07.525827
3.385507,129,16,13:09:07.525827
3.387366,162,-151,13:09:07.525827
3.389222,100,-34,13:09:07.526830
3.39108,304,23,13:09:07.526830
3.392937,457,-63,13:09:07.526830
3.394797,143,-52,13:09:07.526830
3.396654,72,-117,13:09:07.526830
3.39851,61,117,13:09:07.526830
3.400368,147,-25,13:09:07.526830
3.402227,112,-25,13:09:07.526830
3.404083,187,-161,13:09:07.526830
3.405948,305,-6,13:09:07.579514
3.407816,42,-36,13:09:07.579514
3.40968,189,61,13:09:07.579514
3.411594,-306,174,13:09:07.579514
3.413453,257,-85,13:09:07.579514
3.415309,260,-86,13:09:07.579514
3.417166,-273,54,13:09:07.579514
3.419024,55,208,13:09:07.579514
3.420884,277,-138,13:09:07.579514
3.422743,402,-99,13:09:07.579514
3.424599,188,-16,13:09:07.579514
3.426467,-2471,29,13:09:07.579514
3.428324,30,67,13:09:07.579514
3.430181,280,5,13:09:07.579514
3.432039,154,-140,13:09:07.579514
3.433895,193,-28,13:09:07.579514
3.435755,32,22,13:09:07.579514
3.437612,115,-137,13:09:07.579514
3.439468,146,-51,13:09:07.579514
3.441325,307,87,13:09:07.579514
3.443186,129,212,13:09:07.579514
3.445045,168,248,13:09:07.579514
3.446902,224,-138,13:09:07.579514
3.44876,125,-101,13:09:07.579514
3.450617,307,61,13:09:07.579514
3.452473,-25,-129,13:09:07.579514
3.454331,190,-316,13:09:07.579514
3.456194,33,-188,13:09:07.623357
3.458054,82,-189,13:09:07.623357
3.459935,64,91,13:09:07.623357
3.461834,-191,0,13:09:07.623357
3.463691,208,246,13:09:07.623357
3.465547,-135,-161,13:09:07.623357
3.467406,209,-147,13:09:07.623357
3.469262,-224,99,13:09:07.623357
3.471119,160,-43,13:09:07.623357
3.472976,-291,58,13:09:07.623357
3.474864,45,96,13:09:07.623357
3.47673,280,-73,13:09:07.623357
3.478586,174,-203,13:09:07.623357
3.480442,95,26,13:09:07.623357
3.482299,-2851,150,13:09:07.623357
3.484157,270,158,13:09:07.623357
3.486016,224,-217,13:09:07.623357
3.487876,167,-41,13:09:07.623357
3.489736,225,-46,13:09:07.623357
3.491593,266,114,13:09:07.623357
3.493452,233,136,13:09:07.623357
3.49531,85,-407,13:09:07.623357
3.497166,69,-77,13:09:07.623357
3.499024,126,-28,13:09:07.623357
3.500881,160,-80,13:09:07.623357
3.502737,82,-57,13:09:07.623357
3.504596,112,-103,13:09:07.674935
3.506473,164,-41,13:09:07.674935
3.508332,21,-72,13:09:07.674935
3.510234,125,85,13:09:07.674935
3.512099,-63,47,13:09:07.674935
3.513961,-255,-198,13:09:07.674935
3.515818,123,56,13:09:07.674935
3.517678,378,-44,13:09:07.674935
3.519537,-626,83,13:09:07.674935
3.521393,-660,9,13:09:07.674935
3.523251,-566,-112,13:09:07.674935
3.525113,-1358,-85,13:09:07.674935
3.526984,-2073,15,13:09:07.674935
3.528856,16,26,13:09:07.674935
3.530713,124,90,13:09:07.674935
3.532569,323,-110,13:09:07.674935
3.534428,88,-65,13:09:07.674935
3.536284,202,-80,13:09:07.674935
3.53814,80,-215,13:09:07.674935
3.539999,73,-1,13:09:07.674935
3.541855,141,6,13:09:07.674935
3.543712,-224,-55,13:09:07.674935
3.54557,86,-115,13:09:07.674935
3.547426,370,-224,13:09:07.674935
3.549285,22,-48,13:09:07.674935
3.551141,130,-87,13:09:07.674935
3.553006,142,-93,13:09:07.674935
3.554864,293,-207,13:09:07.727185
3.556737,-39,89,13:09:07.727185
3.558597,450,197,13:09:07.727185
3.560498,8,75,13:09:07.727185
3.562365,149,12,13:09:07.727185
3.564224,-350,-96,13:09:07.727185
3.56608,99,-92,13:09:07.727185
3.567939,5,-68,13:09:07.727185
3.569795,-321,119,13:09:07.727185
3.571653,370,80,13:09:07.727185
3.573514,-503,75,13:09:07.727185
3.575374,-693,38,13:09:07.727185
3.577237,14,-43,13:09:07.727185
3.579095,-1677,-7,13:09:07.727185
3.580953,308,-26,13:09:07.727185
3.58281,278,24,13:09:07.727185
3.58473,276,11,13:09:07.727185
3.586588,163,51,13:09:07.727185
3.588444,127,-10,13:09:07.727185
3.590303,111,-149,13:09:07.727185
3.592159,261,-174,13:09:07.727185
3.594016,124,109,13:09:07.727185
3.595876,-7,-25,13:09:07.727185
3.597733,172,-27,13:09:07.727185
3.599591,295,-134,13:09:07.727185
3.601449,79,34,13:09:07.727185
3.603306,102,-2,13:09:07.727185
3.605162,177,167,13:09:07.776631
3.607022,325,72,13:09:07.776631
3.608882,257,-32,13:09:07.776631
3.610807,-181,46,13:09:07.776631
3.612664,-190,189,13:09:07.776631
3.614522,-666,-252,13:09:07.776631
3.616378,63,10,13:09:07.776631
3.618237,-484,108,13:09:07.776631
3.620093,171,-46,13:09:07.776631
3.62195,521,124,13:09:07.776631
3.623808,80,135,13:09:07.776631
3.62567,186,53,13:09:07.776631
3.627529,148,-308,13:09:07.776631
3.629403,-2552,-236,13:09:07.776631
3.631269,133,-221,13:09:07.776631
3.633128,393,-9,13:09:07.776631
3.634994,215,84,13:09:07.776631
3.636853,86,-67,13:09:07.776631
3.638709,432,51,13:09:07.776631
3.640567,295,-203,13:09:07.776631
3.642424,62,-103,13:09:07.776631
3.64428,273,52,13:09:07.776631
3.646139,263,138,13:09:07.776631
3.647995,-17,-211,13:09:07.776631
3.649853,347,-158,13:09:07.776631
3.65171,392,-32,13:09:07.776631
3.653572,353,4,13:09:07.776631
3.655429,101,101,13:09:07.828175
3.657305,282,-206,13:09:07.828175
3.659163,158,63,13:09:07.828175
3.661052,146,-254,13:09:07.829185
3.66291,-235,-355,13:09:07.829185
3.664768,360,-123,13:09:07.830190
3.666629,-256,47,13:09:07.830190
3.668485,-205,-55,13:09:07.830190
3.670342,-342,-90,13:09:07.830190
3.6722,-724,148,13:09:07.831185
3.674056,-778,37,13:09:07.831185
3.675913,-356,-2,13:09:07.831185
3.677779,280,13,13:09:07.831185
3.679639,-2958,-26,13:09:07.831185
3.681524,195,-136,13:09:07.832190
3.683384,202,-198,13:09:07.833182
3.685241,217,83,13:09:07.833182
3.687099,47,-12,13:09:07.833182
3.688955,263,-166,13:09:07.833182
3.690814,152,-3,13:09:07.833182
3.69267,358,-35,13:09:07.833182
3.694531,309,23,13:09:07.833182
3.696387,39,-128,13:09:07.833182
3.698243,45,239,13:09:07.833182
3.700102,355,-9,13:09:07.833182
3.701958,94,-10,13:09:07.833182
3.703815,82,-298,13:09:07.833182
3.705673,399,58,13:09:07.878643
3.707533,85,-300,13:09:07.878643
3.709395,139,-11,13:09:07.878643
3.711302,-406,-62,13:09:07.878643
3.71317,71,78,13:09:07.878643
3.715027,10,5,13:09:07.878643
3.716883,-8,228,13:09:07.878643
3.718742,-244,-86,13:09:07.878643
3.720598,290,85,13:09:07.878643
3.722456,-392,-35,13:09:07.878643
3.724313,136,135,13:09:07.878643
3.726175,-147,127,13:09:07.878643
3.728034,-94,-50,13:09:07.878643
3.729899,530,-103,13:09:07.878643
3.731756,-3552,46,13:09:07.878643
3.733647,166,103,13:09:07.878643
3.735503,137,27,13:09:07.878643
3.737359,503,-45,13:09:07.878643
3.739223,102,-13,13:09:07.878643
3.74108,118,-138,13:09:07.878643
3.742937,497,18,13:09:07.878643
3.744797,-95,48,13:09:07.878643
3.746653,431,-115,13:09:07.878643
3.74851,140,57,13:09:07.878643
3.750368,205,31,13:09:07.878643
3.752225,23,-236,13:09:07.878643
3.754083,276,-17,13:09:07.878643
3.755947,264,150,13:09:07.931123
3.75781,295,126,13:09:07.931123
3.759672,235,-68,13:09:07.931123
3.76156,109,-212,13:09:07.931123
3.763417,160,-76,13:09:07.931123
3.765273,-78,164,13:09:07.931123
3.767134,134,-26,13:09:07.931123
3.768992,649,-79,13:09:07.931123
3.770849,-65,90,13:09:07.931123
3.772709,-437,117,13:09:07.931123
3.774565,349,-20,13:09:07.931123
3.776424,-712,15,13:09:07.931123
3.77828,447,121,13:09:07.931123
3.780139,227,138,13:09:07.931123
3.781998,-3561,-213,13:09:07.931123
3.783857,129,181,13:09:07.931123
3.785714,164,341,13:09:07.931123
3.78757,-3,-183,13:09:07.931123
3.789436,225,163,13:09:07.931123
3.791293,414,-29,13:09:07.931123
3.793149,-60,-137,13:09:07.931123
3.795008,170,-92,13:09:07.931123
3.796866,309,-239,13:09:07.931123
3.798725,282,162,13:09:07.931123
3.800581,440,88,13:09:07.931123
3.802437,146,120,13:09:07.931123
3.804296,299,10,13:09:07.931123
3.806176,309,-53,13:09:07.982693
3.808037,410,170,13:09:07.982693
3.809907,335,-174,13:09:07.982693
3.811783,66,-234,13:09:07.982693
3.813642,-85,102,13:09:07.982693
3.8155,-302,45,13:09:07.982693
3.817358,-6,7,13:09:07.982693
3.819215,215,29,13:09:07.982693
3.821071,272,167,13:09:07.982693
3.82293,234,-71,13:09:07.982693
3.824786,95,-81,13:09:07.982693
3.826644,310,22,13:09:07.982693
3.828501,16,-10,13:09:07.982693
3.830359,176,-23,13:09:07.982693
3.832216,154,89,13:09:07.982693
3.834101,-2575,51,13:09:07.982693
3.835966,333,-97,13:09:07.982693
3.837825,264,7,13:09:07.982693
3.839683,302,225,13:09:07.982693
3.841539,223,-1,13:09:07.982693
3.843398,138,-4,13:09:07.982693
3.845256,190,-78,13:09:07.982693
3.847115,327,19,13:09:07.982693
3.848973,73,-115,13:09:07.982693
3.850829,229,-141,13:09:07.982693
3.852688,113,-41,13:09:07.982693
3.854544,239,-73,13:09:08.038613
3.856417,176,91,13:09:08.038613
3.858279,376,-47,13:09:08.038613
3.860154,163,61,13:09:08.038613
3.862034,-161,-11,13:09:08.038613
3.863892,27,-258,13:09:08.038613
3.865749,72,198,13:09:08.038613
3.867609,-783,-70,13:09:08.038613
3.869465,-639,17,13:09:08.038613
3.871326,259,48,13:09:08.039612
3.873182,251,-112,13:09:08.039612
3.875038,160,-253,13:09:08.039612
3.876897,-374,-91,13:09:08.039612
3.878759,87,69,13:09:08.039612
3.880618,-555,143,13:09:08.039612
3.882482,-510,117,13:09:08.039612
3.88434,282,109,13:09:08.039612
3.886201,-2152,-239,13:09:08.039612
3.888056,248,26,13:09:08.039612
3.889914,198,-82,13:09:08.039612
3.891776,310,-10,13:09:08.039612
3.893664,497,6,13:09:08.039612
3.895521,116,-95,13:09:08.039612
3.89738,-133,-117,13:09:08.039612
3.899238,199,59,13:09:08.039612
3.901094,155,95,13:09:08.039612
3.902952,-12,2,13:09:08.039612
3.904809,215,106,13:09:08.091257
3.906675,37,-101,13:09:08.091257
3.908536,222,371,13:09:08.091257
3.910445,308,-141,13:09:08.091257
3.91231,-83,159,13:09:08.091257
3.914166,284,-92,13:09:08.091257
3.916025,115,78,13:09:08.091257
3.917883,141,-146,13:09:08.091257
3.91974,-489,-27,13:09:08.091257
3.921598,58,-42,13:09:08.091257
3.923455,194,107,13:09:08.091257
3.925311,-712,-35,13:09:08.091257
3.927169,-217,26,13:09:08.091257
3.929033,-272,81,13:09:08.091257
3.93089,151,210,13:09:08.091257
3.932746,362,-67,13:09:08.091257
3.934605,-255,-162,13:09:08.091257
3.936461,-400,-95,13:09:08.091257
3.938318,220,-210,13:09:08.091257
3.940174,-3372,-123,13:09:08.091257
3.94203,376,121,13:09:08.091257
3.943887,397,76,13:09:08.091257
3.945743,225,8,13:09:08.091257
3.947604,-91,-3,13:09:08.091257
3.94946,118,25,13:09:08.091257
3.951317,215,-46,13:09:08.091257
3.953175,187,34,13:09:08.091257
3.955031,178,67,13:09:08.137077
3.956908,35,-155,13:09:08.137077
3.958768,345,117,13:09:08.137077
3.960677,152,-79,13:09:08.137077
3.962535,370,-90,13:09:08.137077
3.964391,230,-115,13:09:08.137077
3.966251,-99,255,13:09:08.137077
3.968108,-106,-256,13:09:08.137077
3.969964,-25,-194,13:09:08.137077
3.971825,235,-27,13:09:08.137077
3.973683,-1193,52,13:09:08.139080
3.975539,-747,-214,13:09:08.139080
3.977396,-616,-256,13:09:08.139080
3.979254,-953,9,13:09:08.139080
3.981113,-42,-138,13:09:08.139080
3.982969,133,206,13:09:08.139080
3.984837,-64,251,13:09:08.139080
3.986728,291,-161,13:09:08.139080
3.988584,230,246,13:09:08.139080
3.990444,298,125,13:09:08.139080
3.992305,351,-73,13:09:08.139080
3.994161,-3116,-192,13:09:08.139080
3.996022,161,-214,13:09:08.139080
3.99788,101,8,13:09:08.139080
3.999736,45,-5,13:09:08.139080
4.001593,468,-83,13:09:08.139080
4.003451,180,193,13:09:08.139080
4.005308,502,3,13:09:08.186353
4.007176,388,-62,13:09:08.186353
4.009036,269,-88,13:09:08.186353
4.010931,-215,-99,13:09:08.186353
4.012793,-5,87,13:09:08.186353
4.014649,325,-81,13:09:08.186353
4.016512,302,-90,13:09:08.186353
4.018368,-27,72,13:09:08.186353
4.020225,-157,145,13:09:08.186353
4.022081,530,-180,13:09:08.186353
4.023938,-462,26,13:09:08.186353
4.025796,-423,103,13:09:08.186353
4.027652,-582,-8,13:09:08.186353
4.029511,-696,-128,13:09:08.186353
4.031367,-547,74,13:09:08.186353
4.033225,-1379,-122,13:09:08.186353
4.035084,269,-126,13:09:08.186353
4.03694,-645,377,13:09:08.186353
4.038801,464,495,13:09:08.186353
4.040663,-2117,319,13:09:08.186353
4.042541,176,-108,13:09:08.186353
4.0444,198,-95,13:09:08.186353
4.046258,159,-72,13:09:08.186353
4.048117,47,70,13:09:08.186353
4.049973,341,-198,13:09:08.186353
4.051839,198,144,13:09:08.186353
4.053696,548,137,13:09:08.186353
4.055561,35,39,13:09:08.238186
4.057429,77,109,13:09:08.238186
4.059289,129,-113,13:09:08.238186
4.061197,-205,112,13:09:08.238186
4.063056,280,-37,13:09:08.238186
4.064912,274,-29,13:09:08.238186
4.06677,26,-47,13:09:08.238186
4.068627,162,-84,13:09:08.238186
4.070487,66,161,13:09:08.238186
4.072344,-419,143,13:09:08.238186
4.0742,269,56,13:09:08.238186
4.076058,-455,71,13:09:08.239182
4.077915,247,103,13:09:08.239182
4.079773,216,-8,13:09:08.239182
4.08163,439,133,13:09:08.239182
4.083486,-628,-58,13:09:08.239182
4.085344,-620,424,13:09:08.239182
4.087209,-1184,162,13:09:08.239182
4.089065,-528,258,13:09:08.239182
4.090926,171,8,13:09:08.239182
4.09279,160,233,13:09:08.239182
4.094646,175,157,13:09:08.239182
4.096503,193,57,13:09:08.239182
4.098361,361,7,13:09:08.239182
4.100218,178,39,13:09:08.239182
4.102076,401,165,13:09:08.239182
4.103932,68,-108,13:09:08.239182
4.105795,288,4,13:09:08.290829
4.107661,25,-41,13:09:08.290829
4.109529,352,-86,13:09:08.290829
4.111434,-183,-113,13:09:08.290829
4.11329,198,72,13:09:08.290829
4.115146,147,25,13:09:08.290829
4.117007,192,60,13:09:08.290829
4.118867,-502,164,13:09:08.290829
4.120726,175,152,13:09:08.290829
4.122582,206,126,13:09:08.290829
4.124442,174,320,13:09:08.290829
4.126299,91,-200,13:09:08.290829
4.128167,-665,-32,13:09:08.290829
4.130024,-670,-76,13:09:08.290829
4.13188,200,76,13:09:08.290829
4.133738,26,162,13:09:08.290829
4.135595,-231,44,13:09:08.290829
4.137451,368,-33,13:09:08.290829
4.13931,338,96,13:09:08.290829
4.141192,-696,105,13:09:08.290829
4.14306,286,39,13:09:08.290829
4.144917,361,-63,13:09:08.290829
4.146773,159,-177,13:09:08.290829
4.148629,-22,357,13:09:08.290829
4.150488,191,-117,13:09:08.290829
4.152346,141,258,13:09:08.290829
4.154203,-23,-188,13:09:08.290829
4.156083,172,-66,13:09:08.307860
4.157943,190,61,13:09:08.307860
4.159807,367,116,13:09:08.307860
4.161702,-305,84,13:09:08.307860
4.16356,392,-20,13:09:08.307860
4.165417,-168,140,13:09:08.307860
4.167275,-133,-194,13:09:08.307860
4.169135,308,122,13:09:08.307860
4.170994,-17,196,13:09:08.307860
4.17285,-39,71,13:09:08.307860
4.174717,-148,37,13:09:08.307860
4.176573,-287,-29,13:09:08.307860
4.178429,59,-50,13:09:08.307860
4.180288,150,271,13:09:08.307860
4.182144,-645,90,13:09:08.307860
4.184001,313,117,13:09:08.307860
4.185857,-138,313,13:09:08.307860
4.187717,267,185,13:09:08.307860
4.189582,-782,180,13:09:08.307860
4.19146,389,76,13:09:08.307860
4.193326,-3140,-84,13:09:08.307860
4.195187,216,-47,13:09:08.307860
4.197043,223,216,13:09:08.307860
4.198904,19,-95,13:09:08.307860
4.200762,275,-132,13:09:08.307860
4.202618,408,13,13:09:08.307860
4.204475,-4,130,13:09:08.357409
4.206339,235,157,13:09:08.357409
4.2082,-11,-144,13:09:08.357409
4.210087,340,-106,13:09:08.357409
4.21197,264,46,13:09:08.357409
4.213826,-51,-115,13:09:08.357409
4.215685,-44,68,13:09:08.357409
4.217541,369,327,13:09:08.357409
4.219398,98,68,13:09:08.357409
4.22126,-56,-108,13:09:08.357409
4.223116,213,173,13:09:08.357409
4.224975,330,26,13:09:08.357409
4.226833,353,119,13:09:08.357409
4.22869,168,73,13:09:08.357409
4.230548,-116,121,13:09:08.357409
4.232405,159,-128,13:09:08.357409
4.234263,-78,116,13:09:08.357409
4.236119,180,-24,13:09:08.357409
4.23798,331,9,13:09:08.357409
4.239836,405,75,13:09:08.357409
4.241693,104,-105,13:09:08.358296
4.243569,202,-4,13:09:08.358296
4.245425,58,7,13:09:08.358296
4.247284,308,99,13:09:08.358296
4.24914,369,-12,13:09:08.358296
4.250997,194,94,13:09:08.358296
4.252857,271,138,13:09:08.358296
4.254715,160,136,13:09:08.409997
4.256592,375,36,13:09:08.409997
4.258452,116,333,13:09:08.409997
4.260358,224,124,13:09:08.409997
4.262223,173,19,13:09:08.409997
4.264079,153,51,13:09:08.409997
4.265937,164,17,13:09:08.409997
4.267796,374,10,13:09:08.409997
4.269652,20,125,13:09:08.409997
4.271511,196,51,13:09:08.409997
4.273367,123,-124,13:09:08.409997
4.275225,284,119,13:09:08.409997
4.277082,377,170,13:09:08.409997
4.278946,37,129,13:09:08.409997
4.280805,210,267,13:09:08.409997
4.282661,38,156,13:09:08.409997
4.28452,123,9,13:09:08.409997
4.286378,187,-86,13:09:08.409997
4.288236,195,65,13:09:08.409997
4.290093,27,112,13:09:08.409997
4.291953,223,17,13:09:08.409997
4.29381,311,-208,13:09:08.409997
4.295667,185,167,13:09:08.409997
4.297524,37,25,13:09:08.409997
4.299383,141,174,13:09:08.409997
4.301239,131,21,13:09:08.409997
4.303096,246,288,13:09:08.409997
4.304952,410,67,13:09:08.457767
4.306818,243,233,13:09:08.457767
4.308695,263,137,13:09:08.457767
4.310575,204,41,13:09:08.457767
4.312457,140,-179,13:09:08.457767
4.314314,300,320,13:09:08.457767
4.31617,210,19,13:09:08.457767
4.318027,236,-254,13:09:08.457767
4.319885,149,-46,13:09:08.457767
4.321741,60,-47,13:09:08.457767
4.323598,144,133,13:09:08.457767
4.325456,214,45,13:09:08.457767
4.327313,116,159,13:09:08.457767
4.329171,282,181,13:09:08.457767
4.331027,235,-40,13:09:08.457767
4.33289,162,7,13:09:08.457767
4.334748,200,-3,13:09:08.457767
4.336605,237,48,13:09:08.457767
4.338463,121,-101,13:09:08.457767
4.340319,207,38,13:09:08.457767
4.342176,195,134,13:09:08.457767
4.344032,-183,114,13:09:08.457767
4.345889,165,-115,13:09:08.457767
4.347745,147,-75,13:09:08.457767
4.349602,105,79,13:09:08.457767
4.351462,-23,41,13:09:08.457767
4.353318,248,29,13:09:08.457767
4.355187,-393,31,13:09:08.507930
4.357061,311,-61,13:09:08.507930
4.358922,295,-79,13:09:08.507930
4.360833,-50,121,13:09:08.507930
4.362694,181,127,13:09:08.507930
4.36455,209,113,13:09:08.507930
4.366409,161,-4,13:09:08.507930
4.368269,380,228,13:09:08.507930
4.370127,173,-38,13:09:08.507930
4.371984,215,81,13:09:08.507930
4.37385,413,-164,13:09:08.507930
4.375707,335,-23,13:09:08.507930
4.377563,230,-91,13:09:08.507930
4.379421,70,117,13:09:08.507930
4.381278,293,-88,13:09:08.507930
4.383136,289,157,13:09:08.507930
4.384993,348,-90,13:09:08.507930
4.386849,259,87,13:09:08.507930
4.388707,210,165,13:09:08.507930
4.390571,125,19,13:09:08.507930
4.392428,-3,53,13:09:08.507930
4.39429,77,158,13:09:08.507930
4.396153,179,-22,13:09:08.507930
4.398009,223,-62,13:09:08.507930
4.399868,281,88,13:09:08.507930
4.401726,146,100,13:09:08.507930
4.403582,44,45,13:09:08.507930
4.405441,350,154,13:09:08.557449
4.407307,222,101,13:09:08.557449
4.40917,26,305,13:09:08.557449
4.411081,-214,139,13:09:08.557449
4.412964,277,58,13:09:08.557449
4.414821,324,66,13:09:08.557449
4.416679,368,253,13:09:08.557449
4.418543,385,-78,13:09:08.557449
4.4204,128,-123,13:09:08.557449
4.422256,89,-125,13:09:08.557449
4.424115,257,130,13:09:08.557449
4.425971,258,-54,13:09:08.557449
4.427827,273,108,13:09:08.557449
4.429684,244,288,13:09:08.557449
4.43154,244,136,13:09:08.557449
4.433397,97,94,13:09:08.557449
4.435253,105,-119,13:09:08.557449
4.437115,215,-14,13:09:08.557449
4.438972,68,102,13:09:08.557449
4.440828,64,-15,13:09:08.557449
4.442687,145,68,13:09:08.557449
4.444543,182,101,13:09:08.557449
4.446401,15,-49,13:09:08.557449
4.448258,311,-242,13:09:08.557449
4.450116,412,120,13:09:08.557449
4.451975,257,92,13:09:08.557449
4.453841,250,187,13:09:08.557449
4.455701,272,146,13:09:08.607180
4.457566,288,217,13:09:08.607180
4.459436,126,133,13:09:08.607180
4.461342,-241,-157,13:09:08.607180
4.463199,106,30,13:09:08.607180
4.465057,14,107,13:09:08.607180
4.466913,112,14,13:09:08.607180
4.468772,137,-277,13:09:08.609172
4.47063,168,2,13:09:08.609172
4.472489,343,341,13:09:08.609172
4.474345,169,166,13:09:08.609172
4.476201,22,143,13:09:08.609172
4.47806,295,111,13:09:08.609172
4.479916,163,117,13:09:08.609172
4.481775,44,385,13:09:08.609172
4.483633,134,287,13:09:08.609172
4.485489,-225,125,13:09:08.609172
4.487346,324,-135,13:09:08.609172
4.489202,160,94,13:09:08.609172
4.491067,-2,32,13:09:08.609172
4.492923,169,214,13:09:08.609172
4.494782,-3,-6,13:09:08.609172
4.49664,439,245,13:09:08.609172
4.498496,34,27,13:09:08.609172
4.500355,332,148,13:09:08.609172
4.502211,178,116,13:09:08.609172
4.504067,66,275,13:09:08.609172
4.505934,314,105,13:09:08.658016
4.507796,165,200,13:09:08.658016
4.509658,71,130,13:09:08.658016
4.511576,-148,-57,13:09:08.658016
4.51351,-458,374,13:09:08.659016
4.515375,7,117,13:09:08.659016
4.517232,230,287,13:09:08.659016
4.519088,-106,103,13:09:08.659016
4.520946,375,159,13:09:08.659016
4.522803,239,72,13:09:08.659016
4.524661,336,38,13:09:08.659016
4.526517,259,-74,13:09:08.659016
4.528374,214,-59,13:09:08.659016
4.530232,215,-59,13:09:08.659016
4.532096,79,15,13:09:08.659016
4.533953,451,275,13:09:08.659016
4.535809,313,104,13:09:08.659016
4.537668,-72,-11,13:09:08.659016
4.539524,182,126,13:09:08.659016
4.541381,62,26,13:09:08.659016
4.543237,-37,217,13:09:08.659016
4.545093,205,39,13:09:08.659016
4.54695,228,-27,13:09:08.659016
4.548806,213,256,13:09:08.659016
4.550667,215,49,13:09:08.659016
4.552523,0,124,13:09:08.659016
4.554379,74,72,13:09:08.659016
4.55625,-3,5,13:09:08.708080
4.55811,99,-126,13:09:08.708080
4.55998,84,-34,13:09:08.708080
4.561865,53,146,13:09:08.708080
4.563731,117,-55,13:09:08.708080
4.565588,84,-73,13:09:08.708080
4.567444,182,238,13:09:08.708080
4.569304,121,290,13:09:08.708080
4.571161,206,-43,13:09:08.708080
4.573017,271,-47,13:09:08.708080
4.574876,247,172,13:09:08.708080
4.576732,102,165,13:09:08.708080
4.578588,207,73,13:09:08.708080
4.580444,109,125,13:09:08.708080
4.582309,205,231,13:09:08.708080
4.584166,-1,281,13:09:08.708080
4.586022,2,121,13:09:08.708080
4.58788,-30,16,13:09:08.708080
4.589737,77,73,13:09:08.708080
4.591593,179,103,13:09:08.708080
4.593449,179,435,13:09:08.708080
4.595306,229,45,13:09:08.708080
4.597162,59,162,13:09:08.708080
4.599019,92,153,13:09:08.708080
4.600879,181,414,13:09:08.708080
4.602735,12,170,13:09:08.708080
4.604594,-14,132,13:09:08.757553
4.606462,420,106,13:09:08.757553
4.608333,-143,34,13:09:08.757553
4.610205,351,-11,13:09:08.757553
4.612123,39,-50,13:09:08.757553
4.613979,305,-150,13:09:08.757553
4.615838,114,255,13:09:08.757553
4.617694,-40,119,13:09:08.757553
4.619551,63,104,13:09:08.757553
4.621407,30,350,13:09:08.757553
4.623267,209,148,13:09:08.757553
4.625124,18,136,13:09:08.757553
4.62698,17,94,13:09:08.757553
4.628839,-203,243,13:09:08.757553
4.630695,115,74,13:09:08.757553
4.632553,287,234,13:09:08.757553
4.63441,238,219,13:09:08.757553
4.636266,129,358,13:09:08.757553
4.638123,155,221,13:09:08.757553
4.639988,316,-96,13:09:08.757553
4.641847,386,130,13:09:08.757553
4.643704,153,176,13:09:08.757553
4.645562,285,234,13:09:08.757553
4.647419,320,126,13:09:08.757553
4.649275,-110,180,13:09:08.757553
4.651133,-85,133,13:09:08.757553
4.65299,158,332,13:09:08.757553
4.654848,119,236,13:09:08.808117
4.656715,19,394,13:09:08.808117
4.658575,170,50,13:09:08.808117
4.660473,-56,106,13:09:08.808117
4.662358,-75,206,13:09:08.808117
4.66422,175,65,13:09:08.808117
4.666076,70,122,13:09:08.808117
4.667933,117,156,13:09:08.808117
4.669791,196,331,13:09:08.808117
4.671648,214,53,13:09:08.808117
4.673506,17,68,13:09:08.808117
4.675362,118,237,13:09:08.808117
4.677223,214,14,13:09:08.808117
4.679079,-92,84,13:09:08.808117
4.680936,178,164,13:09:08.808117
4.682798,268,270,13:09:08.808117
4.684654,-94,232,13:09:08.808117
4.686513,62,95,13:09:08.808117
4.688369,146,208,13:09:08.808117
4.690226,570,62,13:09:08.808117
4.692084,-25,138,13:09:08.808117
4.693943,134,79,13:09:08.808117
4.695801,190,59,13:09:08.808117
4.697657,-34,56,13:09:08.808117
4.699518,-338,246,13:09:08.808117
4.701388,2,394,13:09:08.808117
4.703245,373,189,13:09:08.808117
4.705107,-61,-207,13:09:08.857512
4.706975,-121,374,13:09:08.857512
4.708865,280,89,13:09:08.857512
4.71074,-212,28,13:09:08.857512
4.712622,-316,166,13:09:08.857512
4.714482,436,423,13:09:08.857512
4.716339,142,-71,13:09:08.857512
4.718195,-225,160,13:09:08.857512
4.720054,-21,-12,13:09:08.857512
4.721915,355,-38,13:09:08.857512
4.723772,-256,138,13:09:08.857512
4.725629,396,295,13:09:08.857512
4.727491,392,268,13:09:08.857512
4.729348,-241,-29,13:09:08.857512
4.731204,-230,396,13:09:08.857512
4.733064,132,181,13:09:08.857512
4.734921,33,4,13:09:08.857512
4.736777,-263,13,13:09:08.857512
4.738634,516,457,13:09:08.857512
4.740492,278,257,13:09:08.857512
4.74235,172,-38,13:09:08.857512
4.744207,125,365,13:09:08.857512
4.746067,134,237,13:09:08.857512
4.747924,-302,-46,13:09:08.857512
4.749784,-356,142,13:09:08.857512
4.75164,247,512,13:09:08.857512
4.753497,116,-99,13:09:08.857512
4.755355,-203,-92,13:09:08.909551
4.757218,7,342,13:09:08.909551
4.759078,614,-23,13:09:08.909551
4.761007,-942,12,13:09:08.909551
4.762867,-261,-28,13:09:08.909551
4.764725,497,406,13:09:08.909551
4.766581,-24,-149,13:09:08.909551
4.76844,-198,4,13:09:08.909551
4.770296,-44,238,13:09:08.909551
4.772152,350,-34,13:09:08.909551
4.774011,-270,-28,13:09:08.909551
4.775869,240,421,13:09:08.909551
4.777726,403,168,13:09:08.909551
4.779582,-232,96,13:09:08.909551
4.781442,-280,337,13:09:08.909551
4.783299,324,214,13:09:08.909551
4.785155,233,268,13:09:08.909551
4.787014,-98,75,13:09:08.909551
4.788874,130,426,13:09:08.909551
4.790732,504,269,13:09:08.909551
4.792589,-228,-2,13:09:08.909551
4.794449,-154,211,13:09:08.909551
4.796308,447,243,13:09:08.909551
4.798164,18,191,13:09:08.909551
4.800022,-126,253,13:09:08.909551
4.801879,132,170,13:09:08.909551
4.803741,-41,14,13:09:08.909551
4.805616,-218,-158,13:09:08.958151
4.807485,-45,266,13:09:08.958151
4.809345,540,130,13:09:08.958151
4.811256,152,-92,13:09:08.958151
4.813149,-683,99,13:09:08.958151
4.815005,175,322,13:09:08.958151
4.816864,116,185,13:09:08.958151
4.818722,78,74,13:09:08.958151
4.820578,179,344,13:09:08.958151
4.822435,139,262,13:09:08.958151
4.824293,27,362,13:09:08.958151
4.82615,43,-25,13:09:08.958151
4.828008,218,74,13:09:08.958151
4.829866,60,176,13:09:08.958151
4.831725,-30,315,13:09:08.958151
4.833581,330,183,13:09:08.958151
4.835438,421,183,13:09:08.958151
4.837296,-95,-76,13:09:08.958151
4.839152,94,230,13:09:08.958151
4.841011,454,20,13:09:08.958151
4.842869,94,-28,13:09:08.958151
4.84473,-95,33,13:09:08.958151
4.846586,129,393,13:09:08.958151
4.848446,-48,154,13:09:08.958151
4.850303,-252,-29,13:09:08.958151
4.852159,21,325,13:09:08.958151
4.854018,208,243,13:09:08.958151
4.855878,-103,54,13:09:09.014186
4.857739,-63,-73,13:09:09.014186
4.859615,295,173,13:09:09.014186
4.861541,-106,77,13:09:09.014186
4.863397,-133,-22,13:09:09.015187
4.865258,-36,233,13:09:09.015187
4.867114,-53,268,13:09:09.015187
4.868973,-79,138,13:09:09.015187
4.870829,18,129,13:09:09.015187
4.872685,209,118,13:09:09.015187
4.874544,45,-89,13:09:09.015187
4.8764,249,-83,13:09:09.015187
4.878259,-25,102,13:09:09.015187
4.880115,64,164,13:09:09.015187
4.881973,-198,25,13:09:09.015187
4.88383,180,460,13:09:09.015187
4.885686,110,282,13:09:09.015187
4.887545,-143,274,13:09:09.015187
4.889405,-54,185,13:09:09.015187
4.891261,178,28,13:09:09.015187
4.893118,48,278,13:09:09.015187
4.894976,-143,227,13:09:09.015187
4.896833,176,369,13:09:09.015187
4.898689,-1,64,13:09:09.015187
4.900547,133,198,13:09:09.015187
4.902404,-31,339,13:09:09.015187
4.904262,202,184,13:09:09.015187
4.906127,244,37,13:09:09.057110
4.907987,109,124,13:09:09.057110
4.909853,76,75,13:09:09.057110
4.91174,237,-14,13:09:09.057110
4.9136,-21,32,13:09:09.057110
4.915464,-354,337,13:09:09.057110
4.917333,82,270,13:09:09.057110
4.919189,34,124,13:09:09.057110
4.921049,-58,243,13:09:09.057110
4.922908,323,8,13:09:09.057110
4.924764,392,-45,13:09:09.057110
4.926631,89,104,13:09:09.057110
4.928487,-140,279,13:09:09.057110
4.930344,403,204,13:09:09.057110
4.932202,-22,-244,13:09:09.057110
4.934058,69,236,13:09:09.057110
4.935915,102,456,13:09:09.057110
4.937773,-71,18,13:09:09.057110
4.93963,-182,210,13:09:09.057110
4.941488,-46,489,13:09:09.057110
4.943351,392,113,13:09:09.058100
4.945209,160,335,13:09:09.058100
4.947065,17,370,13:09:09.058100
4.948923,234,291,13:09:09.058100
4.950782,117,-10,13:09:09.058100
4.952638,-38,29,13:09:09.058100
4.954497,5,503,13:09:09.058100
4.956365,74,575,13:09:09.113962
4.958225,153,194,13:09:09.113962
4.960096,285,362,13:09:09.113962
4.962008,252,288,13:09:09.113962
4.963866,-115,282,13:09:09.113962
4.965723,65,48,13:09:09.113962
4.967589,-21,139,13:09:09.113962
4.969449,-47,211,13:09:09.113962
4.971305,-188,417,13:09:09.113962
4.973162,98,469,13:09:09.113962
4.975019,76,230,13:09:09.113962
4.976877,138,281,13:09:09.113962
4.978734,25,456,13:09:09.113962
4.98059,215,220,13:09:09.113962
4.982449,228,54,13:09:09.113962
4.984311,90,134,13:09:09.113962
4.986167,152,384,13:09:09.113962
4.988024,-205,305,13:09:09.113962
4.989882,-131,173,13:09:09.113962
4.991738,293,344,13:09:09.113962
4.993595,308,300,13:09:09.113962
4.995451,61,207,13:09:09.113962
4.997307,118,231,13:09:09.113962
4.999164,158,296,13:09:09.113962
5.00102,-108,303,13:09:09.113962
5.002879,-70,130,13:09:09.113962
5.004735,-17,425,13:09:09.159605
5.006604,212,228,13:09:09.159605
5.008466,111,23,13:09:09.159605
5.010366,-70,389,13:09:09.159605
5.01227,185,219,13:09:09.159605
5.014133,121,165,13:09:09.159605
5.015989,-155,451,13:09:09.159605
5.017853,-87,50,13:09:09.159605
5.01971,217,218,13:09:09.159605
5.021566,-141,271,13:09:09.159605
5.023425,127,529,13:09:09.159605
5.025281,139,394,13:09:09.159605
5.027139,88,196,13:09:09.159605
5.028996,32,168,13:09:09.159605
5.03086,295,361,13:09:09.159605
5.032717,-59,197,13:09:09.159605
5.034573,232,127,13:09:09.159605
5.036431,87,284,13:09:09.159605
5.038288,-140,123,13:09:09.159605
5.040144,56,134,13:09:09.159605
5.042001,134,526,13:09:09.159605
5.043857,53,122,13:09:09.159605
5.045713,101,357,13:09:09.159605
5.04757,75,157,13:09:09.159605
5.04943,-22,340,13:09:09.159605
5.051287,180,223,13:09:09.159605
5.053145,-211,195,13:09:09.159605
5.055001,120,203,13:09:09.210480
5.05687,393,217,13:09:09.210480
5.05873,137,167,13:09:09.210480
5.060638,42,282,13:09:09.210480
5.062495,114,330,13:09:09.210480
5.064377,-191,151,13:09:09.210480
5.066237,264,205,13:09:09.210480
5.068096,243,474,13:09:09.210480
5.069952,258,146,13:09:09.210480
5.071819,55,337,13:09:09.210480
5.073675,-190,207,13:09:09.210480
5.075531,283,391,13:09:09.210480
5.07739,108,154,13:09:09.210480
5.079246,223,84,13:09:09.210480
5.081103,279,431,13:09:09.210480
5.082959,344,190,13:09:09.210480
5.084816,63,310,13:09:09.210480
5.086672,-61,197,13:09:09.210480
5.088529,75,412,13:09:09.210480
5.090389,51,476,13:09:09.210480
5.092245,15,332,13:09:09.210480
5.094104,-66,253,13:09:09.210480
5.09596,9,218,13:09:09.210480
5.097816,2,278,13:09:09.210480
5.099675,118,116,13:09:09.210480
5.101535,196,234,13:09:09.210480
5.103394,314,247,13:09:09.210480
5.10525,395,277,13:09:09.261201
5.107118,22,152,13:09:09.263193
5.108979,50,631,13:09:09.263193
5.110881,-347,351,13:09:09.263193
5.112739,-261,168,13:09:09.264192
5.1146,91,107,13:09:09.264192
5.116456,39,284,13:09:09.265192
5.118313,237,386,13:09:09.265192
5.120174,-24,12,13:09:09.265192
5.122033,-130,227,13:09:09.265192
5.12389,155,111,13:09:09.265192
5.125748,235,269,13:09:09.265192
5.127605,256,89,13:09:09.265192
5.129461,-23,215,13:09:09.265192
5.131319,110,176,13:09:09.265192
5.133176,121,351,13:09:09.265192
5.135034,-5,296,13:09:09.265192
5.136891,63,239,13:09:09.265192
5.138751,297,282,13:09:09.265192
5.140607,-28,332,13:09:09.265192
5.142464,202,208,13:09:09.265192
5.144322,0,128,13:09:09.265192
5.146179,-1,219,13:09:09.265192
5.148037,-3,401,13:09:09.265192
5.149894,245,371,13:09:09.265192
5.15175,-80,332,13:09:09.265192
5.153608,246,175,13:09:09.265192
5.155467,40,379,13:09:09.319557
5.157331,223,441,13:09:09.319557
5.159193,176,231,13:09:09.319557
5.16111,-183,434,13:09:09.319557
5.162968,-97,362,13:09:09.319557
5.164836,-2653,269,13:09:09.319557
5.166725,-23,134,13:09:09.319557
5.168581,263,174,13:09:09.319557
5.170438,163,271,13:09:09.319557
5.172296,161,74,13:09:09.319557
5.174152,134,179,13:09:09.319557
5.176011,150,472,13:09:09.320802
5.177869,122,254,13:09:09.320802
5.179728,242,159,13:09:09.320802
5.181586,177,439,13:09:09.321812
5.183444,89,383,13:09:09.321812
5.185301,223,322,13:09:09.321812
5.187157,186,323,13:09:09.321812
5.189016,132,330,13:09:09.321812
5.190876,30,283,13:09:09.321812
5.192732,358,227,13:09:09.322808
5.194591,156,254,13:09:09.322808
5.196449,371,280,13:09:09.322808
5.198305,250,413,13:09:09.322808
5.200162,-225,243,13:09:09.323819
5.202022,209,459,13:09:09.323819
5.203879,302,285,13:09:09.323819
5.205744,336,448,13:09:09.363923
5.207607,70,464,13:09:09.363923
5.20947,44,487,13:09:09.363923
5.211378,-338,383,13:09:09.363923
5.213239,162,272,13:09:09.363923
5.215103,293,259,13:09:09.363923
5.216981,78,401,13:09:09.363923
5.218839,162,140,13:09:09.363923
5.220702,-167,535,13:09:09.363923
5.22256,-1970,376,13:09:09.363923
5.224421,-114,376,13:09:09.363923
5.226279,9,458,13:09:09.363923
5.228135,258,371,13:09:09.363923
5.229994,25,108,13:09:09.363923
5.23185,71,365,13:09:09.363923
5.233707,154,497,13:09:09.363923
5.235565,224,474,13:09:09.363923
5.237421,67,212,13:09:09.363923
5.239278,245,207,13:09:09.363923
5.241134,198,530,13:09:09.363923
5.242991,351,202,13:09:09.363923
5.244847,133,-30,13:09:09.363923
5.246704,289,398,13:09:09.363923
5.248564,212,566,13:09:09.363923
5.25042,211,307,13:09:09.363923
5.252279,102,260,13:09:09.363923
5.254135,-3,208,13:09:09.363923
5.255999,-79,231,13:09:09.415234
5.257862,165,455,13:09:09.415234
5.259726,302,449,13:09:09.415234
5.26164,112,231,13:09:09.415234
5.263499,97,334,13:09:09.415234
5.265362,177,560,13:09:09.415234
5.267223,-2464,309,13:09:09.415234
5.269102,249,175,13:09:09.415234
5.270962,9,322,13:09:09.415234
5.272823,128,239,13:09:09.415234
5.274686,235,386,13:09:09.415234
5.276543,-145,409,13:09:09.415234
5.2784,90,450,13:09:09.415234
5.280258,220,481,13:09:09.415234
5.282115,-53,251,13:09:09.415234
5.283971,346,258,13:09:09.415234
5.285827,27,223,13:09:09.415234
5.287684,259,375,13:09:09.415234
5.28954,254,362,13:09:09.415234
5.291397,641,225,13:09:09.415234
5.293257,79,262,13:09:09.415234
5.295113,-39,385,13:09:09.415234
5.29697,80,271,13:09:09.415234
5.298828,326,253,13:09:09.415234
5.300685,182,314,13:09:09.415234
5.302543,305,577,13:09:09.415234
5.304399,207,300,13:09:09.415234
5.306272,581,283,13:09:09.467739
5.308132,44,324,13:09:09.467739
5.310004,282,453,13:09:09.467739
5.311891,-9,226,13:09:09.467739
5.313747,128,267,13:09:09.467739
5.315607,-93,339,13:09:09.467739
5.317466,24,616,13:09:09.467739
5.319328,197,357,13:09:09.467739
5.321187,133,492,13:09:09.467739
5.323045,348,277,13:09:09.467739
5.324903,71,386,13:09:09.467739
5.32676,69,234,13:09:09.467739
5.328619,222,315,13:09:09.467739
5.330481,132,328,13:09:09.467739
5.332337,-9,334,13:09:09.467739
5.334195,6,332,13:09:09.467739
5.336052,157,230,13:09:09.467739
5.337908,55,401,13:09:09.467739
5.339765,250,368,13:09:09.467739
5.341621,208,239,13:09:09.467739
5.343477,190,435,13:09:09.467739
5.345334,196,378,13:09:09.467739
5.347192,184,83,13:09:09.467739
5.349049,269,238,13:09:09.467739
5.350905,235,371,13:09:09.467739
5.352763,66,348,13:09:09.467739
5.35462,241,342,13:09:09.518236
5.356494,134,17,13:09:09.518236
5.358355,346,174,13:09:09.518236
5.360254,111,299,13:09:09.521256
5.362131,183,324,13:09:09.521256
5.363989,79,153,13:09:09.521256
5.365852,194,511,13:09:09.521256
5.367708,277,223,13:09:09.521256
5.369591,154,209,13:09:09.521256
5.371459,-1452,764,13:09:09.521256
5.373315,295,292,13:09:09.521256
5.375182,20,159,13:09:09.521256
5.377038,337,297,13:09:09.521256
5.378895,137,254,13:09:09.521256
5.380753,185,372,13:09:09.521256
5.382609,296,251,13:09:09.521256
5.384466,-47,180,13:09:09.523238
5.386322,122,354,13:09:09.523238
5.388179,124,264,13:09:09.523238
5.390035,335,477,13:09:09.523238
5.391892,260,239,13:09:09.523238
5.393752,-16,499,13:09:09.523238
5.395608,-4,295,13:09:09.523238
5.397467,45,479,13:09:09.523238
5.399323,305,413,13:09:09.523238
5.401179,74,643,13:09:09.523238
5.403038,345,339,13:09:09.523238
5.404899,330,657,13:09:09.569416
5.406763,208,301,13:09:09.569416
5.408623,70,454,13:09:09.569416
5.410523,177,355,13:09:09.570434
5.412386,53,255,13:09:09.570434
5.414242,93,621,13:09:09.570434
5.4161,290,607,13:09:09.570434
5.417965,-121,167,13:09:09.570434
5.419825,-53,354,13:09:09.570434
5.421707,-2649,506,13:09:09.570434
5.423564,366,236,13:09:09.570434
5.425424,367,237,13:09:09.570434
5.427281,302,48,13:09:09.570434
5.429137,352,110,13:09:09.570434
5.430995,180,151,13:09:09.570434
5.432861,239,411,13:09:09.570434
5.434718,307,273,13:09:09.570434
5.436575,191,435,13:09:09.570434
5.438433,68,452,13:09:09.570434
5.440289,418,308,13:09:09.570434
5.442146,302,395,13:09:09.570434
5.444002,137,291,13:09:09.570434
5.445859,230,291,13:09:09.570434
5.447715,397,279,13:09:09.570434
5.449571,325,254,13:09:09.570434
5.451432,259,339,13:09:09.570434
5.453288,282,348,13:09:09.570434
5.455145,88,482,13:09:09.620268
5.457009,72,434,13:09:09.620268
5.458869,288,219,13:09:09.620268
5.46078,-151,210,13:09:09.620268
5.462646,146,273,13:09:09.620268
5.464505,81,292,13:09:09.620268
5.466363,194,276,13:09:09.620268
5.468219,549,460,13:09:09.620268
5.470081,-19,301,13:09:09.620268
5.471938,-2723,543,13:09:09.620268
5.473804,-192,302,13:09:09.620268
5.475685,402,199,13:09:09.620268
5.477541,265,408,13:09:09.620268
5.479403,188,398,13:09:09.620268
5.48126,187,257,13:09:09.620268
5.483116,267,511,13:09:09.620268
5.484975,503,455,13:09:09.620268
5.486833,264,345,13:09:09.620268
5.488691,425,224,13:09:09.620268
5.490548,254,389,13:09:09.620268
5.49241,241,169,13:09:09.620268
5.494266,-151,501,13:09:09.620268
5.496131,183,357,13:09:09.620268
5.497987,145,324,13:09:09.620268
5.499846,108,181,13:09:09.620268
5.501704,521,329,13:09:09.620268
5.50356,137,267,13:09:09.620268
5.505417,207,351,13:09:09.672708
5.507285,466,406,13:09:09.672708
5.509146,547,218,13:09:09.672708
5.511068,-241,223,13:09:09.672708
5.512926,384,287,13:09:09.672708
5.514788,-501,531,13:09:09.672708
5.516647,233,493,13:09:09.672708
5.518503,51,111,13:09:09.672708
5.52037,173,491,13:09:09.672708
5.522245,-865,503,13:09:09.672708
5.524112,263,426,13:09:09.672708
5.525971,435,309,13:09:09.672708
5.527833,159,373,13:09:09.672708
5.529693,-46,547,13:09:09.672708
5.53155,493,484,13:09:09.672708
5.533406,359,160,13:09:09.672708
5.535265,-129,522,13:09:09.672708
5.537121,153,37,13:09:09.672708
5.538978,290,346,13:09:09.672708
5.540834,128,387,13:09:09.672708
5.54269,117,362,13:09:09.672708
5.544547,457,350,13:09:09.672708
5.546404,106,298,13:09:09.672708
5.548266,-54,228,13:09:09.672708
5.550122,-1,121,13:09:09.672708
5.55198,284,138,13:09:09.672708
5.553837,196,181,13:09:09.672708
5.555697,391,300,13:09:09.724357
5.557563,299,666,13:09:09.724357
5.559427,405,373,13:09:09.724357
5.561332,77,299,13:09:09.724357
5.56319,436,426,13:09:09.724357
5.565049,348,427,13:09:09.724357
5.566911,240,317,13:09:09.724357
5.568768,-257,247,13:09:09.724357
5.570626,334,392,13:09:09.724357
5.572482,-616,288,13:09:09.724357
5.574365,-38,373,13:09:09.724357
5.576223,-3004,190,13:09:09.724357
5.578087,422,239,13:09:09.724357
5.579946,241,353,13:09:09.724357
5.581804,295,204,13:09:09.724357
5.583661,638,338,13:09:09.724357
5.585517,39,211,13:09:09.724357
5.587382,191,603,13:09:09.724357
5.589238,427,499,13:09:09.724357
5.591094,372,169,13:09:09.724357
5.592955,393,221,13:09:09.724357
5.594811,336,292,13:09:09.724357
5.596667,245,598,13:09:09.724357
5.598526,349,637,13:09:09.724357
5.600382,254,398,13:09:09.724357
5.602241,216,338,13:09:09.724357
5.604097,206,699,13:09:09.724357
5.605961,367,164,13:09:09.774943
5.607824,342,301,13:09:09.774943
5.609687,451,409,13:09:09.774943
5.611599,420,345,13:09:09.774943
5.613477,327,349,13:09:09.774943
5.615345,228,351,13:09:09.774943
5.617201,203,425,13:09:09.774943
5.619058,353,402,13:09:09.774943
5.62092,192,413,13:09:09.774943
5.622778,536,604,13:09:09.774943
5.624639,-146,612,13:09:09.774943
5.626503,-9,419,13:09:09.774943
5.62836,471,431,13:09:09.774943
5.63022,589,406,13:09:09.774943
5.632094,99,106,13:09:09.774943
5.633953,398,330,13:09:09.774943
5.635811,331,581,13:09:09.774943
5.637668,424,249,13:09:09.774943
5.639526,6,430,13:09:09.774943
5.641382,485,536,13:09:09.774943
5.643247,713,602,13:09:09.774943
5.645103,237,276,13:09:09.774943
5.64696,256,491,13:09:09.774943
5.648818,642,379,13:09:09.774943
5.650674,347,147,13:09:09.774943
5.652531,-152,434,13:09:09.774943
5.654387,377,796,13:09:09.774943
5.656254,674,326,13:09:09.826045
5.658114,42,607,13:09:09.826045
5.65999,527,727,13:09:09.826045
5.661873,402,580,13:09:09.826045
5.663729,283,146,13:09:09.826045
5.665585,-130,409,13:09:09.826045
5.667444,565,597,13:09:09.826045
5.669302,163,186,13:09:09.826045
5.671159,-166,83,13:09:09.826045
5.673015,542,722,13:09:09.826045
5.674879,490,178,13:09:09.826045
5.676762,217,262,13:09:09.826045
5.678624,-35,629,13:09:09.826045
5.680482,705,647,13:09:09.826045
5.682339,444,108,13:09:09.826045
5.684205,68,236,13:09:09.826045
5.686062,401,514,13:09:09.826045
5.687918,633,414,13:09:09.826045
5.689776,149,10,13:09:09.827052
5.691633,284,510,13:09:09.827052
5.693491,633,583,13:09:09.827052
5.695348,249,141,13:09:09.827052
5.697204,-43,332,13:09:09.827052
5.699062,648,655,13:09:09.828051
5.700926,629,327,13:09:09.828051
5.702783,-30,401,13:09:09.828051
5.70464,263,581,13:09:09.876772
5.706506,665,582,13:09:09.876772
5.708366,225,49,13:09:09.876772
5.71027,58,425,13:09:09.876772
5.712145,638,581,13:09:09.876772
5.714001,490,297,13:09:09.876772
5.715858,-70,153,13:09:09.876772
5.717714,282,646,13:09:09.876772
5.719574,335,507,13:09:09.876772
5.721431,-258,470,13:09:09.876772
5.723287,-224,443,13:09:09.876772
5.725148,799,620,13:09:09.876772
5.727045,205,167,13:09:09.876772
5.728908,-1471,322,13:09:09.876772
5.730773,246,564,13:09:09.876772
5.732637,609,369,13:09:09.876772
5.734497,180,383,13:09:09.876772
5.736356,440,643,13:09:09.876772
5.738222,820,561,13:09:09.876772
5.740079,358,-33,13:09:09.876772
5.741935,320,407,13:09:09.876772
5.743795,605,611,13:09:09.876772
5.745652,640,395,13:09:09.876772
5.747508,87,227,13:09:09.876772
5.749367,255,345,13:09:09.876772
5.751223,371,458,13:09:09.876772
5.753081,215,-6,13:09:09.876772
5.754938,13,290,13:09:09.926749
5.756804,707,502,13:09:09.926749
5.758665,300,158,13:09:09.926749
5.760573,133,150,13:09:09.926749
5.762433,461,628,13:09:09.926749
5.76429,585,518,13:09:09.926749
5.766148,-193,126,13:09:09.926749
5.768006,154,479,13:09:09.926749
5.769866,628,402,13:09:09.926749
5.771723,-118,78,13:09:09.926749
5.77358,69,435,13:09:09.926749
5.775442,715,651,13:09:09.926749
5.777304,55,148,13:09:09.927761
5.779161,-252,563,13:09:09.927761
5.781031,163,279,13:09:09.927761
5.782907,293,591,13:09:09.927761
5.784772,148,135,13:09:09.927761
5.786628,234,521,13:09:09.927761
5.788485,653,522,13:09:09.927761
5.790343,532,293,13:09:09.927761
5.792199,181,320,13:09:09.927761
5.794058,196,807,13:09:09.927761
5.795914,644,524,13:09:09.927761
5.797773,239,413,13:09:09.927761
5.799631,253,414,13:09:09.927761
5.801492,636,522,13:09:09.927761
5.80335,353,408,13:09:09.927761
5.805206,171,268,13:09:09.978264
5.807083,467,357,13:09:09.978264
5.808943,348,431,13:09:09.978264
5.810847,35,212,13:09:09.978264
5.812708,449,245,13:09:09.978264
5.814564,278,152,13:09:09.978264
5.81642,60,363,13:09:09.978264
5.818277,84,428,13:09:09.978264
5.82014,601,542,13:09:09.978264
5.821997,287,430,13:09:09.978264
5.823856,-474,557,13:09:09.978264
5.825714,506,572,13:09:09.978264
5.827573,608,643,13:09:09.978264
5.829431,18,174,13:09:09.978264
5.831293,266,373,13:09:09.978264
5.833151,171,503,13:09:09.978264
5.835058,415,369,13:09:09.978264
5.836914,59,64,13:09:09.978264
5.83877,493,416,13:09:09.978264
5.840627,713,622,13:09:09.978264
5.842484,373,315,13:09:09.978264
5.844342,644,636,13:09:09.978264
5.846198,549,557,13:09:09.978264
5.848055,232,256,13:09:09.978264
5.849911,335,282,13:09:09.978264
5.85177,559,505,13:09:09.978264
5.853628,451,332,13:09:09.978264
5.855487,266,369,13:09:10.027927
5.857357,475,518,13:09:10.027927
5.859218,724,599,13:09:10.027927
5.861117,144,289,13:09:10.027927
5.862976,235,375,13:09:10.027927
5.864836,525,438,13:09:10.027927
5.866699,319,330,13:09:10.027927
5.868557,98,533,13:09:10.027927
5.870418,423,409,13:09:10.027927
5.87228,309,379,13:09:10.027927
5.874142,-338,437,13:09:10.027927
5.876006,7,611,13:09:10.027927
5.877865,654,398,13:09:10.027927
5.879721,-132,342,13:09:10.027927
5.88158,-1920,325,13:09:10.027927
5.883472,330,440,13:09:10.027927
5.885338,616,324,13:09:10.027927
5.887195,125,448,13:09:10.027927
5.889051,280,429,13:09:10.027927
5.890909,525,442,13:09:10.027927
5.892766,453,352,13:09:10.027927
5.894622,227,603,13:09:10.027927
5.896479,686,334,13:09:10.027927
5.898335,230,232,13:09:10.027927
5.900192,463,218,13:09:10.027927
5.902058,555,679,13:09:10.027927
5.903914,499,450,13:09:10.027927
5.905777,191,407,13:09:10.083187
5.907643,468,324,13:09:10.083187
5.909506,688,541,13:09:10.083187
5.911424,184,382,13:09:10.083187
5.913282,436,585,13:09:10.083187
5.915138,612,413,13:09:10.083187
5.916995,395,337,13:09:10.083187
5.918853,195,300,13:09:10.083187
5.920715,370,207,13:09:10.083187
5.922574,685,347,13:09:10.084187
5.92443,73,226,13:09:10.084187
5.926297,369,553,13:09:10.084187
5.928153,541,436,13:09:10.084187
5.930012,525,566,13:09:10.084187
5.931876,-143,398,13:09:10.084187
5.93376,609,363,13:09:10.084187
5.935621,595,522,13:09:10.084187
5.937479,320,20,13:09:10.084187
5.939336,351,241,13:09:10.084187
5.941194,439,224,13:09:10.084187
5.94305,307,424,13:09:10.084187
5.944909,591,362,13:09:10.084187
5.946765,506,474,13:09:10.084187
5.948621,444,379,13:09:10.084187
5.95048,148,113,13:09:10.084187
5.952341,435,669,13:09:10.084187
5.954199,222,562,13:09:10.084187
5.956061,246,170,13:09:10.132042
5.957923,591,116,13:09:10.132042
5.959794,600,478,13:09:10.132042
5.961696,442,420,13:09:10.132042
5.963554,-200,683,13:09:10.132042
5.965413,358,498,13:09:10.132042
5.967269,593,330,13:09:10.132042
5.969126,122,367,13:09:10.132042
5.970989,-5,615,13:09:10.132042
5.972847,401,640,13:09:10.132042
5.974703,419,444,13:09:10.132042
5.976561,-170,379,13:09:10.132042
5.978418,164,524,13:09:10.132042
5.980274,183,463,13:09:10.132042
5.982131,171,411,13:09:10.132042
5.983994,378,641,13:09:10.132042
5.985879,-1159,516,13:09:10.132042
5.987738,404,250,13:09:10.132042
5.989594,557,398,13:09:10.132042
5.991453,588,285,13:09:10.132042
5.993309,323,500,13:09:10.132042
5.995167,345,386,13:09:10.132042
5.997024,563,487,13:09:10.132042
5.998892,566,429,13:09:10.132042
6.000749,405,392,13:09:10.132042
6.002605,519,212,13:09:10.132042
6.004463,660,548,13:09:10.132042
6.006328,512,527,13:09:10.183788
6.008188,167,351,13:09:10.183788
6.010076,586,400,13:09:10.184680
6.011959,557,386,13:09:10.184680
6.013815,61,179,13:09:10.184680
6.015672,276,534,13:09:10.184680
6.017532,244,422,13:09:10.184680
6.019388,308,213,13:09:10.184680
6.021245,363,595,13:09:10.184680
6.023103,49,291,13:09:10.184680
6.024964,510,335,13:09:10.184680
6.02682,-248,152,13:09:10.184680
6.028676,121,399,13:09:10.184680
6.030535,-58,328,13:09:10.184680
6.032395,342,455,13:09:10.184680
6.034269,-214,596,13:09:10.184680
6.03614,717,557,13:09:10.184680
6.037996,321,597,13:09:10.184680
6.039859,294,156,13:09:10.184680
6.041717,345,674,13:09:10.184680
6.043583,512,331,13:09:10.184680
6.04544,383,432,13:09:10.184680
6.047296,395,463,13:09:10.184680
6.049155,492,694,13:09:10.184680
6.051011,502,387,13:09:10.184680
6.05287,147,511,13:09:10.184680
6.054728,540,527,13:09:10.234891
6.056594,604,416,13:09:10.234891
6.058455,215,508,13:09:10.234891
6.060366,493,299,13:09:10.234891
6.062232,262,381,13:09:10.234891
6.064094,325,221,13:09:10.234891
6.06595,381,388,13:09:10.234891
6.067814,-77,622,13:09:10.234891
6.069671,664,538,13:09:10.234891
6.071527,588,352,13:09:10.234891
6.073386,-168,345,13:09:10.234891
6.075242,498,307,13:09:10.234891
6.077101,468,333,13:09:10.234891
6.078957,186,711,13:09:10.234891
6.080817,399,462,13:09:10.234891
6.082676,238,352,13:09:10.234891
6.084542,-258,415,13:09:10.234891
6.086424,-164,520,13:09:10.234891
6.088289,421,467,13:09:10.234891
6.090145,127,241,13:09:10.234891
6.092004,451,611,13:09:10.234891
6.093866,327,449,13:09:10.234891
6.095722,471,252,13:09:10.234891
6.097579,276,544,13:09:10.234891
6.099437,673,735,13:09:10.234891
6.101294,427,621,13:09:10.234891
6.10315,-52,551,13:09:10.234891
6.105006,370,588,13:09:10.286715
6.106871,624,800,13:09:10.286715
6.108731,320,465,13:09:10.286715
6.110622,181,417,13:09:10.286715
6.112478,435,272,13:09:10.286715
6.114336,547,487,13:09:10.286715
6.116194,100,396,13:09:10.286715
6.118057,367,208,13:09:10.286715
6.119914,184,434,13:09:10.286715
6.121778,-172,370,13:09:10.286715
6.123634,-99,458,13:09:10.286715
6.125491,152,323,13:09:10.286715
6.127351,229,238,13:09:10.286715
6.129208,118,359,13:09:10.286715
6.131066,333,430,13:09:10.286715
6.132922,309,530,13:09:10.286715
6.134783,357,414,13:09:10.286715
6.136641,297,492,13:09:10.286715
6.138498,474,558,13:09:10.286715
6.140356,357,309,13:09:10.286715
6.142212,317,354,13:09:10.286715
6.144081,107,360,13:09:10.286715
6.145955,503,398,13:09:10.286715
6.147812,416,388,13:09:10.286715
6.14967,366,683,13:09:10.286715
6.151526,476,622,13:09:10.286715
6.153385,514,437,13:09:10.286715
6.155241,589,655,13:09:10.336634
6.15711,269,316,13:09:10.336634
6.15897,408,475,13:09:10.336634
6.160868,229,512,13:09:10.336634
6.162728,376,386,13:09:10.336634
6.164585,386,364,13:09:10.336634
6.166442,202,708,13:09:10.336634
6.168302,473,519,13:09:10.336634
6.170158,575,368,13:09:10.336634
6.172016,424,454,13:09:10.336634
6.173875,65,393,13:09:10.336634
6.175731,2,406,13:09:10.336634
6.177588,-54,464,13:09:10.336634
6.179447,399,603,13:09:10.336634
6.181304,504,499,13:09:10.336634
6.183161,116,249,13:09:10.336634
6.185019,286,493,13:09:10.336634
6.186876,256,457,13:09:10.336634
6.188732,325,595,13:09:10.336634
6.190592,-783,261,13:09:10.336634
6.19245,378,520,13:09:10.336634
6.194309,308,458,13:09:10.336634
6.196166,396,502,13:09:10.336634
6.198024,429,384,13:09:10.336634
6.19988,345,654,13:09:10.336634
6.201737,519,487,13:09:10.336634
6.203595,529,557,13:09:10.336634
6.205454,304,538,13:09:10.396559
6.207322,456,515,13:09:10.396559
6.209186,64,265,13:09:10.396559
6.211082,332,546,13:09:10.396559
6.212945,362,668,13:09:10.396559
6.214803,113,352,13:09:10.396559
6.216666,202,477,13:09:10.396559
6.218522,48,703,13:09:10.396559
6.220379,322,540,13:09:10.396559
6.222237,32,642,13:09:10.396559
6.224093,332,673,13:09:10.396559
6.225952,397,694,13:09:10.396559
6.227808,518,476,13:09:10.396559
6.229669,-74,491,13:09:10.396559
6.231527,94,500,13:09:10.396559
6.233393,298,478,13:09:10.396559
6.23525,79,374,13:09:10.396559
6.23711,405,424,13:09:10.396559
6.238978,-111,479,13:09:10.396559
6.240859,369,445,13:09:10.396559
6.242717,485,567,13:09:10.396559
6.244574,113,541,13:09:10.396559
6.24643,373,379,13:09:10.396559
6.248288,431,346,13:09:10.396559
6.250145,198,394,13:09:10.396559
6.252001,432,609,13:09:10.396559
6.253858,253,506,13:09:10.396559
6.255718,540,606,13:09:10.445700
6.257583,375,444,13:09:10.445700
6.259446,102,600,13:09:10.445700
6.261365,197,218,13:09:10.445700
6.263221,107,441,13:09:10.445700
6.26508,374,544,13:09:10.445700
6.266938,296,723,13:09:10.445700
6.268797,446,200,13:09:10.445700
6.270653,306,526,13:09:10.445700
6.272511,368,336,13:09:10.445700
6.274368,-157,423,13:09:10.445700
6.276226,562,436,13:09:10.445700
6.278083,339,590,13:09:10.445700
6.279943,422,609,13:09:10.445700
6.281801,326,489,13:09:10.445700
6.283658,382,463,13:09:10.445700
6.285516,-258,188,13:09:10.445700
6.287373,142,601,13:09:10.445700
6.289231,215,560,13:09:10.445700
6.291087,92,646,13:09:10.445700
6.292945,-779,545,13:09:10.445700
6.294837,245,365,13:09:10.445700
6.296698,368,375,13:09:10.445700
6.298557,327,662,13:09:10.445700
6.300413,331,627,13:09:10.445700
6.30227,350,541,13:09:10.445700
6.304128,234,682,13:09:10.445700
6.305998,442,584,13:09:10.457836
6.307859,126,306,13:09:10.457836
6.309721,249,209,13:09:10.457836
6.311615,291,448,13:09:10.457836
6.313476,468,501,13:09:10.457836
6.315336,-60,365,13:09:10.457836
6.317195,154,348,13:09:10.457836
6.319051,523,592,13:09:10.457836
6.320907,657,147,13:09:10.457836
6.322764,30,436,13:09:10.457836
6.324622,-137,264,13:09:10.457836
6.326484,-133,521,13:09:10.461836
6.328341,81,403,13:09:10.461836
6.330199,44,430,13:09:10.461836
6.332056,132,426,13:09:10.461836
6.333912,156,411,13:09:10.461836
6.33577,-200,237,13:09:10.461836
6.337631,170,257,13:09:10.461836
6.339489,-140,433,13:09:10.461836
6.341347,-148,371,13:09:10.461836
6.343228,255,589,13:09:10.461836
6.345084,466,448,13:09:10.461836
6.346946,354,492,13:09:10.461836
6.348809,-530,533,13:09:10.461836
6.350671,534,210,13:09:10.461836
6.352536,595,362,13:09:10.461836
6.354392,185,408,13:09:10.461836
6.356257,86,303,13:09:10.507340
6.358119,200,330,13:09:10.507340
6.360005,507,401,13:09:10.507340
6.361886,545,310,13:09:10.507340
6.363744,708,620,13:09:10.507340
6.365603,615,443,13:09:10.507340
6.367461,109,369,13:09:10.507340
6.369317,244,440,13:09:10.507340
6.37118,389,309,13:09:10.507340
6.373036,274,376,13:09:10.507340
6.374892,404,676,13:09:10.507340
6.376751,396,824,13:09:10.507340
6.378607,530,475,13:09:10.507340
6.380466,65,634,13:09:10.507340
6.382322,402,571,13:09:10.507340
6.38418,390,460,13:09:10.507340
6.386039,88,210,13:09:10.507340
6.387905,536,478,13:09:10.507340
6.389762,445,773,13:09:10.507340
6.391618,365,450,13:09:10.507340
6.393488,-25,476,13:09:10.507340
6.395345,526,336,13:09:10.507340
6.397201,307,365,13:09:10.507340
6.39906,26,573,13:09:10.507340
6.400916,434,642,13:09:10.507340
6.402776,543,516,13:09:10.507340
6.404633,376,489,13:09:10.557387
6.406503,179,564,13:09:10.557387
6.408363,638,492,13:09:10.557387
6.410278,517,268,13:09:10.557387
6.412144,-8,450,13:09:10.557387
6.414,261,580,13:09:10.557387
6.415857,417,372,13:09:10.557387
6.417715,220,537,13:09:10.557387
6.419572,508,719,13:09:10.557387
6.421428,553,388,13:09:10.557387
6.423284,311,510,13:09:10.557387
6.425141,486,440,13:09:10.557387
6.426997,329,547,13:09:10.557387
6.428864,-129,200,13:09:10.557387
6.43072,217,346,13:09:10.557387
6.432577,291,634,13:09:10.557387
6.434435,324,529,13:09:10.557387
6.436291,814,590,13:09:10.557387
6.438148,690,446,13:09:10.557387
6.440006,65,355,13:09:10.557387
6.441872,219,309,13:09:10.557387
6.443729,262,339,13:09:10.557387
6.445585,116,149,13:09:10.557387
6.447442,125,498,13:09:10.557387
6.449298,695,645,13:09:10.557387
6.451155,384,461,13:09:10.557387
6.453013,160,505,13:09:10.557387
6.454871,288,351,13:09:10.607548
6.456742,665,338,13:09:10.607548
6.458602,141,257,13:09:10.607548
6.460512,386,685,13:09:10.607548
6.46238,540,297,13:09:10.607548
6.464259,226,197,13:09:10.607548
6.466115,119,682,13:09:10.607548
6.467974,487,485,13:09:10.607548
6.469832,72,479,13:09:10.607548
6.471691,407,540,13:09:10.607548
6.473547,783,611,13:09:10.607548
6.475413,492,185,13:09:10.607548
6.47727,361,464,13:09:10.607548
6.479126,432,602,13:09:10.607548
6.480985,607,325,13:09:10.607548
6.482843,152,359,13:09:10.607548
6.484701,187,539,13:09:10.607548
6.486558,744,570,13:09:10.607548
6.488414,111,374,13:09:10.607548
6.490271,332,648,13:09:10.607548
6.492134,478,673,13:09:10.607548
6.493991,289,39,13:09:10.607548
6.495848,-68,209,13:09:10.607548
6.497706,545,576,13:09:10.607548
6.499563,566,419,13:09:10.607548
6.501419,162,498,13:09:10.607548
6.503278,514,619,13:09:10.607548
6.505134,625,548,13:09:10.658174
6.507012,512,319,13:09:10.658174
6.508871,75,653,13:09:10.658174
6.510782,536,625,13:09:10.658174
6.512639,347,569,13:09:10.658174
6.514496,160,314,13:09:10.658174
6.516354,416,621,13:09:10.658174
6.518211,409,355,13:09:10.658174
6.520067,368,278,13:09:10.658174
6.521923,232,473,13:09:10.658174
6.523782,547,579,13:09:10.658174
6.52564,335,254,13:09:10.658174
6.527497,174,323,13:09:10.658174
6.529359,544,778,13:09:10.658174
6.531215,589,513,13:09:10.658174
6.533072,166,361,13:09:10.658174
6.53493,252,499,13:09:10.658174
6.536787,514,317,13:09:10.659178
6.538645,443,498,13:09:10.659178
6.540501,358,423,13:09:10.659178
6.542358,481,464,13:09:10.659178
6.54422,508,476,13:09:10.659178
6.54608,175,724,13:09:10.659178
6.547937,415,623,13:09:10.659178
6.549795,586,684,13:09:10.659178
6.551654,447,407,13:09:10.659178
6.55351,100,544,13:09:10.659178
6.555367,439,515,13:09:10.707264
6.557229,394,431,13:09:10.707264
6.559097,345,434,13:09:10.707264
6.561016,634,516,13:09:10.707264
6.562878,344,382,13:09:10.707264
6.564737,495,362,13:09:10.707264
6.566595,339,484,13:09:10.707264
6.568451,393,558,13:09:10.707264
6.570311,452,518,13:09:10.707264
6.572168,44,224,13:09:10.707264
6.574024,582,678,13:09:10.707264
6.575883,654,438,13:09:10.707264
6.577739,551,505,13:09:10.707264
6.579598,452,567,13:09:10.707264
6.581454,567,783,13:09:10.707264
6.583314,417,356,13:09:10.707264
6.585173,390,204,13:09:10.707264
6.587039,544,484,13:09:10.707264
6.588896,421,559,13:09:10.707264
6.590752,403,459,13:09:10.707264
6.59261,537,535,13:09:10.707264
6.594467,401,428,13:09:10.707264
6.596323,300,391,13:09:10.707264
6.598182,522,416,13:09:10.707264
6.600038,582,603,13:09:10.707264
6.601896,502,367,13:09:10.707264
6.603785,314,621,13:09:10.707264
6.605657,654,587,13:09:10.757853
6.607519,306,645,13:09:10.757853
6.609383,362,302,13:09:10.757853
6.611292,529,419,13:09:10.757853
6.61315,532,426,13:09:10.757853
6.615011,409,491,13:09:10.757853
6.616869,256,521,13:09:10.757853
6.618726,606,323,13:09:10.757853
6.620584,716,549,13:09:10.757853
6.62244,450,258,13:09:10.757853
6.624297,675,574,13:09:10.757853
6.626155,460,794,13:09:10.757853
6.628012,404,199,13:09:10.757853
6.62987,290,442,13:09:10.757853
6.631726,723,736,13:09:10.757853
6.633589,517,422,13:09:10.757853
6.635449,441,426,13:09:10.757853
6.637309,733,533,13:09:10.757853
6.63917,242,358,13:09:10.757853
6.641026,468,512,13:09:10.757853
6.642885,450,590,13:09:10.757853
6.644741,290,476,13:09:10.757853
6.646602,343,569,13:09:10.757853
6.64846,506,587,13:09:10.757853
6.650318,590,725,13:09:10.757853
6.652177,620,604,13:09:10.757853
6.654033,407,497,13:09:10.757853
6.655902,602,384,13:09:10.806995
6.657762,834,521,13:09:10.806995
6.659624,609,464,13:09:10.806995
6.661534,449,423,13:09:10.806995
6.663405,401,630,13:09:10.806995
6.665261,703,726,13:09:10.806995
6.667122,581,733,13:09:10.806995
6.668978,797,602,13:09:10.806995
6.670836,816,744,13:09:10.806995
6.672693,552,256,13:09:10.806995
6.674549,456,582,13:09:10.806995
6.676406,986,930,13:09:10.806995
6.678262,949,498,13:09:10.806995
6.68012,554,342,13:09:10.806995
6.681977,650,750,13:09:10.806995
6.683835,924,774,13:09:10.806995
6.685692,764,310,13:09:10.806995
6.687548,863,669,13:09:10.806995
6.689405,959,712,13:09:10.806995
6.691268,990,437,13:09:10.806995
6.693125,456,549,13:09:10.806995
6.694982,343,683,13:09:10.806995
6.69684,893,588,13:09:10.806995
6.698697,873,565,13:09:10.807992
6.700553,525,468,13:09:10.807992
6.702409,794,582,13:09:10.808986
6.704266,788,426,13:09:10.808986
6.706134,650,516,13:09:10.857231
6.707995,546,527,13:09:10.857231
6.709865,749,843,13:09:10.857231
6.711803,732,211,13:09:10.857231
6.713705,327,589,13:09:10.857231
6.715564,1044,674,13:09:10.857231
6.717426,1043,455,13:09:10.857231
6.719282,713,214,13:09:10.857231
6.721141,671,598,13:09:10.857231
6.722997,867,602,13:09:10.857231
6.724854,1025,486,13:09:10.857231
6.726712,630,245,13:09:10.857231
6.728573,825,594,13:09:10.857231
6.730431,828,340,13:09:10.857231
6.732287,469,469,13:09:10.858231
6.734148,463,613,13:09:10.858231
6.736004,739,649,13:09:10.858231
6.73786,1180,786,13:09:10.858231
6.739719,612,243,13:09:10.858231
6.741575,297,459,13:09:10.858231
6.743434,1047,663,13:09:10.858231
6.74529,724,535,13:09:10.858231
6.74715,612,489,13:09:10.858231
6.749013,1070,751,13:09:10.858231
6.750875,1164,743,13:09:10.858231
6.752732,511,176,13:09:10.858231
6.754588,168,327,13:09:10.906699
6.75646,1157,639,13:09:10.906699
6.758321,1155,236,13:09:10.906699
6.760221,541,403,13:09:10.906699
6.762091,1002,689,13:09:10.906699
6.763948,1280,574,13:09:10.906699
6.765804,301,404,13:09:10.906699
6.767663,711,627,13:09:10.906699
6.769523,1045,709,13:09:10.906699
6.771379,1065,275,13:09:10.906699
6.773236,400,310,13:09:10.906699
6.775094,1190,942,13:09:10.906699
6.776951,1287,417,13:09:10.906699
6.778807,745,543,13:09:10.906699
6.780665,676,780,13:09:10.906699
6.782522,883,769,13:09:10.906699
6.784378,612,191,13:09:10.906699
6.786235,678,593,13:09:10.906699
6.788101,989,640,13:09:10.906699
6.789957,936,433,13:09:10.906699
6.791814,284,508,13:09:10.906699
6.793672,717,859,13:09:10.906699
6.795529,1206,507,13:09:10.906699
6.797385,474,298,13:09:10.906699
6.799241,417,657,13:09:10.906699
6.801098,964,720,13:09:10.907698
6.802954,750,470,13:09:10.907698
6.804814,297,407,13:09:10.960622
6.806697,840,598,13:09:10.960622
6.808557,873,581,13:09:10.960622
6.810469,766,548,13:09:10.960622
6.812336,556,601,13:09:10.960622
6.814192,573,839,13:09:10.960622
6.816053,661,853,13:09:10.960622
6.817909,144,506,13:09:10.960622
6.819765,685,648,13:09:10.960622
6.821624,911,517,13:09:10.960622
6.82348,322,405,13:09:10.960622
6.825337,432,785,13:09:10.960622
6.827193,1119,727,13:09:10.960622
6.829059,707,467,13:09:10.960622
6.830916,308,485,13:09:10.960622
6.832775,635,593,13:09:10.960622
6.834633,651,437,13:09:10.960622
6.836489,510,517,13:09:10.960622
6.838347,620,842,13:09:10.960622
6.840204,854,678,13:09:10.960622
6.84206,481,557,13:09:10.960622
6.843919,406,379,13:09:10.960622
6.84578,476,748,13:09:10.960622
6.847637,340,564,13:09:10.960622
6.849494,204,462,13:09:10.960622
6.851354,527,624,13:09:10.960622
6.853211,604,474,13:09:10.960622
6.855067,253,323,13:09:11.007411
6.856933,342,564,13:09:11.007411
6.858794,840,860,13:09:11.007411
6.860708,282,486,13:09:11.007411
6.862586,514,686,13:09:11.007411
6.864442,881,759,13:09:11.007411
6.866301,321,430,13:09:11.007411
6.868157,165,393,13:09:11.007411
6.87002,565,682,13:09:11.007411
6.871876,493,461,13:09:11.007411
6.873733,456,458,13:09:11.007411
6.875591,620,744,13:09:11.007411
6.877449,744,658,13:09:11.007411
6.879308,352,293,13:09:11.007411
6.881164,302,669,13:09:11.007411
6.883021,693,866,13:09:11.007411
6.884879,538,743,13:09:11.007411
6.886739,339,570,13:09:11.007411
6.888596,751,844,13:09:11.007411
6.890452,675,649,13:09:11.007411
6.892311,651,702,13:09:11.007411
6.894167,366,628,13:09:11.007411
6.896023,604,699,13:09:11.007411
6.89788,556,487,13:09:11.007411
6.899736,522,708,13:09:11.007411
6.901593,365,624,13:09:11.007411
6.903449,430,574,13:09:11.007411
6.905317,760,675,13:09:11.059759
6.907188,536,313,13:09:11.059759
6.90905,783,521,13:09:11.059759
6.910948,560,700,13:09:11.059759
6.912805,642,648,13:09:11.059759
6.914661,651,631,13:09:11.059759
6.916518,321,559,13:09:11.059759
6.918383,609,695,13:09:11.059759
6.920242,745,530,13:09:11.059759
6.922099,303,263,13:09:11.059759
6.923965,466,568,13:09:11.059759
6.925823,771,573,13:09:11.059759
6.92768,562,492,13:09:11.059759
6.929538,688,802,13:09:11.059759
6.931395,450,669,13:09:11.059759
6.933253,293,549,13:09:11.059759
6.935109,497,703,13:09:11.059759
6.936966,335,357,13:09:11.059759
6.938824,319,333,13:09:11.059759
6.940685,616,665,13:09:11.059759
6.942541,848,773,13:09:11.059759
6.944397,511,443,13:09:11.059759
6.946256,123,449,13:09:11.059759
6.948112,819,640,13:09:11.059759
6.949969,749,523,13:09:11.059759
6.951827,47,176,13:09:11.059759
6.953685,530,770,13:09:11.059759
6.955548,711,818,13:09:11.108025
6.957408,305,290,13:09:11.108025
6.959271,559,665,13:09:11.108025
6.961215,667,719,13:09:11.108025
6.963087,104,330,13:09:11.108025
6.964955,100,517,13:09:11.108025
6.966814,375,1009,13:09:11.108025
6.96867,841,393,13:09:11.108025
6.970528,-102,565,13:09:11.108025
6.972385,270,564,13:09:11.108025
6.974247,1040,640,13:09:11.108025
6.976104,405,396,13:09:11.108025
6.97796,280,429,13:09:11.108025
6.979818,576,805,13:09:11.108025
6.981675,527,564,13:09:11.108025
6.983533,186,358,13:09:11.108025
6.985406,601,594,13:09:11.108025
6.987262,926,657,13:09:11.108025
6.98912,496,268,13:09:11.108025
6.990982,406,627,13:09:11.108025
6.992841,865,880,13:09:11.108025
6.994698,568,637,13:09:11.108025
6.996558,191,378,13:09:11.108025
6.998414,152,829,13:09:11.108025
7.000271,457,969,13:09:11.108025
7.002129,474,277,13:09:11.108025
7.003986,260,603,13:09:11.108025
7.005846,667,603,13:09:11.161497
7.007718,405,494,13:09:11.161497
7.009583,412,579,13:09:11.161497
7.011497,565,767,13:09:11.161497
7.013353,530,594,13:09:11.161497
7.015216,220,537,13:09:11.161497
7.017074,455,716,13:09:11.161497
7.01894,703,515,13:09:11.161497
7.020797,426,517,13:09:11.161497
7.022653,152,389,13:09:11.161497
7.024512,507,695,13:09:11.161497
7.026368,736,317,13:09:11.161497
7.028224,183,464,13:09:11.161497
7.030081,271,535,13:09:11.161497
7.031937,587,623,13:09:11.161497
7.033798,579,378,13:09:11.161497
7.035654,196,283,13:09:11.161497
7.037518,641,538,13:09:11.161497
7.039379,661,248,13:09:11.161497
7.041238,125,453,13:09:11.161497
7.0431,302,590,13:09:11.161497
7.044956,500,556,13:09:11.161497
7.046814,673,183,13:09:11.161497
7.048671,320,377,13:09:11.161497
7.050527,748,617,13:09:11.161497
7.052386,654,391,13:09:11.161497
7.054247,320,421,13:09:11.161497
7.056118,626,642,13:09:11.210695
7.057989,388,588,13:09:11.210695
7.059853,512,503,13:09:11.210695
7.06176,305,113,13:09:11.210695
7.06362,538,564,13:09:11.210695
7.065488,222,614,13:09:11.210695
7.067346,552,504,13:09:11.210695
7.069203,484,545,13:09:11.210695
7.071061,385,213,13:09:11.210695
7.072918,178,546,13:09:11.210695
7.074774,627,260,13:09:11.210695
7.07663,575,441,13:09:11.210695
7.078487,238,253,13:09:11.210695
7.080343,476,416,13:09:11.210695
7.0822,690,563,13:09:11.210695
7.08406,481,592,13:09:11.210695
7.085917,244,360,13:09:11.210695
7.087775,349,458,13:09:11.210695
7.089631,657,703,13:09:11.210695
7.091488,541,431,13:09:11.210695
7.093346,438,563,13:09:11.210695
7.095206,481,675,13:09:11.210695
7.097063,604,684,13:09:11.210695
7.098919,335,426,13:09:11.210695
7.100782,395,564,13:09:11.210695
7.102638,544,636,13:09:11.210695
7.104495,415,311,13:09:11.210695
7.106363,317,538,13:09:11.258112
7.108223,586,489,13:09:11.258112
7.11011,686,617,13:09:11.258112
7.112008,379,305,13:09:11.258112
7.113866,409,345,13:09:11.258112
7.115723,518,598,13:09:11.258112
7.117579,513,666,13:09:11.258112
7.119438,260,343,13:09:11.258112
7.121294,634,479,13:09:11.258112
7.123151,637,717,13:09:11.258112
7.125009,386,408,13:09:11.258112
7.126867,556,792,13:09:11.258112
7.128726,620,343,13:09:11.258112
7.130582,401,237,13:09:11.258112
7.132439,257,578,13:09:11.258112
7.134297,418,327,13:09:11.258112
7.136156,428,441,13:09:11.258112
7.138014,499,630,13:09:11.258112
7.139874,747,567,13:09:11.258112
7.141738,686,674,13:09:11.259182
7.143595,380,329,13:09:11.259182
7.145451,386,366,13:09:11.259182
7.14731,374,393,13:09:11.259182
7.149166,424,433,13:09:11.259182
7.151025,296,422,13:09:11.259182
7.152881,428,615,13:09:11.259182
7.154743,641,500,13:09:11.309286
7.156614,361,276,13:09:11.309286
7.158479,558,391,13:09:11.309286
7.160391,830,493,13:09:11.309286
7.162259,41,241,13:09:11.309286
7.164117,-32,527,13:09:11.309286
7.165977,371,632,13:09:11.309286
7.167834,590,396,13:09:11.309286
7.169692,685,505,13:09:11.309286
7.171549,428,499,13:09:11.309286
7.173405,289,687,13:09:11.309286
7.175263,23,630,13:09:11.309286
7.177124,327,327,13:09:11.309286
7.178982,736,788,13:09:11.309286
7.180839,528,502,13:09:11.309286
7.182699,652,686,13:09:11.309286
7.184555,502,606,13:09:11.309286
7.186412,354,677,13:09:11.309286
7.18827,283,790,13:09:11.309286
7.190127,283,741,13:09:11.309286
7.191985,559,784,13:09:11.309286
7.193843,322,328,13:09:11.309286
7.195702,275,775,13:09:11.309286
7.19756,509,719,13:09:11.309286
7.199426,678,355,13:09:11.309286
7.201283,633,682,13:09:11.309286
7.203139,392,674,13:09:11.309286
7.204998,345,632,13:09:11.360326
7.20688,362,614,13:09:11.360326
7.208739,558,855,13:09:11.360326
7.210645,705,709,13:09:11.360326
7.212543,215,319,13:09:11.360326
7.214411,543,728,13:09:11.360326
7.216268,309,746,13:09:11.360326
7.218124,186,742,13:09:11.360326
7.219983,317,337,13:09:11.360326
7.221839,274,467,13:09:11.360326
7.223695,361,657,13:09:11.360326
7.225552,328,555,13:09:11.360326
7.227408,436,910,13:09:11.360326
7.229265,764,597,13:09:11.360326
7.231121,331,772,13:09:11.360326
7.232983,586,757,13:09:11.360326
7.23484,540,765,13:09:11.360326
7.236696,438,657,13:09:11.360326
7.238555,460,791,13:09:11.360326
7.240411,505,824,13:09:11.360326
7.242269,431,621,13:09:11.360326
7.244126,252,453,13:09:11.360326
7.245984,304,656,13:09:11.360326
7.247843,548,549,13:09:11.360326
7.249709,230,868,13:09:11.360326
7.251565,290,789,13:09:11.360326
7.253422,717,739,13:09:11.360326
7.25528,530,701,13:09:11.412298
7.257147,393,639,13:09:11.412298
7.259008,284,763,13:09:11.412298
7.260907,445,854,13:09:11.412298
7.262773,344,748,13:09:11.412298
7.26467,267,774,13:09:11.412298
7.266528,438,665,13:09:11.412298
7.268387,674,718,13:09:11.412298
7.270245,368,748,13:09:11.412298
7.272101,315,492,13:09:11.412298
7.273958,506,881,13:09:11.412298
7.275814,305,833,13:09:11.412298
7.277671,235,975,13:09:11.412298
7.279531,140,937,13:09:11.412298
7.281387,344,879,13:09:11.412298
7.283246,383,1057,13:09:11.412298
7.285102,418,765,13:09:11.412298
7.286958,265,456,13:09:11.412298
7.288817,614,846,13:09:11.412298
7.290677,351,493,13:09:11.412298
7.292536,539,650,13:09:11.412298
7.294392,447,663,13:09:11.412298
7.296258,285,663,13:09:11.412298
7.298115,517,555,13:09:11.412298
7.299971,598,717,13:09:11.412298
7.30183,417,560,13:09:11.412298
7.303686,438,749,13:09:11.412298
7.305545,505,627,13:09:11.464600
7.307411,359,530,13:09:11.464600
7.309273,367,895,13:09:11.464600
7.311185,581,859,13:09:11.464600
7.313048,457,770,13:09:11.464600
7.31491,267,513,13:09:11.464600
7.3168,411,925,13:09:11.464600
7.318667,620,915,13:09:11.464600
7.320525,491,773,13:09:11.464600
7.322382,495,612,13:09:11.464600
7.32424,356,746,13:09:11.464600
7.326096,273,825,13:09:11.464600
7.327952,363,892,13:09:11.464600
7.329809,251,1019,13:09:11.464600
7.331666,354,577,13:09:11.464600
7.333524,471,742,13:09:11.464600
7.33538,448,689,13:09:11.464600
7.337237,542,877,13:09:11.464600
7.339095,253,941,13:09:11.464600
7.340956,528,778,13:09:11.464600
7.342816,560,813,13:09:11.464600
7.344673,390,605,13:09:11.464600
7.346535,250,471,13:09:11.464600
7.348391,305,480,13:09:11.464600
7.350248,479,775,13:09:11.464600
7.352106,699,809,13:09:11.464600
7.353963,414,842,13:09:11.464600
7.355825,369,881,13:09:11.515332
7.357689,499,563,13:09:11.515332
7.359551,477,1071,13:09:11.515332
7.361442,463,734,13:09:11.515332
7.363298,337,785,13:09:11.515332
7.365157,403,682,13:09:11.515332
7.367019,420,637,13:09:11.515332
7.368876,403,554,13:09:11.515332
7.370734,312,740,13:09:11.515332
7.372595,503,817,13:09:11.515332
7.374453,460,788,13:09:11.515332
7.376309,491,851,13:09:11.515332
7.378172,-41,929,13:09:11.515332
7.380028,428,654,13:09:11.515332
7.381884,574,767,13:09:11.515332
7.383743,586,885,13:09:11.515332
7.385599,546,589,13:09:11.515332
7.387458,321,773,13:09:11.515332
7.389314,231,529,13:09:11.515332
7.391172,587,885,13:09:11.515332
7.393031,465,804,13:09:11.515332
7.394897,455,893,13:09:11.515332
7.396754,559,637,13:09:11.515332
7.39861,357,889,13:09:11.515332
7.400468,360,985,13:09:11.515332
7.402325,444,613,13:09:11.515332
7.404181,363,742,13:09:11.515332
7.406062,625,570,13:09:11.565540
7.407922,386,771,13:09:11.565540
7.409792,431,747,13:09:11.565540
7.411691,429,739,13:09:11.565540
7.413547,689,830,13:09:11.565540
7.415405,497,663,13:09:11.565540
7.417277,45,806,13:09:11.565540
7.41915,468,699,13:09:11.565540
7.421008,454,894,13:09:11.565540
7.422869,411,618,13:09:11.565540
7.424725,338,1174,13:09:11.565540
7.426582,547,783,13:09:11.565540
7.42844,534,883,13:09:11.565540
7.430296,506,806,13:09:11.565540
7.432153,480,643,13:09:11.565540
7.434011,302,830,13:09:11.565540
7.43587,601,625,13:09:11.565540
7.437726,404,526,13:09:11.565540
7.439582,502,653,13:09:11.565540
7.441449,577,816,13:09:11.565540
7.443307,636,835,13:09:11.565540
7.445167,200,922,13:09:11.565540
7.447028,214,714,13:09:11.565540
7.448884,502,585,13:09:11.565540
7.450743,690,866,13:09:11.565540
7.452599,462,698,13:09:11.565540
7.454456,377,1031,13:09:11.565540
7.456324,584,1021,13:09:11.617555
7.458184,313,956,13:09:11.617555
7.460054,584,446,13:09:11.618557
7.461935,404,867,13:09:11.618557
7.463794,538,780,13:09:11.618557
7.465658,37,948,13:09:11.618557
7.467516,353,738,13:09:11.618557
7.469413,-9,897,13:09:11.618557
7.471269,582,756,13:09:11.618557
7.473128,162,1043,13:09:11.618557
7.474986,217,734,13:09:11.618557
7.476844,504,945,13:09:11.618557
7.478702,372,798,13:09:11.618557
7.480559,469,807,13:09:11.618557
7.482417,314,858,13:09:11.618557
7.484274,675,691,13:09:11.618557
7.486139,429,838,13:09:11.618557
7.487996,644,606,13:09:11.618557
7.489855,329,661,13:09:11.618557
7.491713,570,736,13:09:11.618557
7.49357,352,881,13:09:11.618557
7.495426,548,851,13:09:11.618557
7.497284,533,788,13:09:11.618557
7.499141,223,754,13:09:11.618557
7.500999,237,818,13:09:11.618557
7.502856,662,754,13:09:11.618557
7.504716,220,768,13:09:11.674511
7.50658,375,837,13:09:11.674511
7.508448,502,921,13:09:11.674511
7.510348,661,771,13:09:11.674511
7.512211,528,805,13:09:11.674511
7.514068,602,525,13:09:11.674511
7.515926,521,877,13:09:11.674511
7.517785,457,789,13:09:11.674511
7.519641,192,866,13:09:11.674511
7.52153,-446,743,13:09:11.674511
7.523394,378,596,13:09:11.674511
7.525252,203,702,13:09:11.674511
7.527108,553,968,13:09:11.674511
7.528965,340,781,13:09:11.674511
7.530823,357,767,13:09:11.674511
7.53269,23,645,13:09:11.674511
7.534546,419,811,13:09:11.674511
7.536402,308,985,13:09:11.674511
7.538261,672,675,13:09:11.674511
7.540117,641,838,13:09:11.674511
7.541976,414,1033,13:09:11.674511
7.543834,711,902,13:09:11.674511
7.54569,646,676,13:09:11.674511
7.547549,437,939,13:09:11.674511
7.549409,435,844,13:09:11.675510
7.551265,460,582,13:09:11.675510
7.553122,464,1043,13:09:11.675510
7.55498,502,727,13:09:11.723019
7.556849,541,795,13:09:11.723019
7.558709,625,1112,13:09:11.723019
7.560613,533,812,13:09:11.723019
7.56247,331,961,13:09:11.723019
7.564332,773,758,13:09:11.724019
7.56619,270,531,13:09:11.724019
7.568059,546,790,13:09:11.724019
7.569925,309,688,13:09:11.724019
7.571793,484,951,13:09:11.724019
7.573656,459,882,13:09:11.724019
7.575516,758,581,13:09:11.724019
7.577381,579,1078,13:09:11.724019
7.579251,507,727,13:09:11.724019
7.581107,282,619,13:09:11.724019
7.582972,427,865,13:09:11.724019
7.584828,538,748,13:09:11.724019
7.586685,603,587,13:09:11.724019
7.588543,490,771,13:09:11.724019
7.590399,564,666,13:09:11.724019
7.592258,578,647,13:09:11.724019
7.594114,478,511,13:09:11.724019
7.595971,411,723,13:09:11.724019
7.597827,289,691,13:09:11.724019
7.599692,559,677,13:09:11.724019
7.60155,466,527,13:09:11.724019
7.603406,597,541,13:09:11.724019
7.605265,582,786,13:09:11.771581
7.607129,514,769,13:09:11.771581
7.608989,639,931,13:09:11.771581
7.610884,628,924,13:09:11.771581
7.612744,424,881,13:09:11.771581
7.614606,495,786,13:09:11.771581
7.616463,443,675,13:09:11.771581
7.618319,203,871,13:09:11.771581
7.620178,450,719,13:09:11.771581
7.622034,497,629,13:09:11.771581
7.623892,-226,646,13:09:11.771581
7.625781,791,526,13:09:11.771581
7.627637,548,923,13:09:11.771581
7.629495,561,536,13:09:11.771581
7.631352,474,648,13:09:11.771581
7.63321,372,821,13:09:11.771581
7.635067,325,542,13:09:11.771581
7.636927,535,568,13:09:11.771581
7.638785,367,787,13:09:11.771581
7.640651,592,638,13:09:11.771581
7.642508,758,1031,13:09:11.771581
7.644365,696,841,13:09:11.771581
7.646223,753,518,13:09:11.771581
7.648079,508,827,13:09:11.771581
7.649936,407,877,13:09:11.771581
7.651794,684,758,13:09:11.771581
7.653651,714,971,13:09:11.771581
7.655511,678,805,13:09:11.821515
7.657381,311,849,13:09:11.821515
7.659242,743,877,13:09:11.821515
7.66115,638,945,13:09:11.821515
7.663006,446,759,13:09:11.821515
7.664865,685,998,13:09:11.822514
7.666723,578,981,13:09:11.822514
7.668579,369,980,13:09:11.822514
7.670442,307,760,13:09:11.822514
7.672298,366,979,13:09:11.822514
7.674156,493,868,13:09:11.822514
7.676025,447,1101,13:09:11.822514
7.677885,845,992,13:09:11.822514
7.679744,673,735,13:09:11.822514
7.68161,125,980,13:09:11.822514
7.683467,488,974,13:09:11.822514
7.685323,686,968,13:09:11.822514
7.687181,394,626,13:09:11.822514
7.689038,468,1174,13:09:11.823514
7.690894,1012,1112,13:09:11.823514
7.692753,617,735,13:09:11.823514
7.694609,444,1006,13:09:11.823514
7.696465,807,1176,13:09:11.823514
7.698322,395,829,13:09:11.823514
7.700188,315,831,13:09:11.824515
7.702045,492,946,13:09:11.824515
7.703901,461,956,13:09:11.824515
7.705761,477,650,13:09:11.872534
7.70762,628,1059,13:09:11.872534
7.709484,1085,974,13:09:11.872534
7.711392,444,817,13:09:11.872534
7.713254,342,1018,13:09:11.872534
7.715111,418,1023,13:09:11.873525
7.716968,496,1091,13:09:11.873525
7.71883,86,951,13:09:11.873525
7.720686,405,1029,13:09:11.873525
7.722543,789,948,13:09:11.873525
7.724431,287,936,13:09:11.873525
7.726301,373,1249,13:09:11.873525
7.72816,798,1270,13:09:11.873525
7.730016,175,975,13:09:11.873525
7.731875,99,1108,13:09:11.873525
7.733733,922,1255,13:09:11.873525
7.735589,418,639,13:09:11.873525
7.737449,198,938,13:09:11.873525
7.739306,852,1146,13:09:11.873525
7.741162,459,848,13:09:11.873525
7.743021,254,714,13:09:11.873525
7.74488,652,1318,13:09:11.873525
7.746738,731,1310,13:09:11.873525
7.748594,116,564,13:09:11.873525
7.750453,386,997,13:09:11.873525
7.752309,741,1144,13:09:11.873525
7.754165,460,855,13:09:11.873525
7.756038,158,924,13:09:11.924621
7.757898,483,1076,13:09:11.924621
7.75976,464,1066,13:09:11.924621
7.761667,72,962,13:09:11.924621
7.763528,551,1611,13:09:11.924621
7.765387,661,1034,13:09:11.924621
7.767244,382,622,13:09:11.924621
7.769102,194,773,13:09:11.924621
7.770959,931,1282,13:09:11.924621
7.772822,382,819,13:09:11.924621
7.774685,9,1165,13:09:11.924621
7.776568,87,1383,13:09:11.924621
7.778434,480,762,13:09:11.924621
7.780294,-77,971,13:09:11.924621
7.782151,396,1314,13:09:11.924621
7.784009,1062,1397,13:09:11.924621
7.785868,317,950,13:09:11.924621
7.787724,210,1109,13:09:11.924621
7.78958,712,1435,13:09:11.924621
7.791439,727,962,13:09:11.924621
7.793297,-74,911,13:09:11.924621
7.795163,499,1498,13:09:11.924621
7.79702,1229,1350,13:09:11.924621
7.798876,323,904,13:09:11.924621
7.800735,141,1303,13:09:11.924621
7.802591,700,1474,13:09:11.924621
7.804449,326,1217,13:09:11.924621
7.80631,79,949,13:09:11.975466
7.80817,436,1203,13:09:11.975466
7.81005,1040,1086,13:09:11.975466
7.811937,200,601,13:09:11.975466
7.813798,98,1145,13:09:11.975466
7.81566,701,1180,13:09:11.975466
7.817516,403,859,13:09:11.975466
7.819374,-85,1033,13:09:11.975466
7.821231,716,1166,13:09:11.975466
7.823087,607,781,13:09:11.975466
7.824946,537,1057,13:09:11.975466
7.826807,839,1117,13:09:11.975466
7.828674,183,1100,13:09:11.975466
7.830551,335,1087,13:09:11.975466
7.832407,478,1070,13:09:11.975466
7.834265,735,1184,13:09:11.975466
7.836122,424,956,13:09:11.975466
7.837978,239,1063,13:09:11.975466
7.839835,796,1275,13:09:11.975466
7.841693,675,1024,13:09:11.975466
7.843549,406,1172,13:09:11.975466
7.845406,442,1303,13:09:11.975466
7.847264,816,1141,13:09:11.975466
7.849121,448,1040,13:09:11.975466
7.850979,670,1103,13:09:11.975466
7.852835,807,1237,13:09:11.975466
7.8547,236,840,13:09:12.028841
7.856568,307,1141,13:09:12.028841
7.858432,689,1291,13:09:12.028841
7.860329,422,1051,13:09:12.028841
7.862243,499,1044,13:09:12.028841
7.864103,493,1048,13:09:12.028841
7.865962,622,1340,13:09:12.028841
7.867818,106,995,13:09:12.028841
7.869684,171,1113,13:09:12.028841
7.871541,279,736,13:09:12.028841
7.873397,357,1016,13:09:12.028841
7.875258,322,1013,13:09:12.028841
7.877114,460,1363,13:09:12.028841
7.878974,521,1294,13:09:12.028841
7.880835,649,1405,13:09:12.028841
7.882693,357,1482,13:09:12.028841
7.884554,567,1280,13:09:12.028841
7.886444,527,1301,13:09:12.028841
7.888304,678,1028,13:09:12.028841
7.89016,440,883,13:09:12.028841
7.892017,765,1145,13:09:12.028841
7.893875,765,1088,13:09:12.028841
7.895738,359,1012,13:09:12.028841
7.897596,439,1474,13:09:12.028841
7.899452,684,946,13:09:12.028841
7.901313,327,755,13:09:12.028841
7.903169,411,1191,13:09:12.028841
7.905026,551,1293,13:09:12.084740
7.90689,291,922,13:09:12.084740
7.90875,421,1104,13:09:12.084740
7.910649,560,1376,13:09:12.087739
7.912509,645,1064,13:09:12.087739
7.914365,237,1186,13:09:12.087739
7.916228,366,1406,13:09:12.087739
7.918084,838,1181,13:09:12.087739
7.919943,666,1055,13:09:12.087739
7.921801,327,991,13:09:12.087739
7.923657,490,1292,13:09:12.087739
7.925516,856,1274,13:09:12.087739
7.927374,234,841,13:09:12.087739
7.929231,318,1183,13:09:12.087739
7.931091,63,1306,13:09:12.087739
7.932955,85,851,13:09:12.087739
7.934812,70,1232,13:09:12.087739
7.936668,1011,1413,13:09:12.087739
7.938526,489,856,13:09:12.087739
7.940383,42,1246,13:09:12.087739
7.942239,308,1470,13:09:12.087739
7.944096,660,1238,13:09:12.087739
7.945952,68,989,13:09:12.087739
7.947808,31,1365,13:09:12.087739
7.949665,812,1319,13:09:12.087739
7.951525,401,1016,13:09:12.087739
7.953382,-30,1122,13:09:12.087739
7.95524,614,1574,13:09:12.129168
7.95711,761,1131,13:09:12.129168
7.958971,47,860,13:09:12.129168
7.960865,274,1320,13:09:12.129168
7.962723,1154,1034,13:09:12.129168
7.96459,523,704,13:09:12.129168
7.966449,18,1092,13:09:12.129168
7.96831,971,1508,13:09:12.129168
7.970171,581,1218,13:09:12.129168
7.972027,-29,819,13:09:12.129168
7.973886,417,1273,13:09:12.129168
7.975742,836,1117,13:09:12.129168
7.977604,306,799,13:09:12.129168
7.979467,12,1009,13:09:12.129168
7.981345,681,1401,13:09:12.129168
7.983205,700,1153,13:09:12.129168
7.985078,60,1188,13:09:12.129168
7.986934,240,1211,13:09:12.129168
7.988795,959,1505,13:09:12.129168
7.990651,471,1042,13:09:12.129168
7.992509,122,1326,13:09:12.129168
7.994366,737,1371,13:09:12.129168
7.996224,545,848,13:09:12.129168
7.998081,-61,1098,13:09:12.129168
7.999937,703,1651,13:09:12.129168
8.001795,827,1127,13:09:12.129168
8.003652,78,802,13:09:12.129168
8.00551,500,1315,13:09:12.181148
8.007383,918,1357,13:09:12.181148
8.009245,509,1231,13:09:12.181148
8.011143,171,1035,13:09:12.181148
8.013002,300,1343,13:09:12.181148
8.014864,468,1194,13:09:12.181148
8.016722,163,1213,13:09:12.181148
8.018579,195,1238,13:09:12.181148
8.020437,631,1472,13:09:12.181148
8.022294,674,1251,13:09:12.181148
8.024152,311,1486,13:09:12.181148
8.026008,495,1468,13:09:12.181148
8.027869,694,811,13:09:12.181148
8.029727,-190,980,13:09:12.181148
8.031593,339,1283,13:09:12.181148
8.033464,-188,1109,13:09:12.181148
8.035342,549,1185,13:09:12.181148
8.037199,274,1288,13:09:12.181148
8.039057,1242,1330,13:09:12.181148
8.040917,865,1219,13:09:12.181148
8.042774,332,878,13:09:12.181148
8.04463,284,1318,13:09:12.181148
8.046489,619,1350,13:09:12.181148
8.048345,249,963,13:09:12.181148
8.050201,213,1235,13:09:12.181148
8.052058,761,1658,13:09:12.181148
8.053914,729,1151,13:09:12.181148
8.055783,354,1240,13:09:12.233562
8.057643,502,1481,13:09:12.233562
8.059507,599,1246,13:09:12.233562
8.061412,151,1079,13:09:12.233562
8.063268,235,1098,13:09:12.233562
8.065128,706,1160,13:09:12.233562
8.066985,462,1271,13:09:12.233562
8.068845,401,1305,13:09:12.233562
8.070704,421,1359,13:09:12.233562
8.072561,824,1150,13:09:12.233562
8.07442,622,1540,13:09:12.233562
8.076277,501,1215,13:09:12.233562
8.078143,233,1232,13:09:12.233562
8.080004,248,1136,13:09:12.233562
8.081866,316,1232,13:09:12.233562
8.083754,429,1246,13:09:12.233562
8.085623,469,1335,13:09:12.233562
8.087481,398,981,13:09:12.233562
8.089357,460,1471,13:09:12.233562
8.091214,571,1141,13:09:12.233562
8.09307,604,896,13:09:12.233562
8.094927,397,1069,13:09:12.233562
8.096791,413,1343,13:09:12.233562
8.098647,359,1023,13:09:12.233562
8.100504,429,1473,13:09:12.233562
8.102362,732,1182,13:09:12.233562
8.104219,655,1218,13:09:12.233562
8.106083,617,1006,13:09:12.283162
8.107944,399,1185,13:09:12.283162
8.10981,628,1322,13:09:12.283162
8.111718,446,1014,13:09:12.283162
8.113574,436,1143,13:09:12.283162
8.115439,692,1404,13:09:12.284161
8.117297,657,1045,13:09:12.284161
8.119154,359,1390,13:09:12.284161
8.121012,429,1196,13:09:12.284161
8.122874,470,1211,13:09:12.284161
8.124735,390,1189,13:09:12.284161
8.126591,444,1268,13:09:12.284161
8.128449,283,1299,13:09:12.284161
8.130306,117,976,13:09:12.284161
8.132168,311,1301,13:09:12.284161
8.134029,560,1373,13:09:12.284161
8.135899,571,1420,13:09:12.284161
8.137768,163,1244,13:09:12.284161
8.139624,489,1591,13:09:12.284161
8.141483,652,1454,13:09:12.284161
8.143341,498,1290,13:09:12.284161
8.145197,582,1224,13:09:12.284161
8.147056,608,1287,13:09:12.284161
8.148912,683,1375,13:09:12.284161
8.150769,465,1385,13:09:12.284161
8.152627,573,1234,13:09:12.284161
8.154483,616,1198,13:09:12.333886
8.156352,461,1370,13:09:12.333886
8.158212,709,1375,13:09:12.333886
8.160094,476,1204,13:09:12.333886
8.161969,386,1033,13:09:12.334887
8.163825,306,1237,13:09:12.334887
8.165684,620,1523,13:09:12.334887
8.16754,655,1487,13:09:12.334887
8.169402,403,1201,13:09:12.334887
8.171259,576,1378,13:09:12.334887
8.173118,571,1468,13:09:12.334887
8.174978,475,1213,13:09:12.334887
8.176834,234,1064,13:09:12.334887
8.178692,434,1488,13:09:12.334887
8.180549,411,1002,13:09:12.334887
8.182411,201,1440,13:09:12.334887
8.184278,359,1254,13:09:12.334887
8.186134,-7,1482,13:09:12.334887
8.187994,461,1089,13:09:12.334887
8.189851,692,1219,13:09:12.334887
8.191711,520,1397,13:09:12.334887
8.193595,487,1296,13:09:12.334887
8.195452,177,1109,13:09:12.334887
8.19731,450,1476,13:09:12.334887
8.199167,301,1139,13:09:12.334887
8.201029,511,1377,13:09:12.334887
8.202885,479,1372,13:09:12.334887
8.204742,775,1287,13:09:12.391837
8.206604,484,1216,13:09:12.391837
8.208465,582,1576,13:09:12.391837
8.210379,586,1394,13:09:12.391837
8.212239,617,1446,13:09:12.391837
8.214096,354,1345,13:09:12.391837
8.215952,481,1305,13:09:12.391837
8.217808,446,1324,13:09:12.391837
8.219667,306,1148,13:09:12.391837
8.221527,544,1281,13:09:12.391837
8.223388,465,1427,13:09:12.391837
8.22525,604,1247,13:09:12.391837
8.227106,571,1325,13:09:12.391837
8.228965,464,1308,13:09:12.391837
8.230823,574,1322,13:09:12.394843
8.232679,143,1279,13:09:12.396862
8.234538,173,1353,13:09:12.396862
8.236397,160,1355,13:09:12.396862
8.238261,457,1261,13:09:12.396862
8.240117,373,1405,13:09:12.396862
8.241979,316,1277,13:09:12.396862
8.243836,405,1542,13:09:12.396862
8.245692,507,1331,13:09:12.396862
8.247551,581,1379,13:09:12.396862
8.249407,609,1259,13:09:12.396862
8.251265,278,1597,13:09:12.396862
8.253122,653,1257,13:09:12.396862
8.254978,761,1586,13:09:12.437552
8.256855,809,1382,13:09:12.437552
8.258715,590,1226,13:09:12.437552
8.260613,585,1196,13:09:12.437552
8.262474,280,1280,13:09:12.437552
8.26433,270,1286,13:09:12.437552
8.266188,312,1319,13:09:12.437552
8.268045,534,1389,13:09:12.437552
8.269903,542,1342,13:09:12.437552
8.271762,410,1324,13:09:12.437552
8.273622,739,1112,13:09:12.437552
8.27548,532,1557,13:09:12.437552
8.277337,453,1562,13:09:12.437552
8.279197,599,1280,13:09:12.437552
8.281054,107,1263,13:09:12.437552
8.282912,-98,1092,13:09:12.437552
8.28477,381,1485,13:09:12.437552
8.286629,581,1259,13:09:12.437552
8.288511,591,1472,13:09:12.437552
8.290367,589,1308,13:09:12.437552
8.292228,774,1590,13:09:12.437552
8.294084,382,1329,13:09:12.437552
8.295949,527,1397,13:09:12.437552
8.297807,521,1417,13:09:12.437552
8.299667,336,1245,13:09:12.437552
8.301526,345,1131,13:09:12.437552
8.303382,514,1366,13:09:12.437552
8.305249,622,1615,13:09:12.487137
8.307117,585,1296,13:09:12.487137
8.308982,685,1409,13:09:12.487137
8.310909,556,1298,13:09:12.487137
8.312768,572,1270,13:09:12.487137
8.314625,307,1468,13:09:12.487137
8.316483,458,1475,13:09:12.487137
8.318339,518,1133,13:09:12.487137
8.320197,578,1286,13:09:12.487137
8.322054,207,1407,13:09:12.487137
8.32391,674,1418,13:09:12.487137
8.325769,149,1576,13:09:12.487137
8.32763,607,1097,13:09:12.487137
8.329489,452,1255,13:09:12.487137
8.331346,784,1329,13:09:12.487137
8.333204,415,1382,13:09:12.487137
8.335061,4,1398,13:09:12.487137
8.336917,384,1413,13:09:12.487137
8.338775,594,1537,13:09:12.487137
8.340642,-783,1631,13:09:12.487137
8.342522,589,1260,13:09:12.487137
8.344378,544,1457,13:09:12.487137
8.346235,544,1366,13:09:12.487137
8.348093,546,1291,13:09:12.487137
8.34995,776,1304,13:09:12.487137
8.351808,554,1322,13:09:12.487137
8.353664,458,1599,13:09:12.487137
8.355525,311,1502,13:09:12.542733
8.357387,433,1230,13:09:12.542733
8.359249,480,1252,13:09:12.542733
8.361164,515,1485,13:09:12.542733
8.36302,680,1309,13:09:12.542733
8.364882,406,1336,13:09:12.542733
8.366741,604,1616,13:09:12.542733
8.368598,526,1457,13:09:12.542733
8.370456,393,1443,13:09:12.542733
8.372314,253,1259,13:09:12.542733
8.374182,550,1349,13:09:12.542733
8.376039,672,1357,13:09:12.542733
8.377895,526,1533,13:09:12.542733
8.379754,271,1482,13:09:12.542733
8.38161,389,1394,13:09:12.542733
8.383468,182,1216,13:09:12.542733
8.385327,360,1324,13:09:12.542733
8.387191,282,1477,13:09:12.542733
8.389049,364,1281,13:09:12.542733
8.39091,708,1310,13:09:12.542733
8.392766,543,1267,13:09:12.542733
8.394623,313,1323,13:09:12.542733
8.396485,543,1655,13:09:12.542733
8.398341,501,1517,13:09:12.542733
8.400198,243,1354,13:09:12.542733
8.402058,313,1576,13:09:12.542733
8.403915,314,1303,13:09:12.542733
8.405781,700,1518,13:09:12.589983
8.407643,543,1380,13:09:12.589983
8.409506,516,1272,13:09:12.589983
8.411408,507,1642,13:09:12.589983
8.413264,535,1484,13:09:12.589983
8.415123,505,1285,13:09:12.589983
8.416979,549,1317,13:09:12.589983
8.418836,602,1336,13:09:12.589983
8.420694,680,1337,13:09:12.589983
8.42255,148,1672,13:09:12.589983
8.424409,381,1311,13:09:12.589983
8.426265,204,1506,13:09:12.589983
8.428126,486,1183,13:09:12.589983
8.429982,60,1506,13:09:12.589983
8.431838,704,1260,13:09:12.589983
8.433697,311,1417,13:09:12.589983
8.435553,203,1312,13:09:12.589983
8.43741,303,1119,13:09:12.589983
8.439268,413,1371,13:09:12.589983
8.441141,252,1212,13:09:12.589983
8.443009,441,1237,13:09:12.589983
8.444875,104,1304,13:09:12.589983
8.446733,513,1514,13:09:12.589983
8.44859,356,1395,13:09:12.589983
8.450449,500,1625,13:09:12.589983
8.452307,633,1217,13:09:12.589983
8.45417,682,1201,13:09:12.589983
8.456045,349,1453,13:09:12.608648
8.457906,672,1554,13:09:12.608648
8.459772,619,1444,13:09:12.608648
8.461662,341,1543,13:09:12.608648
8.463519,784,1279,13:09:12.608648
8.465379,572,1213,13:09:12.608648
8.467236,340,1187,13:09:12.608648
8.469094,800,1568,13:09:12.608648
8.47095,459,1309,13:09:12.608648
8.472807,287,1451,13:09:12.608648
8.474669,220,1437,13:09:12.608648
8.476526,813,1347,13:09:12.608648
8.478384,361,1318,13:09:12.608648
8.48024,268,1471,13:09:12.608648
8.482097,540,1568,13:09:12.608648
8.483957,417,1351,13:09:12.608648
8.485814,211,1284,13:09:12.608648
8.487672,659,1585,13:09:12.608648
8.489529,556,1395,13:09:12.608648
8.491395,452,1293,13:09:12.608648
8.493253,-711,1315,13:09:12.608648
8.49511,505,1563,13:09:12.608648
8.496968,501,1282,13:09:12.608648
8.498826,586,1355,13:09:12.608648
8.500713,555,1412,13:09:12.608648
8.502569,592,1486,13:09:12.608648
8.504425,448,1413,13:09:12.608648
8.506294,732,1280,13:09:12.657626
8.508154,762,1365,13:09:12.657626
8.51003,471,1087,13:09:12.657626
8.511917,521,1600,13:09:12.657626
8.513777,609,1605,13:09:12.657626
8.515634,659,1396,13:09:12.657626
8.51749,397,1553,13:09:12.657626
8.519348,281,1577,13:09:12.657626
8.521205,600,1464,13:09:12.657626
8.523061,787,1447,13:09:12.657626
8.52492,572,1328,13:09:12.657626
8.526776,711,1382,13:09:12.657626
8.528633,713,1377,13:09:12.657626
8.530489,570,1359,13:09:12.657626
8.532355,665,1420,13:09:12.657626
8.534212,506,1574,13:09:12.657626
8.536068,473,1547,13:09:12.657626
8.537927,665,1322,13:09:12.657626
8.539783,704,1387,13:09:12.657626
8.541639,689,1339,13:09:12.657626
8.543496,474,1327,13:09:12.657626
8.545352,814,1329,13:09:12.657626
8.547209,842,1386,13:09:12.657626
8.549075,312,1462,13:09:12.657626
8.550931,449,1401,13:09:12.657626
8.552788,612,1602,13:09:12.657626
8.554646,586,1369,13:09:12.708263
8.556509,734,1541,13:09:12.708263
8.558369,443,1605,13:09:12.708263
8.560279,447,1347,13:09:12.708263
8.562165,454,1554,13:09:12.708263
8.564022,727,1609,13:09:12.708263
8.56588,452,1357,13:09:12.708263
8.567737,682,1324,13:09:12.708263
8.569593,693,1435,13:09:12.708263
8.571449,601,1307,13:09:12.708263
8.573314,795,1310,13:09:12.708263
8.57517,427,1256,13:09:12.708263
8.577027,599,1437,13:09:12.708263
8.578885,585,1516,13:09:12.708263
8.580741,452,1462,13:09:12.708263
8.582598,540,1428,13:09:12.708263
8.584454,853,1447,13:09:12.708263
8.586311,472,1502,13:09:12.708263
8.588167,412,1542,13:09:12.708263
8.590024,811,1347,13:09:12.708263
8.591884,794,1389,13:09:12.708263
8.593748,378,1337,13:09:12.708263
8.595607,489,1409,13:09:12.708263
8.597463,568,1362,13:09:12.708263
8.599319,707,1334,13:09:12.708263
8.601178,697,1510,13:09:12.708263
8.603034,650,1439,13:09:12.708263
8.604891,839,1613,13:09:12.757919
8.606757,573,1488,13:09:12.757919
8.608619,767,1434,13:09:12.757919
8.610532,393,1328,13:09:12.757919
8.612392,535,1502,13:09:12.757919
8.614252,484,1485,13:09:12.757919
8.616109,384,1399,13:09:12.757919
8.617965,638,1586,13:09:12.757919
8.619823,223,1191,13:09:12.757919
8.62168,694,1611,13:09:12.757919
8.623536,823,1299,13:09:12.757919
8.625393,578,1393,13:09:12.757919
8.627259,530,1645,13:09:12.757919
8.629115,574,1439,13:09:12.757919
8.630972,500,1282,13:09:12.757919
8.63283,497,1268,13:09:12.757919
8.634687,751,1468,13:09:12.757919
8.636545,841,1510,13:09:12.757919
8.638401,824,1405,13:09:12.757919
8.640258,574,1429,13:09:12.759925
8.642116,713,1402,13:09:12.759925
8.643982,712,1362,13:09:12.759925
8.645839,326,1609,13:09:12.759925
8.647695,528,1492,13:09:12.759925
8.649554,631,1163,13:09:12.759925
8.65141,571,1422,13:09:12.759925
8.653267,660,1365,13:09:12.759925
8.655125,816,1544,13:09:12.807619
8.656999,642,1366,13:09:12.807619
8.65886,697,1690,13:09:12.807619
8.660768,660,1617,13:09:12.807619
8.662642,747,1229,13:09:12.807619
8.664501,439,1293,13:09:12.807619
8.666357,625,1373,13:09:12.807619
8.668219,871,1227,13:09:12.807619
8.670076,635,1625,13:09:12.807619
8.671932,853,1519,13:09:12.807619
8.673791,994,1574,13:09:12.807619
8.675647,1088,1459,13:09:12.807619
8.677505,518,1511,13:09:12.807619
8.679362,510,1402,13:09:12.807619
8.681218,583,1375,13:09:12.807619
8.683077,504,1497,13:09:12.807619
8.684939,696,1223,13:09:12.807619
8.686795,842,1449,13:09:12.807619
8.688652,939,1569,13:09:12.807619
8.69051,772,1550,13:09:12.807619
8.692367,877,1522,13:09:12.807619
8.694223,799,1546,13:09:12.807619
8.696081,522,1263,13:09:12.807619
8.697938,825,1512,13:09:12.807619
8.699798,504,1486,13:09:12.807619
8.701657,773,1559,13:09:12.807619
8.703517,789,1490,13:09:12.807619
8.705378,509,1652,13:09:12.856988
8.70725,828,1391,13:09:12.856988
8.70911,826,1069,13:09:12.856988
8.711006,575,1440,13:09:12.856988
8.712887,566,1560,13:09:12.856988
8.714745,876,1135,13:09:12.856988
8.716602,658,1436,13:09:12.856988
8.718458,789,1630,13:09:12.856988
8.720314,684,1512,13:09:12.856988
8.722173,668,1293,13:09:12.856988
8.724031,711,1349,13:09:12.856988
8.725888,614,1165,13:09:12.856988
8.727748,455,1489,13:09:12.856988
8.729604,625,1919,13:09:12.856988
8.731463,700,1583,13:09:12.856988
8.733319,646,1221,13:09:12.856988
8.735176,505,1440,13:09:12.856988
8.737034,948,1395,13:09:12.857989
8.738894,615,1477,13:09:12.857989
8.740753,658,1385,13:09:12.857989
8.742609,730,1022,13:09:12.857989
8.744476,862,1542,13:09:12.857989
8.746332,799,1526,13:09:12.857989
8.748188,616,1564,13:09:12.857989
8.750047,835,1615,13:09:12.857989
8.751903,893,1276,13:09:12.857989
8.753764,473,1298,13:09:12.857989
8.755632,667,1514,13:09:12.907270
8.757494,902,1342,13:09:12.907270
8.759355,766,1340,13:09:12.907270
8.761261,791,1348,13:09:12.907270
8.763123,1048,1559,13:09:12.907270
8.76498,650,1370,13:09:12.907270
8.766836,855,1367,13:09:12.907270
8.768695,692,1525,13:09:12.907270
8.770551,878,1250,13:09:12.907270
8.772409,856,1368,13:09:12.907270
8.774266,618,1530,13:09:12.907270
8.776122,1164,1714,13:09:12.907270
8.777979,653,1205,13:09:12.907270
8.779844,726,1469,13:09:12.907270
8.781701,558,1500,13:09:12.907270
8.783558,946,1642,13:09:12.907270
8.785416,847,1383,13:09:12.907270
8.787273,960,1596,13:09:12.907270
8.789129,985,1356,13:09:12.907270
8.790985,784,1383,13:09:12.907270
8.792844,723,1468,13:09:12.907270
8.794702,913,1525,13:09:12.907270
8.796559,929,1447,13:09:12.907270
8.798421,503,1453,13:09:12.907270
8.800277,693,1569,13:09:12.907270
8.802134,947,1503,13:09:12.907270
8.803992,880,1612,13:09:12.907270
8.805855,685,1535,13:09:12.959843
8.807717,730,1428,13:09:12.959843
8.809581,677,1374,13:09:12.959843
8.81151,467,1352,13:09:12.959843
8.813368,733,1525,13:09:12.959843
8.815224,899,1448,13:09:12.959843
8.817081,774,1543,13:09:12.959843
8.818939,689,1653,13:09:12.959843
8.820803,1266,1624,13:09:12.959843
8.82266,795,1279,13:09:12.959843
8.824516,675,1310,13:09:12.959843
8.826375,953,1401,13:09:12.959843
8.828231,782,1559,13:09:12.959843
8.830088,740,1473,13:09:12.959843
8.831946,667,1747,13:09:12.959843
8.833804,744,1478,13:09:12.959843
8.835663,813,1383,13:09:12.959843
8.837519,776,1714,13:09:12.959843
8.839382,862,1427,13:09:12.959843
8.841238,1068,1446,13:09:12.959843
8.843094,750,1421,13:09:12.959843
8.844953,609,1576,13:09:12.959843
8.846809,1015,1426,13:09:12.959843
8.848668,690,1624,13:09:12.960842
8.850524,807,1365,13:09:12.960842
8.852384,1075,1550,13:09:12.960842
8.854243,849,1461,13:09:12.960842
8.856107,805,1566,13:09:13.008038
8.85798,790,1456,13:09:13.008038
8.859843,1043,1597,13:09:13.008038
8.861763,603,1314,13:09:13.008038
8.86362,842,1593,13:09:13.008038
8.865477,1082,1712,13:09:13.008038
8.867335,750,1489,13:09:13.008038
8.869192,926,1493,13:09:13.008038
8.871048,757,1634,13:09:13.008038
8.872907,887,1720,13:09:13.008038
8.874763,616,1459,13:09:13.008038
8.876619,791,1504,13:09:13.008038
8.878476,738,1479,13:09:13.008038
8.88034,618,1279,13:09:13.008038
8.882197,911,1487,13:09:13.008038
8.884053,812,1369,13:09:13.008038
8.885911,796,1416,13:09:13.008038
8.887768,1055,1502,13:09:13.008038
8.889624,1041,1464,13:09:13.008038
8.891481,850,1493,13:09:13.008038
8.893337,965,1353,13:09:13.008038
8.895193,941,1315,13:09:13.008038
8.89706,1048,1462,13:09:13.008038
8.898917,800,1151,13:09:13.008038
8.900783,594,1569,13:09:13.008038
8.902645,948,1592,13:09:13.009043
8.904501,457,1414,13:09:13.057433
8.906372,1065,1432,13:09:13.057433
8.908232,954,1538,13:09:13.057433
8.910101,620,1448,13:09:13.057433
8.912023,849,1421,13:09:13.057433
8.913881,928,1444,13:09:13.059434
8.915738,1070,1339,13:09:13.059434
8.917596,777,1347,13:09:13.059434
8.919452,856,1509,13:09:13.059434
8.921309,1068,1483,13:09:13.059434
8.923165,785,1330,13:09:13.059434
8.925022,712,1303,13:09:13.059434
8.926882,692,1549,13:09:13.059434
8.928738,858,1683,13:09:13.059434
8.930597,700,1375,13:09:13.059434
8.932453,902,1324,13:09:13.059434
8.93431,931,1439,13:09:13.059434
8.936168,735,1523,13:09:13.059434
8.938028,927,1564,13:09:13.059434
8.939887,1082,1567,13:09:13.059434
8.941743,1265,1372,13:09:13.059434
8.94361,912,1480,13:09:13.059434
8.945466,799,1569,13:09:13.059434
8.947323,867,1566,13:09:13.059434
8.949181,778,1415,13:09:13.059434
8.951037,864,1555,13:09:13.059434
8.952894,1068,1410,13:09:13.059434
8.95475,767,1415,13:09:13.107513
8.956617,626,1169,13:09:13.107513
8.958477,1005,1329,13:09:13.107513
8.960403,970,1437,13:09:13.107513
8.962341,848,1619,13:09:13.107513
8.964206,871,1459,13:09:13.107513
8.966062,1007,1526,13:09:13.107513
8.967921,875,1425,13:09:13.107513
8.969779,1004,1442,13:09:13.107513
8.971634,1044,1684,13:09:13.107513
8.973492,773,1349,13:09:13.107513
8.975348,931,1674,13:09:13.107513
8.977207,917,1484,13:09:13.107513
8.979063,995,1592,13:09:13.107513
8.980919,600,1436,13:09:13.107513
8.982776,698,1411,13:09:13.107513
8.98464,983,1367,13:09:13.107513
8.986499,1059,1624,13:09:13.107513
8.988355,926,1604,13:09:13.107513
8.990213,813,1521,13:09:13.107513
8.99207,1198,1465,13:09:13.107513
8.993926,1044,1486,13:09:13.107513
8.995785,924,1494,13:09:13.107513
8.997641,823,1358,13:09:13.107513
8.999499,965,1368,13:09:13.107513
9.001356,952,1619,13:09:13.107513
9.003226,1023,1688,13:09:13.107513
9.005083,964,1624,13:09:13.158074
9.006955,853,1371,13:09:13.158074
9.008815,794,1667,13:09:13.158074
9.010702,951,1327,13:09:13.158074
9.012582,832,1487,13:09:13.158074
9.01444,887,1425,13:09:13.158074
9.016297,985,1525,13:09:13.158074
9.018155,821,1243,13:09:13.158074
9.020012,821,1349,13:09:13.158074
9.021876,883,1358,13:09:13.158074
9.023734,783,1338,13:09:13.158074
9.025598,960,1520,13:09:13.158074
9.027455,933,1538,13:09:13.158074
9.029312,1119,1350,13:09:13.158074
9.03117,977,1453,13:09:13.158074
9.033026,1055,1604,13:09:13.158074
9.034883,919,1479,13:09:13.158074
9.036739,993,1430,13:09:13.158074
9.038596,1086,1633,13:09:13.158074
9.040452,1051,1604,13:09:13.158074
9.042309,1070,1413,13:09:13.158074
9.044169,984,1568,13:09:13.158074
9.046025,898,1657,13:09:13.158074
9.047882,1000,1412,13:09:13.158074
9.04974,787,1502,13:09:13.158074
9.051597,941,1683,13:09:13.158074
9.053455,756,1475,13:09:13.158074
9.055311,977,1640,13:09:13.210204
9.057184,1152,1544,13:09:13.210204
9.059044,872,1240,13:09:13.210204
9.060943,795,1477,13:09:13.210204
9.062803,846,1595,13:09:13.210204
9.064659,893,1620,13:09:13.210204
9.066516,896,1344,13:09:13.210204
9.068378,970,1607,13:09:13.210204
9.070235,820,1514,13:09:13.210204
9.072093,1182,1545,13:09:13.210204
9.073949,1110,1552,13:09:13.210204
9.07581,787,1438,13:09:13.210204
9.077666,1022,1459,13:09:13.210204
9.079523,886,1477,13:09:13.210204
9.081381,970,1585,13:09:13.210204
9.083237,854,1740,13:09:13.210204
9.085096,1061,1374,13:09:13.210204
9.086952,828,1412,13:09:13.210204
9.088809,829,1535,13:09:13.210204
9.090667,984,1476,13:09:13.210204
9.092531,1053,1536,13:09:13.210204
9.094388,937,1356,13:09:13.210204
9.096244,860,1470,13:09:13.210204
9.098103,968,1454,13:09:13.210204
9.099959,982,1536,13:09:13.210204
9.101816,1089,1547,13:09:13.210204
9.103674,903,1227,13:09:13.210204
9.105538,857,1579,13:09:13.257759
9.107415,685,1611,13:09:13.257759
9.109275,1157,1313,13:09:13.257759
9.111188,871,1592,13:09:13.257759
9.113046,845,1632,13:09:13.257759
9.114902,748,1459,13:09:13.257759
9.116763,870,1643,13:09:13.257759
9.118619,989,1298,13:09:13.257759
9.120475,962,1471,13:09:13.257759
9.122334,774,1665,13:09:13.257759
9.12419,1138,1539,13:09:13.257759
9.126049,1103,1774,13:09:13.257759
9.127905,892,1393,13:09:13.257759
9.129765,563,1637,13:09:13.257759
9.131624,926,1465,13:09:13.257759
9.13349,802,1392,13:09:13.257759
9.135347,1069,1594,13:09:13.257759
9.137203,940,1459,13:09:13.257759
9.139061,1004,1462,13:09:13.257759
9.140918,969,1592,13:09:13.257759
9.142774,914,1650,13:09:13.257759
9.144633,1057,1499,13:09:13.257759
9.146489,1056,1470,13:09:13.257759
9.148345,1045,1509,13:09:13.257759
9.150202,1073,1502,13:09:13.257759
9.152068,1028,1422,13:09:13.257759
9.153925,727,1634,13:09:13.257759
9.155785,983,1391,13:09:13.312235
9.157649,725,1151,13:09:13.312235
9.159513,960,1482,13:09:13.312235
9.161428,918,1592,13:09:13.312235
9.163304,1027,1599,13:09:13.312235
9.165161,999,1517,13:09:13.312235
9.167019,932,1581,13:09:13.312235
9.168876,963,1504,13:09:13.312235
9.170732,755,1526,13:09:13.312235
9.17259,958,1448,13:09:13.312235
9.174449,1063,1706,13:09:13.312235
9.176305,863,1504,13:09:13.312235
9.178162,1047,1631,13:09:13.312235
9.18002,1090,1675,13:09:13.312235
9.181876,913,1439,13:09:13.312235
9.183733,631,1495,13:09:13.312235
9.185591,946,1631,13:09:13.312235
9.187447,1024,1360,13:09:13.312235
9.189306,990,1183,13:09:13.312235
9.191162,1063,1559,13:09:13.312235
9.193027,837,1518,13:09:13.312235
9.194883,916,1451,13:09:13.312235
9.19674,683,1429,13:09:13.312235
9.198598,862,1323,13:09:13.312235
9.200455,839,1458,13:09:13.312235
9.202311,784,1479,13:09:13.312235
9.204167,1004,1446,13:09:13.312235
9.20604,1046,1591,13:09:13.357538
9.207902,908,1291,13:09:13.357538
9.209764,1062,1231,13:09:13.357538
9.211669,807,1485,13:09:13.357538
9.213545,1050,1340,13:09:13.357538
9.215408,898,1564,13:09:13.357538
9.217272,975,1467,13:09:13.357538
9.219128,993,1353,13:09:13.357538
9.220991,895,1483,13:09:13.357538
9.222847,784,1401,13:09:13.357538
9.224704,1052,1647,13:09:13.357538
9.226562,973,1479,13:09:13.357538
9.228418,1098,1473,13:09:13.357538
9.230277,876,1496,13:09:13.357538
9.232133,891,1521,13:09:13.357538
9.233996,859,1513,13:09:13.357538
9.235854,1038,1516,13:09:13.357538
9.237719,1000,1577,13:09:13.357538
9.239577,948,1346,13:09:13.357538
9.241433,879,1598,13:09:13.357538
9.243292,888,1449,13:09:13.357538
9.245148,1135,1427,13:09:13.357538
9.247004,1150,1346,13:09:13.357538
9.248865,817,1586,13:09:13.357538
9.250721,874,1553,13:09:13.357538
9.25258,926,1501,13:09:13.357538
9.254436,1022,1439,13:09:13.408577
9.256306,793,1477,13:09:13.408577
9.258167,1087,1334,13:09:13.408577
9.260045,788,1470,13:09:13.408577
9.261957,1054,1592,13:09:13.408577
9.263814,991,1307,13:09:13.408577
9.26567,969,1518,13:09:13.408577
9.267529,928,1425,13:09:13.408577
9.269385,1169,1512,13:09:13.408577
9.271243,1253,1471,13:09:13.408577
9.2731,1072,1358,13:09:13.408577
9.274956,1070,1380,13:09:13.408577
9.276813,1167,1610,13:09:13.408577
9.278678,1023,1492,13:09:13.408577
9.280535,1016,1643,13:09:13.408577
9.282392,1403,1511,13:09:13.408577
9.28425,1146,1611,13:09:13.408577
9.286107,1042,1540,13:09:13.408577
9.287963,989,1256,13:09:13.408577
9.289819,1239,1508,13:09:13.408577
9.291676,1073,1626,13:09:13.408577
9.293532,1294,1637,13:09:13.408577
9.295389,1278,1911,13:09:13.408577
9.297255,1325,1514,13:09:13.408577
9.299111,1200,1290,13:09:13.408577
9.300968,1098,1688,13:09:13.408577
9.302826,1268,1313,13:09:13.408577
9.304683,1253,1433,13:09:13.463773
9.306555,1454,1564,13:09:13.463773
9.308417,1448,1658,13:09:13.463773
9.310319,1514,1425,13:09:13.463773
9.312236,1327,1660,13:09:13.463773
9.314092,1159,1604,13:09:13.463773
9.315951,1344,1459,13:09:13.463773
9.317811,1384,1670,13:09:13.463773
9.319668,1522,1500,13:09:13.463773
9.321526,1593,1606,13:09:13.463773
9.323382,1467,1622,13:09:13.463773
9.325239,1501,1570,13:09:13.463773
9.327097,1578,1684,13:09:13.463773
9.328957,1864,1561,13:09:13.463773
9.330818,1549,1587,13:09:13.463773
9.332674,1638,1433,13:09:13.463773
9.334533,1655,1596,13:09:13.463773
9.336389,1680,1681,13:09:13.463773
9.338246,1904,1515,13:09:13.463773
9.340102,1823,1437,13:09:13.463773
9.341959,1649,1762,13:09:13.463773
9.343815,1737,1581,13:09:13.463773
9.345671,1897,1724,13:09:13.463773
9.347532,2017,1701,13:09:13.463773
9.349388,1655,1495,13:09:13.463773
9.351245,1978,1692,13:09:13.463773
9.353103,2059,1809,13:09:13.463773
9.35496,2067,1588,13:09:13.518656
9.356828,1757,1739,13:09:13.518656
9.358688,2128,1871,13:09:13.518656
9.360584,1880,1883,13:09:13.518656
9.362452,1701,1849,13:09:13.518656
9.364329,2067,1606,13:09:13.518656
9.366196,1569,1530,13:09:13.518656
9.368056,2111,1651,13:09:13.518656
9.36992,2244,1686,13:09:13.518656
9.371777,2377,1724,13:09:13.518656
9.373633,2432,1800,13:09:13.518656
9.375492,2236,1722,13:09:13.518656
9.377348,2634,1820,13:09:13.518656
9.379204,2345,1593,13:09:13.518656
9.381061,2274,2032,13:09:13.518656
9.382917,2284,1648,13:09:13.518656
9.384774,2495,1540,13:09:13.518656
9.38663,2548,2059,13:09:13.519655
9.38849,2462,1683,13:09:13.519655
9.390347,2723,2152,13:09:13.519655
9.392203,2918,1818,13:09:13.519655
9.394062,2555,1853,13:09:13.519655
9.395918,2831,1926,13:09:13.519655
9.397776,2856,1510,13:09:13.519655
9.399633,2783,1815,13:09:13.519655
9.401493,2714,2085,13:09:13.519655
9.403352,3000,1922,13:09:13.519655
9.405208,2840,1854,13:09:13.563116
9.407078,2879,2048,13:09:13.563116
9.408939,2952,2065,13:09:13.563116
9.410836,3090,1720,13:09:13.563116
9.412696,2763,1994,13:09:13.563116
9.414552,2940,1699,13:09:13.563116
9.41641,3119,1921,13:09:13.563116
9.418269,2907,1978,13:09:13.563116
9.420134,3265,1908,13:09:13.563116
9.422035,2009,2013,13:09:13.563116
9.423892,3406,1967,13:09:13.564106
9.42575,3306,1936,13:09:13.564106
9.427607,3411,2313,13:09:13.564106
9.429465,3570,2043,13:09:13.564106
9.431323,3484,1954,13:09:13.564106
9.43318,3313,1893,13:09:13.564106
9.43504,3667,1945,13:09:13.564106
9.436897,3999,1845,13:09:13.564106
9.438755,3596,2153,13:09:13.564106
9.440611,3852,2237,13:09:13.564106
9.442468,3720,2110,13:09:13.564106
9.444326,3841,2257,13:09:13.564106
9.446186,3591,2270,13:09:13.564106
9.448045,3895,2026,13:09:13.564106
9.449901,3847,2040,13:09:13.564106
9.451768,3954,2111,13:09:13.564106
9.453624,4195,2152,13:09:13.564106
9.455483,4078,2132,13:09:13.612933
9.457347,4017,2074,13:09:13.612933
9.459208,4255,2300,13:09:13.612933
9.46112,4483,1948,13:09:13.612933
9.462978,4454,2048,13:09:13.612933
9.464834,4502,2112,13:09:13.612933
9.466693,4563,2313,13:09:13.612933
9.468579,4569,2069,13:09:13.612933
9.470435,4566,2411,13:09:13.612933
9.472294,4713,2460,13:09:13.612933
9.47415,4853,2355,13:09:13.612933
9.476007,5001,2176,13:09:13.612933
9.477865,4827,2171,13:09:13.612933
9.479723,5116,2504,13:09:13.612933
9.48158,4994,2333,13:09:13.612933
9.483436,5250,2575,13:09:13.612933
9.485295,5459,2647,13:09:13.612933
9.487151,5479,2489,13:09:13.612933
9.489009,5395,2393,13:09:13.612933
9.490868,5436,2235,13:09:13.612933
9.492726,5587,2767,13:09:13.612933
9.494583,5813,2490,13:09:13.612933
9.496439,5470,2643,13:09:13.612933
9.498297,5861,2331,13:09:13.612933
9.500154,6015,2651,13:09:13.612933
9.50201,5886,2836,13:09:13.612933
9.503869,5855,2982,13:09:13.612933
9.505733,6167,2709,13:09:13.664499
9.507601,6088,2677,13:09:13.664499
9.509465,6410,2782,13:09:13.664499
9.511369,6170,2489,13:09:13.664499
9.513226,5996,2645,13:09:13.664499
9.515087,6234,2862,13:09:13.664499
9.516953,5821,2713,13:09:13.664499
9.51881,6241,2860,13:09:13.664499
9.520668,6530,2694,13:09:13.664499
9.522524,6417,2700,13:09:13.664499
9.524381,6357,2657,13:09:13.664499
9.526239,6477,2843,13:09:13.664499
9.528096,6666,2961,13:09:13.664499
9.529952,6794,2842,13:09:13.664499
9.531808,6608,2610,13:09:13.664499
9.533667,6805,2864,13:09:13.664499
9.535523,6692,2773,13:09:13.664499
9.53738,6893,2736,13:09:13.664499
9.539236,7036,2872,13:09:13.664499
9.541092,7084,2969,13:09:13.664499
9.542949,7280,2948,13:09:13.664499
9.544805,7331,2896,13:09:13.664499
9.546666,6987,2935,13:09:13.664499
9.548522,7426,3024,13:09:13.664499
9.550378,7286,2940,13:09:13.664499
9.552237,7252,2998,13:09:13.664499
9.554093,7423,2846,13:09:13.664499
9.555968,7663,3052,13:09:13.715346
9.55783,7537,3215,13:09:13.715346
9.559694,7365,3042,13:09:13.715346
9.561593,7425,2919,13:09:13.715346
9.563449,7427,3134,13:09:13.715346
9.565313,7327,2995,13:09:13.715346
9.56717,7556,2963,13:09:13.715346
9.569064,7367,3131,13:09:13.715346
9.570924,7749,2949,13:09:13.715346
9.572783,7760,2971,13:09:13.715346
9.574645,7720,3315,13:09:13.715346
9.576502,7736,3138,13:09:13.715346
9.578358,7470,3369,13:09:13.715346
9.580216,7697,3292,13:09:13.715346
9.582073,7623,3245,13:09:13.715346
9.583929,7639,3038,13:09:13.715346
9.585786,7646,3285,13:09:13.715346
9.587642,7749,3115,13:09:13.717342
9.589498,7747,2995,13:09:13.717342
9.591365,7977,3098,13:09:13.717342
9.593221,7710,3188,13:09:13.717342
9.595078,7941,3281,13:09:13.717342
9.596936,7702,3179,13:09:13.717342
9.598794,7755,3091,13:09:13.717342
9.600651,7878,3311,13:09:13.717342
9.602509,7743,3216,13:09:13.717342
9.604366,7727,3245,13:09:13.717342
9.606234,8179,3407,13:09:13.767242
9.608093,7730,3239,13:09:13.767242
9.609965,7905,3265,13:09:13.767242
9.611853,8265,3644,13:09:13.767242
9.61371,7961,3321,13:09:13.767242
9.61557,7912,3395,13:09:13.767242
9.617432,7913,3473,13:09:13.767242
9.619289,7898,3481,13:09:13.767242
9.621147,8021,2982,13:09:13.767242
9.623009,8274,3648,13:09:13.767242
9.624868,8277,3297,13:09:13.768250
9.626724,8134,3407,13:09:13.769248
9.628591,8252,3320,13:09:13.769248
9.630449,8433,3270,13:09:13.769248
9.632306,8065,3502,13:09:13.769248
9.634164,8467,3356,13:09:13.769248
9.63602,8595,3822,13:09:13.769248
9.637879,8714,3567,13:09:13.769248
9.639735,8545,3652,13:09:13.769248
9.641592,8535,3678,13:09:13.769248
9.64345,8805,3954,13:09:13.773344
9.645311,8778,3829,13:09:13.773344
9.647169,8787,3656,13:09:13.773344
9.649025,9011,3662,13:09:13.773344
9.650884,9243,3843,13:09:13.773344
9.65274,9140,3568,13:09:13.773344
9.654597,9304,3881,13:09:13.773344
9.656467,8996,3842,13:09:13.831693
9.658325,9368,3645,13:09:13.831693
9.660219,9436,3750,13:09:13.831693
9.66209,9278,3569,13:09:13.831693
9.663946,9118,3758,13:09:13.831693
9.665807,9523,4100,13:09:13.831693
9.667663,9605,3855,13:09:13.831693
9.669521,9199,3868,13:09:13.831693
9.671406,9599,4129,13:09:13.831693
9.673283,10006,3870,13:09:13.831693
9.67514,9623,4246,13:09:13.831693
9.676997,9970,4035,13:09:13.832681
9.678855,9791,3972,13:09:13.832681
9.680712,9845,3967,13:09:13.832681
9.682568,9708,4017,13:09:13.832681
9.684424,10032,4052,13:09:13.832681
9.686281,9949,3986,13:09:13.832681
9.688137,10152,3901,13:09:13.832681
9.689994,9827,4036,13:09:13.832681
9.69186,9921,4115,13:09:13.832681
9.693717,10178,3906,13:09:13.832681
9.695573,10130,3780,13:09:13.832681
9.697431,10268,4054,13:09:13.832681
9.699288,10272,4326,13:09:13.832681
9.701146,10038,4062,13:09:13.832681
9.703003,10332,4231,13:09:13.832681
9.704859,10151,4038,13:09:13.870023
9.706725,10331,4029,13:09:13.870023
9.708588,10231,3803,13:09:13.870023
9.710492,10248,4284,13:09:13.870023
9.712351,9855,4089,13:09:13.870023
9.714211,10262,4275,13:09:13.871027
9.716073,10427,4022,13:09:13.871027
9.717929,10298,4135,13:09:13.871027
9.719796,10351,4127,13:09:13.871027
9.721654,10629,4228,13:09:13.871027
9.723511,10265,4104,13:09:13.871027
9.725369,10518,3976,13:09:13.871027
9.727233,10433,4218,13:09:13.871027
9.729128,8495,4285,13:09:13.871027
9.730994,10401,4051,13:09:13.871027
9.73285,10636,4447,13:09:13.871027
9.734707,10498,4058,13:09:13.871027
9.736563,10842,4017,13:09:13.871027
9.73842,10634,4180,13:09:13.871027
9.740276,10796,4219,13:09:13.871027
9.742138,10672,4266,13:09:13.871027
9.743995,10823,4254,13:09:13.871027
9.745853,10808,4192,13:09:13.871027
9.747714,10692,4179,13:09:13.871027
9.74957,10639,4499,13:09:13.871027
9.751428,10885,4465,13:09:13.871027
9.753285,10867,4353,13:09:13.871027
9.755141,11116,4091,13:09:13.920708
9.757008,11256,4502,13:09:13.920708
9.758872,11187,4295,13:09:13.920708
9.760786,11090,4127,13:09:13.920708
9.762647,11344,4495,13:09:13.920708
9.764503,11666,4396,13:09:13.920708
9.766361,11362,4347,13:09:13.920708
9.768218,11422,4430,13:09:13.920708
9.770076,10744,4450,13:09:13.920708
9.771933,11719,4437,13:09:13.920708
9.773789,9842,4308,13:09:13.920708
9.775669,12006,4516,13:09:13.920708
9.777526,12181,4418,13:09:13.920708
9.779382,11797,4294,13:09:13.920708
9.781239,11846,4499,13:09:13.920708
9.783103,12129,4672,13:09:13.920708
9.784959,12201,4474,13:09:13.920708
9.786816,11869,4468,13:09:13.920708
9.788674,12191,4738,13:09:13.920708
9.790531,12282,4402,13:09:13.920708
9.792387,12176,4742,13:09:13.920708
9.794243,12391,4927,13:09:13.920708
9.7961,12631,4599,13:09:13.920708
9.797956,12291,4348,13:09:13.920708
9.799813,12490,4758,13:09:13.920708
9.801673,12680,4851,13:09:13.920708
9.80353,12768,4490,13:09:13.920708
9.805388,12664,4542,13:09:13.972716
9.807256,12613,4567,13:09:13.972716
9.809117,13131,4848,13:09:13.972716
9.811011,12793,4530,13:09:13.972716
9.812871,12667,4942,13:09:13.972716
9.814738,12994,4835,13:09:13.972716
9.816594,13114,4728,13:09:13.972716
9.818452,13153,4789,13:09:13.972716
9.820309,13132,4937,13:09:13.972716
9.822169,13755,4881,13:09:13.972716
9.824074,11709,4701,13:09:13.972716
9.82593,13656,4971,13:09:13.972716
9.827795,13828,4997,13:09:13.972716
9.829653,13830,4999,13:09:13.972716
9.831509,13732,4682,13:09:13.972716
9.833368,14058,5022,13:09:13.972716
9.835224,14138,5026,13:09:13.972716
9.83708,14007,4648,13:09:13.973727
9.838939,14137,4972,13:09:13.973727
9.840799,14365,4967,13:09:13.973727
9.842658,14233,4679,13:09:13.973727
9.844514,14187,5054,13:09:13.973727
9.846373,14298,4887,13:09:13.973727
9.848229,14055,5105,13:09:13.973727
9.850085,14168,4938,13:09:13.973727
9.851944,14215,4930,13:09:13.973727
9.853804,13950,4927,13:09:13.973727
9.855665,13892,5016,13:09:14.026120
9.857525,14054,5158,13:09:14.026120
9.859387,14253,5182,13:09:14.026120
9.861296,13745,5115,13:09:14.026120
9.863152,14088,5252,13:09:14.026120
9.865014,14241,5359,13:09:14.026120
9.866873,14593,4981,13:09:14.026120
9.868729,14028,4972,13:09:14.026120
9.870588,14000,5239,13:09:14.026120
9.872444,14449,5054,13:09:14.026120
9.874302,14330,4837,13:09:14.026120
9.876189,12398,4989,13:09:14.026120
9.878057,14559,5284,13:09:14.026120
9.879915,14945,5225,13:09:14.026120
9.881774,14534,5057,13:09:14.026120
9.883632,14700,5302,13:09:14.026120
9.885489,14825,5173,13:09:14.026120
9.887345,14597,5106,13:09:14.026120
9.889201,14698,5477,13:09:14.026120
9.891065,14864,5296,13:09:14.026120
9.892922,14785,5424,13:09:14.026120
9.894781,14754,5283,13:09:14.026120
9.896639,15019,5554,13:09:14.026120
9.898495,15101,5161,13:09:14.026120
9.900352,14904,5251,13:09:14.026120
9.90221,15010,5506,13:09:14.026120
9.904067,14969,5478,13:09:14.026120
9.905933,15008,5287,13:09:14.075169
9.907797,15066,5194,13:09:14.075169
9.90966,15115,5326,13:09:14.075169
9.911554,15236,5236,13:09:14.075169
9.913411,15203,5329,13:09:14.075169
9.915269,15474,5358,13:09:14.075169
9.917125,15567,5619,13:09:14.075169
9.918982,15365,5369,13:09:14.075169
9.920842,15846,5451,13:09:14.075169
9.922705,15968,5265,13:09:14.075169
9.924571,15133,5569,13:09:14.075169
9.926427,15402,5458,13:09:14.075169
9.928292,16183,5586,13:09:14.075169
9.930148,16217,5395,13:09:14.075169
9.932004,16231,5564,13:09:14.075169
9.933865,16680,5685,13:09:14.075169
9.935753,16634,5667,13:09:14.075169
9.937615,16882,5434,13:09:14.075169
9.939472,16709,5712,13:09:14.075169
9.941328,17161,6015,13:09:14.075169
9.943187,17041,5966,13:09:14.076561
9.945043,17102,5811,13:09:14.076561
9.946902,17382,5814,13:09:14.076561
9.948758,17184,5775,13:09:14.076561
9.950614,17391,5926,13:09:14.076561
9.952471,17491,5699,13:09:14.076561
9.954335,17822,5757,13:09:14.076561
9.956204,17708,5925,13:09:14.124823
9.958064,17861,5936,13:09:14.124823
9.95994,18036,5952,13:09:14.125827
9.961832,17956,6231,13:09:14.125827
9.963689,18049,5896,13:09:14.125827
9.965547,18201,6152,13:09:14.125827
9.967404,17850,5962,13:09:14.125827
9.96926,18589,6070,13:09:14.125827
9.971116,18181,6248,13:09:14.125827
9.972973,18568,6039,13:09:14.125827
9.974835,18411,6322,13:09:14.125827
9.976692,19020,5919,13:09:14.125827
9.97855,15705,6114,13:09:14.125827
9.98041,18851,6235,13:09:14.125827
9.982267,18926,6308,13:09:14.125827
9.984127,18784,6277,13:09:14.125827
9.985984,19227,6047,13:09:14.125827
9.98784,19189,6296,13:09:14.125827
9.989696,19109,6071,13:09:14.125827
9.991561,19141,6119,13:09:14.125827
9.993417,19290,6056,13:09:14.125827
9.995274,18943,6104,13:09:14.125827
9.997132,18877,6130,13:09:14.125827
9.998988,19146,6191,13:09:14.125827
10.000847,19090,6274,13:09:14.125827
10.002703,18894,6239,13:09:14.125827
10.00456,19302,5963,13:09:14.125827
10.006434,19145,6119,13:09:14.177566
10.008294,19109,6262,13:09:14.177566
10.010183,18973,6185,13:09:14.177566
10.012059,18874,6517,13:09:14.177566
10.013915,18988,6257,13:09:14.177566
10.015776,19102,6282,13:09:14.177566
10.017632,18919,6393,13:09:14.177566
10.019491,19344,6098,13:09:14.177566
10.021347,19041,6324,13:09:14.177566
10.023205,19522,6658,13:09:14.177566
10.025062,19283,6281,13:09:14.177566
10.026924,19771,6521,13:09:14.177566
10.028804,16775,6119,13:09:14.178557
10.030669,19874,6466,13:09:14.178557
10.032529,19877,6470,13:09:14.178557
10.034388,20259,6692,13:09:14.178557
10.036253,20359,6382,13:09:14.178557
10.03811,20504,6440,13:09:14.178557
10.039967,20345,6630,13:09:14.178557
10.041825,20553,6561,13:09:14.178557
10.043682,20565,6644,13:09:14.178557
10.045538,20875,6609,13:09:14.178557
10.047394,21128,7031,13:09:14.178557
10.049251,20925,6748,13:09:14.178557
10.051107,21034,6824,13:09:14.178557
10.052964,21009,6495,13:09:14.178557
10.05483,20982,6610,13:09:14.227793
10.056696,21061,6733,13:09:14.227793
10.058563,21165,6859,13:09:14.227793
10.060459,20948,6572,13:09:14.227793
10.062379,20899,7147,13:09:14.227793
10.064236,20969,6921,13:09:14.228614
10.066092,21079,6714,13:09:14.228614
10.067948,21089,6684,13:09:14.228614
10.069813,20422,6442,13:09:14.228614
10.071669,20741,6958,13:09:14.228614
10.073526,21682,6597,13:09:14.228614
10.075384,20934,6900,13:09:14.228614
10.07724,21706,7017,13:09:14.228614
10.079101,21514,7030,13:09:14.228614
10.080975,19374,6974,13:09:14.228614
10.082861,21701,7093,13:09:14.228614
10.084724,22281,7018,13:09:14.228614
10.08658,22181,7084,13:09:14.228614
10.088439,21804,7108,13:09:14.228614
10.090295,22372,7186,13:09:14.228614
10.092151,22617,7264,13:09:14.228614
10.09401,22588,6914,13:09:14.228614
10.095869,22454,7312,13:09:14.228614
10.097727,23030,7221,13:09:14.228614
10.099583,22564,7255,13:09:14.228614
10.101444,22999,7210,13:09:14.228614
10.103302,22997,7384,13:09:14.228614
10.105158,23130,7027,13:09:14.279439
10.107023,23247,7428,13:09:14.279439
10.108883,23399,7351,13:09:14.279439
10.110785,23068,7347,13:09:14.279439
10.112644,23184,7536,13:09:14.279439
10.114508,23717,7244,13:09:14.279439
10.116364,23863,7503,13:09:14.279439
10.118221,23406,7372,13:09:14.279439
10.120079,23465,7484,13:09:14.279439
10.121936,24059,7460,13:09:14.279439
10.123794,24334,7631,13:09:14.279439
10.125651,23649,7462,13:09:14.279439
10.127508,24491,7795,13:09:14.279439
10.129365,24291,7336,13:09:14.279439
10.131222,22057,7726,13:09:14.279439
10.133086,24571,7810,13:09:14.279439
10.134943,24614,7644,13:09:14.279439
10.136801,24567,7947,13:09:14.279439
10.138659,24614,7631,13:09:14.279439
10.140516,25043,7669,13:09:14.279439
10.142374,24544,7628,13:09:14.279439
10.144231,24698,7690,13:09:14.279439
10.146087,24855,7558,13:09:14.279439
10.147945,24918,7798,13:09:14.279439
10.149806,24945,7491,13:09:14.279439
10.151662,25164,7819,13:09:14.279439
10.153519,25043,7810,13:09:14.279439
10.155381,25144,7676,13:09:14.330525
10.157255,25379,7853,13:09:14.330525
10.159115,25271,7965,13:09:14.330525
10.161012,25528,7919,13:09:14.330525
10.16287,25571,7709,13:09:14.330525
10.164729,25333,7939,13:09:14.330525
10.166587,26003,8285,13:09:14.330525
10.168445,25822,8014,13:09:14.330525
10.170304,24772,7961,13:09:14.330525
10.172163,25483,8166,13:09:14.330525
10.174021,26082,8029,13:09:14.330525
10.175877,25793,7779,13:09:14.330525
10.177734,25799,8144,13:09:14.330525
10.179592,25535,8027,13:09:14.330525
10.181451,26014,8012,13:09:14.330525
10.183337,23591,7956,13:09:14.330525
10.185195,26493,8424,13:09:14.330525
10.187052,26344,8080,13:09:14.330525
10.18891,26380,8050,13:09:14.330525
10.190767,26688,8307,13:09:14.330525
10.192625,26614,8198,13:09:14.330525
10.194481,26407,8320,13:09:14.330525
10.19634,26500,8073,13:09:14.330525
10.198196,26853,8245,13:09:14.330525
10.200053,26861,8222,13:09:14.330525
10.201911,26970,8159,13:09:14.330525
10.203767,26929,8724,13:09:14.330525
10.205626,27363,7882,13:09:14.383781
10.207492,26599,8162,13:09:14.383781
10.209357,26932,8410,13:09:14.383781
10.211265,26850,8239,13:09:14.383781
10.213121,26911,8447,13:09:14.383781
10.214984,26786,8037,13:09:14.383781
10.216842,27009,8345,13:09:14.383781
10.218698,26924,8175,13:09:14.383781
10.220557,26695,8003,13:09:14.383781
10.222417,26187,8125,13:09:14.383781
10.224276,26871,8327,13:09:14.383781
10.226132,26665,7904,13:09:14.383781
10.22799,25634,7812,13:09:14.383781
10.229847,25741,8158,13:09:14.383781
10.23171,26177,8038,13:09:14.383781
10.233603,23724,7871,13:09:14.383781
10.23547,26249,8068,13:09:14.386103
10.237326,25953,8107,13:09:14.386103
10.239185,26155,7933,13:09:14.386103
10.241048,26286,8324,13:09:14.386103
10.242905,26656,7995,13:09:14.386103
10.244764,26160,8052,13:09:14.386103
10.246622,26220,8206,13:09:14.386103
10.248479,26758,8200,13:09:14.386103
10.250335,26595,8032,13:09:14.386103
10.252193,26821,8161,13:09:14.386103
10.25405,27005,8308,13:09:14.386103
10.255914,27079,8332,13:09:14.433041
10.257777,27222,8347,13:09:14.433041
10.259639,27241,8288,13:09:14.433041
10.261547,27783,8656,13:09:14.433041
10.263404,27775,8239,13:09:14.433041
10.265262,27834,8469,13:09:14.433041
10.267118,27930,8527,13:09:14.433041
10.268975,28139,8646,13:09:14.433041
10.270835,27874,8398,13:09:14.433041
10.272692,28312,8494,13:09:14.433041
10.27455,28328,8661,13:09:14.433041
10.276406,28502,8447,13:09:14.433041
10.278267,28549,8618,13:09:14.434030
10.280123,27929,8542,13:09:14.434030
10.28198,28545,8755,13:09:14.434030
10.283838,28850,8527,13:09:14.434030
10.285694,28957,8991,13:09:14.434030
10.287555,27325,8822,13:09:14.434030
10.289435,29290,8597,13:09:14.434030
10.291292,29317,8727,13:09:14.434030
10.293148,29595,8869,13:09:14.434030
10.295004,29322,8940,13:09:14.434030
10.296863,29580,8866,13:09:14.434030
10.298719,29615,8908,13:09:14.434030
10.300586,29537,9044,13:09:14.434030
10.302442,29282,8814,13:09:14.434030
10.304298,29486,8678,13:09:14.434030
10.306167,29825,8537,13:09:14.484709
10.308027,29945,8895,13:09:14.484709
10.309891,29712,8795,13:09:14.484709
10.31178,29476,8542,13:09:14.484709
10.313642,29597,8660,13:09:14.484709
10.315499,29322,8772,13:09:14.484709
10.317355,29438,8698,13:09:14.484709
10.319213,29095,8573,13:09:14.484709
10.32107,28962,8743,13:09:14.484709
10.322926,29196,8728,13:09:14.484709
10.324785,29305,8709,13:09:14.484709
10.326647,29144,8492,13:09:14.484709
10.328503,28477,8708,13:09:14.484709
10.33036,28550,8455,13:09:14.484709
10.33222,28284,8641,13:09:14.484709
10.334079,28896,8761,13:09:14.484709
10.335935,28404,8988,13:09:14.484709
10.337797,28706,8370,13:09:14.484709
10.339655,28893,8550,13:09:14.484709
10.341544,28666,8616,13:09:14.484709
10.3434,28850,8400,13:09:14.484709
10.345257,28840,8360,13:09:14.484709
10.347115,28536,8484,13:09:14.484709
10.348972,29066,8701,13:09:14.484709
10.35083,29170,8689,13:09:14.484709
10.352686,29146,8887,13:09:14.484709
10.354543,29565,8891,13:09:14.484709
10.356409,29723,8909,13:09:14.542433
10.358271,30013,8926,13:09:14.542433
10.360152,30257,9158,13:09:14.542433
10.362036,30371,8975,13:09:14.542433
10.363893,30646,9169,13:09:14.542433
10.365753,31072,9275,13:09:14.542433
10.367609,30968,9293,13:09:14.542433
10.369466,31233,9368,13:09:14.542433
10.371322,31098,9100,13:09:14.542433
10.373181,31447,9017,13:09:14.542433
10.375037,31280,9414,13:09:14.542433
10.376894,31570,9351,13:09:14.542433
10.378752,31662,9338,13:09:14.542433
10.380608,30944,9190,13:09:14.542433
10.382467,31443,9314,13:09:14.543429
10.384325,31857,9584,13:09:14.543429
10.386183,31298,9653,13:09:14.543429
10.388056,28751,9394,13:09:14.543429
10.389922,32273,9481,13:09:14.543429
10.391781,32253,9357,13:09:14.543429
10.393637,32445,9458,13:09:14.543429
10.395499,32273,9287,13:09:14.543429
10.397356,32245,9318,13:09:14.543429
10.399213,32080,9429,13:09:14.543429
10.401075,32156,9477,13:09:14.543429
10.402931,32216,9411,13:09:14.543429
10.404789,32094,9431,13:09:14.589220
10.406656,32268,9310,13:09:14.590221
10.408516,32178,9389,13:09:14.590221
10.41042,32052,9476,13:09:14.590221
10.412279,32012,9170,13:09:14.590221
10.414141,31582,9338,13:09:14.590221
10.415998,31767,9089,13:09:14.590221
10.417856,32087,9482,13:09:14.590221
10.419714,32003,9269,13:09:14.590221
10.421571,30653,9294,13:09:14.590221
10.423429,32214,9549,13:09:14.590221
10.425286,32310,9628,13:09:14.590221
10.427146,31976,9606,13:09:14.590221
10.429004,32694,9446,13:09:14.590221
10.430867,32788,9817,13:09:14.590221
10.432725,33014,9393,13:09:14.590221
10.434584,32980,9594,13:09:14.591220
10.436456,33124,9958,13:09:14.591220
10.438336,33089,9679,13:09:14.591220
10.440193,33456,9607,13:09:14.591220
10.442057,33461,9937,13:09:14.591220
10.443913,33708,9768,13:09:14.591220
10.445772,31344,9699,13:09:14.591220
10.447636,33829,10069,13:09:14.591220
10.449493,33915,9710,13:09:14.591220
10.451355,34293,9767,13:09:14.591220
10.453211,34050,9696,13:09:14.591220
10.45507,34306,9803,13:09:14.639762
10.45694,34587,9718,13:09:14.639762
10.458801,34421,9974,13:09:14.639762
10.460699,34435,9942,13:09:14.639762
10.462559,34228,9973,13:09:14.639762
10.464422,34297,10063,13:09:14.639762
10.466278,34544,10126,13:09:14.639762
10.468136,33933,10111,13:09:14.639762
10.469995,33972,9895,13:09:14.639762
10.471853,34292,9959,13:09:14.639762
10.473712,35074,10157,13:09:14.639762
10.475568,34330,10000,13:09:14.639762
10.477424,34693,10074,13:09:14.639762
10.479283,34500,10099,13:09:14.639762
10.481141,35479,10346,13:09:14.639762
10.482998,34975,10056,13:09:14.639762
10.484856,35449,9983,13:09:14.639762
10.486714,35367,10038,13:09:14.639762
10.488571,35528,10242,13:09:14.639762
10.490431,32097,10162,13:09:14.639762
10.492318,35700,10000,13:09:14.639762
10.494174,35606,9970,13:09:14.639762
10.496032,35717,10166,13:09:14.639762
10.497889,35732,10085,13:09:14.639762
10.499745,35787,10055,13:09:14.639762
10.501604,35759,10048,13:09:14.639762
10.50346,36188,10318,13:09:14.639762
10.505316,35708,10202,13:09:14.689862
10.507187,35924,10199,13:09:14.689862
10.509051,36049,10046,13:09:14.689862
10.510954,35926,10064,13:09:14.689862
10.512812,35642,10349,13:09:14.690299
10.51467,35869,9871,13:09:14.690299
10.516527,35945,10019,13:09:14.690299
10.518383,35814,10207,13:09:14.690299
10.520241,35571,10136,13:09:14.690299
10.5221,35264,10085,13:09:14.690299
10.523956,35905,10403,13:09:14.690299
10.525813,35753,10354,13:09:14.690299
10.527671,35918,10262,13:09:14.690299
10.529527,36434,10486,13:09:14.690299
10.531384,36444,10298,13:09:14.690299
10.533242,37104,10370,13:09:14.690299
10.535099,37405,10273,13:09:14.690299
10.536957,37475,10666,13:09:14.690299
10.538813,37582,10701,13:09:14.690299
10.540698,35527,10963,13:09:14.690299
10.54256,37763,10719,13:09:14.690299
10.54442,37855,10710,13:09:14.690299
10.546281,37944,10500,13:09:14.690299
10.548137,37580,10644,13:09:14.690299
10.550002,37761,10511,13:09:14.690299
10.551858,37688,10591,13:09:14.690299
10.553714,37681,10515,13:09:14.690299
10.555575,37710,10423,13:09:14.708159
10.557437,37762,10795,13:09:14.708159
10.5593,38161,10641,13:09:14.708159
10.56122,38074,10724,13:09:14.708159
10.563076,38192,10779,13:09:14.708159
10.564934,38548,10999,13:09:14.708159
10.566793,38600,10967,13:09:14.708159
10.568651,38723,10825,13:09:14.708159
10.570508,38597,10762,13:09:14.708159
10.572364,38158,11019,13:09:14.708159
10.574222,37840,10809,13:09:14.708159
10.576079,38550,10869,13:09:14.708159
10.577937,38448,10753,13:09:14.708159
10.579796,38242,10624,13:09:14.708159
10.581652,37178,10432,13:09:14.708159
10.583511,37080,10402,13:09:14.708159
10.58537,37119,10333,13:09:14.708159
10.587227,36987,10269,13:09:14.708159
10.589084,36701,10409,13:09:14.708159
10.590944,36532,10346,13:09:14.708159
10.592824,33854,10225,13:09:14.708159
10.594694,36254,10149,13:09:14.708159
10.596551,35689,10192,13:09:14.708159
10.598408,35766,10110,13:09:14.708159
10.600266,35897,10428,13:09:14.708159
10.602122,35672,10234,13:09:14.708159
10.603979,35910,10095,13:09:14.708159
10.605839,36200,10229,13:09:14.757597
10.607704,36309,10322,13:09:14.757597
10.609566,36109,10127,13:09:14.757597
10.611474,35946,10288,13:09:14.757597
10.613331,36249,10517,13:09:14.757597
10.615193,36427,10288,13:09:14.757597
10.617049,36226,10508,13:09:14.757597
10.618908,36426,10482,13:09:14.757597
10.620764,36561,10177,13:09:14.757597
10.622621,36737,10251,13:09:14.757597
10.624479,36746,10371,13:09:14.757597
10.626338,36463,10164,13:09:14.757597
10.628196,36871,10442,13:09:14.757597
10.630052,36877,10275,13:09:14.757597
10.631913,37221,10417,13:09:14.757597
10.633771,37177,10543,13:09:14.757597
10.635628,37468,10410,13:09:14.757597
10.637486,37500,10510,13:09:14.757597
10.639343,37645,10496,13:09:14.757597
10.641205,38050,10741,13:09:14.757597
10.643083,38229,10745,13:09:14.757597
10.644939,38184,10563,13:09:14.757597
10.646802,38364,10767,13:09:14.758618
10.648658,38642,10892,13:09:14.758618
10.650515,38959,10819,13:09:14.758618
10.652373,39035,10768,13:09:14.758618
10.654231,39115,11100,13:09:14.758618
10.656096,39079,10562,13:09:14.808299
10.657958,38886,10861,13:09:14.808299
10.659824,38910,11082,13:09:14.808299
10.661725,38987,10859,13:09:14.808299
10.663581,39090,10864,13:09:14.808299
10.66544,38972,10896,13:09:14.808299
10.667297,38850,10809,13:09:14.808299
10.669156,38731,10882,13:09:14.808299
10.671013,38528,10592,13:09:14.808299
10.672877,38456,10712,13:09:14.808299
10.674735,38062,10696,13:09:14.808299
10.676592,38145,10608,13:09:14.808299
10.67845,38098,10629,13:09:14.808299
10.680307,37864,10511,13:09:14.808299
10.682163,37958,10472,13:09:14.808299
10.684019,37979,10493,13:09:14.808299
10.685876,38062,10613,13:09:14.808299
10.687732,37866,10980,13:09:14.808299
10.689589,38072,10878,13:09:14.808299
10.691449,38085,10709,13:09:14.808299
10.693307,38018,10611,13:09:14.808299
10.695166,38227,10958,13:09:14.808299
10.697022,38141,10704,13:09:14.808299
10.698879,38063,10758,13:09:14.808299
10.700735,38457,10749,13:09:14.808299
10.702595,38436,10722,13:09:14.808299
10.704454,38507,10815,13:09:14.808299
10.706314,38638,10757,13:09:14.857677
10.708183,38936,11181,13:09:14.857677
10.710045,39037,11008,13:09:14.857677
10.711971,38943,11115,13:09:14.857677
10.713837,39627,10958,13:09:14.857677
10.715694,39853,11204,13:09:14.857677
10.71755,40167,11288,13:09:14.857677
10.719409,40409,11209,13:09:14.857677
10.721265,40855,11122,13:09:14.857677
10.723122,40880,11573,13:09:14.857677
10.724978,40729,11246,13:09:14.857677
10.726836,40846,11366,13:09:14.857677
10.728693,41047,11446,13:09:14.857677
10.730558,41087,11408,13:09:14.857677
10.732415,40990,11502,13:09:14.857677
10.734272,41354,11299,13:09:14.857677
10.73613,41658,11530,13:09:14.857677
10.737987,41717,11421,13:09:14.857677
10.739845,41708,11441,13:09:14.857677
10.741705,41692,11712,13:09:14.857677
10.743572,42188,11577,13:09:14.857677
10.74543,42035,11624,13:09:14.857677
10.747287,41791,11579,13:09:14.857677
10.749145,41981,11518,13:09:14.857677
10.751001,41500,11678,13:09:14.857677
10.752858,41539,11612,13:09:14.857677
10.754748,41170,11537,13:09:14.912843
10.75662,41296,11392,13:09:14.912843
10.758481,41337,11211,13:09:14.912843
10.760389,41050,11215,13:09:14.912843
10.762253,40774,11217,13:09:14.912843
10.764114,40958,11341,13:09:14.912843
10.76597,41103,11306,13:09:14.912843
10.767827,41348,11437,13:09:14.912843
10.769685,41499,11418,13:09:14.912843
10.771541,41507,11371,13:09:14.912843
10.7734,41645,11655,13:09:14.912843
10.775256,41707,11417,13:09:14.912843
10.777117,41958,11737,13:09:14.912843
10.778975,42293,11387,13:09:14.912843
10.780841,42046,11526,13:09:14.912843
10.782698,42121,11776,13:09:14.912843
10.784554,42415,11681,13:09:14.912843
10.786413,42272,11735,13:09:14.912843
10.788269,42185,11599,13:09:14.912843
10.790125,42814,11677,13:09:14.912843
10.791982,42409,11878,13:09:14.912843
10.793838,42532,11507,13:09:14.912843
10.795695,42615,11792,13:09:14.912843
10.797551,42563,11690,13:09:14.912843
10.799411,42775,12115,13:09:14.912843
10.801268,42716,11695,13:09:14.912843
10.803124,43066,11668,13:09:14.912843
10.804983,43013,11715,13:09:14.957637
10.806851,43212,11888,13:09:14.957637
10.808711,43258,11876,13:09:14.957637
10.810632,43061,11957,13:09:14.957637
10.812512,43180,12127,13:09:14.957637
10.81437,43488,11844,13:09:14.957637
10.816227,42973,11901,13:09:14.957637
10.818083,43480,11875,13:09:14.957637
10.819942,43565,12165,13:09:14.957637
10.821802,43728,12110,13:09:14.957637
10.823658,43486,12242,13:09:14.957637
10.825515,44123,11928,13:09:14.957637
10.827373,43848,11782,13:09:14.957637
10.829229,44014,11949,13:09:14.957637
10.831086,44239,12162,13:09:14.957637
10.832944,44011,12320,13:09:14.957637
10.834803,44206,12206,13:09:14.957637
10.836659,44460,12366,13:09:14.957637
10.838515,44524,11738,13:09:14.957637
10.840378,44667,12225,13:09:14.957637
10.842234,44754,12200,13:09:14.957637
10.844091,44774,12321,13:09:14.957637
10.845955,44729,12320,13:09:14.957637
10.847811,44816,12444,13:09:14.957637
10.849672,45134,12488,13:09:14.957637
10.85153,45193,12489,13:09:14.957637
10.853387,44821,12501,13:09:14.957637
10.855245,44983,12348,13:09:15.007657
10.857113,45204,12381,13:09:15.007657
10.858972,45109,12274,13:09:15.007657
10.860868,44818,12078,13:09:15.007657
10.862725,45228,12442,13:09:15.007657
10.864583,44815,12320,13:09:15.007657
10.866439,45099,12635,13:09:15.007657
10.868298,44815,12223,13:09:15.007657
10.870154,44744,12486,13:09:15.007657
10.872013,44958,12057,13:09:15.007657
10.873871,45008,12298,13:09:15.007657
10.875728,45173,12229,13:09:15.007657
10.877586,45101,12397,13:09:15.007657
10.879442,45384,12432,13:09:15.007657
10.881301,45042,12534,13:09:15.007657
10.883157,45400,12621,13:09:15.007657
10.885013,45184,12519,13:09:15.007657
10.886876,45569,12490,13:09:15.007657
10.888733,45881,12655,13:09:15.007657
10.890591,46026,12390,13:09:15.007657
10.892449,46250,12553,13:09:15.007657
10.894315,46437,12934,13:09:15.007657
10.896172,46426,12722,13:09:15.007657
10.898028,46605,12836,13:09:15.007657
10.899887,46907,12771,13:09:15.007657
10.901743,46684,12901,13:09:15.007657
10.903601,47015,12663,13:09:15.007657
10.90546,47001,12801,13:09:15.058139
10.907328,46996,12654,13:09:15.058139
10.909188,46855,12529,13:09:15.058139
10.911121,46609,12865,13:09:15.058139
10.912981,47021,12883,13:09:15.058139
10.914837,46797,12705,13:09:15.058139
10.916694,47043,12852,13:09:15.058139
10.918556,46813,12624,13:09:15.058139
10.920413,46903,12715,13:09:15.058139
10.922271,47029,12965,13:09:15.058139
10.924127,47220,12859,13:09:15.058139
10.925984,47283,12934,13:09:15.058139
10.927844,47796,12915,13:09:15.058139
10.929701,47977,12949,13:09:15.058139
10.931559,47937,12887,13:09:15.058139
10.933415,47995,12890,13:09:15.058139
10.935276,48140,13217,13:09:15.058139
10.937132,48509,12927,13:09:15.058139
10.938989,48528,12988,13:09:15.058139
10.940847,48719,13372,13:09:15.058139
10.942703,48912,13532,13:09:15.058139
10.944562,49382,13290,13:09:15.058139
10.946419,49812,13612,13:09:15.058139
10.948279,49830,13212,13:09:15.058139
10.950137,49886,13465,13:09:15.058139
10.952003,49746,13727,13:09:15.058139
10.95386,50171,13477,13:09:15.058139
10.955726,50388,13613,13:09:15.109990
10.957605,50552,13710,13:09:15.109990
10.95947,50934,13664,13:09:15.109990
10.961379,51018,13756,13:09:15.109990
10.963245,50757,13931,13:09:15.109990
10.965102,51461,13879,13:09:15.109990
10.966958,51549,13951,13:09:15.109990
10.968817,51824,13847,13:09:15.109990
10.970673,51976,13569,13:09:15.109990
10.972532,52212,14062,13:09:15.109990
10.974388,52078,13900,13:09:15.109990
10.97625,52243,13887,13:09:15.109990
10.978109,52097,14047,13:09:15.109990
10.979965,51984,14023,13:09:15.109990
10.981828,51811,13929,13:09:15.109990
10.983684,51536,13836,13:09:15.109990
10.985542,51405,13764,13:09:15.109990
10.987399,51131,13899,13:09:15.109990
10.989255,51001,13785,13:09:15.109990
10.991114,50760,13689,13:09:15.109990
10.99297,50575,13494,13:09:15.109990
10.994826,50518,13910,13:09:15.109990
10.996683,50623,13438,13:09:15.109990
10.998545,50433,13684,13:09:15.109990
11.000402,50259,13547,13:09:15.109990
11.002258,50353,13591,13:09:15.109990
11.004118,50382,13600,13:09:15.109990
11.006009,50300,13488,13:09:15.156918
11.007875,50309,13369,13:09:15.156918
11.009739,50131,13483,13:09:15.157794
11.011628,50162,13649,13:09:15.157794
11.013484,49993,13529,13:09:15.157794
11.01534,50004,13421,13:09:15.157794
11.017201,50197,13568,13:09:15.157794
11.019057,50038,13562,13:09:15.157794
11.020914,50001,13425,13:09:15.157794
11.022772,50246,13435,13:09:15.157794
11.024628,50238,13519,13:09:15.157794
11.026485,50207,13598,13:09:15.157794
11.028341,50512,13693,13:09:15.157794
11.030198,50564,13684,13:09:15.157794
11.032054,50391,13604,13:09:15.157794
11.033911,50470,13623,13:09:15.157794
11.035771,50516,13450,13:09:15.157794
11.037627,50683,13554,13:09:15.157794
11.039486,50563,13633,13:09:15.157794
11.041342,50571,13936,13:09:15.157794
11.043198,50618,13689,13:09:15.157794
11.045057,50691,13676,13:09:15.157794
11.046917,50641,13807,13:09:15.157794
11.048776,50336,13545,13:09:15.157794
11.050634,50792,13479,13:09:15.157794
11.052498,50759,13607,13:09:15.157794
11.054355,51018,13775,13:09:15.157794
11.056231,51062,13635,13:09:15.207185
11.058091,51383,13780,13:09:15.207185
11.059962,51832,14255,13:09:15.207185
11.061855,51519,13840,13:09:15.207185
11.063712,51957,13947,13:09:15.207185
11.065569,52187,14149,13:09:15.207185
11.067427,52078,14057,13:09:15.207185
11.069284,52426,13852,13:09:15.207185
11.071146,52700,14146,13:09:15.207185
11.073002,52783,14165,13:09:15.207185
11.074859,52967,14348,13:09:15.207185
11.076717,53025,14139,13:09:15.207185
11.078574,53091,14422,13:09:15.207185
11.080432,53637,14204,13:09:15.207185
11.082288,53714,14389,13:09:15.207185
11.084145,54057,14428,13:09:15.207185
11.086003,54463,14696,13:09:15.207185
11.087867,54355,14452,13:09:15.207185
11.089724,54906,14599,13:09:15.207185
11.09158,54775,14852,13:09:15.207185
11.093439,54978,14884,13:09:15.207185
11.095295,55119,14891,13:09:15.207185
11.097152,55521,14863,13:09:15.207185
11.099008,55278,14553,13:09:15.207185
11.100866,55546,14997,13:09:15.207185
11.102725,55603,15115,13:09:15.207185
11.104581,55932,14893,13:09:15.261169
11.106452,55511,14821,13:09:15.261169
11.108312,55757,14753,13:09:15.261169
11.110218,55657,14641,13:09:15.261169
11.112089,55618,14837,13:09:15.261169
11.113945,55475,14456,13:09:15.261169
11.115803,55346,14659,13:09:15.263168
11.117662,55058,14722,13:09:15.263168
11.119518,55099,14484,13:09:15.263168
11.121379,54773,14651,13:09:15.263168
11.123235,54503,14438,13:09:15.263168
11.125093,54185,14602,13:09:15.263168
11.12695,54201,14677,13:09:15.263168
11.128806,54113,14478,13:09:15.265167
11.130665,53750,14301,13:09:15.265167
11.132521,53769,14654,13:09:15.265167
11.134379,53385,14509,13:09:15.265167
11.136236,53188,14279,13:09:15.265167
11.138092,52986,14270,13:09:15.265167
11.139948,52817,14263,13:09:15.265167
11.141813,52801,14266,13:09:15.265167
11.143669,52427,14147,13:09:15.265167
11.145526,52245,14105,13:09:15.265167
11.147384,51737,14048,13:09:15.265167
11.14924,51709,13898,13:09:15.265167
11.151097,51699,13991,13:09:15.265167
11.152957,51430,13948,13:09:15.265167
11.154814,51322,13786,13:09:15.307168
11.156678,51019,13663,13:09:15.307168
11.158538,50885,13737,13:09:15.307168
11.160456,50884,13540,13:09:15.307168
11.162349,50524,13700,13:09:15.307168
11.164205,50615,13411,13:09:15.307168
11.166062,50468,13649,13:09:15.307168
11.167918,50283,13414,13:09:15.307168
11.169775,50577,13581,13:09:15.309163
11.171635,50973,13639,13:09:15.309163
11.173491,51128,13820,13:09:15.309163
11.17535,51431,13840,13:09:15.309163
11.177206,51647,14010,13:09:15.309163
11.179062,52311,13961,13:09:15.309163
11.180921,52678,14067,13:09:15.309163
11.182781,52812,14049,13:09:15.309163
11.18464,53133,14149,13:09:15.309163
11.186496,53775,14313,13:09:15.309163
11.188362,54033,14204,13:09:15.309163
11.190219,54394,14562,13:09:15.309163
11.192075,54849,14500,13:09:15.309163
11.193934,54965,14603,13:09:15.309163
11.195792,55160,14562,13:09:15.309163
11.197648,55132,14800,13:09:15.309163
11.199505,55435,14846,13:09:15.309163
11.201361,55883,14883,13:09:15.309163
11.203218,55699,14917,13:09:15.309163
11.205074,56318,14922,13:09:15.360296
11.206956,55946,15071,13:09:15.360296
11.208817,56403,14852,13:09:15.360296
11.210722,56717,15088,13:09:15.360296
11.212647,56532,15007,13:09:15.360296
11.214533,56503,15171,13:09:15.360296
11.216392,56708,15110,13:09:15.360296
11.218254,56559,14941,13:09:15.360296
11.220111,56481,14922,13:09:15.360296
11.221969,56609,15098,13:09:15.360296
11.223825,56676,15128,13:09:15.360296
11.225682,56466,14992,13:09:15.360296
11.22754,56435,15121,13:09:15.360296
11.229401,56705,15211,13:09:15.360296
11.231259,56559,15111,13:09:15.360296
11.233115,56411,15138,13:09:15.360296
11.234976,56754,14927,13:09:15.360296
11.236832,56778,14906,13:09:15.362314
11.238689,56977,14829,13:09:15.362314
11.240547,56895,15166,13:09:15.362314
11.242403,56934,14983,13:09:15.362314
11.244262,56926,14858,13:09:15.362314
11.246118,56803,15076,13:09:15.362314
11.247979,56735,15107,13:09:15.362314
11.249837,56893,15039,13:09:15.362314
11.251703,56998,14963,13:09:15.362314
11.25356,57054,15144,13:09:15.362314
11.255426,57301,15145,13:09:15.408650
11.257302,57145,15273,13:09:15.408650
11.259162,56926,15032,13:09:15.408650
11.261061,57061,15382,13:09:15.408650
11.262919,57169,15296,13:09:15.408650
11.264782,57100,15110,13:09:15.408650
11.266638,57131,15202,13:09:15.408650
11.268497,56954,15256,13:09:15.408650
11.270353,56807,15138,13:09:15.409639
11.272209,56747,14868,13:09:15.409639
11.274066,56450,15018,13:09:15.409639
11.275924,56050,14986,13:09:15.409639
11.277783,55844,14854,13:09:15.409639
11.279639,55694,14912,13:09:15.409639
11.281498,55443,14982,13:09:15.409639
11.283354,55116,14584,13:09:15.409639
11.285212,55024,14408,13:09:15.409639
11.287069,54588,14232,13:09:15.409639
11.288929,54191,14356,13:09:15.409639
11.290786,53692,14287,13:09:15.410639
11.292642,53651,14327,13:09:15.410639
11.2945,53282,14143,13:09:15.410639
11.296357,52970,14025,13:09:15.410639
11.298213,52730,14029,13:09:15.410639
11.30007,52293,13730,13:09:15.410639
11.301926,51890,13847,13:09:15.410639
11.303784,51773,13793,13:09:15.410639
11.305647,51592,14198,13:09:15.462176
11.307513,51697,13758,13:09:15.463176
11.309377,51487,13884,13:09:15.463176
11.311284,50776,13828,13:09:15.463176
11.313174,51595,13672,13:09:15.463176
11.31503,51306,13789,13:09:15.463176
11.316889,51450,13938,13:09:15.463176
11.318745,51499,13862,13:09:15.463176
11.320602,51364,13751,13:09:15.463176
11.32246,51366,14193,13:09:15.463176
11.324316,51728,13980,13:09:15.463176
11.326175,51850,13948,13:09:15.463176
11.328031,51781,13835,13:09:15.463176
11.329894,52140,14267,13:09:15.463176
11.331752,52098,13769,13:09:15.463176
11.333608,52248,13652,13:09:15.463176
11.335469,52096,13979,13:09:15.463176
11.337325,52201,13762,13:09:15.463176
11.339184,51979,14111,13:09:15.463176
11.34104,52003,13787,13:09:15.463176
11.342896,52185,13818,13:09:15.463176
11.344755,52217,14002,13:09:15.463176
11.346617,51880,13851,13:09:15.463176
11.348476,51819,13900,13:09:15.463176
11.350332,51662,14021,13:09:15.463176
11.352198,51800,14103,13:09:15.463176
11.354055,51745,13882,13:09:15.463176
11.355917,51691,13794,13:09:15.507518
11.357779,51442,13749,13:09:15.507518
11.359644,51657,13842,13:09:15.507518
11.361558,51443,13967,13:09:15.507518
11.363418,51146,13864,13:09:15.507518
11.365275,51714,13977,13:09:15.507518
11.367133,51537,13967,13:09:15.507518
11.36899,51944,14005,13:09:15.507518
11.370848,51861,13769,13:09:15.507518
11.372704,52205,14012,13:09:15.507518
11.374561,52087,14063,13:09:15.507518
11.376419,52433,14067,13:09:15.507518
11.378276,52668,13987,13:09:15.507518
11.380134,52442,14035,13:09:15.507518
11.38199,52643,14151,13:09:15.507518
11.383847,52781,14283,13:09:15.507518
11.385703,52901,14152,13:09:15.507518
11.387567,52935,14056,13:09:15.507518
11.389424,53119,14054,13:09:15.507518
11.39128,53253,14293,13:09:15.507518
11.393139,53087,14012,13:09:15.507518
11.394995,53222,13855,13:09:15.507518
11.396854,52799,14116,13:09:15.507518
11.398712,52955,14383,13:09:15.507518
11.400568,53110,14109,13:09:15.507518
11.402427,52847,14202,13:09:15.507518
11.404283,52811,14138,13:09:15.507518
11.406148,52798,14227,13:09:15.558066
11.408008,52594,14167,13:09:15.558066
11.409891,52329,14000,13:09:15.558066
11.411816,52366,14067,13:09:15.558066
11.413673,51994,13911,13:09:15.558066
11.415539,52090,14144,13:09:15.558066
11.417395,51966,14127,13:09:15.558066
11.419252,51795,14011,13:09:15.558066
11.42111,51897,13961,13:09:15.558066
11.422967,51817,14002,13:09:15.558066
11.424825,51799,13919,13:09:15.558066
11.426682,51727,14009,13:09:15.558066
11.428538,51769,13939,13:09:15.558066
11.430396,51289,13963,13:09:15.558066
11.432253,51530,13990,13:09:15.558066
11.434117,51569,13835,13:09:15.558066
11.435974,51597,13899,13:09:15.558066
11.43783,51721,13853,13:09:15.558066
11.439688,51880,14078,13:09:15.558066
11.441545,51783,14131,13:09:15.558066
11.443401,51988,14052,13:09:15.558066
11.445258,51843,14085,13:09:15.558066
11.447114,51806,13982,13:09:15.558066
11.44897,51883,14094,13:09:15.558066
11.450827,51961,14128,13:09:15.558066
11.452687,52095,13980,13:09:15.558066
11.454544,52100,13959,13:09:15.610517
11.456412,52182,14048,13:09:15.610517
11.458272,52186,14051,13:09:15.610517
11.460171,52047,13994,13:09:15.610517
11.462091,51774,14279,13:09:15.610517
11.463947,52239,13980,13:09:15.610517
11.465804,52462,14039,13:09:15.610517
11.467678,52229,13988,13:09:15.610517
11.469534,52146,14351,13:09:15.610517
11.471393,52311,14065,13:09:15.610517
11.473249,52460,14056,13:09:15.610517
11.475105,52344,14189,13:09:15.610517
11.476964,52274,14074,13:09:15.610517
11.47882,52468,13805,13:09:15.610517
11.480679,52695,14352,13:09:15.610517
11.482535,52402,14457,13:09:15.610517
11.484397,52776,14103,13:09:15.610517
11.486254,52767,14107,13:09:15.610517
11.48811,52973,14231,13:09:15.610517
11.489969,53287,14263,13:09:15.610517
11.491825,53271,14501,13:09:15.610517
11.493683,53677,14284,13:09:15.610517
11.49554,53511,14455,13:09:15.610517
11.497396,53931,14207,13:09:15.610517
11.499253,53656,14587,13:09:15.610517
11.50111,54189,14659,13:09:15.610517
11.502971,54621,14602,13:09:15.610517
11.504828,54592,14595,13:09:15.661725
11.5067,54658,14583,13:09:15.661725
11.508561,55158,14989,13:09:15.661725
11.510463,55634,14735,13:09:15.661725
11.512325,55966,14596,13:09:15.661725
11.514189,55607,15268,13:09:15.661725
11.51608,56260,14959,13:09:15.661725
11.517938,56555,15107,13:09:15.661725
11.519797,56893,14895,13:09:15.661725
11.521653,57254,15055,13:09:15.661725
11.523509,57292,15497,13:09:15.661725
11.525368,57475,15273,13:09:15.661725
11.527226,57782,15472,13:09:15.661725
11.529092,57983,15245,13:09:15.661725
11.530949,58236,15225,13:09:15.661725
11.532805,58067,15621,13:09:15.661725
11.534664,58466,15551,13:09:15.661725
11.53652,58666,15556,13:09:15.661725
11.538378,58431,15588,13:09:15.661725
11.540237,58612,15794,13:09:15.661725
11.542093,58856,15572,13:09:15.661725
11.543952,58848,15480,13:09:15.661725
11.545808,58558,15570,13:09:15.661725
11.54767,58586,15394,13:09:15.661725
11.549527,58350,15620,13:09:15.662782
11.551383,58275,15347,13:09:15.662782
11.553242,58022,15423,13:09:15.662782
11.555098,57677,15523,13:09:15.713946
11.556974,57825,15455,13:09:15.713946
11.558835,57527,15412,13:09:15.713946
11.560733,57261,15331,13:09:15.713946
11.562599,56892,15421,13:09:15.713946
11.564456,57107,15249,13:09:15.713946
11.566318,57116,15126,13:09:15.713946
11.568175,56995,15319,13:09:15.713946
11.570031,56656,15087,13:09:15.713946
11.571889,56398,14739,13:09:15.713946
11.573746,56376,14950,13:09:15.713946
11.575602,56241,14752,13:09:15.713946
11.577459,55981,14830,13:09:15.713946
11.579315,55509,14816,13:09:15.713946
11.581171,55166,14867,13:09:15.713946
11.583028,55148,14810,13:09:15.713946
11.584888,54980,14636,13:09:15.713946
11.586745,54649,14500,13:09:15.713946
11.588603,54626,14466,13:09:15.713946
11.590459,54312,14461,13:09:15.713946
11.592316,54135,14410,13:09:15.713946
11.594174,54152,14534,13:09:15.713946
11.596034,53698,14376,13:09:15.713946
11.597893,53635,14449,13:09:15.713946
11.599751,53693,14531,13:09:15.713946
11.601616,53693,14124,13:09:15.713946
11.603472,53991,14341,13:09:15.715952
11.605329,53919,14061,13:09:15.773873
11.607201,53806,14239,13:09:15.773873
11.609061,54040,14322,13:09:15.773873
11.610964,53724,14504,13:09:15.773873
11.612824,53927,14279,13:09:15.774862
11.614682,54254,14679,13:09:15.774862
11.61656,54375,14770,13:09:15.774862
11.618431,54780,14653,13:09:15.774862
11.620287,55125,14646,13:09:15.774862
11.622146,55198,14825,13:09:15.774862
11.624006,55580,14621,13:09:15.774862
11.625865,55984,14705,13:09:15.774862
11.627721,56413,15025,13:09:15.774862
11.629587,56440,15001,13:09:15.774862
11.631444,56829,14932,13:09:15.774862
11.633303,57039,15147,13:09:15.774862
11.635161,57199,15313,13:09:15.774862
11.637017,57336,15222,13:09:15.774862
11.638875,57496,15032,13:09:15.774862
11.640732,58030,15378,13:09:15.774862
11.642588,57811,15193,13:09:15.774862
11.644449,58160,15283,13:09:15.774862
11.646308,58154,15306,13:09:15.774862
11.648165,58217,15298,13:09:15.774862
11.650022,58029,15279,13:09:15.774862
11.65188,58169,15110,13:09:15.774862
11.653737,58180,15576,13:09:15.774862
11.655599,58454,15223,13:09:15.814760
11.657467,58540,15499,13:09:15.814760
11.659329,58928,15557,13:09:15.814760
11.661254,58449,15269,13:09:15.814760
11.66311,58418,15583,13:09:15.814760
11.664973,58956,15816,13:09:15.814760
11.666831,58787,15472,13:09:15.814760
11.668687,58847,15230,13:09:15.814760
11.670546,59292,15664,13:09:15.814760
11.672402,59540,15890,13:09:15.814760
11.674289,59404,15769,13:09:15.814760
11.676155,59762,15719,13:09:15.814760
11.678011,60041,15733,13:09:15.814760
11.679872,59991,15677,13:09:15.814760
11.681728,60354,15856,13:09:15.814760
11.683585,60915,16003,13:09:15.814760
11.685444,61125,15975,13:09:15.814760
11.687301,61131,15918,13:09:15.814760
11.68916,61664,16326,13:09:15.814760
11.691016,61894,16261,13:09:15.814760
11.692875,61750,16233,13:09:15.814760
11.694733,62025,16134,13:09:15.814760
11.696591,62172,16291,13:09:15.814760
11.698449,62177,16044,13:09:15.814760
11.700306,62152,16278,13:09:15.814760
11.702165,62348,16334,13:09:15.814760
11.704021,62226,16103,13:09:15.814760
11.705883,62516,16208,13:09:15.865424
11.707748,62611,16287,13:09:15.865424
11.709612,62246,16293,13:09:15.865424
11.711522,62014,16233,13:09:15.865424
11.713381,61766,16071,13:09:15.865424
11.715239,62098,16240,13:09:15.865424
11.717095,62116,16025,13:09:15.865424
11.718967,60297,16147,13:09:15.865424
11.720846,61712,16211,13:09:15.865424
11.722705,61564,16091,13:09:15.865424
11.724563,61672,16094,13:09:15.865424
11.726419,61656,15839,13:09:15.865424
11.728276,61496,15932,13:09:15.865424
11.730134,61365,16061,13:09:15.865424
11.731991,61310,16149,13:09:15.865424
11.733847,61323,16113,13:09:15.865424
11.735705,61541,15906,13:09:15.865424
11.737562,61307,15984,13:09:15.865424
11.73942,61297,15977,13:09:15.865424
11.741277,61377,16182,13:09:15.865424
11.743141,61368,15850,13:09:15.865424
11.744997,61647,16229,13:09:15.865424
11.746856,61844,16114,13:09:15.865424
11.748714,61774,16028,13:09:15.865424
11.750571,62101,16318,13:09:15.865424
11.752429,62286,16333,13:09:15.865424
11.754285,62503,16287,13:09:15.865424
11.756152,62440,16176,13:09:15.918687
11.758012,62593,16431,13:09:15.918687
11.759882,62526,16303,13:09:15.918687
11.761769,62396,16222,13:09:15.918687
11.763627,62840,16413,13:09:15.918687
11.765484,63148,16154,13:09:15.918687
11.767348,62719,16165,13:09:15.918687
11.769254,59948,16254,13:09:15.918687
11.771115,63002,16548,13:09:15.918687
11.772971,63044,16374,13:09:15.919692
11.774828,63238,16301,13:09:15.919692
11.776686,63336,16320,13:09:15.919692
11.778542,63440,16212,13:09:15.919692
11.780401,63237,16370,13:09:15.919692
11.782257,63413,16242,13:09:15.919692
11.784113,63110,16419,13:09:15.919692
11.78597,62857,16320,13:09:15.919692
11.787833,63017,15941,13:09:15.919692
11.78969,62778,16236,13:09:15.919692
11.791547,62548,16100,13:09:15.919692
11.793405,62633,16135,13:09:15.919692
11.795262,62761,16229,13:09:15.919692
11.797118,62653,15938,13:09:15.919692
11.798977,62561,16324,13:09:15.919692
11.800835,62393,15791,13:09:15.919692
11.802693,62409,16206,13:09:15.919692
11.80455,62103,16507,13:09:15.968505
11.806414,62198,16192,13:09:15.969505
11.808274,62218,16114,13:09:15.969505
11.810163,62025,16310,13:09:15.969505
11.812051,61719,15975,13:09:15.969505
11.813911,61957,16031,13:09:15.969505
11.81577,61489,16249,13:09:15.969505
11.817628,61642,16203,13:09:15.969505
11.819485,60914,15935,13:09:15.969505
11.821359,60855,16175,13:09:15.969505
11.823227,61667,16157,13:09:15.969505
11.825084,61593,16096,13:09:15.969505
11.826942,61965,15969,13:09:15.969505
11.828802,61739,16121,13:09:15.969505
11.830659,61734,15955,13:09:15.969505
11.832515,61642,16108,13:09:15.969505
11.834376,61769,15976,13:09:15.969505
11.836232,61820,15902,13:09:15.969505
11.838088,61823,15939,13:09:15.969505
11.839947,61647,16023,13:09:15.969505
11.841805,61853,15923,13:09:15.969505
11.843664,61809,16070,13:09:15.969505
11.84552,61781,16073,13:09:15.969505
11.84738,62061,16087,13:09:15.969505
11.849237,62276,16019,13:09:15.969505
11.851103,62188,16129,13:09:15.969505
11.85296,62306,16418,13:09:15.969505
11.854816,62402,16223,13:09:16.020869
11.856688,62630,15935,13:09:16.020869
11.858549,62607,16417,13:09:16.020869
11.860445,62836,16210,13:09:16.020869
11.862309,62733,16332,13:09:16.020869
11.864168,62801,16342,13:09:16.020869
11.866026,62586,16270,13:09:16.020869
11.867885,62928,16354,13:09:16.020869
11.869753,63005,16046,13:09:16.020869
11.871609,62656,16862,13:09:16.020869
11.873468,62859,16421,13:09:16.020869
11.875324,63068,16003,13:09:16.020869
11.87718,63157,16471,13:09:16.020869
11.879065,63301,16417,13:09:16.020869
11.880933,62984,16074,13:09:16.020869
11.882792,63347,16195,13:09:16.020869
11.884648,63407,16330,13:09:16.020869
11.886504,63646,16257,13:09:16.020869
11.888361,63545,16331,13:09:16.020869
11.890219,63623,16394,13:09:16.020869
11.892076,63750,16262,13:09:16.025229
11.893934,63729,16448,13:09:16.025229
11.895792,64070,16218,13:09:16.025229
11.897653,63567,16761,13:09:16.025229
11.899509,64055,16541,13:09:16.025229
11.901366,64122,16287,13:09:16.025229
11.903224,64270,16576,13:09:16.025229
11.90508,64298,16744,13:09:16.076940
11.906955,64466,16766,13:09:16.078051
11.908815,64347,16672,13:09:16.078051
11.910733,64382,16636,13:09:16.078051
11.912592,64752,16651,13:09:16.078051
11.914449,64681,16688,13:09:16.078051
11.91631,64766,16758,13:09:16.078051
11.918167,65024,16730,13:09:16.078051
11.920024,64730,17009,13:09:16.078051
11.921886,65012,16722,13:09:16.078051
11.923746,63022,16719,13:09:16.078051
11.925626,65131,16729,13:09:16.078051
11.927483,65003,16886,13:09:16.078051
11.92934,65194,16572,13:09:16.078051
11.931198,64886,16574,13:09:16.078051
11.933054,64733,16848,13:09:16.078051
11.934912,64618,16861,13:09:16.078051
11.936769,64566,16509,13:09:16.078051
11.938625,63992,16365,13:09:16.078051
11.940482,63986,16170,13:09:16.078051
11.942345,64083,16559,13:09:16.078051
11.944204,64340,16494,13:09:16.078051
11.946061,64126,16263,13:09:16.078051
11.947919,64010,16700,13:09:16.078051
11.949776,64154,16362,13:09:16.078051
11.951632,64060,16557,13:09:16.078051
11.95349,64384,16773,13:09:16.078051
11.955347,64220,16580,13:09:16.124024
11.957215,64510,16489,13:09:16.124024
11.959076,64773,16721,13:09:16.124024
11.96098,64644,16588,13:09:16.124024
11.962844,64677,16670,13:09:16.124024
11.964701,64661,16672,13:09:16.124024
11.966559,64503,16794,13:09:16.124024
11.968415,64759,16772,13:09:16.124024
11.970272,64908,16565,13:09:16.124024
11.972134,64810,16663,13:09:16.124024
11.974016,65115,16652,13:09:16.124024
11.975877,64971,16861,13:09:16.124024
11.977733,64935,16710,13:09:16.124024
11.979594,65213,16990,13:09:16.124024
11.981458,65282,16738,13:09:16.124024
11.983315,65614,16769,13:09:16.124024
11.985173,65321,16994,13:09:16.124024
11.987029,65399,16857,13:09:16.124024
11.988892,65554,16768,13:09:16.124024
11.990748,65490,16778,13:09:16.124024
11.992605,65579,16965,13:09:16.124024
11.994463,65757,16971,13:09:16.124024
11.996319,65688,16897,13:09:16.124024
11.998178,65568,17065,13:09:16.124024
12.000034,65762,16825,13:09:16.124024
12.001891,65614,16596,13:09:16.124024
12.003749,65645,16968,13:09:16.124024
12.005607,65810,17071,13:09:16.174380
12.00748,65725,16768,13:09:16.174380
12.009344,65818,16988,13:09:16.174380
12.011264,65458,17068,13:09:16.174380
12.013127,65794,16880,13:09:16.174380
12.014983,65837,16877,13:09:16.174380
12.016841,65936,17080,13:09:16.174380
12.0187,65555,16929,13:09:16.174380
12.020556,65164,16832,13:09:16.174380
12.022415,65218,16813,13:09:16.174380
12.024272,65463,16564,13:09:16.174380
12.026131,65316,17116,13:09:16.174380
12.02803,65472,16869,13:09:16.174380
12.029888,65803,17046,13:09:16.174380
12.031746,65760,16956,13:09:16.174380
12.033603,65979,16746,13:09:16.174380
12.035461,66114,16926,13:09:16.174380
12.037318,65829,17118,13:09:16.174380
12.039178,66146,16743,13:09:16.174380
12.041034,65956,17103,13:09:16.174380
12.042891,66132,17100,13:09:16.174380
12.044749,66442,17129,13:09:16.174380
12.046606,66444,17112,13:09:16.174380
12.048462,66561,17086,13:09:16.174380
12.050318,66655,16972,13:09:16.174380
12.052175,66747,17057,13:09:16.174380
12.054031,66804,17338,13:09:16.174380
12.055896,66735,17023,13:09:16.226758
12.057756,66945,17206,13:09:16.226758
12.05962,66738,16958,13:09:16.227763
12.061523,66735,17617,13:09:16.227763
12.063383,66536,17262,13:09:16.227763
12.065239,66771,17066,13:09:16.227763
12.067096,66534,17191,13:09:16.227763
12.068952,66553,16933,13:09:16.227763
12.070815,65142,16931,13:09:16.227763
12.072671,65673,17014,13:09:16.227763
12.074531,65194,17112,13:09:16.227763
12.076412,65869,17109,13:09:16.227763
12.078274,64497,16936,13:09:16.227763
12.080136,65817,17023,13:09:16.227763
12.081995,66307,17154,13:09:16.227763
12.083852,66207,17125,13:09:16.227763
12.08571,66257,17169,13:09:16.227763
12.087566,66374,16987,13:09:16.227763
12.089424,66578,17140,13:09:16.228763
12.091281,66572,17121,13:09:16.228763
12.093137,66781,17249,13:09:16.228763
12.094996,67027,17418,13:09:16.228763
12.096857,67065,17070,13:09:16.228763
12.098714,66926,17301,13:09:16.228763
12.100571,67254,17230,13:09:16.228763
12.102429,67559,17376,13:09:16.228763
12.104286,67001,17270,13:09:16.228763
12.106152,67371,17330,13:09:16.283020
12.108012,67031,17097,13:09:16.283020
12.109886,67270,17213,13:09:16.283020
12.111797,67151,17338,13:09:16.283020
12.113655,66873,17345,13:09:16.283020
12.115514,67041,17140,13:09:16.283020
12.11737,67147,17243,13:09:16.283020
12.119226,67182,17412,13:09:16.283020
12.121087,67057,17404,13:09:16.283020
12.122943,66035,17382,13:09:16.283020
12.124804,67078,17314,13:09:16.283020
12.126662,66830,17173,13:09:16.283020
12.128532,66852,17383,13:09:16.283020
12.130395,64381,17054,13:09:16.283020
12.132259,66902,17328,13:09:16.283020
12.134115,66649,17367,13:09:16.283020
12.135974,67126,17259,13:09:16.283020
12.13783,66837,17021,13:09:16.283020
12.139687,67139,17343,13:09:16.283020
12.141543,67206,17378,13:09:16.283020
12.143407,66992,17260,13:09:16.283020
12.145264,67004,17384,13:09:16.283020
12.14712,67114,17270,13:09:16.283020
12.148979,67349,17174,13:09:16.283020
12.150835,67192,17266,13:09:16.283020
12.152691,67146,17667,13:09:16.283020
12.154548,67477,17280,13:09:16.328851
12.156412,67340,17131,13:09:16.328851
12.158273,67440,17532,13:09:16.328851
12.160164,67571,17322,13:09:16.328851
12.162039,67470,17684,13:09:16.328851
12.163896,67548,17328,13:09:16.328851
12.165752,67922,17389,13:09:16.328851
12.16761,67696,17571,13:09:16.328851
12.169467,67728,17331,13:09:16.328851
12.171325,68151,17671,13:09:16.328851
12.173182,67825,17400,13:09:16.328851
12.175044,67625,17446,13:09:16.328851
12.17691,68140,17574,13:09:16.328851
12.17877,68387,17550,13:09:16.328851
12.180629,68139,17544,13:09:16.328851
12.182486,68615,17560,13:09:16.328851
12.184346,68631,17484,13:09:16.329841
12.186224,66050,17553,13:09:16.329841
12.188099,68841,17641,13:09:16.329841
12.189957,68693,17751,13:09:16.329841
12.191813,68737,17832,13:09:16.329841
12.193672,68892,17737,13:09:16.329841
12.195528,68955,17854,13:09:16.329841
12.197385,68744,17529,13:09:16.329841
12.199243,68572,17665,13:09:16.329841
12.201099,69075,17662,13:09:16.329841
12.202958,68930,17500,13:09:16.329841
12.204814,68838,17848,13:09:16.378159
12.206681,68909,17719,13:09:16.378159
12.208541,69019,17799,13:09:16.378159
12.210452,68952,17833,13:09:16.378159
12.212317,68859,17677,13:09:16.378159
12.214174,68907,17813,13:09:16.378159
12.216032,68122,17587,13:09:16.378159
12.217891,68204,17539,13:09:16.378159
12.219747,68779,17715,13:09:16.378159
12.221605,68277,17753,13:09:16.378159
12.223462,68720,17570,13:09:16.378159
12.225324,68515,17729,13:09:16.378159
12.227183,69216,18009,13:09:16.378159
12.229039,70195,17928,13:09:16.378159
12.23093,69696,17962,13:09:16.378159
12.2328,69809,17754,13:09:16.378159
12.234658,70453,17959,13:09:16.378159
12.236514,70983,18378,13:09:16.378159
12.238382,71036,18254,13:09:16.378159
12.240239,71124,18243,13:09:16.378159
12.242096,71685,18258,13:09:16.378159
12.243954,71949,18511,13:09:16.378159
12.24581,71938,18553,13:09:16.378159
12.247667,72153,18431,13:09:16.378159
12.249523,72018,18339,13:09:16.378159
12.25138,72213,18397,13:09:16.378159
12.253236,72219,18283,13:09:16.378159
12.255092,72245,18027,13:09:16.431484
12.256969,71675,17969,13:09:16.431484
12.258829,71768,18175,13:09:16.431484
12.260737,71194,18055,13:09:16.431484
12.262596,70915,18113,13:09:16.431484
12.264452,70598,18113,13:09:16.431484
12.266308,70714,18157,13:09:16.431484
12.268167,70603,17899,13:09:16.431484
12.270023,70426,18035,13:09:16.431484
12.271882,70743,17911,13:09:16.431484
12.273738,70294,17793,13:09:16.431484
12.2756,70730,18195,13:09:16.431484
12.277457,71153,18078,13:09:16.431484
12.279321,71378,17840,13:09:16.431484
12.281197,69311,18240,13:09:16.431484
12.283066,71423,18161,13:09:16.431484
12.284932,71921,18534,13:09:16.431484
12.286793,71928,18121,13:09:16.431484
12.288652,72110,18357,13:09:16.431484
12.290513,72014,18220,13:09:16.431484
12.29237,72101,18303,13:09:16.431484
12.294228,71915,18318,13:09:16.431484
12.296085,72079,18127,13:09:16.431484
12.297941,72027,18276,13:09:16.431484
12.299799,71810,18162,13:09:16.431484
12.301661,71854,18112,13:09:16.431484
12.303518,71708,18200,13:09:16.431484
12.305379,71328,17873,13:09:16.481245
12.307243,71140,18164,13:09:16.481245
12.309103,71428,17986,13:09:16.481245
12.311011,70769,18088,13:09:16.481245
12.312908,71264,18185,13:09:16.481245
12.31477,71111,18053,13:09:16.481245
12.316627,71027,18089,13:09:16.481245
12.318487,71049,18106,13:09:16.481245
12.320343,70699,18427,13:09:16.481245
12.322202,70653,18200,13:09:16.481245
12.324058,70544,18041,13:09:16.481245
12.325914,70741,18244,13:09:16.481245
12.327773,70880,18269,13:09:16.481245
12.329633,71609,18379,13:09:16.481245
12.331492,71627,18449,13:09:16.481245
12.333378,71551,18426,13:09:16.481245
12.335257,70743,18213,13:09:16.481245
12.337134,71912,18169,13:09:16.481245
12.338991,71735,18428,13:09:16.481245
12.340849,72136,18237,13:09:16.481245
12.342706,71946,18292,13:09:16.481245
12.344562,71851,18139,13:09:16.481245
12.34642,71782,18482,13:09:16.481245
12.348281,71442,18242,13:09:16.481245
12.350139,71565,18138,13:09:16.481245
12.351996,71491,18069,13:09:16.481245
12.353856,71556,18253,13:09:16.481245
12.355714,71304,18289,13:09:16.535504
12.357575,71406,17972,13:09:16.535504
12.359437,71281,18244,13:09:16.535504
12.361351,70917,18319,13:09:16.535504
12.36321,71185,18179,13:09:16.535504
12.365068,71154,18196,13:09:16.535504
12.366929,71044,18146,13:09:16.535504
12.368787,71422,18187,13:09:16.535504
12.370643,71482,18280,13:09:16.535504
12.372504,71774,17908,13:09:16.535504
12.37436,71309,18125,13:09:16.535504
12.376217,71656,18211,13:09:16.535504
12.378075,71995,18481,13:09:16.535504
12.379931,71928,18263,13:09:16.535504
12.381792,71381,18337,13:09:16.535504
12.383648,70965,18534,13:09:16.535504
12.385516,71649,18183,13:09:16.535504
12.38738,71756,18371,13:09:16.535504
12.38924,71599,18211,13:09:16.535504
12.391098,71654,18104,13:09:16.535504
12.392954,71539,18157,13:09:16.535504
12.394816,71166,18053,13:09:16.535504
12.396673,71189,18242,13:09:16.535504
12.398529,71149,18213,13:09:16.535504
12.400388,71117,17863,13:09:16.535504
12.402244,71086,17880,13:09:16.535504
12.404102,71439,18238,13:09:16.535504
12.405977,71186,17968,13:09:16.586812
12.407839,71323,18155,13:09:16.586812
12.4097,71554,18137,13:09:16.586812
12.411586,71423,18582,13:09:16.586812
12.413444,71619,18079,13:09:16.586812
12.415301,71946,18122,13:09:16.586812
12.417157,72022,18239,13:09:16.586812
12.419015,71931,18479,13:09:16.586812
12.420875,71322,18433,13:09:16.586812
12.422732,72150,18227,13:09:16.586812
12.424588,71455,18342,13:09:16.586812
12.426451,71923,18150,13:09:16.586812
12.428307,71651,18184,13:09:16.586812
12.430164,71155,18183,13:09:16.586812
12.432022,70671,18182,13:09:16.586812
12.433882,71565,17960,13:09:16.586812
12.435764,69141,18297,13:09:16.586812
12.437629,71194,18111,13:09:16.586812
12.439486,71199,17965,13:09:16.586812
12.441344,71216,18027,13:09:16.586812
12.4432,71253,17900,13:09:16.586812
12.445059,71556,18119,13:09:16.586812
12.446915,71390,18111,13:09:16.586812
12.448777,71099,18228,13:09:16.586812
12.450634,71408,17772,13:09:16.586812
12.452491,71577,18146,13:09:16.586812
12.454351,71510,18194,13:09:16.586812
12.456219,71713,18021,13:09:16.635760
12.458083,71791,18054,13:09:16.635760
12.459954,71558,18321,13:09:16.635760
12.461858,71318,18135,13:09:16.635760
12.463716,71774,18180,13:09:16.635760
12.465573,71836,18282,13:09:16.635760
12.467429,71129,18086,13:09:16.635760
12.469287,71346,18175,13:09:16.635760
12.471149,71082,18523,13:09:16.636768
12.473008,71075,18011,13:09:16.636768
12.474867,71457,18270,13:09:16.636768
12.476731,70875,18189,13:09:16.636768
12.478587,70998,17974,13:09:16.636768
12.480444,71275,17910,13:09:16.636768
12.482302,71393,18213,13:09:16.636768
12.484166,70685,18072,13:09:16.636768
12.486049,70672,18235,13:09:16.636768
12.487915,71520,18006,13:09:16.636768
12.489774,71093,18042,13:09:16.636768
12.491632,71472,18361,13:09:16.636768
12.493488,71477,18248,13:09:16.636768
12.495347,71629,18123,13:09:16.636768
12.497203,71300,17964,13:09:16.636768
12.499059,71789,18134,13:09:16.636768
12.500918,71583,18039,13:09:16.636768
12.502774,71552,18403,13:09:16.636768
12.504635,71657,18020,13:09:16.692459
12.506499,71803,17949,13:09:16.692459
12.508359,71877,18245,13:09:16.692459
12.510267,71524,18014,13:09:16.692459
12.512138,71597,18015,13:09:16.692459
12.513996,71496,18263,13:09:16.692459
12.515855,71285,18441,13:09:16.692459
12.517711,71341,18085,13:09:16.692459
12.519567,71349,18085,13:09:16.692459
12.521432,70574,17943,13:09:16.692459
12.523288,70510,17957,13:09:16.692459
12.525145,70572,18000,13:09:16.692459
12.527003,70783,18045,13:09:16.692459
12.528859,71299,18070,13:09:16.692459
12.530716,70639,17894,13:09:16.692459
12.532574,70058,18020,13:09:16.693464
12.534431,70497,18092,13:09:16.693464
12.536289,70892,18379,13:09:16.693464
12.538145,71133,18412,13:09:16.693464
12.540033,71076,18100,13:09:16.693464
12.541902,71749,18108,13:09:16.693464
12.543758,71865,17989,13:09:16.693464
12.545617,71582,18025,13:09:16.693464
12.547473,71534,18156,13:09:16.693464
12.549333,71513,17923,13:09:16.693464
12.55119,71477,17974,13:09:16.693464
12.553046,71417,18162,13:09:16.693464
12.554905,71823,17830,13:09:16.737938
12.556775,71504,18044,13:09:16.737938
12.558637,71487,17994,13:09:16.737938
12.56055,71388,17957,13:09:16.737938
12.562406,71305,18122,13:09:16.737938
12.564264,71114,18103,13:09:16.737938
12.566121,71263,17828,13:09:16.737938
12.567981,70892,18203,13:09:16.737938
12.569838,71467,18094,13:09:16.737938
12.571694,70568,18096,13:09:16.737938
12.573552,70556,18074,13:09:16.737938
12.575409,71389,17860,13:09:16.737938
12.577267,71417,18158,13:09:16.737938
12.579123,71056,17801,13:09:16.737938
12.58098,71425,18118,13:09:16.737938
12.582838,71290,18272,13:09:16.737938
12.584702,71560,18232,13:09:16.737938
12.586563,71713,18017,13:09:16.737938
12.588419,71692,18029,13:09:16.737938
12.590284,71536,18050,13:09:16.737938
12.592142,71644,18120,13:09:16.737938
12.594026,71521,18250,13:09:16.737938
12.595883,67465,17931,13:09:16.737938
12.597745,71321,18115,13:09:16.737938
12.599608,71534,18152,13:09:16.737938
12.601464,71041,18100,13:09:16.737938
12.60332,71516,17909,13:09:16.737938
12.605179,71305,18028,13:09:16.787107
12.607043,71384,18122,13:09:16.788108
12.608904,71262,18003,13:09:16.788108
12.610794,71298,17920,13:09:16.788108
12.612656,70954,17703,13:09:16.788108
12.614515,71206,17977,13:09:16.788108
12.616373,71348,18219,13:09:16.788108
12.618231,71090,18143,13:09:16.788108
12.62009,70413,18140,13:09:16.788108
12.621946,71370,18169,13:09:16.788108
12.623805,70513,17850,13:09:16.788108
12.625662,71420,18106,13:09:16.788108
12.627519,71451,17914,13:09:16.788108
12.629378,71390,18113,13:09:16.788108
12.631234,70743,17882,13:09:16.788108
12.633093,71196,18203,13:09:16.788108
12.634949,70875,17972,13:09:16.788108
12.636807,70442,17873,13:09:16.788108
12.638664,71567,17985,13:09:16.788108
12.640522,71382,18187,13:09:16.788108
12.642382,70519,17794,13:09:16.788108
12.644239,71263,18059,13:09:16.788108
12.646095,71415,18056,13:09:16.788108
12.647978,71024,17864,13:09:16.788108
12.649844,71105,18122,13:09:16.788108
12.6517,71184,17848,13:09:16.788108
12.653563,71252,17979,13:09:16.788108
12.655419,71335,17663,13:09:16.839997
12.657295,71171,17940,13:09:16.839997
12.659155,71371,17721,13:09:16.839997
12.661049,70933,17876,13:09:16.839997
12.662908,71347,18016,13:09:16.839997
12.664767,71520,17875,13:09:16.839997
12.666629,71396,18158,13:09:16.839997
12.668488,71065,18189,13:09:16.839997
12.670344,71358,17990,13:09:16.839997
12.67221,71490,17968,13:09:16.839997
12.674067,71162,18234,13:09:16.839997
12.675923,71212,17946,13:09:16.839997
12.677784,70504,18182,13:09:16.839997
12.67964,71418,18038,13:09:16.839997
12.681498,71431,18159,13:09:16.839997
12.683355,70313,17820,13:09:16.839997
12.685211,71311,17874,13:09:16.839997
12.687069,70314,17633,13:09:16.839997
12.688931,70612,18035,13:09:16.839997
12.690789,68207,17936,13:09:16.839997
12.692649,71340,18193,13:09:16.839997
12.694513,71198,17960,13:09:16.840998
12.696373,71360,17979,13:09:16.840998
12.69823,71496,17735,13:09:16.840998
12.700088,71376,17834,13:09:16.840998
12.701945,71490,17861,13:09:16.840998
12.703803,71288,17890,13:09:16.840998
12.705665,71337,17796,13:09:16.857469
12.707532,71252,18137,13:09:16.857469
12.709393,71313,17948,13:09:16.857469
12.7113,70827,18224,13:09:16.857469
12.713163,71009,18047,13:09:16.857469
12.715021,71307,17819,13:09:16.857469
12.716877,71407,18058,13:09:16.857469
12.718736,71077,18203,13:09:16.857469
12.720592,71292,18025,13:09:16.857469
12.722451,71250,17965,13:09:16.857469
12.724309,70780,17745,13:09:16.857469
12.726165,70729,17852,13:09:16.857469
12.728024,71199,18083,13:09:16.857469
12.72989,71338,17862,13:09:16.857469
12.731746,70618,17811,13:09:16.857469
12.733603,71330,17952,13:09:16.857469
12.735461,70574,17862,13:09:16.857469
12.737318,71519,17873,13:09:16.857469
12.739174,70832,17836,13:09:16.857469
12.741032,71118,17986,13:09:16.857469
12.742889,70526,18128,13:09:16.857469
12.744789,70804,17786,13:09:16.857469
12.746645,70992,18158,13:09:16.857469
12.748502,71102,17869,13:09:16.857469
12.75036,71107,18107,13:09:16.857469
12.752217,71352,18088,13:09:16.857469
12.754075,71280,17884,13:09:16.857469
12.755937,71399,17849,13:09:16.908407
12.7578,71166,17728,13:09:16.908407
12.759662,71241,17738,13:09:16.908407
12.761552,71269,17841,13:09:16.908407
12.763411,71407,17868,13:09:16.908407
12.765267,71465,17957,13:09:16.908407
12.767126,71222,18042,13:09:16.908407
12.768982,71211,17919,13:09:16.908407
12.770839,71442,17966,13:09:16.908407
12.772699,71163,18014,13:09:16.908407
12.774555,71350,17800,13:09:16.908407
12.776413,71174,17951,13:09:16.908407
12.77827,71256,17890,13:09:16.908407
12.780126,71126,17862,13:09:16.908407
12.781985,71019,18019,13:09:16.908407
12.783845,71446,17951,13:09:16.908407
12.785703,71012,18044,13:09:16.908407
12.78756,71308,17985,13:09:16.908407
12.789426,71232,17726,13:09:16.908407
12.791283,71186,17698,13:09:16.908407
12.793139,71230,17742,13:09:16.908407
12.794997,71348,18003,13:09:16.908407
12.796856,71344,18021,13:09:16.908407
12.798714,71323,18068,13:09:16.908407
12.800571,71125,17924,13:09:16.908407
12.802427,71189,18002,13:09:16.908407
12.804283,71444,17926,13:09:16.908407
12.806152,71464,18027,13:09:16.957236
12.808022,71046,18050,13:09:16.957236
12.809886,71204,18021,13:09:16.957236
12.811808,71123,17898,13:09:16.957236
12.813665,71215,17856,13:09:16.957236
12.815521,71298,17842,13:09:16.957236
12.817382,70612,17861,13:09:16.957236
12.819238,71102,17899,13:09:16.957236
12.821095,71211,17835,13:09:16.957236
12.822953,71063,17991,13:09:16.957236
12.824809,71302,17984,13:09:16.957236
12.826668,71161,18041,13:09:16.957236
12.828524,71122,18067,13:09:16.957236
12.830387,71100,17954,13:09:16.957236
12.832243,71226,17684,13:09:16.957236
12.834099,71010,17984,13:09:16.957236
12.835958,71225,17918,13:09:16.957236
12.837814,71107,17714,13:09:16.957236
12.839672,71239,17810,13:09:16.957236
12.841529,71213,17809,13:09:16.957236
12.843385,71056,17863,13:09:16.957236
12.845242,71222,17769,13:09:16.957236
12.847106,70998,17705,13:09:16.957236
12.848962,71291,17918,13:09:16.957236
12.850819,71269,18148,13:09:16.957236
12.852677,71061,18147,13:09:16.957236
12.854534,71332,17759,13:09:17.007199
12.856404,71076,17856,13:09:17.007199
12.858264,71195,17891,13:09:17.007199
12.860149,70882,17939,13:09:17.007199
12.862045,70789,17934,13:09:17.007199
12.863903,70931,17778,13:09:17.007199
12.865763,70880,17921,13:09:17.007199
12.86762,71203,17827,13:09:17.007199
12.869477,71008,17885,13:09:17.007199
12.871339,71037,18013,13:09:17.007199
12.873195,71005,17597,13:09:17.007199
12.875052,71191,17798,13:09:17.007199
12.87691,71189,17725,13:09:17.007199
12.878767,70978,17705,13:09:17.007199
12.880625,71331,17922,13:09:17.007199
12.882481,71166,17728,13:09:17.007199
12.88434,71358,18002,13:09:17.007199
12.886198,71102,18047,13:09:17.007199
12.888055,71112,17929,13:09:17.007199
12.889915,71448,17799,13:09:17.007199
12.891773,71102,17914,13:09:17.007199
12.89364,71291,17916,13:09:17.007199
12.895496,71280,17891,13:09:17.007199
12.897352,71221,18057,13:09:17.007199
12.899211,70980,17861,13:09:17.007199
12.901069,71209,17884,13:09:17.007199
12.902926,71167,17840,13:09:17.007199
12.904784,71355,18140,13:09:17.059506
12.906654,71160,17813,13:09:17.059506
12.908515,71003,17975,13:09:17.059506
12.910431,71171,17800,13:09:17.059506
12.912303,71117,17868,13:09:17.059506
12.91416,71175,17944,13:09:17.059506
12.916016,71131,17918,13:09:17.059506
12.917875,70880,17884,13:09:17.059506
12.919731,71277,17729,13:09:17.059506
12.921589,71302,17965,13:09:17.059506
12.923449,71226,17873,13:09:17.059506
12.925306,71210,17986,13:09:17.059506
12.927164,71126,17836,13:09:17.059506
12.929024,71035,17866,13:09:17.059506
12.930881,71322,18059,13:09:17.059506
12.932738,71383,17967,13:09:17.059506
12.934596,71362,17685,13:09:17.059506
12.936452,71156,18117,13:09:17.059506
12.938309,71344,17905,13:09:17.059506
12.940165,71247,18032,13:09:17.059506
12.942022,71272,17754,13:09:17.059506
12.943878,71266,17920,13:09:17.059506
12.945734,70773,17872,13:09:17.059506
12.947595,70993,17961,13:09:17.059506
12.949451,70781,18069,13:09:17.059506
12.951308,71056,18103,13:09:17.059506
12.953166,71183,18111,13:09:17.059506
12.955022,71301,18142,13:09:17.107925
12.956893,71178,18124,13:09:17.107925
12.958753,71274,18072,13:09:17.107925
12.960664,71347,17722,13:09:17.107925
12.962546,70846,17745,13:09:17.107925
12.964404,71551,17833,13:09:17.107925
12.96626,71339,17927,13:09:17.107925
12.968117,71337,17897,13:09:17.107925
12.969974,71374,17846,13:09:17.107925
12.971836,71372,18238,13:09:17.107925
12.973692,71245,18078,13:09:17.107925
12.97555,71407,17794,13:09:17.107925
12.977407,71255,17813,13:09:17.107925
12.979263,71084,18046,13:09:17.107925
12.981122,71038,17688,13:09:17.107925
12.982982,71128,18068,13:09:17.107925
12.984846,71331,17913,13:09:17.107925
12.986703,71021,17961,13:09:17.107925
12.988561,71143,17988,13:09:17.107925
12.990418,71494,17877,13:09:17.107925
12.992274,71014,18039,13:09:17.107925
12.994132,71096,17758,13:09:17.107925
12.995999,71245,18003,13:09:17.107925
12.997857,71124,17792,13:09:17.107925
12.999713,71272,17647,13:09:17.107925
13.00157,71295,17726,13:09:17.107925
13.003428,71288,17916,13:09:17.107925
13.005285,71302,17927,13:09:17.156685
13.007171,71433,17850,13:09:17.156685
13.009031,71404,17962,13:09:17.156685
13.010957,71311,17972,13:09:17.156685
13.01282,70974,17853,13:09:17.156685
13.014676,71242,18024,13:09:17.156685
13.016535,71184,17730,13:09:17.156685
13.018391,71226,17902,13:09:17.156685
13.020248,71093,17749,13:09:17.156685
13.022106,71249,17921,13:09:17.156685
13.023962,71090,17905,13:09:17.156685
13.025821,71084,17797,13:09:17.156685
13.027677,71162,17865,13:09:17.156685
13.029533,71291,17726,13:09:17.156685
13.03139,71206,17877,13:09:17.156685
13.033253,71227,17679,13:09:17.156685
13.03511,71407,17859,13:09:17.156685
13.036967,71162,17956,13:09:17.156685
13.038825,71180,17908,13:09:17.156685
13.040682,71251,17946,13:09:17.156685
13.042538,71357,17827,13:09:17.156685
13.044394,71281,17839,13:09:17.156685
13.046251,71339,18041,13:09:17.156685
13.048107,71339,17872,13:09:17.156685
13.049964,71414,18046,13:09:17.156685
13.051824,71236,18335,13:09:17.157682
13.053708,71398,17761,13:09:17.157682
13.055572,71349,17858,13:09:17.210546
13.057433,71240,18021,13:09:17.210546
13.059295,71491,17768,13:09:17.210546
13.061204,70820,17994,13:09:17.210546
13.063062,71408,17957,13:09:17.210546
13.064918,71210,17973,13:09:17.210546
13.066777,71031,17944,13:09:17.210546
13.068633,71207,17972,13:09:17.210546
13.07049,71347,17910,13:09:17.210546
13.072348,71115,17791,13:09:17.210546
13.074212,71644,17853,13:09:17.210546
13.076069,71454,18003,13:09:17.210546
13.077925,71296,18088,13:09:17.210546
13.079784,71363,17869,13:09:17.210546
13.08164,71259,17589,13:09:17.210546
13.083496,71363,18041,13:09:17.210546
13.085355,71204,18030,13:09:17.210546
13.087211,71153,17917,13:09:17.210546
13.089068,71332,18154,13:09:17.210546
13.090924,71187,17816,13:09:17.210546
13.09279,71452,17855,13:09:17.210546
13.094647,71141,17755,13:09:17.210546
13.096503,71321,17824,13:09:17.210546
13.098365,71254,17627,13:09:17.210546
13.100222,71149,17772,13:09:17.210546
13.10208,71272,17782,13:09:17.210546
13.103937,71350,17810,13:09:17.210546
13.105803,71258,18041,13:09:17.257223
13.107666,71354,17798,13:09:17.257223
13.109533,71337,17952,13:09:17.257223
13.111451,70834,17710,13:09:17.257223
13.11332,71402,17979,13:09:17.257223
13.11518,71093,17961,13:09:17.257223
13.117037,71568,17844,13:09:17.257223
13.118893,71187,17816,13:09:17.257223
13.120756,71316,18242,13:09:17.257223
13.122612,71259,17953,13:09:17.257223
13.124469,71324,17890,13:09:17.257223
13.126327,71309,18105,13:09:17.257223
13.128183,71353,17609,13:09:17.257223
13.130042,71355,17874,13:09:17.257223
13.131898,71304,18046,13:09:17.257223
13.133757,71205,17888,13:09:17.257223
13.135613,71402,18026,13:09:17.257223
13.137469,71402,17967,13:09:17.257223
13.13933,71496,18000,13:09:17.257223
13.141186,71374,18000,13:09:17.257223
13.143045,71228,18314,13:09:17.257223
13.144901,71317,18224,13:09:17.257223
13.146757,71370,17920,13:09:17.257223
13.148616,71398,18035,13:09:17.257223
13.150472,71475,17994,13:09:17.257223
13.152329,71307,17896,13:09:17.257223
13.154185,71240,18011,13:09:17.257223
13.156055,71302,17724,13:09:17.308221
13.157916,71253,17996,13:09:17.308221
13.159784,71403,17898,13:09:17.308221
13.161696,71233,18027,13:09:17.308221
13.163553,71212,17800,13:09:17.308221
13.165409,71445,18054,13:09:17.308221
13.167267,71378,17932,13:09:17.308221
13.169126,71315,18077,13:09:17.308221
13.170984,71335,18103,13:09:17.308221
13.172843,71386,17893,13:09:17.308221
13.174709,71379,17979,13:09:17.308221
13.176565,71452,17794,13:09:17.308221
13.178422,71370,17820,13:09:17.308221
13.18028,71399,18059,13:09:17.308221
13.182137,71169,17905,13:09:17.308221
13.183995,71435,17792,13:09:17.308221
13.185853,71622,18196,13:09:17.308221
13.18771,71162,17983,13:09:17.308221
13.189568,71047,17821,13:09:17.308221
13.191428,71278,17852,13:09:17.308221
13.193285,71329,18203,13:09:17.308221
13.195141,71130,17776,13:09:17.308221
13.197,71394,17815,13:09:17.308221
13.198856,71353,17800,13:09:17.308221
13.200717,71425,17805,13:09:17.308221
13.202575,71465,18038,13:09:17.308221
13.204431,71601,17651,13:09:17.359104
13.206292,71358,18196,13:09:17.359104
13.208154,71315,17964,13:09:17.359104
13.210032,71195,18009,13:09:17.359104
13.211959,71113,18109,13:09:17.359104
13.213815,71396,17907,13:09:17.359104
13.215675,71191,17901,13:09:17.359104
13.217534,71463,17818,13:09:17.359104
13.2194,71494,17847,13:09:17.359104
13.221257,71179,17904,13:09:17.359104
13.223113,71258,17866,13:09:17.359104
13.224971,71278,17871,13:09:17.359104
13.226828,71343,18057,13:09:17.359104
13.228684,71443,17997,13:09:17.359104
13.230543,71227,18149,13:09:17.359104
13.232399,71275,17944,13:09:17.359104
13.234255,71334,18106,13:09:17.359104
13.236112,71198,18018,13:09:17.359104
13.237978,71094,18135,13:09:17.359104
13.239837,71588,18041,13:09:17.359104
13.241693,71502,17933,13:09:17.359104
13.243551,71251,17879,13:09:17.359104
13.245408,71418,17873,13:09:17.359104
13.247266,71257,17858,13:09:17.359104
13.249123,71262,17834,13:09:17.359104
13.250979,71052,17782,13:09:17.359104
13.252837,71249,18168,13:09:17.359104
13.25472,71036,17819,13:09:17.410917
13.256584,71515,17833,13:09:17.410917
13.258444,71368,17925,13:09:17.410917
13.260342,71322,17882,13:09:17.410917
13.262213,71386,18161,13:09:17.410917
13.264069,71640,17828,13:09:17.410917
13.265928,71241,18023,13:09:17.410917
13.267784,71259,18021,13:09:17.410917
13.269641,71292,17888,13:09:17.410917
13.271497,71352,18187,13:09:17.411916
13.273355,71472,17923,13:09:17.411916
13.275214,71438,17814,13:09:17.413916
13.27707,71555,18022,13:09:17.413916
13.278937,71355,17962,13:09:17.413916
13.280795,71420,18142,13:09:17.413916
13.282652,71580,18242,13:09:17.413916
13.28451,71702,17989,13:09:17.413916
13.286366,71570,17972,13:09:17.413916
13.288225,71192,17863,13:09:17.413916
13.290081,71556,18061,13:09:17.413916
13.291938,71365,17812,13:09:17.413916
13.293796,71237,17937,13:09:17.413916
13.295657,71709,17717,13:09:17.413916
13.297515,71398,17937,13:09:17.413916
13.299373,71345,17797,13:09:17.413916
13.301232,71276,18148,13:09:17.413916
13.30309,71153,18057,13:09:17.413916
13.304979,71318,17999,13:09:17.457268
13.306845,71636,17844,13:09:17.457268
13.308705,71489,17981,13:09:17.457268
13.310632,71382,17905,13:09:17.457268
13.312495,71346,18229,13:09:17.457268
13.314352,71370,18205,13:09:17.457268
13.31621,71153,18010,13:09:17.457268
13.318067,71336,18090,13:09:17.457268
13.319923,71614,18160,13:09:17.457268
13.321781,71531,17982,13:09:17.457268
13.323638,71459,18130,13:09:17.457268
13.325496,71494,17972,13:09:17.457268
13.327353,71655,17855,13:09:17.457268
13.329213,71433,17847,13:09:17.457268
13.331069,71210,17855,13:09:17.457268
13.332926,71364,17945,13:09:17.457268
13.334784,71353,18155,13:09:17.457268
13.336641,71429,17972,13:09:17.457268
13.338499,71574,18144,13:09:17.458270
13.340355,71406,18230,13:09:17.458270
13.342216,71221,18028,13:09:17.458270
13.344074,71496,18194,13:09:17.458270
13.34594,71222,17947,13:09:17.458270
13.347797,71232,18122,13:09:17.460266
13.349653,71233,18385,13:09:17.460266
13.351512,71468,18009,13:09:17.460266
13.353368,71513,17957,13:09:17.460266
13.355224,71425,18035,13:09:17.510513
13.357087,71363,18064,13:09:17.510513
13.358947,71531,18075,13:09:17.510513
13.360857,71125,18128,13:09:17.510513
13.362724,71308,18022,13:09:17.510513
13.364588,71225,17956,13:09:17.510513
13.366444,71405,18087,13:09:17.510513
13.368301,71348,17878,13:09:17.510513
13.370159,71352,18131,13:09:17.510513
13.372016,71406,18039,13:09:17.510513
13.373876,71419,18248,13:09:17.510513
13.375734,71355,18150,13:09:17.510513
13.377591,71493,17981,13:09:17.510513
13.379449,71479,18090,13:09:17.510513
13.381306,71543,18170,13:09:17.511508
13.383166,71394,18176,13:09:17.511508
13.385022,71512,18258,13:09:17.511508
13.386879,71395,18013,13:09:17.511508
13.388737,71482,18143,13:09:17.511508
13.390594,71646,18172,13:09:17.511508
13.39245,71645,18086,13:09:17.511508
13.394306,71479,18074,13:09:17.511508
13.396163,71393,18005,13:09:17.511508
13.398019,71209,18309,13:09:17.511508
13.399876,71432,17964,13:09:17.511508
13.401736,71362,18025,13:09:17.511508
13.403592,71465,18078,13:09:17.511508
13.405463,71639,17891,13:09:17.556560
13.407329,71414,17963,13:09:17.556560
13.409188,71582,18238,13:09:17.556560
13.411111,71561,18166,13:09:17.556560
13.412994,71401,18122,13:09:17.556560
13.41486,71275,18185,13:09:17.556560
13.416745,71502,17969,13:09:17.556560
13.418601,71411,17852,13:09:17.556560
13.420461,71436,17973,13:09:17.557561
13.422318,71248,18261,13:09:17.557561
13.424174,71459,18186,13:09:17.557561
13.426033,71600,17882,13:09:17.557561
13.427889,71188,18102,13:09:17.557561
13.429747,71656,18054,13:09:17.557561
13.431604,71227,17986,13:09:17.557561
13.43346,71473,17906,13:09:17.557561
13.435317,71440,17900,13:09:17.557561
13.437182,71206,18182,13:09:17.557561
13.439039,71197,18142,13:09:17.557561
13.440896,71487,18206,13:09:17.557561
13.442754,71585,17991,13:09:17.557561
13.444611,71388,18146,13:09:17.557561
13.446467,71606,18051,13:09:17.557561
13.448323,71099,18004,13:09:17.557561
13.45018,71429,17948,13:09:17.557561
13.452036,71434,17793,13:09:17.557561
13.453893,71279,17941,13:09:17.557561
13.455759,71209,17976,13:09:17.609835
13.457619,71544,18185,13:09:17.609835
13.459481,71453,17958,13:09:17.609835
13.461394,71238,17870,13:09:17.609835
13.46325,71358,18427,13:09:17.609835
13.465107,71406,18012,13:09:17.609835
13.466965,71560,18334,13:09:17.609835
13.468826,71395,18138,13:09:17.609835
13.470684,71321,18063,13:09:17.610824
13.47254,71354,17964,13:09:17.610824
13.474401,71819,18041,13:09:17.610824
13.476257,71497,17914,13:09:17.610824
13.478114,71487,17840,13:09:17.610824
13.479972,71354,18130,13:09:17.610824
13.481828,71434,18169,13:09:17.610824
13.483687,71037,17847,13:09:17.610824
13.485543,71682,17906,13:09:17.610824
13.487403,71455,17959,13:09:17.610824
13.489262,71228,18292,13:09:17.610824
13.491128,71454,18090,13:09:17.610824
13.492985,71496,18222,13:09:17.610824
13.494843,71485,17932,13:09:17.610824
13.496701,71598,18043,13:09:17.610824
13.498558,71521,18293,13:09:17.610824
13.500414,71635,17980,13:09:17.610824
13.502273,71604,18117,13:09:17.610824
13.504129,71528,18112,13:09:17.610824
13.505997,71458,18288,13:09:17.660260
13.507862,71555,17947,13:09:17.662263
13.509726,71308,18281,13:09:17.662263
13.51162,71736,18119,13:09:17.662263
13.513477,71652,17935,13:09:17.662263
13.515337,71442,18142,13:09:17.662263
13.51721,71245,18180,13:09:17.662263
13.519066,71675,17931,13:09:17.662263
13.520924,71375,17965,13:09:17.662263
13.522783,71338,18365,13:09:17.662263
13.524641,71518,18034,13:09:17.662263
13.526498,71699,18190,13:09:17.662263
13.528354,71444,18213,13:09:17.662263
13.53021,71331,17955,13:09:17.662263
13.532067,71555,18050,13:09:17.662263
13.533925,71440,17927,13:09:17.662263
13.535782,71429,18004,13:09:17.662263
13.537638,71700,18040,13:09:17.662263
13.539494,71603,18117,13:09:17.662263
13.541351,71550,18051,13:09:17.662263
13.543207,71698,18221,13:09:17.662263
13.545064,71366,18028,13:09:17.662263
13.546924,71672,18175,13:09:17.662263
13.548782,71529,18336,13:09:17.662263
13.550641,71350,18043,13:09:17.662263
13.552497,71587,17927,13:09:17.662263
13.554354,71422,18178,13:09:17.662263
13.556226,71655,18001,13:09:17.711574
13.558086,71789,18094,13:09:17.711574
13.559957,71328,18052,13:09:17.711574
13.561847,71301,18258,13:09:17.711574
13.563704,71488,18218,13:09:17.711574
13.565562,71436,18143,13:09:17.711574
13.567418,71360,18215,13:09:17.711574
13.569277,71641,17916,13:09:17.711574
13.571133,71426,18145,13:09:17.711574
13.572989,71647,18285,13:09:17.711574
13.574846,71268,18129,13:09:17.711574
13.576709,71433,18295,13:09:17.711574
13.578569,71521,18094,13:09:17.711574
13.580425,71362,18372,13:09:17.711574
13.582283,71724,17984,13:09:17.711574
13.58414,71625,17803,13:09:17.711574
13.585996,71496,18047,13:09:17.711574
13.587855,71557,18018,13:09:17.711574
13.589711,71573,18250,13:09:17.711574
13.591569,71534,18204,13:09:17.711574
13.593426,71594,18075,13:09:17.711574
13.595286,71700,17831,13:09:17.711574
13.597143,71804,17921,13:09:17.711574
13.598999,71454,18254,13:09:17.711574
13.600857,71625,18350,13:09:17.712574
13.602714,71430,18024,13:09:17.712574
13.604572,71489,18375,13:09:17.712574
13.606435,71713,18210,13:09:17.760867
13.608295,71447,18055,13:09:17.760867
13.610189,71656,18154,13:09:17.760867
13.612097,70680,18021,13:09:17.760867
13.613964,71738,17971,13:09:17.760867
13.615822,71528,17944,13:09:17.760867
13.617681,71468,18114,13:09:17.760867
13.619537,71240,18091,13:09:17.760867
13.621393,71645,17921,13:09:17.760867
13.62326,71601,18050,13:09:17.760867
13.625116,71590,18109,13:09:17.760867
13.626973,71417,18022,13:09:17.760867
13.628833,71507,18053,13:09:17.760867
13.630689,71407,17949,13:09:17.760867
13.632548,71677,18171,13:09:17.760867
13.634404,71470,17980,13:09:17.760867
13.636261,71306,18283,13:09:17.760867
13.638117,71558,18055,13:09:17.760867
13.639982,71476,18315,13:09:17.760867
13.64184,71282,18146,13:09:17.760867
13.643696,71541,18104,13:09:17.760867
13.645552,71521,18089,13:09:17.760867
13.647409,71112,18133,13:09:17.760867
13.649265,71627,18300,13:09:17.760867
13.651124,71717,18010,13:09:17.760867
13.65298,71795,18280,13:09:17.760867
13.654837,71441,18291,13:09:17.819040
13.656703,71463,17952,13:09:17.819040
13.658565,71568,18062,13:09:17.819040
13.660462,71489,18092,13:09:17.819040
13.662322,71425,18161,13:09:17.819040
13.664204,68456,17953,13:09:17.819040
13.666068,71618,17998,13:09:17.819040
13.667925,71638,18153,13:09:17.819040
13.669785,71695,18230,13:09:17.819040
13.671642,71352,18298,13:09:17.819040
13.6735,71663,18426,13:09:17.819040
13.675357,71728,18042,13:09:17.819040
13.677213,71371,18083,13:09:17.819040
13.679071,71566,18185,13:09:17.819040
13.680928,71660,17804,13:09:17.819040
13.682788,71704,18077,13:09:17.819040
13.684645,71649,17933,13:09:17.819040
13.686503,71635,18154,13:09:17.819040
13.688359,71704,18027,13:09:17.819040
13.690216,71945,18020,13:09:17.819040
13.692074,71666,18334,13:09:17.819040
13.693934,71489,18116,13:09:17.819040
13.695793,71538,18146,13:09:17.819040
13.697649,71481,18326,13:09:17.819040
13.699516,71594,18130,13:09:17.819040
13.701374,71632,18355,13:09:17.819040
13.703231,71786,18264,13:09:17.819040
13.705089,71524,18032,13:09:17.864254
13.706957,71587,18045,13:09:17.864254
13.708818,71864,17880,13:09:17.864254
13.710704,71843,18039,13:09:17.864254
13.712573,71521,18049,13:09:17.864254
13.714431,71521,18475,13:09:17.864254
13.716287,71595,18058,13:09:17.864254
13.718149,71501,18340,13:09:17.864254
13.720044,71497,18006,13:09:17.864254
13.72192,70677,18127,13:09:17.864254
13.723787,71717,18196,13:09:17.864254
13.725643,71602,18069,13:09:17.864254
13.727499,71295,18156,13:09:17.864254
13.729356,71591,18026,13:09:17.864254
13.731221,71643,18171,13:09:17.864254
13.733078,71486,18112,13:09:17.864254
13.734935,71684,18074,13:09:17.864254
13.736795,71628,18130,13:09:17.864254
13.738652,71535,18016,13:09:17.864254
13.740508,71487,18027,13:09:17.864254
13.742366,71422,18073,13:09:17.864254
13.744223,71622,18269,13:09:17.864254
13.746081,71513,18022,13:09:17.864254
13.747938,71704,17992,13:09:17.864254
13.749798,71805,18045,13:09:17.864254
13.751654,71433,18307,13:09:17.864254
13.753511,71631,17968,13:09:17.864254
13.755369,71558,18088,13:09:17.914405
13.757238,71577,18045,13:09:17.914405
13.7591,71872,18318,13:09:17.914405
13.760996,71356,18231,13:09:17.914405
13.762856,71406,18081,13:09:17.914405
13.764713,71241,18050,13:09:17.914405
13.766589,71756,18305,13:09:17.914405
13.768456,71269,18201,13:09:17.914405
13.770312,71555,18240,13:09:17.914405
13.772169,71612,18145,13:09:17.914405
13.774031,71293,18075,13:09:17.914405
13.775887,71774,18200,13:09:17.914405
13.777746,71365,18266,13:09:17.914405
13.779602,71500,18216,13:09:17.914405
13.781459,71561,18072,13:09:17.914405
13.783317,71475,18052,13:09:17.914405
13.785176,71746,18205,13:09:17.914405
13.787034,71423,18069,13:09:17.914405
13.78889,71782,18331,13:09:17.914405
13.790751,71690,18150,13:09:17.914405
13.792607,71523,18228,13:09:17.914405
13.794464,71637,17749,13:09:17.914405
13.796322,71440,18140,13:09:17.914405
13.798178,71495,18210,13:09:17.914405
13.800037,71308,18285,13:09:17.914405
13.801893,71645,17991,13:09:17.914405
13.803754,71591,17973,13:09:17.914405
13.805614,71582,18170,13:09:17.967373
13.807482,71711,18268,13:09:17.967373
13.809344,71421,18203,13:09:17.967373
13.811247,71170,18338,13:09:17.967373
13.813105,71297,18151,13:09:17.967373
13.814976,71234,18007,13:09:17.967373
13.816863,71196,18530,13:09:17.967373
13.81874,71635,18263,13:09:17.967373
13.820597,71674,18091,13:09:17.967373
13.822463,71577,18076,13:09:17.967373
13.824319,71750,18087,13:09:17.967373
13.826176,71608,18012,13:09:17.967373
13.828034,71582,18196,13:09:17.967373
13.829891,71676,18121,13:09:17.967373
13.831747,71622,18186,13:09:17.967373
13.833605,71498,18053,13:09:17.968373
13.835462,71515,18184,13:09:17.968373
13.83732,71612,18176,13:09:17.968373
13.839177,71564,17872,13:09:17.968373
13.841041,71472,17878,13:09:17.968373
13.842897,71708,18118,13:09:17.968373
13.844754,71586,18185,13:09:17.968373
13.846612,71449,18000,13:09:17.968373
13.848469,71568,17868,13:09:17.968373
13.850325,71457,17981,13:09:17.968373
13.852182,71601,18116,13:09:17.968373
13.854038,71782,18156,13:09:17.968373
13.855902,71923,17864,13:09:18.017512
13.857762,71737,18143,13:09:18.017512
13.859625,71742,18137,13:09:18.017512
13.861529,71481,18207,13:09:18.017512
13.863386,71427,18313,13:09:18.017512
13.865244,71491,18222,13:09:18.017512
13.867101,71542,18155,13:09:18.017512
13.868959,71459,18205,13:09:18.017512
13.870821,70468,18051,13:09:18.017512
13.872696,71877,18200,13:09:18.017512
13.874554,71523,18037,13:09:18.017512
13.876411,71410,18228,13:09:18.017512
13.878267,71794,18320,13:09:18.017512
13.880123,71519,18031,13:09:18.017512
13.881982,71634,18068,13:09:18.017512
13.883838,71689,18146,13:09:18.017512
13.885695,71644,18016,13:09:18.017512
13.887553,71631,18079,13:09:18.017512
13.889409,71704,17838,13:09:18.017512
13.891266,71642,17958,13:09:18.017512
13.893122,71660,18123,13:09:18.017512
13.894987,71580,18081,13:09:18.019496
13.896843,71660,18285,13:09:18.019496
13.8987,71603,18031,13:09:18.019496
13.900558,71751,18127,13:09:18.019496
13.902414,71375,18078,13:09:18.019496
13.904271,71760,18074,13:09:18.019496
13.906141,71287,18263,13:09:18.068737
13.908002,71508,18113,13:09:18.068737
13.909868,71564,18082,13:09:18.068737
13.911754,71061,18115,13:09:18.068737
13.913615,71115,18149,13:09:18.068737
13.915471,71238,18215,13:09:18.068737
13.917328,71557,18050,13:09:18.068737
13.919186,71442,18330,13:09:18.068737
13.921048,71430,17996,13:09:18.068737
13.922906,71370,18035,13:09:18.068737
13.924763,71676,18084,13:09:18.068737
13.926621,71568,18173,13:09:18.068737
13.928478,71704,18245,13:09:18.069727
13.930334,71701,18235,13:09:18.069727
13.932193,71448,18017,13:09:18.069727
13.934049,71513,17988,13:09:18.069727
13.935905,71660,18269,13:09:18.069727
13.937764,71695,18112,13:09:18.069727
13.93962,71436,18170,13:09:18.069727
13.941477,71417,18281,13:09:18.069727
13.943342,71813,18077,13:09:18.069727
13.945199,71452,17991,13:09:18.069727
13.947056,71292,17855,13:09:18.069727
13.948914,71354,18413,13:09:18.069727
13.950773,71790,18079,13:09:18.069727
13.952629,71403,17924,13:09:18.069727
13.954487,71542,18008,13:09:18.069727
13.956362,71648,18077,13:09:18.119822
13.958222,71588,18012,13:09:18.119822
13.9601,71392,17962,13:09:18.119822
13.961977,71556,18170,13:09:18.119822
13.963839,71504,18015,13:09:18.119822
13.965696,71220,18005,13:09:18.119822
13.967554,71491,17998,13:09:18.119822
13.96941,71610,17968,13:09:18.119822
13.971287,71154,18157,13:09:18.119822
13.973155,69552,18204,13:09:18.119822
13.975011,71341,17993,13:09:18.119822
13.97687,71597,18249,13:09:18.119822
13.978726,71478,17988,13:09:18.119822
13.980583,71390,18101,13:09:18.119822
13.982441,71428,17850,13:09:18.119822
13.984302,71683,18105,13:09:18.119822
13.986158,71601,18194,13:09:18.119822
13.988014,71597,18165,13:09:18.119822
13.989875,71553,18145,13:09:18.119822
13.991731,71655,18063,13:09:18.119822
13.993588,71198,17836,13:09:18.119822
13.995449,71433,18056,13:09:18.119822
13.997306,71385,17850,13:09:18.119822
13.999163,71571,17800,13:09:18.119822
14.001019,71439,17706,13:09:18.119822
14.002878,71323,18148,13:09:18.119822
14.004734,71421,17877,13:09:18.170005
14.006599,71244,17985,13:09:18.170005
14.008461,71475,18111,13:09:18.171007
14.01037,71382,18046,13:09:18.171007
14.012231,71395,17822,13:09:18.171007
14.014092,70972,18023,13:09:18.171007
14.015948,71041,18006,13:09:18.171007
14.017807,70405,18200,13:09:18.171007
14.019669,70664,17884,13:09:18.171007
14.021553,71408,17996,13:09:18.171007
14.023416,68051,18331,13:09:18.171007
14.02528,71413,18004,13:09:18.171007
14.027138,71426,17981,13:09:18.171007
14.028995,71204,18087,13:09:18.171007
14.030851,71362,18113,13:09:18.171007
14.032708,71470,18101,13:09:18.171007
14.034564,71339,18283,13:09:18.171007
14.036423,71449,17876,13:09:18.171007
14.038279,71379,18172,13:09:18.171007
14.040137,71475,17979,13:09:18.171007
14.041994,71351,18234,13:09:18.171007
14.04385,71196,18117,13:09:18.171007
14.045707,71227,18028,13:09:18.171007
14.047571,71510,17734,13:09:18.171007
14.049427,71439,18025,13:09:18.171007
14.051284,71465,17927,13:09:18.171007
14.053142,71420,17989,13:09:18.171007
14.054999,71435,18198,13:09:18.221887
14.056869,71556,17964,13:09:18.221887
14.058731,71246,18093,13:09:18.221887
14.060622,71311,17974,13:09:18.221887
14.062486,71057,17982,13:09:18.221887
14.064342,71416,18020,13:09:18.221887
14.066199,70857,17720,13:09:18.221887
14.068057,71494,18106,13:09:18.221887
14.069914,71377,18029,13:09:18.221887
14.071774,71262,17718,13:09:18.221887
14.073632,68709,18001,13:09:18.221887
14.075515,71379,18049,13:09:18.221887
14.077373,71253,17915,13:09:18.221887
14.07923,71355,18170,13:09:18.221887
14.081088,71209,17917,13:09:18.221887
14.082944,70956,18033,13:09:18.221887
14.084805,71443,17967,13:09:18.221887
14.086663,71377,18020,13:09:18.221887
14.08852,71354,18016,13:09:18.221887
14.09038,71227,17872,13:09:18.221887
14.092236,71329,17918,13:09:18.221887
14.094095,71583,18054,13:09:18.221887
14.095951,71513,18122,13:09:18.221887
14.097808,71413,18069,13:09:18.221887
14.099666,71433,17896,13:09:18.221887
14.101526,71390,18069,13:09:18.221887
14.103385,71267,18205,13:09:18.221887
14.105241,71398,18064,13:09:18.281892
14.107117,71350,17998,13:09:18.281892
14.108978,71617,18034,13:09:18.281892
14.11087,71193,17948,13:09:18.281892
14.11273,71264,18003,13:09:18.281892
14.114587,71140,18155,13:09:18.281892
14.116444,71098,17801,13:09:18.281892
14.118302,71522,18090,13:09:18.281892
14.120165,71129,17943,13:09:18.281892
14.122027,71440,18001,13:09:18.281892
14.123885,70512,18179,13:09:18.281892
14.125749,71143,17993,13:09:18.281892
14.127606,71351,18159,13:09:18.281892
14.129464,71646,18170,13:09:18.281892
14.131322,71171,17948,13:09:18.281892
14.133179,71351,18161,13:09:18.281892
14.135037,71233,18134,13:09:18.281892
14.136894,71287,17825,13:09:18.281892
14.138752,71378,17966,13:09:18.281892
14.140608,71235,18115,13:09:18.281892
14.142467,71500,18210,13:09:18.281892
14.144327,71364,18143,13:09:18.281892
14.146184,71160,18065,13:09:18.281892
14.148042,71219,18109,13:09:18.281892
14.149898,71291,18239,13:09:18.281892
14.151755,71438,17845,13:09:18.281892
14.153613,71415,18079,13:09:18.281892
14.155472,71486,18040,13:09:18.324225
14.15734,71080,18125,13:09:18.324225
14.159202,71326,17979,13:09:18.324225
14.161099,70908,18051,13:09:18.324225
14.162961,71216,17909,13:09:18.324225
14.164817,71253,17948,13:09:18.324225
14.166676,70974,18082,13:09:18.324225
14.168534,71139,18055,13:09:18.324225
14.170392,70640,17966,13:09:18.324225
14.172251,70870,17729,13:09:18.324225
14.174111,71422,18061,13:09:18.324225
14.175994,71404,17913,13:09:18.324225
14.17785,71375,18088,13:09:18.324225
14.179722,70754,17827,13:09:18.324225
14.181579,70441,18234,13:09:18.324225
14.183437,71267,17954,13:09:18.324225
14.185294,71204,18076,13:09:18.324225
14.18715,71234,18103,13:09:18.324225
14.189008,71374,18087,13:09:18.324225
14.190867,71360,17940,13:09:18.324225
14.192723,71351,18011,13:09:18.324225
14.194582,71658,18044,13:09:18.324225
14.196438,71202,18154,13:09:18.324225
14.198294,71230,17917,13:09:18.324225
14.200151,71487,18088,13:09:18.324225
14.202013,71327,17894,13:09:18.324225
14.203872,71555,18171,13:09:18.324225
14.205734,71233,18228,13:09:18.376604
14.2076,71435,17980,13:09:18.376604
14.209464,71396,18109,13:09:18.376604
14.211383,70731,18063,13:09:18.376604
14.213241,71275,18015,13:09:18.376604
14.215098,71291,18092,13:09:18.376604
14.216956,71028,18229,13:09:18.376604
14.218812,71251,17966,13:09:18.376604
14.220669,71336,18295,13:09:18.376604
14.222527,71108,18207,13:09:18.376604
14.224394,71205,18204,13:09:18.376604
14.226252,71257,18094,13:09:18.376604
14.228112,70258,17777,13:09:18.376604
14.229977,71123,18154,13:09:18.376604
14.231835,71627,18330,13:09:18.376604
14.233707,71087,17828,13:09:18.376604
14.235582,71535,17862,13:09:18.376604
14.237438,71403,18180,13:09:18.376604
14.239301,71351,17944,13:09:18.376604
14.241157,71349,17996,13:09:18.376604
14.243013,71214,18019,13:09:18.376604
14.244876,71185,18055,13:09:18.376604
14.246732,71297,17865,13:09:18.377604
14.248591,71497,18126,13:09:18.377604
14.250449,71322,18094,13:09:18.377604
14.252307,71209,17950,13:09:18.377604
14.254164,71379,17888,13:09:18.377604
14.256038,71345,18090,13:09:18.428018
14.257898,71415,17982,13:09:18.428018
14.259764,71389,18093,13:09:18.428018
14.261671,71079,18285,13:09:18.428018
14.263529,71152,18223,13:09:18.428018
14.265386,71480,18159,13:09:18.428018
14.267244,71632,18117,13:09:18.428018
14.269101,71085,17994,13:09:18.428018
14.270957,71502,18216,13:09:18.428018
14.272813,69652,17942,13:09:18.428018
14.274677,70722,18190,13:09:18.428018
14.276534,71503,18160,13:09:18.428018
14.278391,71322,18344,13:09:18.428018
14.280249,67873,18254,13:09:18.428018
14.282109,71509,18155,13:09:18.428018
14.283966,71491,18125,13:09:18.428018
14.285824,71314,18250,13:09:18.428018
14.287681,71425,18202,13:09:18.428018
14.289539,71443,17873,13:09:18.428018
14.291395,71415,18215,13:09:18.428018
14.293254,71377,18065,13:09:18.428018
14.29511,71457,17860,13:09:18.428018
14.296967,71350,18320,13:09:18.428018
14.298825,71433,18361,13:09:18.428018
14.300681,71400,18031,13:09:18.428018
14.30254,71467,18123,13:09:18.428018
14.304396,71303,17922,13:09:18.428018
14.306265,71452,18164,13:09:18.479169
14.308125,71433,17826,13:09:18.479169
14.310003,71299,18251,13:09:18.479169
14.311888,71342,17954,13:09:18.479169
14.313744,71198,18110,13:09:18.479169
14.315602,71116,18137,13:09:18.479169
14.317461,70788,17939,13:09:18.479169
14.319317,70925,18235,13:09:18.479169
14.321174,71227,18170,13:09:18.479169
14.32303,71326,18258,13:09:18.479169
14.32489,70705,18380,13:09:18.479169
14.326751,71428,17899,13:09:18.479169
14.328623,71136,18063,13:09:18.479169
14.330499,69024,18373,13:09:18.479169
14.332364,71234,18295,13:09:18.479169
14.334222,71406,18281,13:09:18.479169
14.336083,71237,17990,13:09:18.479169
14.337947,71271,18069,13:09:18.479169
14.339809,71579,18056,13:09:18.479169
14.341666,71296,18317,13:09:18.479169
14.34353,71538,18276,13:09:18.479169
14.345386,71345,17973,13:09:18.479169
14.347243,71545,18050,13:09:18.479169
14.349101,71295,18332,13:09:18.479169
14.350958,71357,18167,13:09:18.479169
14.352816,71554,18169,13:09:18.479169
14.354672,71548,18120,13:09:18.533014
14.356535,71297,18279,13:09:18.533014
14.358395,71329,18165,13:09:18.533014
14.360311,71437,18238,13:09:18.533014
14.362188,71035,17989,13:09:18.533014
14.364044,71326,18205,13:09:18.533014
14.365901,71160,18155,13:09:18.533014
14.367759,71150,17911,13:09:18.533014
14.369615,70974,18458,13:09:18.533014
14.371476,71292,18163,13:09:18.533014
14.373332,71302,18013,13:09:18.533014
14.375188,70625,18371,13:09:18.533014
14.377045,70515,17940,13:09:18.533014
14.378906,70716,18244,13:09:18.533014
14.380789,71035,18038,13:09:18.533014
14.382662,68864,18031,13:09:18.533014
14.384518,71321,18025,13:09:18.533014
14.386379,71176,17950,13:09:18.533014
14.388239,71376,18001,13:09:18.533014
14.390097,71510,18049,13:09:18.533014
14.391954,71641,18328,13:09:18.533014
14.39382,71401,17887,13:09:18.533014
14.395676,71586,18079,13:09:18.533014
14.397533,71196,18299,13:09:18.533014
14.399391,71479,18249,13:09:18.533014
14.401248,71420,18287,13:09:18.533014
14.403106,71590,18095,13:09:18.533014
14.404962,71379,18091,13:09:18.581246
14.406827,71441,18244,13:09:18.582244
14.408685,71263,18335,13:09:18.582244
14.410585,71329,17934,13:09:18.582244
14.412444,71001,18260,13:09:18.582244
14.414302,71352,18271,13:09:18.582244
14.416159,71574,18163,13:09:18.582244
14.418017,71292,18002,13:09:18.582244
14.419875,71303,18263,13:09:18.582244
14.421732,70428,18154,13:09:18.582244
14.423588,71355,18227,13:09:18.582244
14.425449,71208,18516,13:09:18.582244
14.427307,70704,18183,13:09:18.582244
14.429171,71031,18333,13:09:18.582244
14.431032,70773,18166,13:09:18.582244
14.432888,68200,18055,13:09:18.582244
14.434746,71355,18105,13:09:18.582244
14.436603,71419,18464,13:09:18.582244
14.438459,71305,17843,13:09:18.582244
14.440351,71416,18143,13:09:18.582244
14.442208,71359,18125,13:09:18.582244
14.444066,71454,18274,13:09:18.582244
14.445923,71527,18157,13:09:18.582244
14.447779,71610,18160,13:09:18.582244
14.449635,71416,18160,13:09:18.582244
14.4515,71275,18481,13:09:18.582244
14.453356,71588,18234,13:09:18.582244
14.455213,71456,17937,13:09:18.631326
14.457081,71486,18183,13:09:18.631326
14.458941,71398,18218,13:09:18.631326
14.460854,71234,18262,13:09:18.631326
14.462712,71315,18265,13:09:18.631326
14.464568,71328,18421,13:09:18.631326
14.466425,71186,17961,13:09:18.631326
14.468281,71420,18171,13:09:18.631326
14.470138,70998,18058,13:09:18.631326
14.471998,70768,18125,13:09:18.631326
14.473856,70755,18079,13:09:18.631326
14.475715,71234,17959,13:09:18.631326
14.477571,70835,18261,13:09:18.631326
14.479428,70809,17972,13:09:18.631326
14.481286,71497,18142,13:09:18.631326
14.483144,69795,18162,13:09:18.631326
14.485003,71482,18302,13:09:18.631326
14.486859,71633,18191,13:09:18.631326
14.488725,71569,18052,13:09:18.631326
14.490582,71624,18304,13:09:18.632343
14.492438,71361,18358,13:09:18.632343
14.494297,71442,18000,13:09:18.632343
14.496153,71241,18052,13:09:18.632343
14.49801,71471,18290,13:09:18.632343
14.499868,71293,18267,13:09:18.632343
14.50173,71483,18158,13:09:18.632343
14.503587,71626,18057,13:09:18.632343
14.505444,71383,18209,13:09:18.682705
14.507313,71440,18328,13:09:18.682705
14.509178,71588,18260,13:09:18.682705
14.51108,71135,18237,13:09:18.682705
14.512938,71404,18204,13:09:18.682705
14.514799,71420,18152,13:09:18.682705
14.516655,71558,18170,13:09:18.682705
14.518512,70453,18416,13:09:18.682705
14.52037,71573,18202,13:09:18.682705
14.522226,71332,18297,13:09:18.682705
14.524083,71353,18381,13:09:18.682705
14.525945,71366,17989,13:09:18.682705
14.527804,71417,18200,13:09:18.682705
14.529662,71348,18026,13:09:18.682705
14.531524,70568,17980,13:09:18.682705
14.533385,71210,18296,13:09:18.682705
14.535267,69580,18355,13:09:18.682705
14.537123,71732,18228,13:09:18.682705
14.538984,71440,17965,13:09:18.682705
14.54084,71654,18131,13:09:18.682705
14.542697,71695,18302,13:09:18.682705
14.544555,71626,18197,13:09:18.682705
14.546414,71652,18221,13:09:18.682705
14.548272,71386,18020,13:09:18.682705
14.550128,71568,18288,13:09:18.682705
14.551989,71512,18295,13:09:18.682705
14.553845,71385,18150,13:09:18.682705
14.555703,71630,18183,13:09:18.741800
14.557568,71508,18130,13:09:18.741800
14.55943,71388,18254,13:09:18.741800
14.561354,70959,18378,13:09:18.741800
14.563243,71468,18068,13:09:18.741800
14.565099,71516,18138,13:09:18.741800
14.566957,71444,18325,13:09:18.741800
14.568814,71466,18236,13:09:18.741800
14.570674,70569,18175,13:09:18.741800
14.572533,71535,18321,13:09:18.741800
14.574389,71398,18487,13:09:18.741800
14.576245,70720,18101,13:09:18.741800
14.578102,71008,18127,13:09:18.741800
14.579968,70621,18464,13:09:18.741800
14.581824,70661,18098,13:09:18.741800
14.583683,70874,18327,13:09:18.741800
14.585563,70415,18298,13:09:18.741800
14.587437,70962,18245,13:09:18.741800
14.589312,71542,18111,13:09:18.741800
14.59117,71414,17943,13:09:18.741800
14.593027,71638,18168,13:09:18.741800
14.594883,71333,18224,13:09:18.741800
14.596739,71233,18361,13:09:18.741800
14.598598,71714,18056,13:09:18.741800
14.600454,71393,18053,13:09:18.741800
14.602311,71303,18288,13:09:18.741800
14.604169,71360,17776,13:09:18.741800
14.606045,71188,18220,13:09:18.785786
14.607906,71714,18185,13:09:18.785786
14.609768,71437,18208,13:09:18.785786
14.611673,71355,18277,13:09:18.785786
14.613531,71492,18304,13:09:18.785786
14.615387,71141,18097,13:09:18.785786
14.617246,71554,18364,13:09:18.785786
14.619102,71148,18235,13:09:18.785786
14.620958,70894,18252,13:09:18.785786
14.622817,71462,18073,13:09:18.785786
14.624673,71161,18024,13:09:18.785786
14.62653,71418,18448,13:09:18.785786
14.628386,71461,18289,13:09:18.786786
14.63025,71467,18212,13:09:18.786786
14.632107,70402,18333,13:09:18.786786
14.633965,71255,18069,13:09:18.786786
14.635826,70766,17964,13:09:18.786786
14.637682,71700,18263,13:09:18.786786
14.63954,71458,18277,13:09:18.786786
14.641397,71549,18256,13:09:18.786786
14.643253,71707,18387,13:09:18.786786
14.645111,67694,18117,13:09:18.786786
14.646975,71524,18154,13:09:18.786786
14.648834,71470,18260,13:09:18.786786
14.650691,71694,18221,13:09:18.786786
14.652553,71503,18344,13:09:18.786786
14.654409,71796,18183,13:09:18.786786
14.656293,71477,18066,13:09:18.836298
14.658152,71307,18346,13:09:18.836298
14.660024,71499,18308,13:09:18.836298
14.661901,71500,17937,13:09:18.836298
14.663759,71684,18025,13:09:18.836298
14.665619,71179,18117,13:09:18.836298
14.667476,70969,18106,13:09:18.836298
14.669332,71515,17997,13:09:18.836298
14.671191,71762,18340,13:09:18.836298
14.673047,70445,18123,13:09:18.836298
14.674904,71505,18169,13:09:18.836298
14.676766,71643,18052,13:09:18.836298
14.678622,71627,18285,13:09:18.836298
14.680481,71487,18428,13:09:18.836298
14.682337,71416,18275,13:09:18.836298
14.684198,71607,18268,13:09:18.836298
14.686054,70496,18115,13:09:18.836298
14.687911,71670,18175,13:09:18.836298
14.689777,68603,18280,13:09:18.836298
14.691661,71379,18100,13:09:18.836298
14.693522,71655,17998,13:09:18.836298
14.695378,71369,18383,13:09:18.836298
14.697234,71423,18199,13:09:18.836298
14.699093,71418,18386,13:09:18.836298
14.700949,71676,18208,13:09:18.836298
14.702808,71423,18349,13:09:18.836298
14.704664,71667,18531,13:09:18.890930
14.706534,71562,18177,13:09:18.890930
14.708395,71680,18202,13:09:18.890930
14.710288,71326,18281,13:09:18.890930
14.712169,71273,18282,13:09:18.890930
14.714026,71425,18144,13:09:18.890930
14.715884,71227,18308,13:09:18.890930
14.717743,71773,18185,13:09:18.890930
14.719599,70722,18303,13:09:18.890930
14.721457,71693,18263,13:09:18.890930
14.723314,71524,18060,13:09:18.890930
14.72517,71639,18189,13:09:18.890930
14.727029,70480,18161,13:09:18.890930
14.728889,70735,18180,13:09:18.890930
14.730745,71730,18243,13:09:18.890930
14.732602,71457,18157,13:09:18.890930
14.734462,70756,18037,13:09:18.890930
14.736325,70645,18214,13:09:18.890930
14.738181,71299,18008,13:09:18.892933
14.740047,68829,18183,13:09:18.892933
14.741904,71927,18430,13:09:18.892933
14.743764,71648,18208,13:09:18.892933
14.745621,71225,18255,13:09:18.892933
14.747477,71790,18234,13:09:18.892933
14.749333,71484,17790,13:09:18.892933
14.75119,71685,18039,13:09:18.892933
14.75305,71292,18062,13:09:18.892933
14.754907,71497,18067,13:09:18.937500
14.756779,71744,18193,13:09:18.937500
14.758639,71556,18113,13:09:18.937500
14.760551,71390,18227,13:09:18.937500
14.762416,71491,18146,13:09:18.937500
14.764272,71308,18067,13:09:18.937500
14.766129,71264,18280,13:09:18.937500
14.767987,71417,18027,13:09:18.937500
14.769848,71454,18263,13:09:18.937500
14.771706,70697,17948,13:09:18.937500
14.773562,69932,18308,13:09:18.937500
14.775421,71841,18075,13:09:18.937500
14.777277,71405,18158,13:09:18.937500
14.779134,70887,18232,13:09:18.937500
14.780992,70867,18187,13:09:18.938500
14.782848,71244,18087,13:09:18.938500
14.784707,71315,18221,13:09:18.938500
14.786563,70772,18215,13:09:18.938500
14.788426,71372,17970,13:09:18.938500
14.790282,71586,18163,13:09:18.938500
14.792138,71578,18526,13:09:18.938500
14.794003,70486,18258,13:09:18.938500
14.795881,71459,18144,13:09:18.938500
14.797743,71301,18400,13:09:18.938500
14.7996,71232,18474,13:09:18.938500
14.801456,71425,18202,13:09:18.938500
14.803315,71642,18139,13:09:18.938500
14.805171,71419,18177,13:09:18.989599
14.80704,71505,18188,13:09:18.989599
14.8089,71441,18092,13:09:18.989599
14.81082,71316,18297,13:09:18.989599
14.81268,71540,17999,13:09:18.989599
14.814537,71087,18297,13:09:18.989599
14.816401,71672,18388,13:09:18.989599
14.81826,71369,18161,13:09:18.989599
14.820118,71300,18211,13:09:18.989599
14.82198,70942,18386,13:09:18.989599
14.823837,71336,18266,13:09:18.989599
14.825695,71418,18525,13:09:18.989599
14.827552,71078,17868,13:09:18.989599
14.829408,70864,18050,13:09:18.989599
14.831266,71411,18143,13:09:18.989599
14.833127,70885,18114,13:09:18.989599
14.834985,71401,18294,13:09:18.989599
14.836844,70792,18081,13:09:18.989599
14.838712,71383,18194,13:09:18.989599
14.84057,70840,18300,13:09:18.989599
14.842469,71103,18354,13:09:18.989599
14.844327,71291,18265,13:09:18.989599
14.846205,71613,18070,13:09:18.989599
14.848062,71538,18167,13:09:18.989599
14.84992,71437,18323,13:09:18.989599
14.851777,71567,18345,13:09:18.989599
14.853633,71315,18082,13:09:18.989599
14.855493,71689,18006,13:09:19.007155
14.857366,71479,18377,13:09:19.007155
14.859226,71682,18127,13:09:19.007155
14.861126,71187,18037,13:09:19.007155
14.862985,71281,18364,13:09:19.007155
14.864843,71229,18296,13:09:19.007155
14.8667,71659,18341,13:09:19.007155
14.868558,70977,18169,13:09:19.007155
14.870414,71390,17964,13:09:19.007155
14.872273,71231,18098,13:09:19.007155
14.874131,71061,17950,13:09:19.007155
14.875998,71357,18178,13:09:19.007155
14.877856,71568,18214,13:09:19.007155
14.879712,70594,18028,13:09:19.007155
14.881573,70589,18193,13:09:19.007155
14.883429,71428,18147,13:09:19.007155
14.885288,71530,18056,13:09:19.007155
14.887144,71038,18122,13:09:19.007155
14.889008,70829,18104,13:09:19.007155
14.890867,70617,18275,13:09:19.008162
14.892723,68894,18298,13:09:19.008162
14.894619,71531,18345,13:09:19.008162
14.896476,71409,18239,13:09:19.008162
14.898332,71262,18058,13:09:19.008162
14.900191,71520,17944,13:09:19.008162
14.902049,71422,18218,13:09:19.008162
14.903905,71407,18099,13:09:19.008162
14.905768,71386,18218,13:09:19.057132
14.907638,71400,18140,13:09:19.057132
14.9095,71567,18337,13:09:19.057132
14.911413,71209,18123,13:09:19.057132
14.913283,71605,18230,13:09:19.057132
14.915139,71633,18113,13:09:19.057132
14.916996,71547,17953,13:09:19.057132
14.918856,71692,18108,13:09:19.057132
14.920713,71658,18217,13:09:19.057132
14.922569,71461,18191,13:09:19.057132
14.924425,71548,17986,13:09:19.057132
14.926288,71625,18155,13:09:19.057132
14.928144,71551,18152,13:09:19.057132
14.930001,71724,18316,13:09:19.057132
14.931859,71652,18199,13:09:19.057132
14.933715,71476,18184,13:09:19.057132
14.935572,71464,18408,13:09:19.057132
14.937428,71561,17953,13:09:19.057132
14.939285,71631,18267,13:09:19.057132
14.941147,71568,18249,13:09:19.057132
14.943008,71565,18132,13:09:19.057132
14.944868,71500,18155,13:09:19.057132
14.946724,71351,18068,13:09:19.057132
14.948591,71380,18072,13:09:19.057132
14.950449,71639,18082,13:09:19.057132
14.952308,71601,17935,13:09:19.057132
14.954166,71703,18092,13:09:19.057132
14.956042,71720,18336,13:09:19.106615
14.957902,71560,18357,13:09:19.106615
14.959767,71578,18335,13:09:19.106615
14.961675,71437,18075,13:09:19.106615
14.963533,71793,18132,13:09:19.106615
14.96539,71419,18510,13:09:19.106615
14.967248,71518,17921,13:09:19.106615
14.969105,71590,18282,13:09:19.106615
14.970961,71593,18057,13:09:19.106615
14.972819,71610,17952,13:09:19.106615
14.974676,71395,18225,13:09:19.107608
14.976534,71789,18285,13:09:19.107608
14.978391,71484,18229,13:09:19.107608
14.980247,71336,18260,13:09:19.107608
14.982103,71741,18261,13:09:19.107608
14.983962,71486,18034,13:09:19.107608
14.985822,71637,18182,13:09:19.107608
14.987679,71673,18214,13:09:19.107608
14.989537,71450,17936,13:09:19.107608
14.991393,71575,18266,13:09:19.107608
14.99325,71475,17865,13:09:19.107608
14.995108,71333,18298,13:09:19.107608
14.996965,71536,18076,13:09:19.107608
14.998823,71355,18363,13:09:19.107608
15.00068,71527,18035,13:09:19.107608
15.002544,71639,18080,13:09:19.107608
15.0044,71466,18299,13:09:19.107608
15.006266,71430,18318,13:09:19.157996
15.008127,71502,18125,13:09:19.157996
15.010009,71490,18119,13:09:19.157996
15.011908,71556,18150,13:09:19.157996
15.013768,71439,18218,13:09:19.157996
15.015624,71638,17942,13:09:19.157996
15.017483,71294,18231,13:09:19.157996
15.019339,71596,18049,13:09:19.157996
15.021202,71859,17944,13:09:19.157996
15.02306,71574,18012,13:09:19.157996
15.024926,71661,18251,13:09:19.157996
15.026783,71616,18018,13:09:19.157996
15.028639,71412,17999,13:09:19.157996
15.030498,71421,18015,13:09:19.157996
15.032354,71400,18132,13:09:19.157996
15.03421,71385,18019,13:09:19.157996
15.036067,71398,18077,13:09:19.157996
15.037923,71799,18001,13:09:19.157996
15.039784,71749,18151,13:09:19.157996
15.04164,71480,18112,13:09:19.157996
15.043518,71654,18170,13:09:19.157996
15.045379,71796,18419,13:09:19.157996
15.047237,71570,18304,13:09:19.157996
15.049093,71470,18229,13:09:19.157996
15.05095,71661,18176,13:09:19.157996
15.052808,71561,18255,13:09:19.157996
15.054665,71526,18182,13:09:19.209009
15.056527,71671,18169,13:09:19.209009
15.058388,71636,18220,13:09:19.209009
15.060293,71647,18091,13:09:19.209009
15.062204,71393,18229,13:09:19.209009
15.064062,71719,18065,13:09:19.209009
15.065919,71723,18272,13:09:19.209009
15.067777,71619,18245,13:09:19.209009
15.069633,71897,18154,13:09:19.209009
15.07149,71644,18133,13:09:19.209009
15.073348,71746,18071,13:09:19.209009
15.075209,71541,18115,13:09:19.209009
15.077067,71475,18240,13:09:19.209009
15.078923,71600,18079,13:09:19.209009
15.080782,71438,18223,13:09:19.209009
15.082638,71788,18166,13:09:19.209009
15.084495,71570,18063,13:09:19.209009
15.086353,71591,17996,13:09:19.209009
15.088209,71740,18346,13:09:19.209009
15.090068,71718,18193,13:09:19.209009
15.091924,71704,18199,13:09:19.209009
15.093787,71622,18250,13:09:19.209009
15.095643,71781,18328,13:09:19.209009
15.097499,71714,18420,13:09:19.209009
15.099358,71604,18294,13:09:19.209009
15.101214,71632,18247,13:09:19.209009
15.103071,71386,18002,13:09:19.209009
15.104927,71683,18068,13:09:19.257817
15.106797,71453,18107,13:09:19.257817
15.108658,71733,18147,13:09:19.257817
15.110568,71387,18322,13:09:19.257817
15.112449,71597,18297,13:09:19.257817
15.114307,71875,18124,13:09:19.257817
15.116168,71843,18285,13:09:19.257817
15.118025,71771,18149,13:09:19.257817
15.119882,71746,18293,13:09:19.257817
15.12174,71655,18247,13:09:19.257817
15.123597,71460,18458,13:09:19.259823
15.125453,71645,18182,13:09:19.259823
15.127309,71646,18042,13:09:19.259823
15.129166,71809,18046,13:09:19.260822
15.131022,71506,18053,13:09:19.260822
15.132879,71651,18076,13:09:19.260822
15.134739,71459,18092,13:09:19.260822
15.136595,71702,17929,13:09:19.260822
15.138452,71491,18042,13:09:19.260822
15.14031,71624,18154,13:09:19.260822
15.142167,71332,18076,13:09:19.260822
15.144025,71662,18009,13:09:19.260822
15.145885,71771,18200,13:09:19.260822
15.147742,71638,18152,13:09:19.260822
15.149598,71654,17946,13:09:19.260822
15.151458,71456,18309,13:09:19.260822
15.153317,71731,18152,13:09:19.260822
15.155182,71572,18090,13:09:19.307123
15.157066,71931,18482,13:09:19.307123
15.158928,71536,18187,13:09:19.307123
15.160824,71304,18414,13:09:19.307123
15.162689,71787,18003,13:09:19.307123
15.164545,71748,18278,13:09:19.307123
15.166402,71542,18105,13:09:19.307123
15.168258,71752,18272,13:09:19.307123
15.170115,71428,18309,13:09:19.307123
15.171973,71714,18091,13:09:19.307123
15.173829,71572,18213,13:09:19.307123
15.175688,71523,17987,13:09:19.307123
15.177544,71755,17933,13:09:19.307123
15.1794,71629,18202,13:09:19.307123
15.181259,71458,18201,13:09:19.307123
15.183115,71513,18137,13:09:19.307123
15.184972,72012,18068,13:09:19.307123
15.186828,71701,18303,13:09:19.307123
15.188692,71753,18245,13:09:19.307123
15.190549,71713,18119,13:09:19.307123
15.192405,71620,18111,13:09:19.307123
15.194264,71623,18347,13:09:19.307123
15.19612,71919,18265,13:09:19.307123
15.197978,71661,18167,13:09:19.307123
15.199835,71739,18254,13:09:19.307123
15.201691,71755,18282,13:09:19.307123
15.203548,71809,18234,13:09:19.307123
15.20541,71658,18185,13:09:19.357202
15.207274,71290,18197,13:09:19.357202
15.209135,71719,18238,13:09:19.357202
15.211041,71426,18272,13:09:19.357202
15.212915,71738,18183,13:09:19.357202
15.214774,71677,18030,13:09:19.357202
15.216634,71513,18110,13:09:19.357202
15.21849,71617,18260,13:09:19.357202
15.220347,71687,18074,13:09:19.357202
15.222205,71602,18031,13:09:19.357202
15.224062,71556,18287,13:09:19.357202
15.225918,71694,18199,13:09:19.357202
15.227774,71706,18155,13:09:19.357202
15.229633,71683,18007,13:09:19.357202
15.231489,71770,18394,13:09:19.357202
15.233346,71657,18029,13:09:19.357202
15.235204,72011,17920,13:09:19.357202
15.237061,71614,18201,13:09:19.357202
15.238917,71934,18150,13:09:19.357202
15.240773,71620,18319,13:09:19.357202
15.242638,71687,18136,13:09:19.357202
15.244494,71800,18016,13:09:19.357202
15.246351,71733,18040,13:09:19.357202
15.248223,71743,18255,13:09:19.357202
15.250079,71919,18391,13:09:19.357202
15.251938,71551,18253,13:09:19.357202
15.253796,71714,18126,13:09:19.357202
15.255658,71779,18164,13:09:19.408918
15.257519,71902,18300,13:09:19.408918
15.259383,71685,18195,13:09:19.408918
15.261301,71532,18422,13:09:19.408918
15.263158,72003,18232,13:09:19.408918
15.265019,71736,18270,13:09:19.408918
15.266879,71696,18142,13:09:19.408918
15.268735,71550,18106,13:09:19.408918
15.270593,71495,18268,13:09:19.408918
15.27245,71730,18042,13:09:19.408918
15.274306,71549,18341,13:09:19.408918
15.276165,71804,18251,13:09:19.408918
15.278021,71868,18222,13:09:19.408918
15.279879,71752,18190,13:09:19.408918
15.281736,71489,18002,13:09:19.408918
15.283596,71785,17984,13:09:19.408918
15.285453,71678,18356,13:09:19.408918
15.287309,71811,18133,13:09:19.408918
15.289167,71695,18164,13:09:19.408918
15.291024,71812,18122,13:09:19.408918
15.292882,71560,18289,13:09:19.408918
15.294739,71826,18337,13:09:19.408918
15.296595,71621,18071,13:09:19.408918
15.298453,71729,17964,13:09:19.408918
15.300317,71390,18067,13:09:19.408918
15.302174,71738,18055,13:09:19.408918
15.304031,71794,18236,13:09:19.408918
15.305891,71834,18150,13:09:19.457307
15.307767,71654,18151,13:09:19.457307
15.309632,71917,18240,13:09:19.457307
15.311542,71425,18399,13:09:19.457307
15.313398,71666,17983,13:09:19.457307
15.315255,71712,18340,13:09:19.457307
15.317113,71829,17871,13:09:19.457307
15.31897,71612,18218,13:09:19.457307
15.32083,71843,17853,13:09:19.457307
15.322686,71644,18169,13:09:19.457307
15.324547,71688,18379,13:09:19.457307
15.326403,72033,18271,13:09:19.457307
15.32826,71977,18159,13:09:19.457307
15.330118,72025,17996,13:09:19.457307
15.331974,71651,18189,13:09:19.457307
15.333833,71709,18296,13:09:19.457307
15.335689,71338,18133,13:09:19.457307
15.337551,71825,18298,13:09:19.457307
15.33941,71571,18121,13:09:19.457307
15.341276,71862,17980,13:09:19.457307
15.343133,71579,18211,13:09:19.457307
15.344989,71731,18178,13:09:19.457307
15.346847,71796,18243,13:09:19.457307
15.348704,71800,18184,13:09:19.457307
15.350564,71613,18130,13:09:19.457307
15.352423,71737,18490,13:09:19.457307
15.354301,71624,18042,13:09:19.457307
15.356171,71760,18142,13:09:19.507196
15.358032,71607,17991,13:09:19.507196
15.359897,71964,18341,13:09:19.507196
15.361808,71981,18084,13:09:19.507196
15.363665,71840,18107,13:09:19.507196
15.365523,71963,18318,13:09:19.507196
15.367381,71776,18186,13:09:19.507196
15.369238,71824,18099,13:09:19.507196
15.371098,71895,18160,13:09:19.507196
15.372955,71770,18151,13:09:19.507196
15.374813,71904,18438,13:09:19.507196
15.376669,71929,18176,13:09:19.507196
15.378526,71429,18248,13:09:19.507196
15.380384,71481,18017,13:09:19.507196
15.382244,71846,18264,13:09:19.507196
15.384103,71789,18213,13:09:19.507196
15.385959,71806,18418,13:09:19.507196
15.387826,71590,18290,13:09:19.507196
15.389682,71764,18239,13:09:19.507196
15.391539,71757,18376,13:09:19.507196
15.393397,71676,18207,13:09:19.507196
15.395253,71625,18305,13:09:19.507196
15.39711,71424,18252,13:09:19.507196
15.398966,71845,18071,13:09:19.507196
15.400824,71535,18228,13:09:19.507196
15.402681,71712,18178,13:09:19.507196
15.404546,71832,18144,13:09:19.558161
15.406408,71710,18265,13:09:19.558161
15.408268,71761,18117,13:09:19.558161
15.410164,71907,18106,13:09:19.558161
15.412053,71595,18231,13:09:19.558161
15.413909,71733,18211,13:09:19.558161
15.415769,71886,18306,13:09:19.558161
15.417626,71841,18127,13:09:19.558161
15.419482,71693,18275,13:09:19.558161
15.421341,71812,18176,13:09:19.558161
15.423203,71872,18278,13:09:19.558161
15.425061,71954,18214,13:09:19.558161
15.426918,71711,18489,13:09:19.558161
15.428784,71667,18191,13:09:19.558161
15.43064,71680,18125,13:09:19.558161
15.432497,71701,18162,13:09:19.558161
15.434355,71723,18121,13:09:19.558161
15.436212,71476,18180,13:09:19.558161
15.43807,71723,18055,13:09:19.558161
15.439926,71858,18116,13:09:19.558161
15.441783,71916,18246,13:09:19.558161
15.443641,71767,18388,13:09:19.558161
15.445505,71726,18042,13:09:19.558161
15.447362,71700,18316,13:09:19.558161
15.449218,71630,18111,13:09:19.558161
15.451077,71730,18244,13:09:19.558161
15.452945,71628,18318,13:09:19.558161
15.454804,71674,18240,13:09:19.607881
15.45667,71778,18247,13:09:19.607881
15.45853,71741,18219,13:09:19.607881
15.46045,71545,18121,13:09:19.607881
15.462313,71614,18159,13:09:19.607881
15.464169,71790,18411,13:09:19.607881
15.466028,71426,18064,13:09:19.607881
15.467884,71728,18116,13:09:19.607881
15.469744,71641,18285,13:09:19.607881
15.471601,71664,18244,13:09:19.607881
15.473457,71722,18300,13:09:19.607881
15.475316,71818,18078,13:09:19.607881
15.477172,71865,18113,13:09:19.607881
15.47903,71484,18384,13:09:19.607881
15.480887,71830,18386,13:09:19.607881
15.482743,71713,18262,13:09:19.607881
15.484602,71538,18379,13:09:19.607881
15.486465,71559,18037,13:09:19.607881
15.488322,71866,18030,13:09:19.607881
15.490179,71674,18157,13:09:19.607881
15.492037,71743,18232,13:09:19.607881
15.493894,71791,18073,13:09:19.607881
15.49575,71663,18427,13:09:19.607881
15.497608,71712,18087,13:09:19.607881
15.499465,71410,18052,13:09:19.607881
15.501321,71977,18244,13:09:19.607881
15.503178,71809,18161,13:09:19.607881
15.505042,71410,18092,13:09:19.665088
15.506914,71659,18296,13:09:19.665088
15.508775,71813,18235,13:09:19.665088
15.510697,72052,18196,13:09:19.665088
15.512571,71662,18271,13:09:19.665088
15.514436,71539,18243,13:09:19.665088
15.516292,71713,18171,13:09:19.665088
15.518148,71781,18388,13:09:19.665088
15.520007,71713,18143,13:09:19.665088
15.521865,71659,18216,13:09:19.665088
15.523722,71921,18140,13:09:19.665088
15.52558,71650,18319,13:09:19.665088
15.527436,72081,18227,13:09:19.665088
15.529295,71816,18082,13:09:19.665088
15.531151,71704,18242,13:09:19.665088
15.533014,71675,18195,13:09:19.665088
15.534874,71651,18302,13:09:19.665088
15.536734,71567,18171,13:09:19.665088
15.538595,71538,18059,13:09:19.665088
15.540451,71534,18074,13:09:19.665088
15.54231,71453,18102,13:09:19.665088
15.544166,71678,18152,13:09:19.665088
15.546022,71774,18298,13:09:19.665088
15.547881,71612,18194,13:09:19.665088
15.549743,71792,18047,13:09:19.665088
15.551602,71811,18000,13:09:19.665088
15.553458,71497,18317,13:09:19.665088
15.555324,71656,18228,13:09:19.707220
15.557195,71454,17926,13:09:19.707220
15.559066,71651,18262,13:09:19.707220
15.560977,71465,18403,13:09:19.707220
15.562844,71678,18199,13:09:19.707220
15.5647,71436,18068,13:09:19.707220
15.566558,71880,18218,13:09:19.707220
15.568415,71567,18104,13:09:19.707220
15.570273,71843,18350,13:09:19.707220
15.57213,71637,18234,13:09:19.707220
15.573986,71656,18228,13:09:19.707220
15.575844,71601,17997,13:09:19.707220
15.577706,71757,18019,13:09:19.707220
15.579563,71478,18041,13:09:19.707220
15.58142,71769,18358,13:09:19.707220
15.583278,71668,18152,13:09:19.707220
15.585134,71616,18067,13:09:19.707220
15.586991,71894,18142,13:09:19.707220
15.588847,71666,18342,13:09:19.707220
15.590704,71537,18217,13:09:19.707220
15.59256,71678,18347,13:09:19.707220
15.594416,71772,18223,13:09:19.707220
15.596277,71791,18222,13:09:19.707220
15.598133,71718,18068,13:09:19.707220
15.59999,71777,18039,13:09:19.707220
15.601848,71815,18243,13:09:19.707220
15.603704,71533,18197,13:09:19.707220
15.605565,71375,18406,13:09:19.757197
15.607433,71826,18086,13:09:19.757197
15.609295,71924,18088,13:09:19.757197
15.611204,71291,18167,13:09:19.757197
15.61308,71904,18135,13:09:19.757197
15.61494,71558,18111,13:09:19.757197
15.616799,71610,18012,13:09:19.757197
15.618665,71697,18071,13:09:19.757197
15.620521,71723,18245,13:09:19.757197
15.622378,71473,18087,13:09:19.757197
15.624236,71914,18080,13:09:19.757197
15.626093,71892,18173,13:09:19.757197
15.627949,71692,18156,13:09:19.757197
15.629807,71549,18069,13:09:19.757197
15.631664,71305,18061,13:09:19.757197
15.63352,71794,18237,13:09:19.758203
15.635379,71861,18092,13:09:19.758203
15.637243,71483,18165,13:09:19.765202
15.639099,71520,18133,13:09:19.765202
15.640956,71814,18155,13:09:19.765202
15.642814,71818,18172,13:09:19.765202
15.644671,71636,18249,13:09:19.765202
15.646527,71655,18186,13:09:19.765202
15.648383,71499,18022,13:09:19.765202
15.65024,71476,18304,13:09:19.765202
15.652096,71601,18209,13:09:19.765202
15.653956,71750,18061,13:09:19.766202
15.655823,71542,18251,13:09:19.808377
15.657685,71769,18137,13:09:19.808377
15.659557,71661,18285,13:09:19.808377
15.661496,71731,18168,13:09:19.808377
15.663378,71868,18085,13:09:19.808377
15.665241,71428,18153,13:09:19.808377
15.667101,71557,18058,13:09:19.808377
15.668961,71694,18000,13:09:19.808377
15.67082,71484,18065,13:09:19.808377
15.672696,71495,17974,13:09:19.808377
15.674552,71593,18192,13:09:19.808377
15.676409,71509,18328,13:09:19.808377
15.678272,71724,18240,13:09:19.808377
15.68013,71734,18391,13:09:19.808377
15.681986,71669,18273,13:09:19.808377
15.683844,71572,17961,13:09:19.808377
15.685701,71688,18200,13:09:19.808377
15.687557,71751,18323,13:09:19.808377
15.689416,71750,17957,13:09:19.808377
15.691272,71601,17875,13:09:19.808377
15.693128,71590,18167,13:09:19.808377
15.694985,71608,18170,13:09:19.808377
15.696849,71675,17881,13:09:19.808377
15.698706,71619,18273,13:09:19.808377
15.700562,71742,18360,13:09:19.808377
15.70242,71568,18109,13:09:19.808377
15.704277,71657,18008,13:09:19.808377
15.706151,71485,18065,13:09:19.859770
15.708011,71247,18215,13:09:19.859770
15.70988,71702,18284,13:09:19.859770
15.711766,71512,18138,13:09:19.859770
15.713626,71586,18234,13:09:19.859770
15.715489,71435,18095,13:09:19.859770
15.717345,71754,18105,13:09:19.859770
15.719202,71692,18263,13:09:19.859770
15.72106,71685,18005,13:09:19.859770
15.722916,71675,18222,13:09:19.859770
15.724777,71695,18059,13:09:19.859770
15.726633,71798,18382,13:09:19.859770
15.728494,71461,18058,13:09:19.859770
15.730352,71709,18125,13:09:19.859770
15.732218,71492,18257,13:09:19.859770
15.734075,71645,18175,13:09:19.859770
15.735931,71707,18095,13:09:19.859770
15.73779,71712,17981,13:09:19.859770
15.739646,71474,18099,13:09:19.859770
15.741502,71728,18168,13:09:19.859770
15.743359,71580,18205,13:09:19.859770
15.745215,71649,18208,13:09:19.859770
15.747072,71609,18489,13:09:19.859770
15.748928,71355,18421,13:09:19.859770
15.750788,71401,18190,13:09:19.859770
15.752645,71529,18238,13:09:19.859770
15.754501,71578,18306,13:09:19.859770
15.756372,71698,18132,13:09:19.911390
15.758232,71333,17850,13:09:19.911390
15.760108,71778,18224,13:09:19.911390
15.761994,71200,18082,13:09:19.911390
15.763901,71632,18461,13:09:19.911390
15.765759,71586,17937,13:09:19.911390
15.76762,71758,18082,13:09:19.911390
15.769476,71415,18116,13:09:19.911390
15.771334,71419,18045,13:09:19.911390
15.773191,71906,18038,13:09:19.911390
15.775049,71682,18166,13:09:19.911390
15.776906,71468,18232,13:09:19.911390
15.778768,71649,18192,13:09:19.911390
15.780624,71479,18125,13:09:19.911390
15.782481,71543,18088,13:09:19.911390
15.784339,71477,18081,13:09:19.911390
15.786196,71628,18235,13:09:19.911390
15.788052,71391,18140,13:09:19.911390
15.789908,71610,18277,13:09:19.911390
15.791765,71610,18072,13:09:19.911390
15.793621,71648,17927,13:09:19.911390
15.795478,71377,18167,13:09:19.911390
15.797338,71560,18176,13:09:19.911390
15.799194,71783,18095,13:09:19.911390
15.801053,71757,18072,13:09:19.911390
15.802909,71727,18103,13:09:19.911390
15.804766,71878,18154,13:09:19.961909
15.806628,71667,18126,13:09:19.961909
15.808488,71766,18165,13:09:19.961909
15.810398,71450,18061,13:09:19.961909
15.812261,71535,17946,13:09:19.961909
15.814145,71274,18248,13:09:19.961909
15.816032,71654,18279,13:09:19.961909
15.817888,71557,18218,13:09:19.961909
15.819744,71506,18204,13:09:19.961909
15.821601,71597,18177,13:09:19.961909
15.82346,71579,18215,13:09:19.961909
15.825318,71622,18170,13:09:19.961909
15.827174,71756,18074,13:09:19.961909
15.829032,71572,17995,13:09:19.961909
15.830889,71713,18071,13:09:19.961909
15.832745,71653,18073,13:09:19.961909
15.834604,71604,18000,13:09:19.961909
15.83646,71714,17997,13:09:19.961909
15.838318,71662,18198,13:09:19.961909
15.840175,71638,18271,13:09:19.961909
15.842037,71757,17991,13:09:19.961909
15.843894,71750,18116,13:09:19.961909
15.84575,71570,18092,13:09:19.961909
15.847608,71389,17997,13:09:19.961909
15.849465,71519,17833,13:09:19.961909
15.851323,71727,17992,13:09:19.961909
15.85318,71305,17838,13:09:19.961909
15.855036,71524,18147,13:09:20.017168
15.856906,71494,18106,13:09:20.017168
15.858768,71553,18120,13:09:20.017168
15.860651,71544,18181,13:09:20.017168
15.86251,71485,18193,13:09:20.017168
15.864378,71409,18090,13:09:20.017168
15.866264,71187,17814,13:09:20.018167
15.86812,71562,18369,13:09:20.018167
15.869985,71837,18344,13:09:20.018167
15.871843,71860,18151,13:09:20.018167
15.8737,71435,18058,13:09:20.018167
15.875558,71700,18004,13:09:20.018167
15.877415,71694,18249,13:09:20.018167
15.879271,71688,17995,13:09:20.018167
15.881127,71810,18254,13:09:20.018167
15.882988,71736,17975,13:09:20.018167
15.884846,71386,18095,13:09:20.018167
15.886703,71448,18148,13:09:20.018167
15.888561,71846,18272,13:09:20.018167
15.890417,71604,18140,13:09:20.018167
15.892276,71584,18200,13:09:20.018167
15.894132,71799,17902,13:09:20.018167
15.895993,71444,18135,13:09:20.018167
15.897851,71496,17917,13:09:20.018167
15.899717,71440,18197,13:09:20.018167
15.901574,71566,17815,13:09:20.018167
15.90343,71845,18047,13:09:20.018167
15.905289,71558,18068,13:09:20.064945
15.907155,71545,18246,13:09:20.064945
15.909015,71811,17844,13:09:20.064945
15.910908,71398,18405,13:09:20.064945
15.912772,71261,18027,13:09:20.064945
15.914632,71384,18176,13:09:20.064945
15.916489,71552,18168,13:09:20.064945
15.918352,70617,18200,13:09:20.064945
15.920213,71908,17876,13:09:20.064945
15.92207,71636,18265,13:09:20.064945
15.923928,71461,18087,13:09:20.064945
15.925785,71439,18508,13:09:20.064945
15.927641,71722,17852,13:09:20.064945
15.929499,71661,17937,13:09:20.064945
15.931361,71589,18312,13:09:20.064945
15.93322,71647,18016,13:09:20.064945
15.935077,71470,17857,13:09:20.064945
15.936943,71375,18181,13:09:20.064945
15.938801,71612,18018,13:09:20.064945
15.940658,71745,18058,13:09:20.064945
15.942516,71816,17827,13:09:20.064945
15.944373,71597,18146,13:09:20.064945
15.946231,71615,18127,13:09:20.064945
15.948087,71710,17967,13:09:20.064945
15.949944,71554,18243,13:09:20.064945
15.951804,71765,18042,13:09:20.064945
15.953663,71667,18039,13:09:20.065952
15.955521,71444,18158,13:09:20.118044
15.957385,71673,17834,13:09:20.118044
15.959253,71911,18231,13:09:20.118044
15.961166,71152,18180,13:09:20.118044
15.963024,71493,18050,13:09:20.118044
15.964885,71617,18050,13:09:20.118044
15.966747,71602,18055,13:09:20.118044
15.968635,68661,18005,13:09:20.118044
15.970498,71942,17951,13:09:20.118044
15.972376,71560,17906,13:09:20.118044
15.974238,71692,18309,13:09:20.118044
15.976095,71550,18212,13:09:20.118044
15.977951,71868,18393,13:09:20.118044
15.97981,71781,18210,13:09:20.118044
15.981666,71577,18106,13:09:20.118044
15.983524,71867,18246,13:09:20.118044
15.985391,71781,18128,13:09:20.118044
15.987247,71566,18308,13:09:20.118044
15.989106,71615,17834,13:09:20.118044
15.990964,71636,18184,13:09:20.118044
15.992822,71867,18242,13:09:20.118044
15.994679,71773,18038,13:09:20.118044
15.996541,71720,18432,13:09:20.118044
15.998397,71838,18040,13:09:20.118044
16.000254,71895,17841,13:09:20.118044
16.002112,71703,18066,13:09:20.118044
16.003969,71594,18107,13:09:20.118044
16.005829,71489,18074,13:09:20.168002
16.007693,71575,18220,13:09:20.168002
16.009557,71856,17977,13:09:20.168002
16.01146,71166,17986,13:09:20.168002
16.013316,71180,17837,13:09:20.168002
16.015175,71572,18122,13:09:20.168002
16.017031,71413,18047,13:09:20.168002
16.018888,71760,17829,13:09:20.168002
16.020746,70810,18007,13:09:20.168002
16.022644,71349,18085,13:09:20.169007
16.024505,71520,17903,13:09:20.169007
16.026361,71812,17911,13:09:20.169007
16.028218,71726,17794,13:09:20.169007
16.030076,71551,18055,13:09:20.169007
16.031932,71759,18489,13:09:20.169007
16.033791,71532,18204,13:09:20.169007
16.035647,71727,18105,13:09:20.169007
16.03751,71749,18112,13:09:20.169007
16.039366,71874,18095,13:09:20.169007
16.041222,71668,18144,13:09:20.169007
16.043081,71792,18194,13:09:20.169007
16.044937,71954,17971,13:09:20.169007
16.046798,71633,18098,13:09:20.169007
16.048654,71471,17992,13:09:20.169007
16.05051,71544,18093,13:09:20.169007
16.052369,71523,18161,13:09:20.169007
16.054229,71849,18095,13:09:20.169007
16.056094,71655,18212,13:09:20.221125
16.057954,71531,18411,13:09:20.221125
16.059828,71672,18254,13:09:20.221125
16.06174,71491,18269,13:09:20.221125
16.063597,71673,18015,13:09:20.221125
16.065455,71659,18282,13:09:20.222103
16.067314,71475,18307,13:09:20.222103
16.069172,71426,18216,13:09:20.222103
16.071028,70186,18337,13:09:20.222103
16.072887,71609,18090,13:09:20.222103
16.074745,71851,18052,13:09:20.222103
16.076602,71834,18098,13:09:20.222103
16.078468,71451,18306,13:09:20.222103
16.080324,71778,18086,13:09:20.222103
16.082181,71631,18186,13:09:20.222103
16.084039,71760,18173,13:09:20.222103
16.085896,71798,18092,13:09:20.222103
16.087752,71516,18423,13:09:20.222103
16.089609,71613,18017,13:09:20.222103
16.091465,71770,18051,13:09:20.222103
16.093321,71578,18006,13:09:20.222103
16.095178,71652,18353,13:09:20.222103
16.097038,71713,18101,13:09:20.222103
16.098895,71689,18278,13:09:20.222103
16.100755,71762,18161,13:09:20.222103
16.102611,71658,18158,13:09:20.222103
16.104468,71808,18028,13:09:20.222103
16.106344,71644,18237,13:09:20.276119
16.108205,71924,18297,13:09:20.276119
16.110087,71644,18145,13:09:20.276119
16.111971,72001,17967,13:09:20.276119
16.113836,71323,18140,13:09:20.276119
16.115694,71627,18115,13:09:20.276119
16.11755,70156,18121,13:09:20.276119
16.119409,71460,18410,13:09:20.276119
16.121292,71372,18032,13:09:20.276119
16.12316,71728,18345,13:09:20.276119
16.125019,68150,18153,13:09:20.276119
16.126882,71862,17966,13:09:20.277117
16.128744,71688,18027,13:09:20.277117
16.130601,71454,18106,13:09:20.277117
16.132457,71792,18260,13:09:20.277117
16.134316,71643,18111,13:09:20.277117
16.136172,71561,18037,13:09:20.277117
16.13803,71722,18104,13:09:20.277117
16.139887,71676,18010,13:09:20.277117
16.141747,71704,18044,13:09:20.277117
16.143604,71741,18196,13:09:20.277117
16.145463,71769,18239,13:09:20.277117
16.147324,71480,18258,13:09:20.277117
16.149181,71564,18084,13:09:20.277117
16.151041,71440,18329,13:09:20.277117
16.152898,71774,18315,13:09:20.277117
16.154754,71843,18129,13:09:20.320779
16.15662,72088,18354,13:09:20.320779
16.158481,71738,18173,13:09:20.320779
16.160399,71818,17891,13:09:20.320779
16.162263,71170,18225,13:09:20.320779
16.16412,71793,17887,13:09:20.320779
16.165976,71476,18266,13:09:20.320779
16.167835,71480,17958,13:09:20.320779
16.169694,71853,18297,13:09:20.320779
16.171551,71122,18249,13:09:20.320779
16.173408,71664,18256,13:09:20.320779
16.175266,71774,18090,13:09:20.320779
16.177123,71941,18213,13:09:20.320779
16.178981,71697,18346,13:09:20.320779
16.180868,70586,18226,13:09:20.322830
16.182738,71764,18201,13:09:20.323831
16.184596,71606,18208,13:09:20.323831
16.186452,71706,18382,13:09:20.323831
16.188311,71474,18198,13:09:20.323831
16.190167,71412,18087,13:09:20.323831
16.19203,71723,18094,13:09:20.323831
16.193888,71573,18288,13:09:20.324830
16.195754,71986,18169,13:09:20.324830
16.197611,71595,18267,13:09:20.324830
16.199467,71817,18235,13:09:20.324830
16.201326,71720,18249,13:09:20.324830
16.203182,71533,18268,13:09:20.324830
16.205038,71770,18246,13:09:20.378888
16.206907,71767,18136,13:09:20.378888
16.208767,71864,18213,13:09:20.378888
16.210665,71611,18244,13:09:20.378888
16.212524,71535,18325,13:09:20.378888
16.21438,71620,18329,13:09:20.378888
16.216238,71940,18301,13:09:20.378888
16.218095,71190,18115,13:09:20.378888
16.219953,71371,18273,13:09:20.378888
16.22181,71862,18233,13:09:20.378888
16.223667,70226,18447,13:09:20.378888
16.225558,71490,18292,13:09:20.378888
16.227415,71854,18427,13:09:20.378888
16.229273,72082,18130,13:09:20.378888
16.23113,71705,18170,13:09:20.378888
16.232988,71818,18273,13:09:20.378888
16.234846,71649,18339,13:09:20.378888
16.236703,71965,18345,13:09:20.378888
16.238563,71628,18314,13:09:20.378888
16.240419,71781,18022,13:09:20.378888
16.242278,71787,18386,13:09:20.378888
16.244134,71737,18257,13:09:20.378888
16.245991,71669,18275,13:09:20.378888
16.247849,71775,18220,13:09:20.378888
16.249709,71585,18229,13:09:20.378888
16.251568,71836,18324,13:09:20.378888
16.253424,71761,18273,13:09:20.379899
16.255291,71724,18109,13:09:20.424592
16.257153,71742,18481,13:09:20.424592
16.259014,71774,18336,13:09:20.424592
16.260918,71722,18181,13:09:20.424592
16.262776,71746,18111,13:09:20.424592
16.264632,71880,18159,13:09:20.424592
16.266489,71691,18062,13:09:20.424592
16.268345,71740,18173,13:09:20.424592
16.270204,71680,18250,13:09:20.424592
16.272062,71700,18420,13:09:20.424592
16.273922,71894,18367,13:09:20.424592
16.275781,71636,18293,13:09:20.424592
16.277637,71782,18023,13:09:20.424592
16.279496,71725,18224,13:09:20.424592
16.281352,71279,18471,13:09:20.424592
16.28321,71638,18206,13:09:20.424592
16.285067,71917,18456,13:09:20.424592
16.286925,71778,18144,13:09:20.424592
16.288784,71446,18452,13:09:20.424592
16.29064,71835,17986,13:09:20.424592
16.292498,71584,18215,13:09:20.424592
16.294355,71811,18059,13:09:20.424592
16.296213,71822,18156,13:09:20.424592
16.29807,71799,18217,13:09:20.424592
16.299926,71835,18076,13:09:20.424592
16.301784,72000,17988,13:09:20.424592
16.303646,71771,18146,13:09:20.424592
16.305505,71397,17990,13:09:20.474039
16.307385,71785,18319,13:09:20.474039
16.309247,71694,18367,13:09:20.474039
16.311144,71609,18290,13:09:20.474039
16.313002,71665,18271,13:09:20.474039
16.314863,71531,18195,13:09:20.474039
16.316719,71703,18288,13:09:20.474039
16.318576,71686,18305,13:09:20.474039
16.320434,71600,18059,13:09:20.474039
16.322294,71684,18331,13:09:20.474039
16.324151,71733,18099,13:09:20.474039
16.326007,71837,18484,13:09:20.474039
16.327866,68221,18260,13:09:20.474039
16.329766,71684,18304,13:09:20.474039
16.331627,71487,18247,13:09:20.474039
16.333485,71416,18290,13:09:20.474039
16.335341,71873,18339,13:09:20.474039
16.337203,71702,18309,13:09:20.474039
16.33906,71621,18415,13:09:20.474039
16.340916,71836,18218,13:09:20.474039
16.342775,71820,18185,13:09:20.474039
16.344631,71707,18246,13:09:20.474039
16.346489,71806,18240,13:09:20.474039
16.348346,71558,18028,13:09:20.474039
16.350204,71912,18144,13:09:20.474039
16.352063,71495,18350,13:09:20.474039
16.353929,71836,18324,13:09:20.474039
16.355789,71800,17847,13:09:20.530376
16.357652,71698,18251,13:09:20.530376
16.35952,71831,18388,13:09:20.530376
16.361424,71286,18253,13:09:20.530376
16.363281,71565,18113,13:09:20.530376
16.365141,71706,18077,13:09:20.530376
16.366997,71465,18348,13:09:20.530376
16.368856,71259,18173,13:09:20.530376
16.370714,71208,18343,13:09:20.530376
16.372577,70088,18267,13:09:20.530376
16.374434,71463,18147,13:09:20.530376
16.376293,71949,18187,13:09:20.530376
16.378154,70651,18463,13:09:20.530376
16.38001,71656,18467,13:09:20.530376
16.381869,71911,18322,13:09:20.530376
16.383727,71707,18391,13:09:20.530376
16.385583,71949,18389,13:09:20.530376
16.387442,71856,18334,13:09:20.530376
16.389298,71863,18221,13:09:20.530376
16.391156,71856,18226,13:09:20.530376
16.393013,71550,18235,13:09:20.530376
16.39487,71781,18319,13:09:20.530376
16.396728,71796,18280,13:09:20.530376
16.398584,71671,18401,13:09:20.530376
16.400442,71517,18604,13:09:20.530376
16.402299,71867,18412,13:09:20.530376
16.404155,71723,18223,13:09:20.530376
16.406036,71393,18114,13:09:20.577735
16.407896,71908,18447,13:09:20.577735
16.409764,71661,18192,13:09:20.577735
16.411647,71656,18140,13:09:20.577735
16.413503,71777,18261,13:09:20.577735
16.415363,71665,18464,13:09:20.577735
16.417222,71806,17898,13:09:20.578734
16.41908,71404,18397,13:09:20.578734
16.420937,71622,18521,13:09:20.578734
16.422799,71013,18316,13:09:20.578734
16.424657,71328,18378,13:09:20.578734
16.426523,71301,18286,13:09:20.578734
16.4284,70809,18501,13:09:20.578734
16.430264,71874,18770,13:09:20.578734
16.432133,70144,18158,13:09:20.578734
16.433991,71897,18335,13:09:20.578734
16.435848,72031,18430,13:09:20.578734
16.437704,72471,18485,13:09:20.578734
16.43956,72483,18261,13:09:20.578734
16.441419,72349,18414,13:09:20.578734
16.443275,72173,18128,13:09:20.578734
16.445132,72184,18372,13:09:20.578734
16.446988,72219,18144,13:09:20.578734
16.448844,72186,18579,13:09:20.578734
16.450701,72125,18474,13:09:20.578734
16.452557,71920,18422,13:09:20.578734
16.454417,71907,18241,13:09:20.578734
16.456288,71731,18565,13:09:20.628578
16.458148,71900,18183,13:09:20.628578
16.460024,71827,18213,13:09:20.628578
16.461921,71780,18547,13:09:20.628578
16.463777,71544,18284,13:09:20.629597
16.465634,72069,18351,13:09:20.629597
16.467491,71785,18577,13:09:20.629597
16.46935,72054,18332,13:09:20.629597
16.471207,71104,18346,13:09:20.629597
16.473073,72060,18689,13:09:20.629597
16.474929,72228,18294,13:09:20.629597
16.476786,72147,18361,13:09:20.629597
16.478653,71351,18616,13:09:20.629597
16.480528,69104,18403,13:09:20.629597
16.482401,71836,18357,13:09:20.629597
16.484259,71942,18488,13:09:20.629597
16.486117,71905,18288,13:09:20.629597
16.487978,72063,18377,13:09:20.629597
16.489834,71886,18282,13:09:20.629597
16.491693,71822,18468,13:09:20.629597
16.493549,72039,18427,13:09:20.629597
16.495406,71904,18190,13:09:20.629597
16.497264,71913,18235,13:09:20.629597
16.499126,71806,18293,13:09:20.629597
16.500985,71853,18290,13:09:20.629597
16.502843,71811,18254,13:09:20.629597
16.504708,71720,18321,13:09:20.687594
16.506572,71699,18101,13:09:20.687594
16.508439,71988,18041,13:09:20.687594
16.51034,71448,18147,13:09:20.687594
16.512209,71513,18138,13:09:20.687594
16.514065,71079,18083,13:09:20.687594
16.515924,71147,18340,13:09:20.687594
16.517782,71588,18197,13:09:20.687594
16.51964,70393,18324,13:09:20.687594
16.521499,70889,18133,13:09:20.687594
16.523357,71599,18207,13:09:20.687594
16.525214,71838,18257,13:09:20.687594
16.52707,71117,18212,13:09:20.687594
16.528928,71067,18253,13:09:20.687594
16.530785,71532,18414,13:09:20.687594
16.532648,69703,18327,13:09:20.687594
16.534539,71422,18100,13:09:20.687594
16.536395,71517,18179,13:09:20.687594
16.538252,71675,18136,13:09:20.687594
16.540109,71594,18060,13:09:20.687594
16.541967,71573,18197,13:09:20.687594
16.543823,71383,18115,13:09:20.687594
16.54568,71393,18226,13:09:20.687594
16.547536,71619,18363,13:09:20.687594
16.5494,71276,18110,13:09:20.687594
16.551257,71463,18218,13:09:20.687594
16.553113,71536,18231,13:09:20.687594
16.554972,71523,18282,13:09:20.730912
16.55685,71521,18162,13:09:20.730912
16.558712,71710,18383,13:09:20.730912
16.560611,71524,18178,13:09:20.730912
16.562471,71561,18000,13:09:20.730912
16.564328,71489,17874,13:09:20.730912
16.566184,71455,18187,13:09:20.730912
16.568048,71865,18245,13:09:20.730912
16.569905,71569,18187,13:09:20.730912
16.571763,71666,18090,13:09:20.730912
16.573622,71765,18326,13:09:20.730912
16.575478,71596,17900,13:09:20.730912
16.577334,71477,18141,13:09:20.730912
16.579193,71329,18290,13:09:20.730912
16.581053,71531,18450,13:09:20.730912
16.582909,71493,17925,13:09:20.730912
16.584766,71702,18206,13:09:20.730912
16.586626,71542,18186,13:09:20.730912
16.588485,71296,18207,13:09:20.730912
16.59034,70982,18319,13:09:20.730912
16.592203,71289,18222,13:09:20.730912
16.59406,71618,18367,13:09:20.730912
16.59592,71645,18239,13:09:20.730912
16.597777,71317,18193,13:09:20.730912
16.599633,71756,18431,13:09:20.730912
16.601489,71705,18024,13:09:20.730912
16.603347,71570,18204,13:09:20.730912
16.605204,71796,17996,13:09:20.794605
16.607079,71507,18116,13:09:20.794605
16.608937,71870,18079,13:09:20.794605
16.610849,71455,18322,13:09:20.794605
16.612712,71523,18215,13:09:20.794605
16.61457,71238,18112,13:09:20.794605
16.616426,71383,18114,13:09:20.794605
16.618283,71638,18335,13:09:20.794605
16.620141,70901,18133,13:09:20.794605
16.622003,70741,18090,13:09:20.794605
16.623862,71142,18126,13:09:20.794605
16.625718,70941,18351,13:09:20.794605
16.627585,70415,18361,13:09:20.794605
16.629441,71427,18132,13:09:20.794605
16.631298,71387,18281,13:09:20.794605
16.633156,71349,18317,13:09:20.794605
16.635026,70055,18176,13:09:20.794605
16.636905,71524,18372,13:09:20.794605
16.638763,71617,18012,13:09:20.794605
16.640619,71849,18394,13:09:20.794605
16.642478,71648,18330,13:09:20.794605
16.644334,71595,18234,13:09:20.794605
16.646191,71556,18082,13:09:20.794605
16.648047,71468,18195,13:09:20.794605
16.649909,71669,18374,13:09:20.794605
16.651768,71739,18396,13:09:20.794605
16.653629,71525,18223,13:09:20.794605
16.655489,71401,18627,13:09:20.834486
16.657363,71590,18193,13:09:20.834486
16.659227,71624,18259,13:09:20.834486
16.66112,71244,18270,13:09:20.834486
16.66298,71602,18477,13:09:20.834486
16.664838,71341,18080,13:09:20.834486
16.666695,71227,18321,13:09:20.834486
16.668553,71468,18371,13:09:20.834486
16.670411,70800,18380,13:09:20.834486
16.672277,71424,18212,13:09:20.834486
16.674134,71470,18148,13:09:20.834486
16.675993,71074,18086,13:09:20.834486
16.677851,69879,18333,13:09:20.834486
16.679707,71560,18620,13:09:20.834486
16.681564,71688,18409,13:09:20.834486
16.683426,71585,18054,13:09:20.834486
16.685283,70978,18113,13:09:20.834486
16.687139,71606,18026,13:09:20.834486
16.688997,71663,18296,13:09:20.834486
16.690856,71569,18241,13:09:20.834486
16.692712,71827,18231,13:09:20.834486
16.694569,71339,18443,13:09:20.834486
16.696428,67087,18190,13:09:20.834486
16.698289,70827,17834,13:09:20.834486
16.700148,70958,18181,13:09:20.834486
16.702004,71024,17731,13:09:20.834486
16.703861,70234,17503,13:09:20.834486
16.705721,70416,17969,13:09:20.883166
16.707587,70716,17717,13:09:20.883166
16.709454,69903,17614,13:09:20.883166
16.711366,69497,17818,13:09:20.883166
16.713223,69883,17452,13:09:20.883166
16.715085,69319,17449,13:09:20.883166
16.716941,68838,17715,13:09:20.883166
16.718802,69768,17406,13:09:20.883166
16.720658,68812,17419,13:09:20.883166
16.722514,69259,17445,13:09:20.883166
16.724373,68995,17154,13:09:20.883166
16.726232,68614,17475,13:09:20.883166
16.72809,68229,17362,13:09:20.883166
16.729946,69076,17364,13:09:20.883166
16.731814,68952,17264,13:09:20.883166
16.733671,68360,17300,13:09:20.883166
16.735527,68599,17357,13:09:20.883166
16.737387,66017,17415,13:09:20.883166
16.739254,68681,17245,13:09:20.883166
16.741148,68742,17313,13:09:20.883166
16.743004,68624,17069,13:09:20.883166
16.744871,68562,17463,13:09:20.883166
16.746727,68611,17426,13:09:20.883166
16.748584,68767,17244,13:09:20.883166
16.750442,68558,17463,13:09:20.883166
16.752298,68698,17285,13:09:20.884157
16.754155,68973,17575,13:09:20.886157
16.756023,69445,17950,13:09:20.935378
16.757884,70443,17819,13:09:20.935378
16.75975,69947,17907,13:09:20.935378
16.76167,69806,18209,13:09:20.935378
16.763542,71059,18376,13:09:20.935378
16.765401,70859,18107,13:09:20.935378
16.767259,70672,18195,13:09:20.935378
16.76912,72113,18363,13:09:20.935378
16.770976,71869,18659,13:09:20.935378
16.772833,71578,18820,13:09:20.935378
16.774693,72627,18604,13:09:20.935378
16.776549,72054,18390,13:09:20.935378
16.778408,72075,18561,13:09:20.935378
16.780264,71831,18509,13:09:20.935378
16.78212,71681,18201,13:09:20.935378
16.783979,71680,18426,13:09:20.935378
16.785839,69990,18780,13:09:20.935378
16.787699,71166,17830,13:09:20.935378
16.789556,70712,17978,13:09:20.935378
16.791422,71456,18231,13:09:20.935378
16.79328,71253,18149,13:09:20.935378
16.795163,70822,17928,13:09:20.935378
16.797021,71163,18597,13:09:20.935378
16.798878,71576,18282,13:09:20.935378
16.800738,71096,18016,13:09:20.935378
16.802594,71351,18314,13:09:20.935378
16.804451,72001,18485,13:09:20.935378
16.806317,71726,18237,13:09:20.986970
16.808178,71542,18350,13:09:20.986970
16.810062,72093,18605,13:09:20.987973
16.811944,72024,18133,13:09:20.987973
16.813803,71192,18398,13:09:20.987973
16.815659,71626,18437,13:09:20.987973
16.817515,71454,18170,13:09:20.987973
16.819374,70947,17977,13:09:20.987973
16.82123,71310,18259,13:09:20.987973
16.823087,70653,18360,13:09:20.987973
16.824945,70570,18007,13:09:20.987973
16.826803,71030,18198,13:09:20.987973
16.828662,71176,18389,13:09:20.987973
16.830518,71262,18174,13:09:20.987973
16.832381,71083,18049,13:09:20.987973
16.834237,70643,18187,13:09:20.987973
16.836093,71902,18175,13:09:20.987973
16.837952,69711,18378,13:09:20.987973
16.839812,71097,18186,13:09:20.987973
16.84167,71115,18295,13:09:20.987973
16.843527,70981,18129,13:09:20.987973
16.845383,70790,18010,13:09:20.987973
16.847242,70868,18197,13:09:20.987973
16.8491,70901,17878,13:09:20.987973
16.850956,70679,17860,13:09:20.987973
16.852813,70783,18259,13:09:20.987973
16.854671,70737,18189,13:09:21.039097
16.856538,70696,17896,13:09:21.039097
16.858398,70910,18272,13:09:21.039097
16.860313,71349,18195,13:09:21.040096
16.862181,71406,18034,13:09:21.040096
16.864037,71415,18350,13:09:21.040096
16.865895,71630,18295,13:09:21.040096
16.867757,71915,18400,13:09:21.040096
16.869614,71579,18477,13:09:21.040096
16.87147,72065,18760,13:09:21.040096
16.873339,72039,18469,13:09:21.040096
16.875195,71349,18431,13:09:21.040096
16.877052,72244,18572,13:09:21.040096
16.878912,70095,18339,13:09:21.040096
16.880768,71022,18617,13:09:21.040096
16.882627,70676,18330,13:09:21.040096
16.884483,71811,18421,13:09:21.040096
16.88634,72115,18383,13:09:21.040096
16.888202,71106,18377,13:09:21.040096
16.890059,71542,18889,13:09:21.040096
16.891925,72065,18415,13:09:21.040096
16.893783,72167,18722,13:09:21.040096
16.895649,72485,18725,13:09:21.040096
16.89755,72236,18513,13:09:21.040096
16.899408,72320,18456,13:09:21.040096
16.901266,72544,18570,13:09:21.040096
16.903123,72982,18839,13:09:21.040096
16.904983,72367,18450,13:09:21.089161
16.906856,72130,18552,13:09:21.089161
16.908716,72393,18865,13:09:21.089161
16.910612,72304,18692,13:09:21.089161
16.912474,71630,18247,13:09:21.089161
16.914331,71553,18237,13:09:21.089161
16.916189,71890,18671,13:09:21.089161
16.918046,71416,18208,13:09:21.090175
16.919904,70519,18344,13:09:21.090175
16.921762,71242,18582,13:09:21.090175
16.923621,71978,18389,13:09:21.090175
16.925477,72037,18687,13:09:21.090175
16.927334,72158,18858,13:09:21.090175
16.929192,72264,18706,13:09:21.090175
16.931048,72625,18700,13:09:21.090175
16.932907,71185,18608,13:09:21.090175
16.934763,72709,18552,13:09:21.090175
16.93662,72949,18755,13:09:21.090175
16.938482,71672,18657,13:09:21.090175
16.940342,72639,18483,13:09:21.090175
16.942199,71904,18951,13:09:21.090175
16.944057,72349,18681,13:09:21.090175
16.945916,72351,18652,13:09:21.090175
16.947774,72411,18870,13:09:21.090175
16.94963,71973,18149,13:09:21.090175
16.951489,71500,18467,13:09:21.090175
16.953345,71803,18548,13:09:21.090175
16.955202,71481,18249,13:09:21.106590
16.95707,71325,18381,13:09:21.106590
16.958928,71024,18072,13:09:21.106590
16.960827,70773,18256,13:09:21.106590
16.962685,71056,18395,13:09:21.106590
16.964541,71231,18281,13:09:21.106590
16.966398,71113,18360,13:09:21.106590
16.968254,71614,18139,13:09:21.106590
16.970111,71359,18278,13:09:21.106590
16.971977,71540,18572,13:09:21.107588
16.973835,71352,18450,13:09:21.107588
16.975692,72182,18604,13:09:21.107588
16.97755,72172,18436,13:09:21.107588
16.979409,72602,18894,13:09:21.107588
16.981265,73034,18930,13:09:21.107588
16.983123,71989,18796,13:09:21.107588
16.984984,72528,18837,13:09:21.107588
16.986842,73349,18899,13:09:21.107588
16.988698,72384,18856,13:09:21.107588
16.990564,73450,18783,13:09:21.107588
16.992453,70264,18671,13:09:21.107588
16.994312,73206,18418,13:09:21.107588
16.996172,73074,18759,13:09:21.107588
16.998028,72913,18631,13:09:21.107588
16.999885,72544,18671,13:09:21.107588
17.001743,72419,18506,13:09:21.107588
17.003599,72691,18523,13:09:21.107588
17.005462,72723,18566,13:09:21.157405
17.007326,72408,18233,13:09:21.157405
17.009187,72355,18582,13:09:21.157405
17.011095,72137,18709,13:09:21.157405
17.012951,72360,18538,13:09:21.157405
17.01481,72627,18403,13:09:21.157405
17.016666,72567,18702,13:09:21.157405
17.018526,72596,18423,13:09:21.157405
17.020383,72786,18592,13:09:21.157405
17.022239,72768,18638,13:09:21.157405
17.024098,72969,18547,13:09:21.157405
17.025954,72856,18384,13:09:21.157405
17.027812,72826,18584,13:09:21.157405
17.029669,72903,18543,13:09:21.157405
17.031525,72657,18409,13:09:21.157405
17.033382,73295,18861,13:09:21.157405
17.035247,73363,18696,13:09:21.157405
17.037106,72887,18610,13:09:21.157405
17.038963,72993,18529,13:09:21.157405
17.040821,72702,18454,13:09:21.157405
17.042688,72419,18575,13:09:21.157405
17.04455,72512,18449,13:09:21.157405
17.046408,72620,18442,13:09:21.157405
17.048265,72438,18374,13:09:21.157405
17.050123,72319,18596,13:09:21.157405
17.051979,72396,18320,13:09:21.157405
17.053836,71950,18401,13:09:21.157405
17.055704,72330,18471,13:09:21.210756
17.057567,72618,18768,13:09:21.210756
17.05943,72444,18536,13:09:21.210756
17.061333,72278,18681,13:09:21.210756
17.06319,72856,18683,13:09:21.210756
17.065048,72725,18354,13:09:21.210756
17.066904,72712,18698,13:09:21.210756
17.068765,73093,18551,13:09:21.210756
17.070621,73054,18968,13:09:21.210756
17.072482,73423,18602,13:09:21.210756
17.07434,73297,18808,13:09:21.210756
17.076206,73405,18648,13:09:21.210756
17.078063,73114,18732,13:09:21.210756
17.079919,73295,19122,13:09:21.210756
17.081778,73377,18774,13:09:21.210756
17.083634,73117,18571,13:09:21.210756
17.08549,73062,18722,13:09:21.210756
17.087347,73265,18789,13:09:21.210756
17.089203,72907,18826,13:09:21.210756
17.09106,73111,19135,13:09:21.210756
17.092916,73170,18984,13:09:21.210756
17.094784,72873,18971,13:09:21.210756
17.096641,72871,19105,13:09:21.210756
17.098527,73290,19006,13:09:21.210756
17.100383,73215,18778,13:09:21.210756
17.10224,73340,19077,13:09:21.210756
17.104102,73692,19088,13:09:21.210756
17.105969,73405,19083,13:09:21.257157
17.10783,73619,19062,13:09:21.257157
17.109699,73690,19154,13:09:21.257157
17.111627,73483,18838,13:09:21.257157
17.113484,73421,19088,13:09:21.257157
17.115342,73403,18955,13:09:21.257157
17.117199,73440,19029,13:09:21.257157
17.119057,73227,18821,13:09:21.257157
17.120913,72983,18957,13:09:21.257157
17.122772,72845,18669,13:09:21.257157
17.12463,72935,19018,13:09:21.257157
17.126489,72673,19078,13:09:21.257157
17.128345,72600,18848,13:09:21.257157
17.130201,72273,18882,13:09:21.258063
17.13206,72362,18888,13:09:21.258063
17.133916,72628,18985,13:09:21.258063
17.135775,72690,18739,13:09:21.258063
17.137633,72601,18668,13:09:21.258063
17.139489,72433,18994,13:09:21.258063
17.141346,72732,18873,13:09:21.258063
17.143202,72739,19101,13:09:21.258063
17.145067,72662,19056,13:09:21.258063
17.146923,72731,19058,13:09:21.258063
17.148782,72644,19014,13:09:21.258063
17.15064,72978,19062,13:09:21.258063
17.152496,73045,18956,13:09:21.258063
17.154355,72759,18842,13:09:21.258063
17.156237,72390,18897,13:09:21.307136
17.158097,72526,18751,13:09:21.307136
17.159971,72294,18852,13:09:21.307136
17.161858,72447,18606,13:09:21.307136
17.163716,72319,18742,13:09:21.307136
17.165573,72585,18880,13:09:21.307136
17.167429,72573,18891,13:09:21.307136
17.169287,72441,18818,13:09:21.307136
17.171144,72384,18880,13:09:21.307136
17.173002,72292,18854,13:09:21.307136
17.174859,72263,18684,13:09:21.307136
17.176715,72035,18724,13:09:21.307136
17.178573,72027,18566,13:09:21.307136
17.180435,72246,18920,13:09:21.307136
17.182292,72417,18798,13:09:21.307136
17.184149,71988,18591,13:09:21.307136
17.186007,72220,18853,13:09:21.307136
17.187865,72147,18897,13:09:21.307136
17.189722,71769,18537,13:09:21.307136
17.19158,71887,18496,13:09:21.307136
17.193437,72100,18738,13:09:21.307136
17.195295,71858,18603,13:09:21.307136
17.197151,71783,18690,13:09:21.307136
17.199014,71879,18719,13:09:21.307136
17.200874,71581,18582,13:09:21.307136
17.202733,71358,18608,13:09:21.307136
17.204595,71605,18732,13:09:21.356483
17.206459,71415,18509,13:09:21.357474
17.20832,70998,18651,13:09:21.357474
17.210216,70968,18816,13:09:21.357474
17.212104,70895,18345,13:09:21.357474
17.213963,70986,18324,13:09:21.357474
17.215819,70967,18543,13:09:21.357474
17.217675,71009,18477,13:09:21.357474
17.219534,70828,18474,13:09:21.357474
17.221394,71176,18372,13:09:21.357474
17.223251,70832,18303,13:09:21.357474
17.225107,70674,18616,13:09:21.357474
17.226965,70824,18387,13:09:21.357474
17.228822,70970,18425,13:09:21.357474
17.230678,70698,18184,13:09:21.357474
17.232537,71216,18739,13:09:21.357474
17.234393,71127,18302,13:09:21.357474
17.236251,70891,18370,13:09:21.357474
17.238108,70628,18704,13:09:21.357474
17.239972,70737,18216,13:09:21.357474
17.241829,70467,18244,13:09:21.357474
17.243685,70269,18314,13:09:21.357474
17.245543,70065,18250,13:09:21.357474
17.2474,69851,18337,13:09:21.357474
17.249256,69513,17974,13:09:21.357474
17.251113,69305,18224,13:09:21.357474
17.252969,69169,18111,13:09:21.357474
17.254825,69016,17721,13:09:21.408865
17.256693,68836,17887,13:09:21.408865
17.258552,68977,17974,13:09:21.408865
17.260456,69076,18141,13:09:21.408865
17.262317,69318,18107,13:09:21.408865
17.264175,69228,18128,13:09:21.408865
17.266031,69394,18232,13:09:21.408865
17.26789,69303,18179,13:09:21.408865
17.269746,69782,17930,13:09:21.408865
17.271607,70101,18240,13:09:21.408865
17.273463,70044,18321,13:09:21.408865
17.27532,70103,18284,13:09:21.408865
17.277178,70387,18284,13:09:21.408865
17.279034,70379,18387,13:09:21.408865
17.280891,70262,18167,13:09:21.408865
17.282747,70370,18436,13:09:21.408865
17.284603,70467,18317,13:09:21.408865
17.28646,70326,18330,13:09:21.408865
17.288317,70126,18286,13:09:21.408865
17.290177,70274,18367,13:09:21.408865
17.292033,70541,18087,13:09:21.408865
17.293891,70387,18224,13:09:21.408865
17.295748,70458,18599,13:09:21.408865
17.297604,70314,18338,13:09:21.408865
17.299463,70427,18402,13:09:21.408865
17.301323,70464,18381,13:09:21.408865
17.303181,70757,18182,13:09:21.408865
17.305038,70766,18243,13:09:21.459859
17.306914,70698,18542,13:09:21.459859
17.308775,70801,18653,13:09:21.459859
17.310691,71052,18528,13:09:21.459859
17.312567,71289,18606,13:09:21.459859
17.314424,71309,18589,13:09:21.459859
17.31628,71276,18666,13:09:21.459859
17.318138,71422,18503,13:09:21.459859
17.319995,71471,18386,13:09:21.459859
17.321853,71591,18512,13:09:21.459859
17.32371,71507,18606,13:09:21.459859
17.325566,71734,18763,13:09:21.459859
17.327422,71635,18285,13:09:21.459859
17.329286,71356,18666,13:09:21.459859
17.331143,71085,18642,13:09:21.459859
17.333,71129,18513,13:09:21.459859
17.334858,71271,18723,13:09:21.459859
17.336714,70893,18436,13:09:21.459859
17.338571,70659,18556,13:09:21.459859
17.340427,70804,18322,13:09:21.459859
17.342284,70229,18148,13:09:21.459859
17.34414,70355,18491,13:09:21.459859
17.345996,70276,18200,13:09:21.459859
17.347857,70330,18360,13:09:21.459859
17.349713,70120,18188,13:09:21.459859
17.35157,70171,18135,13:09:21.459859
17.353428,70473,18433,13:09:21.459859
17.355284,70518,18306,13:09:21.507330
17.357153,70720,18658,13:09:21.507330
17.359019,71178,18799,13:09:21.507330
17.360942,71275,18615,13:09:21.507330
17.362808,71456,18792,13:09:21.507330
17.364664,71397,18950,13:09:21.507330
17.36652,71905,18463,13:09:21.507330
17.368379,71836,18628,13:09:21.507330
17.370245,72041,18865,13:09:21.507330
17.372102,71693,18614,13:09:21.507330
17.373958,71956,18685,13:09:21.507330
17.375816,72058,18903,13:09:21.507330
17.377673,71741,18610,13:09:21.507330
17.379529,71667,18730,13:09:21.507330
17.381388,71784,18832,13:09:21.507330
17.383244,71642,18573,13:09:21.507330
17.3851,71492,18506,13:09:21.507330
17.386957,71369,18693,13:09:21.507330
17.388823,71602,18611,13:09:21.507330
17.390679,71462,18787,13:09:21.507330
17.392536,71425,18679,13:09:21.507330
17.394394,71634,18510,13:09:21.507330
17.396251,71486,18628,13:09:21.507330
17.398108,71891,18548,13:09:21.507330
17.399969,71994,18560,13:09:21.507330
17.401828,71780,18909,13:09:21.507330
17.403706,72045,18764,13:09:21.507330
17.405569,71972,18512,13:09:21.558691
17.407433,71519,18404,13:09:21.558691
17.409295,71727,18813,13:09:21.558691
17.411213,71216,18310,13:09:21.558691
17.413072,71535,18531,13:09:21.558691
17.414928,71171,18659,13:09:21.558691
17.416795,70933,18330,13:09:21.558691
17.418651,70733,18286,13:09:21.558691
17.420507,70841,18442,13:09:21.558691
17.422366,70816,18453,13:09:21.558691
17.424222,70523,18490,13:09:21.558691
17.426079,70820,18657,13:09:21.558691
17.427935,70772,18584,13:09:21.558691
17.429793,70878,18608,13:09:21.558691
17.431652,70989,18629,13:09:21.558691
17.433515,71141,18552,13:09:21.558691
17.435373,71316,18493,13:09:21.558691
17.437229,71489,18593,13:09:21.558691
17.439087,71800,18420,13:09:21.558691
17.440944,71697,18422,13:09:21.558691
17.442804,71698,18497,13:09:21.558691
17.444663,71640,18603,13:09:21.558691
17.446519,71502,18677,13:09:21.558691
17.448379,71911,18958,13:09:21.558691
17.450236,71706,18532,13:09:21.558691
17.452094,71297,18601,13:09:21.558691
17.453951,71893,18663,13:09:21.558691
17.455817,71645,18730,13:09:21.607378
17.457683,71696,18636,13:09:21.607378
17.459543,72000,19079,13:09:21.607378
17.461444,72275,18595,13:09:21.607378
17.463313,71852,18779,13:09:21.607378
17.465183,72279,18930,13:09:21.607378
17.467041,72336,19013,13:09:21.607378
17.468897,72322,18857,13:09:21.607378
17.470754,72865,19241,13:09:21.607378
17.47261,72652,19040,13:09:21.607378
17.474467,72896,19098,13:09:21.607378
17.476331,72675,18985,13:09:21.607378
17.478187,72760,18939,13:09:21.607378
17.480046,72789,19099,13:09:21.607378
17.481902,72458,18772,13:09:21.607378
17.483761,72245,18854,13:09:21.607378
17.485619,71982,18861,13:09:21.607378
17.487475,71824,18772,13:09:21.607378
17.489334,71615,18867,13:09:21.607378
17.49119,71621,18829,13:09:21.607378
17.493053,71271,18609,13:09:21.607378
17.494909,71515,18856,13:09:21.607378
17.496766,71506,18530,13:09:21.607378
17.498624,71455,18820,13:09:21.607378
17.50048,71669,19146,13:09:21.607378
17.502347,71814,18890,13:09:21.607378
17.504203,72074,18891,13:09:21.607378
17.506077,71936,19020,13:09:21.658230
17.50794,71977,18904,13:09:21.659219
17.509805,71753,19154,13:09:21.659219
17.511722,72089,18711,13:09:21.659219
17.513581,71709,18742,13:09:21.659219
17.515442,71262,18740,13:09:21.659219
17.517301,70980,18767,13:09:21.659219
17.519158,70536,18387,13:09:21.659219
17.521024,70324,18510,13:09:21.659219
17.522881,69927,18439,13:09:21.659219
17.524737,70353,18346,13:09:21.659219
17.526595,69925,18417,13:09:21.659219
17.528452,69887,18281,13:09:21.659219
17.530308,69790,18498,13:09:21.659219
17.532164,69498,18103,13:09:21.659219
17.534021,69469,18237,13:09:21.659219
17.535877,69601,18281,13:09:21.659219
17.537734,69766,18520,13:09:21.659219
17.539594,68992,18223,13:09:21.659219
17.54145,68631,18292,13:09:21.659219
17.543309,67934,17973,13:09:21.659219
17.545165,67898,17743,13:09:21.659219
17.547022,67306,17459,13:09:21.659219
17.54888,66979,17741,13:09:21.659219
17.55074,66485,17435,13:09:21.659219
17.552599,65852,17340,13:09:21.659219
17.554455,65801,17324,13:09:21.709881
17.55632,65829,17055,13:09:21.709881
17.558186,65233,17553,13:09:21.709881
17.560051,65495,17358,13:09:21.709881
17.561972,65580,17580,13:09:21.709881
17.563829,65764,17211,13:09:21.709881
17.565685,65819,17341,13:09:21.709881
17.567546,65892,17689,13:09:21.709881
17.569402,65797,17492,13:09:21.709881
17.57126,65715,17527,13:09:21.709881
17.573117,65502,17326,13:09:21.709881
17.574979,65144,17212,13:09:21.709881
17.576838,64829,17041,13:09:21.709881
17.578703,63937,17032,13:09:21.709881
17.58056,63579,16596,13:09:21.709881
17.582417,63115,16741,13:09:21.709881
17.584275,62515,16455,13:09:21.709881
17.586132,61733,16326,13:09:21.709881
17.587988,61250,16036,13:09:21.709881
17.589844,60623,16149,13:09:21.709881
17.591701,60043,16090,13:09:21.709881
17.593557,59843,16146,13:09:21.709881
17.595413,59449,16071,13:09:21.709881
17.597274,58896,15734,13:09:21.709881
17.59913,58660,15735,13:09:21.709881
17.600987,57927,15584,13:09:21.709881
17.602846,57203,15344,13:09:21.709881
17.604707,56681,15235,13:09:21.757104
17.606598,55982,15079,13:09:21.757104
17.608458,55287,15034,13:09:21.757104
17.610352,54408,14752,13:09:21.757104
17.612235,54093,14680,13:09:21.757104
17.614093,53259,14560,13:09:21.757104
17.615949,52272,13915,13:09:21.757104
17.617808,52131,14176,13:09:21.757104
17.619664,51401,13942,13:09:21.757104
17.621521,50420,13739,13:09:21.757104
17.623379,49881,13659,13:09:21.757104
17.625235,49201,13415,13:09:21.757104
17.627092,48247,13321,13:09:21.757104
17.628948,48032,13159,13:09:21.757104
17.630807,47583,13239,13:09:21.757104
17.632663,47128,13123,13:09:21.757104
17.634521,46403,12790,13:09:21.757104
17.636378,45990,12695,13:09:21.757104
17.63824,45684,12827,13:09:21.757104
17.640097,45227,12366,13:09:21.758109
17.641953,44819,12598,13:09:21.758109
17.643813,44563,12463,13:09:21.758109
17.64567,44278,12139,13:09:21.758109
17.647528,43755,11957,13:09:21.758109
17.649385,43094,12310,13:09:21.759108
17.651241,43057,11947,13:09:21.759108
17.653099,42717,11860,13:09:21.759108
17.654956,42332,11848,13:09:21.811481
17.656824,42017,11754,13:09:21.811481
17.658685,41573,11483,13:09:21.811481
17.660589,41096,11319,13:09:21.811481
17.662471,40763,11384,13:09:21.811481
17.664327,40663,11369,13:09:21.811481
17.666186,40268,11080,13:09:21.811481
17.668042,39643,11270,13:09:21.811481
17.669899,39572,11160,13:09:21.811481
17.671757,39390,11019,13:09:21.811481
17.673617,38697,11014,13:09:21.811481
17.675476,38705,10950,13:09:21.811481
17.677332,38635,10876,13:09:21.811481
17.679199,38484,10707,13:09:21.811481
17.681055,38405,10953,13:09:21.811481
17.682911,38439,11061,13:09:21.811481
17.68477,38019,10676,13:09:21.811481
17.686626,38219,10790,13:09:21.811481
17.688483,38158,10733,13:09:21.811481
17.690339,37895,10591,13:09:21.811481
17.692195,37487,10489,13:09:21.811481
17.694052,37606,10492,13:09:21.811481
17.695909,37243,10467,13:09:21.811481
17.697771,37109,10517,13:09:21.811481
17.699627,36620,10528,13:09:21.811481
17.701485,36700,10562,13:09:21.811481
17.703342,35997,10219,13:09:21.811481
17.705199,35783,10245,13:09:21.857500
17.707077,35312,10102,13:09:21.857500
17.708937,34827,9939,13:09:21.857500
17.710827,34368,10169,13:09:21.857500
17.712686,34354,9850,13:09:21.857500
17.714542,33703,9728,13:09:21.857500
17.716404,33013,9513,13:09:21.857500
17.718261,32873,9351,13:09:21.857500
17.720119,32263,9284,13:09:21.857500
17.721976,31582,9249,13:09:21.857500
17.723834,31351,8940,13:09:21.857500
17.725692,30583,9020,13:09:21.857500
17.727554,30651,8930,13:09:21.857500
17.729411,30291,8990,13:09:21.857500
17.731267,29759,8794,13:09:21.857500
17.733126,29296,8581,13:09:21.857500
17.734982,29155,8317,13:09:21.857500
17.736839,28945,8340,13:09:21.857500
17.738695,28699,8572,13:09:21.857500
17.740551,28365,8554,13:09:21.857500
17.742408,27982,8291,13:09:21.857500
17.744264,27791,8328,13:09:21.857500
17.746125,27802,8211,13:09:21.857500
17.747981,26927,8274,13:09:21.857500
17.749838,26554,8060,13:09:21.857500
17.751696,26416,7947,13:09:21.857500
17.753552,25922,8035,13:09:21.857500
17.755411,25512,7842,13:09:21.908294
17.757275,25388,7591,13:09:21.908294
17.759135,24630,7529,13:09:21.908294
17.761058,24031,7504,13:09:21.908294
17.762918,23863,7201,13:09:21.908294
17.76478,23687,7396,13:09:21.908294
17.766637,23572,7100,13:09:21.908294
17.768493,23057,7187,13:09:21.908294
17.770352,22869,7261,13:09:21.908294
17.772208,23108,7289,13:09:21.908294
17.774066,23019,7116,13:09:21.908294
17.775923,22833,7342,13:09:21.908294
17.777779,22768,7012,13:09:21.908294
17.779636,23116,6935,13:09:21.908294
17.7815,22605,7127,13:09:21.908294
17.783356,22693,6995,13:09:21.908294
17.785213,22474,6843,13:09:21.908294
17.787071,22358,6934,13:09:21.908294
17.788928,22145,6709,13:09:21.908294
17.790784,22258,7015,13:09:21.908294
17.792642,21923,6884,13:09:21.908294
17.794499,21658,6599,13:09:21.908294
17.796357,21026,6361,13:09:21.908294
17.798214,21222,6576,13:09:21.908294
17.800078,20910,6402,13:09:21.908294
17.801934,20325,6256,13:09:21.908294
17.803793,20012,6340,13:09:21.908294
17.805657,19787,6416,13:09:21.958628
17.80752,19425,6203,13:09:21.958628
17.809388,18647,6253,13:09:21.958628
17.811324,18500,5861,13:09:21.958628
17.81318,18413,6093,13:09:21.958628
17.815043,17748,5584,13:09:21.958628
17.816899,16839,5507,13:09:21.958628
17.818756,16416,5495,13:09:21.958628
17.820614,16453,5425,13:09:21.958628
17.82247,15653,4962,13:09:21.958628
17.824329,15101,5208,13:09:21.958628
17.826185,15159,5178,13:09:21.958628
17.82805,14233,5085,13:09:21.958628
17.829906,13550,4799,13:09:21.958628
17.831765,14036,5101,13:09:21.958628
17.833623,13637,4685,13:09:21.958628
17.835479,12324,4074,13:09:21.958628
17.837338,12767,4925,13:09:21.958628
17.839194,13147,4711,13:09:21.958628
17.84105,12424,4360,13:09:21.958628
17.842907,10690,4083,13:09:21.958628
17.84477,11391,4714,13:09:21.958628
17.84663,12028,4422,13:09:21.958628
17.848486,10839,3919,13:09:21.958628
17.850344,10179,3995,13:09:21.958628
17.852201,10627,4403,13:09:21.958628
17.854057,11364,4468,13:09:21.958628
17.855918,9879,3703,13:09:22.012161
17.857778,10045,4439,13:09:22.012161
17.85964,10152,4280,13:09:22.012161
17.861562,9242,3644,13:09:22.012161
17.863455,8755,3735,13:09:22.012161
17.865313,9236,4240,13:09:22.012161
17.86717,8894,3479,13:09:22.012161
17.869026,8187,3226,13:09:22.012161
17.870882,8870,4131,13:09:22.016167
17.872742,8999,3826,13:09:22.016167
17.874599,8811,3924,13:09:22.016167
17.876456,6558,3885,13:09:22.016167
17.878314,2068,2283,13:09:22.016167
17.88017,1085,2537,13:09:22.016167
17.882027,1581,2881,13:09:22.016167
17.883883,1219,1585,13:09:22.016167
17.88574,-780,1606,13:09:22.016167
17.887596,2283,3748,13:09:22.017167
17.889452,3746,3269,13:09:22.017167
17.891313,2174,2893,13:09:22.017167
17.893169,3486,3683,13:09:22.018159
17.895026,4617,3638,13:09:22.018159
17.896884,3157,2149,13:09:22.021647
17.89874,2078,2465,13:09:22.021647
17.900599,4115,3268,13:09:22.021647
17.902455,4168,2726,13:09:22.021647
17.904316,3641,2731,13:09:22.021647
17.906182,5404,3918,13:09:22.061031
17.908048,7065,4058,13:09:22.061031
17.909913,6118,3101,13:09:22.061031
17.911818,5557,3471,13:09:22.061031
17.913701,7088,3964,13:09:22.061031
17.915564,6143,2843,13:09:22.061031
17.917422,4495,2688,13:09:22.061031
17.919284,5188,3439,13:09:22.061031
17.921171,5836,3170,13:09:22.061031
17.923027,4526,2277,13:09:22.061031
17.924883,4686,3272,13:09:22.061031
17.92674,6283,3733,13:09:22.061031
17.928598,5214,3015,13:09:22.061031
17.930455,4194,2446,13:09:22.062039
17.932311,5154,3553,13:09:22.062039
17.934169,5188,2610,13:09:22.062039
17.936026,3856,2304,13:09:22.062039
17.937884,4222,3296,13:09:22.062039
17.939741,5656,3153,13:09:22.062039
17.941603,4661,2557,13:09:22.062039
17.943459,4303,3241,13:09:22.062039
17.945316,5345,3756,13:09:22.062039
17.947174,4846,2855,13:09:22.062039
17.949031,3531,2410,13:09:22.062039
17.950887,3814,2959,13:09:22.062039
17.952743,4360,2596,13:09:22.062039
17.9546,3683,2441,13:09:22.112421
17.956478,3251,3009,13:09:22.112421
17.958339,4799,3638,13:09:22.112421
17.96023,4490,2748,13:09:22.112421
17.962107,3417,2907,13:09:22.112421
17.963964,4245,3375,13:09:22.112421
17.965822,3842,2710,13:09:22.112421
17.967678,3019,2234,13:09:22.112421
17.969535,3176,2937,13:09:22.112421
17.971391,4007,3151,13:09:22.112421
17.973247,3504,2597,13:09:22.112421
17.975104,3214,3106,13:09:22.112421
17.976963,3991,3349,13:09:22.112421
17.978825,3246,2605,13:09:22.112421
17.980681,2858,2496,13:09:22.113430
17.982541,2859,2985,13:09:22.113430
17.98441,3171,2363,13:09:22.113430
17.986266,2180,2214,13:09:22.113430
17.988125,2855,2846,13:09:22.113430
17.989981,3646,3076,13:09:22.113430
17.991839,3028,2929,13:09:22.113430
17.993696,2349,2667,13:09:22.113430
17.995558,2958,3201,13:09:22.113430
17.997415,2765,2775,13:09:22.113430
17.999271,1843,2272,13:09:22.113430
18.001133,2236,2738,13:09:22.113430
18.00299,2450,2825,13:09:22.113430
18.00485,2198,2543,13:09:22.164178
18.006717,2102,2585,13:09:22.164178
18.008577,2851,3191,13:09:22.164178
18.010477,2643,2880,13:09:22.164178
18.012338,1824,2642,13:09:22.164178
18.014196,1923,2939,13:09:22.164178
18.016078,1970,2378,13:09:22.164178
18.017943,1631,2332,13:09:22.164178
18.019803,1747,2675,13:09:22.164178
18.021659,2229,2651,13:09:22.164178
18.02352,1909,2534,13:09:22.164178
18.025378,1933,2706,13:09:22.164178
18.027235,2706,2908,13:09:22.164178
18.029093,2374,2646,13:09:22.164178
18.030949,1721,2480,13:09:22.164178
18.032808,2044,2519,13:09:22.164178
18.034664,1992,2798,13:09:22.164178
18.036521,1564,2469,13:09:22.164178
18.038379,1440,2674,13:09:22.164178
18.040241,2242,2585,13:09:22.164178
18.042098,2226,2880,13:09:22.164178
18.043954,2001,2878,13:09:22.164178
18.045813,2176,2810,13:09:22.164178
18.047669,2245,2684,13:09:22.164178
18.049525,1674,2550,13:09:22.164178
18.051384,1441,2756,13:09:22.164178
18.05324,1776,2805,13:09:22.164178
18.055099,1578,2491,13:09:22.214565
18.056969,1662,2542,13:09:22.214565
18.058829,2050,2922,13:09:22.214565
18.060722,2180,2623,13:09:22.214565
18.062578,1624,2430,13:09:22.214565
18.064436,1827,2864,13:09:22.214565
18.066293,1729,2524,13:09:22.216565
18.068159,-267,2607,13:09:22.216565
18.070035,1614,2662,13:09:22.216565
18.071892,1723,2830,13:09:22.216565
18.07375,1833,2632,13:09:22.216565
18.075607,1647,2689,13:09:22.216565
18.077467,1872,2943,13:09:22.216565
18.079323,2190,2712,13:09:22.216565
18.08118,1515,2695,13:09:22.216565
18.083038,1601,2837,13:09:22.216565
18.084895,1923,2798,13:09:22.216565
18.086755,1468,2509,13:09:22.216565
18.088611,1593,2723,13:09:22.216565
18.090468,1769,2836,13:09:22.216565
18.092326,2033,2781,13:09:22.216565
18.094187,1536,2423,13:09:22.216565
18.096045,1882,2646,13:09:22.216565
18.097901,1813,2733,13:09:22.216565
18.09976,1654,2571,13:09:22.216565
18.101616,1507,2625,13:09:22.216565
18.103473,1912,2578,13:09:22.216565
18.105331,1674,2507,13:09:22.267582
18.107203,1636,2607,13:09:22.267582
18.109064,1890,2705,13:09:22.267582
18.110964,1648,2767,13:09:22.267582
18.112822,1664,2626,13:09:22.267582
18.114681,1579,2829,13:09:22.267582
18.116545,2116,2930,13:09:22.267582
18.118405,99,2608,13:09:22.267582
18.120262,1463,2550,13:09:22.267582
18.12212,1763,2697,13:09:22.267582
18.123979,1751,2842,13:09:22.267582
18.125835,1698,2783,13:09:22.267582
18.127693,1834,2468,13:09:22.267582
18.12955,1893,2859,13:09:22.267582
18.131412,1432,2582,13:09:22.267582
18.133269,1412,2684,13:09:22.267582
18.135125,1978,2631,13:09:22.267582
18.136983,1793,2407,13:09:22.267582
18.13884,1544,2798,13:09:22.267582
18.140698,1973,2769,13:09:22.267582
18.142555,1644,2639,13:09:22.267582
18.144413,1560,2554,13:09:22.267582
18.146269,1879,2809,13:09:22.267582
18.148133,1953,2792,13:09:22.267582
18.14999,1680,2480,13:09:22.267582
18.151847,1693,2602,13:09:22.267582
18.153705,1844,2778,13:09:22.267582
18.155567,1665,2658,13:09:22.318342
18.157438,1513,2409,13:09:22.318342
18.1593,1693,2591,13:09:22.318342
18.161208,1516,2442,13:09:22.318342
18.163073,1623,2649,13:09:22.318342
18.164931,1637,2690,13:09:22.318342
18.166789,1547,2666,13:09:22.318342
18.168648,1094,2671,13:09:22.318342
18.170539,-1049,2766,13:09:22.318342
18.172405,1724,2688,13:09:22.318342
18.174263,1892,2576,13:09:22.318342
18.176119,1790,2497,13:09:22.318342
18.177978,1642,2436,13:09:22.318342
18.179836,1819,2566,13:09:22.318342
18.181697,1665,2607,13:09:22.318342
18.183553,1551,2614,13:09:22.318342
18.185409,1576,2961,13:09:22.318342
18.187268,1675,2565,13:09:22.318342
18.189124,1666,2550,13:09:22.318342
18.190983,1669,2645,13:09:22.319361
18.192839,1998,2826,13:09:22.319361
18.194695,1821,2502,13:09:22.319361
18.196552,1536,2455,13:09:22.319361
18.198416,1811,2616,13:09:22.319361
18.200273,1495,2528,13:09:22.319361
18.202129,1667,2359,13:09:22.319361
18.203987,1539,2744,13:09:22.319361
18.205846,1540,2682,13:09:22.368918
18.207708,1630,2603,13:09:22.368918
18.209572,1736,2585,13:09:22.368918
18.211487,1488,2838,13:09:22.368918
18.213345,1538,2526,13:09:22.368918
18.215204,1487,2561,13:09:22.368918
18.217067,1411,2699,13:09:22.368918
18.21893,1021,2381,13:09:22.368918
18.220787,1030,2906,13:09:22.368918
18.222651,1547,2592,13:09:22.368918
18.224512,1907,2486,13:09:22.368918
18.226424,1717,2595,13:09:22.368918
18.2283,1421,2787,13:09:22.368918
18.230158,1759,2290,13:09:22.368918
18.232015,1776,2545,13:09:22.368918
18.233875,1762,2660,13:09:22.368918
18.235732,1896,2649,13:09:22.368918
18.23759,1819,2480,13:09:22.368918
18.239449,1706,2171,13:09:22.368918
18.241311,1629,2694,13:09:22.368918
18.243169,1663,2577,13:09:22.368918
18.245026,1649,2736,13:09:22.368918
18.246886,1833,2682,13:09:22.368918
18.248742,1836,2621,13:09:22.368918
18.250601,1835,2657,13:09:22.368918
18.252457,1862,2846,13:09:22.368918
18.254314,1773,2545,13:09:22.368918
18.256182,1958,2431,13:09:22.420821
18.258042,1932,2663,13:09:22.420821
18.259915,1673,2596,13:09:22.420821
18.261801,1533,2865,13:09:22.420821
18.263657,1515,2379,13:09:22.420821
18.265516,1736,2448,13:09:22.420821
18.267374,1423,2697,13:09:22.420821
18.269233,1632,2558,13:09:22.420821
18.271089,1380,2820,13:09:22.420821
18.272947,511,2737,13:09:22.420821
18.274806,2082,2690,13:09:22.420821
18.276671,1722,2446,13:09:22.420821
18.278529,1810,2569,13:09:22.420821
18.280385,1841,2743,13:09:22.420821
18.282243,1712,2761,13:09:22.420821
18.2841,1555,2473,13:09:22.420821
18.285956,1314,2446,13:09:22.420821
18.287815,1509,2773,13:09:22.420821
18.289671,1769,2501,13:09:22.420821
18.291527,1817,2606,13:09:22.420821
18.293384,1788,2408,13:09:22.420821
18.295248,1871,2655,13:09:22.420821
18.297105,1728,2567,13:09:22.420821
18.298961,1946,2443,13:09:22.420821
18.300819,1870,2455,13:09:22.420821
18.302676,1893,2720,13:09:22.420821
18.304534,1551,2500,13:09:22.420821
18.306405,1829,2855,13:09:22.473136
18.308265,1494,2574,13:09:22.473136
18.31015,1814,2563,13:09:22.473136
18.312031,1830,2588,13:09:22.473136
18.313894,1925,2614,13:09:22.473136
18.315752,1881,2751,13:09:22.473136
18.317609,1889,2415,13:09:22.473136
18.319468,1577,2784,13:09:22.473136
18.32133,2142,2688,13:09:22.473136
18.323208,1717,2757,13:09:22.473136
18.325074,1044,2535,13:09:22.473136
18.32693,1863,2720,13:09:22.473136
18.328791,2136,2599,13:09:22.473136
18.330647,2119,2443,13:09:22.473136
18.332506,1846,2970,13:09:22.473136
18.334362,2098,2719,13:09:22.473136
18.336218,1808,2682,13:09:22.473136
18.338075,1899,2446,13:09:22.473136
18.339941,1804,2547,13:09:22.473136
18.341798,1710,2736,13:09:22.473136
18.343654,1692,2780,13:09:22.473136
18.345512,1587,2532,13:09:22.473136
18.347369,1975,2622,13:09:22.473136
18.349225,1804,2661,13:09:22.473136
18.351084,2013,2518,13:09:22.473136
18.35294,1987,2519,13:09:22.473136
18.354798,1797,2483,13:09:22.523838
18.356661,1474,2453,13:09:22.524840
18.358519,1708,2528,13:09:22.524840
18.360433,1815,2494,13:09:22.524840
18.362296,1741,2641,13:09:22.525834
18.364154,1789,2637,13:09:22.525834
18.36601,1551,2666,13:09:22.525834
18.367869,1868,2534,13:09:22.525834
18.369727,1722,2539,13:09:22.525834
18.371585,1948,2595,13:09:22.525834
18.373442,1882,2558,13:09:22.525834
18.375298,1588,2775,13:09:22.525834
18.377161,-447,2653,13:09:22.525834
18.379043,1750,2400,13:09:22.525834
18.3809,2063,2473,13:09:22.525834
18.382758,1624,2442,13:09:22.525834
18.384614,1731,2548,13:09:22.525834
18.386473,1911,2681,13:09:22.525834
18.388329,1805,2570,13:09:22.525834
18.390186,1842,2393,13:09:22.525834
18.392044,1751,2544,13:09:22.525834
18.3939,1886,2783,13:09:22.525834
18.395757,1983,2627,13:09:22.525834
18.397613,1792,2569,13:09:22.525834
18.399478,1540,2322,13:09:22.525834
18.401334,1594,2379,13:09:22.525834
18.40319,1897,2680,13:09:22.525834
18.405049,1657,2743,13:09:22.575125
18.406921,1831,2510,13:09:22.575125
18.408781,1677,2468,13:09:22.575125
18.410676,1590,2736,13:09:22.575125
18.412544,1751,2511,13:09:22.575125
18.414402,1699,2559,13:09:22.575125
18.416261,1743,2359,13:09:22.575125
18.418125,1318,2616,13:09:22.575125
18.419982,1884,2874,13:09:22.575125
18.421838,1311,2665,13:09:22.575125
18.423698,1473,2449,13:09:22.575125
18.425555,1165,2797,13:09:22.575125
18.427415,2122,2943,13:09:22.575125
18.429272,1932,2650,13:09:22.575125
18.431128,2043,2740,13:09:22.575125
18.432986,1750,2817,13:09:22.575125
18.434846,1914,2655,13:09:22.575125
18.436703,1513,2463,13:09:22.575125
18.43856,2007,2315,13:09:22.575125
18.440418,1864,2766,13:09:22.575125
18.442274,1883,2513,13:09:22.575125
18.444131,1991,2453,13:09:22.575125
18.445987,1504,2810,13:09:22.575125
18.447846,1673,2616,13:09:22.575125
18.449704,1658,2402,13:09:22.575125
18.45156,1760,2425,13:09:22.575125
18.453423,1652,2528,13:09:22.577117
18.455279,1728,2515,13:09:22.625156
18.457157,1955,2410,13:09:22.625156
18.459016,1689,2758,13:09:22.625156
18.460926,1704,2788,13:09:22.625156
18.462787,1608,2693,13:09:22.625156
18.464647,1873,2710,13:09:22.625156
18.466503,1165,2767,13:09:22.625156
18.468362,1650,2798,13:09:22.625156
18.470218,1711,2505,13:09:22.625156
18.47208,1875,2688,13:09:22.625156
18.473939,2099,2369,13:09:22.625156
18.475799,1692,2370,13:09:22.625156
18.477689,1226,2962,13:09:22.625156
18.479552,1811,2481,13:09:22.625156
18.48141,1992,2444,13:09:22.625156
18.483269,1608,2727,13:09:22.625156
18.485129,1927,2664,13:09:22.625156
18.486985,1822,2433,13:09:22.625156
18.488844,2048,2270,13:09:22.625156
18.490702,1922,2463,13:09:22.625156
18.492559,1755,2572,13:09:22.625156
18.494415,1863,2577,13:09:22.625156
18.496273,1733,2246,13:09:22.625156
18.49813,1754,2519,13:09:22.625156
18.499986,1941,2449,13:09:22.625156
18.501843,1817,2480,13:09:22.625156
18.503707,2191,2848,13:09:22.625156
18.505567,1961,2543,13:09:22.678147
18.507439,1660,2510,13:09:22.678147
18.509302,1682,2477,13:09:22.678147
18.511208,1246,2582,13:09:22.678147
18.513067,1441,2379,13:09:22.678147
18.514925,1560,2745,13:09:22.678147
18.516783,1788,2961,13:09:22.678147
18.518642,1832,2368,13:09:22.678147
18.520498,1330,2411,13:09:22.678147
18.522357,1564,2554,13:09:22.678147
18.524214,1632,2620,13:09:22.678147
18.526078,764,2489,13:09:22.678147
18.52794,850,2992,13:09:22.678147
18.529802,1726,2482,13:09:22.678147
18.531661,1656,2332,13:09:22.678147
18.533517,1689,2918,13:09:22.678147
18.535402,1962,2692,13:09:22.678147
18.537264,1901,2337,13:09:22.678147
18.53912,1570,2326,13:09:22.678147
18.540978,1452,2542,13:09:22.678147
18.542835,1787,2372,13:09:22.678147
18.544691,1312,2431,13:09:22.678147
18.54655,1530,2598,13:09:22.678147
18.548408,1843,2520,13:09:22.678147
18.550266,1654,2483,13:09:22.678147
18.552123,1583,2674,13:09:22.678147
18.553989,1995,2799,13:09:22.678147
18.555856,1802,2644,13:09:22.734652
18.557722,1726,2676,13:09:22.734652
18.559586,1478,2437,13:09:22.734652
18.561492,1343,2518,13:09:22.734652
18.563349,1196,2558,13:09:22.734652
18.565207,1139,2368,13:09:22.734652
18.567064,1793,2389,13:09:22.734652
18.568922,967,2668,13:09:22.734652
18.57078,1335,2659,13:09:22.734652
18.572637,1762,2836,13:09:22.734652
18.574493,1784,2219,13:09:22.734652
18.57635,834,2298,13:09:22.734652
18.57821,1204,2427,13:09:22.734652
18.58007,1172,2567,13:09:22.734652
18.581929,-1953,2466,13:09:22.734652
18.583787,1737,2498,13:09:22.734652
18.585644,1859,2619,13:09:22.734652
18.587502,1858,2543,13:09:22.734652
18.589359,1813,2387,13:09:22.734652
18.591217,1653,2402,13:09:22.734652
18.593073,1866,2406,13:09:22.734652
18.594931,1814,2642,13:09:22.734652
18.596788,1741,2481,13:09:22.734652
18.598644,1876,2823,13:09:22.734652
18.600503,2194,2766,13:09:22.734652
18.602359,2154,2443,13:09:22.734652
18.604215,1718,2499,13:09:22.734652
18.606086,1719,2892,13:09:22.778236
18.607946,1838,2509,13:09:22.778236
18.609812,1633,2529,13:09:22.778236
18.611727,1563,2567,13:09:22.778236
18.613587,1477,2439,13:09:22.778236
18.615449,1599,2346,13:09:22.778236
18.617306,1878,2731,13:09:22.778236
18.619166,1600,2279,13:09:22.778236
18.621023,1410,2558,13:09:22.778236
18.622881,1584,2337,13:09:22.778236
18.624737,1943,2728,13:09:22.778236
18.626596,1369,2431,13:09:22.778236
18.628458,970,2456,13:09:22.778236
18.630337,1762,2639,13:09:22.778236
18.632195,1657,2614,13:09:22.778236
18.634053,1365,2391,13:09:22.778236
18.63591,1859,2652,13:09:22.778236
18.637768,-716,2777,13:09:22.778236
18.639641,1703,2461,13:09:22.778236
18.641499,1902,2429,13:09:22.778236
18.643355,1890,2471,13:09:22.778236
18.645214,1914,2593,13:09:22.778236
18.64707,1443,2513,13:09:22.778236
18.648926,1827,2641,13:09:22.778236
18.650785,1797,2727,13:09:22.778236
18.652641,1750,2797,13:09:22.778236
18.654498,1737,2497,13:09:22.778236
18.65636,1877,2244,13:09:22.831043
18.658218,1904,2412,13:09:22.831043
18.660093,1664,2560,13:09:22.831043
18.661981,1609,2571,13:09:22.831043
18.663843,1639,2528,13:09:22.831043
18.6657,1434,2701,13:09:22.831043
18.667556,1616,2316,13:09:22.831043
18.669413,1275,2695,13:09:22.831043
18.671276,1717,2306,13:09:22.831043
18.673133,1828,2598,13:09:22.831043
18.67499,1258,2426,13:09:22.831043
18.676848,1928,2505,13:09:22.831043
18.678705,1304,2625,13:09:22.831043
18.680561,1530,2811,13:09:22.831043
18.682421,-243,2693,13:09:22.831043
18.684302,1575,2572,13:09:22.831043
18.68616,1717,2396,13:09:22.831043
18.688016,1826,2526,13:09:22.831043
18.689875,1954,2423,13:09:22.831043
18.691733,1986,2522,13:09:22.831043
18.693596,1784,2464,13:09:22.831043
18.695454,1820,2610,13:09:22.831043
18.69731,1871,2285,13:09:22.831043
18.699171,2013,2339,13:09:22.831043
18.701027,1689,2737,13:09:22.831043
18.702884,1825,2494,13:09:22.831043
18.704742,1846,2502,13:09:22.883163
18.706606,1865,2567,13:09:22.883163
18.708467,1843,2625,13:09:22.883163
18.710376,1881,2601,13:09:22.883163
18.712244,1602,2516,13:09:22.884160
18.714102,1927,2322,13:09:22.884160
18.715958,1502,2333,13:09:22.884160
18.717818,1893,2600,13:09:22.884160
18.719675,1936,2438,13:09:22.884160
18.721531,1356,2490,13:09:22.884160
18.72339,928,2536,13:09:22.884160
18.725246,1744,2742,13:09:22.884160
18.727104,1023,2395,13:09:22.884160
18.728961,1158,2665,13:09:22.884160
18.730827,1441,2544,13:09:22.885154
18.732686,1659,2506,13:09:22.885154
18.734546,-1590,2552,13:09:22.885154
18.73641,1912,2388,13:09:22.885154
18.738267,1909,2571,13:09:22.885154
18.740129,1744,2313,13:09:22.885154
18.741986,1580,2737,13:09:22.885154
18.743844,2048,2397,13:09:22.885154
18.745704,1818,2523,13:09:22.885154
18.747561,1823,2265,13:09:22.885154
18.749419,1937,2457,13:09:22.886153
18.751276,1938,2430,13:09:22.886153
18.753132,1918,2574,13:09:22.886153
18.75499,1801,2488,13:09:22.932227
18.756867,1718,2501,13:09:22.932227
18.758727,1845,2640,13:09:22.932227
18.760629,1750,2397,13:09:22.932227
18.762488,1570,2559,13:09:22.932227
18.764348,1793,2535,13:09:22.932227
18.766205,1855,2277,13:09:22.932227
18.768063,1665,2603,13:09:22.932227
18.769919,1135,2247,13:09:22.932227
18.77178,2044,2598,13:09:22.932227
18.773638,1858,2461,13:09:22.932227
18.775495,1002,2667,13:09:22.932227
18.777355,2051,2236,13:09:22.932227
18.779211,1566,2280,13:09:22.933218
18.78107,1882,2420,13:09:22.933218
18.782926,1949,2807,13:09:22.933218
18.784784,1680,2693,13:09:22.933218
18.786661,1442,2793,13:09:22.933218
18.788529,1706,2504,13:09:22.933218
18.790387,2038,2516,13:09:22.933218
18.792244,1802,2529,13:09:22.933218
18.7941,1936,2270,13:09:22.933218
18.795957,1974,2415,13:09:22.933218
18.797816,1770,2536,13:09:22.933218
18.799673,1827,2465,13:09:22.933218
18.80153,1969,2566,13:09:22.933218
18.803388,1901,2638,13:09:22.933218
18.805245,2219,2509,13:09:22.983399
18.807115,2176,2408,13:09:22.984389
18.808975,1971,2249,13:09:22.984389
18.810878,1384,2547,13:09:22.984389
18.81274,1856,2368,13:09:22.984389
18.814596,1791,2644,13:09:22.984389
18.816456,1869,2488,13:09:22.984389
18.818315,1953,2392,13:09:22.984389
18.820178,1740,2113,13:09:22.984389
18.822036,1642,2678,13:09:22.984389
18.823892,1922,2523,13:09:22.984389
18.825751,1081,2193,13:09:22.984389
18.827609,2023,2594,13:09:22.984389
18.829466,1132,2604,13:09:22.984389
18.831324,1901,2440,13:09:22.984389
18.833185,1106,2554,13:09:22.984389
18.835065,2180,2834,13:09:22.984389
18.836937,1528,2193,13:09:22.984389
18.838795,1629,2388,13:09:22.984389
18.840656,2181,2364,13:09:22.984389
18.842512,2028,2449,13:09:22.984389
18.844375,1742,2406,13:09:22.984389
18.846233,1949,2427,13:09:22.984389
18.848099,2170,2492,13:09:22.984389
18.849956,1995,2151,13:09:22.984389
18.851812,1665,2591,13:09:22.984389
18.85367,2203,2539,13:09:22.984389
18.855529,1768,2655,13:09:23.036989
18.857393,1785,2418,13:09:23.036989
18.859254,2031,2445,13:09:23.036989
18.861166,1802,2226,13:09:23.036989
18.863022,1877,2368,13:09:23.036989
18.864881,1624,2537,13:09:23.036989
18.866747,2021,2562,13:09:23.036989
18.868603,1706,2458,13:09:23.036989
18.87046,1607,2372,13:09:23.036989
18.872318,1362,2809,13:09:23.038112
18.874175,1496,2297,13:09:23.038112
18.876031,1294,2521,13:09:23.038112
18.877889,1495,2771,13:09:23.038112
18.879746,1340,2695,13:09:23.038112
18.881604,1617,2514,13:09:23.038112
18.883461,1137,2407,13:09:23.038112
18.885325,1956,2490,13:09:23.038112
18.887199,-242,2503,13:09:23.038112
18.889068,1728,2146,13:09:23.038112
18.890924,1997,2429,13:09:23.038112
18.892782,2161,2295,13:09:23.038112
18.894649,1883,2344,13:09:23.038112
18.896505,1721,2282,13:09:23.038112
18.898362,2091,2902,13:09:23.038112
18.90022,2020,2388,13:09:23.038112
18.902076,1765,2360,13:09:23.038112
18.903935,1842,2505,13:09:23.038112
18.905797,1855,2378,13:09:23.086539
18.90766,2122,2008,13:09:23.086539
18.909524,1833,2429,13:09:23.086539
18.911426,1789,2575,13:09:23.086539
18.913288,1854,2442,13:09:23.086539
18.915145,1694,2574,13:09:23.086539
18.917001,1809,2362,13:09:23.086539
18.91886,1800,2450,13:09:23.086539
18.920716,1664,2321,13:09:23.088540
18.922574,1867,2419,13:09:23.088540
18.924433,1570,2559,13:09:23.088540
18.926293,1753,2501,13:09:23.088540
18.92815,1251,2457,13:09:23.088540
18.930007,2065,2654,13:09:23.088540
18.93187,1118,2250,13:09:23.088540
18.933727,1585,2441,13:09:23.088540
18.935601,1397,2441,13:09:23.088540
18.937459,-1363,2460,13:09:23.088540
18.939318,1700,2455,13:09:23.088540
18.941178,1750,2516,13:09:23.088540
18.943035,2416,2334,13:09:23.088540
18.944919,1991,2662,13:09:23.088540
18.946775,1835,2626,13:09:23.088540
18.948632,2002,2455,13:09:23.088540
18.950492,1848,2132,13:09:23.088540
18.952349,1683,2611,13:09:23.088540
18.954207,1981,2372,13:09:23.089540
18.956075,1936,2425,13:09:23.136615
18.957938,1895,2254,13:09:23.136615
18.959802,2086,2426,13:09:23.136615
18.961698,1524,2275,13:09:23.136615
18.963559,1789,2344,13:09:23.136615
18.965415,2044,2347,13:09:23.136615
18.967272,2049,2554,13:09:23.136615
18.969132,1300,2273,13:09:23.136615
18.970988,1575,2442,13:09:23.136615
18.972845,1928,2375,13:09:23.136615
18.974701,2112,2406,13:09:23.136615
18.976567,1661,2283,13:09:23.136615
18.978424,1912,2489,13:09:23.136615
18.98028,2196,2325,13:09:23.136615
18.982139,1652,2414,13:09:23.136615
18.983997,1194,2415,13:09:23.136615
18.985855,1861,2683,13:09:23.136615
18.987716,1932,2292,13:09:23.142497
18.989572,-1828,2451,13:09:23.142497
18.991433,2131,2400,13:09:23.142497
18.993289,2071,2562,13:09:23.142497
18.995145,1934,2559,13:09:23.142497
18.997002,1944,2526,13:09:23.142497
18.99886,2037,2643,13:09:23.143497
19.000717,2129,2498,13:09:23.143497
19.002573,2163,2449,13:09:23.143497
19.00443,2031,2538,13:09:23.143497
19.006304,1952,2230,13:09:23.187962
19.008164,1729,2673,13:09:23.187962
19.010042,1884,2458,13:09:23.187962
19.011987,1928,2437,13:09:23.187962
19.013847,1572,2557,13:09:23.187962
19.015705,1848,2685,13:09:23.187962
19.017564,1946,2332,13:09:23.187962
19.019422,1876,2558,13:09:23.187962
19.021279,1799,2322,13:09:23.187962
19.023137,1146,2251,13:09:23.187962
19.024993,1876,2420,13:09:23.187962
19.02686,1382,2406,13:09:23.187962
19.028716,1623,2613,13:09:23.187962
19.030573,1502,2657,13:09:23.187962
19.032433,1064,2449,13:09:23.187962
19.034289,1205,2581,13:09:23.187962
19.036148,1382,2418,13:09:23.187962
19.03801,1943,2509,13:09:23.187962
19.039908,554,2380,13:09:23.187962
19.041775,1801,2659,13:09:23.187962
19.043633,2065,2396,13:09:23.187962
19.045497,1996,2255,13:09:23.187962
19.047378,1547,2548,13:09:23.187962
19.04924,2018,2502,13:09:23.187962
19.051099,2217,2606,13:09:23.187962
19.052955,1706,2573,13:09:23.187962
19.054821,2005,2447,13:09:23.238451
19.056684,1798,2318,13:09:23.238451
19.058545,2016,2445,13:09:23.238451
19.060454,1612,2610,13:09:23.238451
19.062315,1920,2402,13:09:23.238451
19.064175,1859,2607,13:09:23.238451
19.066033,1665,2475,13:09:23.238451
19.067892,1813,2339,13:09:23.238451
19.06975,1135,2625,13:09:23.238451
19.071607,1820,2500,13:09:23.238451
19.073469,2157,2515,13:09:23.238451
19.075325,1234,2438,13:09:23.238451
19.077182,1927,2538,13:09:23.238451
19.07904,1160,2319,13:09:23.238451
19.080897,2046,2528,13:09:23.238451
19.082755,1331,2502,13:09:23.238451
19.084611,1165,2677,13:09:23.238451
19.086468,1831,2255,13:09:23.238451
19.088326,1787,2253,13:09:23.238451
19.09019,1551,2613,13:09:23.238451
19.09205,-645,2654,13:09:23.238451
19.093907,1790,2500,13:09:23.238451
19.095772,1900,2039,13:09:23.238451
19.097628,2024,2384,13:09:23.238451
19.099484,1930,2245,13:09:23.238451
19.101343,1841,2361,13:09:23.238451
19.103199,1757,2222,13:09:23.238451
19.105058,2101,2344,13:09:23.257015
19.106938,1806,2394,13:09:23.257015
19.108798,1931,2476,13:09:23.257015
19.110718,1632,2232,13:09:23.257015
19.112577,1683,2382,13:09:23.257015
19.114437,2010,2362,13:09:23.257015
19.116296,1785,2306,13:09:23.257015
19.118162,1752,2371,13:09:23.257015
19.120018,1644,2398,13:09:23.257015
19.121875,1821,2525,13:09:23.258006
19.123733,1455,2464,13:09:23.258006
19.12559,1907,2502,13:09:23.258006
19.127452,577,2575,13:09:23.258006
19.12931,1736,2481,13:09:23.258006
19.131167,1719,2313,13:09:23.258006
19.133023,1396,2495,13:09:23.258006
19.13488,1720,2467,13:09:23.260005
19.13674,1677,2355,13:09:23.260005
19.138596,1708,2311,13:09:23.260005
19.140457,1853,2365,13:09:23.260005
19.14232,-1177,2392,13:09:23.260005
19.144219,1852,2569,13:09:23.260005
19.146078,1696,2480,13:09:23.260005
19.147936,1841,2250,13:09:23.260005
19.149797,1697,2609,13:09:23.260005
19.151655,1715,2205,13:09:23.260005
19.153511,1738,2454,13:09:23.260005
19.15537,1853,2384,13:09:23.306950
19.157232,2094,2485,13:09:23.306950
19.159093,1873,2470,13:09:23.306950
19.160991,1602,2257,13:09:23.306950
19.162847,1994,2372,13:09:23.306950
19.164711,1853,2588,13:09:23.306950
19.166568,1721,2711,13:09:23.306950
19.168424,1705,2502,13:09:23.307967
19.170283,1753,2577,13:09:23.307967
19.172139,1944,2441,13:09:23.307967
19.173997,1687,2235,13:09:23.307967
19.175856,2022,2349,13:09:23.307967
19.177712,2014,2455,13:09:23.307967
19.179571,1916,2352,13:09:23.307967
19.181432,1875,2787,13:09:23.307967
19.183289,1769,2321,13:09:23.307967
19.185146,1835,2258,13:09:23.307967
19.187004,1918,2214,13:09:23.307967
19.188861,1946,2280,13:09:23.307967
19.190717,2085,2565,13:09:23.307967
19.192573,1620,2317,13:09:23.307967
19.19443,1828,2465,13:09:23.307967
19.196286,1864,2433,13:09:23.307967
19.198143,2082,2643,13:09:23.307967
19.200003,1945,2747,13:09:23.307967
19.201859,1866,2633,13:09:23.307967
19.203716,1772,2641,13:09:23.307967
19.205578,1522,2440,13:09:23.358927
19.207442,1610,2494,13:09:23.358927
19.209301,1672,2271,13:09:23.358927
19.211229,1949,2308,13:09:23.358927
19.213089,1864,2490,13:09:23.358927
19.214948,1780,2261,13:09:23.358927
19.216804,1972,2578,13:09:23.358927
19.218667,1950,2532,13:09:23.358927
19.220525,2007,2380,13:09:23.358927
19.222391,1952,2536,13:09:23.358927
19.224248,1891,2595,13:09:23.358927
19.226104,1773,2356,13:09:23.358927
19.227963,1945,2151,13:09:23.358927
19.229819,1834,2376,13:09:23.358927
19.231675,1890,2463,13:09:23.358927
19.233532,2013,2601,13:09:23.358927
19.235388,1978,2340,13:09:23.358927
19.237245,1603,2375,13:09:23.358927
19.239101,1600,2261,13:09:23.358927
19.240963,1909,2638,13:09:23.358927
19.242822,1860,2408,13:09:23.358927
19.244678,2068,2486,13:09:23.358927
19.246539,1951,2445,13:09:23.358927
19.248397,1813,2567,13:09:23.358927
19.250255,1830,2740,13:09:23.358927
19.252112,2088,2253,13:09:23.358927
19.253968,1859,2562,13:09:23.358927
19.255829,2029,2570,13:09:23.409696
19.257696,1887,2682,13:09:23.409696
19.259559,1937,2704,13:09:23.409696
19.261481,1660,2491,13:09:23.409696
19.263359,1776,2477,13:09:23.409696
19.265216,1784,2412,13:09:23.409696
19.267073,1746,2486,13:09:23.409696
19.268935,2029,2566,13:09:23.409696
19.270793,1916,2353,13:09:23.409696
19.27265,1913,2704,13:09:23.409696
19.274508,1812,2480,13:09:23.409696
19.276364,1813,2350,13:09:23.409696
19.278223,1869,2454,13:09:23.409696
19.280079,1848,2155,13:09:23.409696
19.281938,1895,2580,13:09:23.409696
19.283796,1768,2372,13:09:23.409696
19.285661,1645,2297,13:09:23.409696
19.287519,1863,2338,13:09:23.409696
19.289379,2085,2256,13:09:23.409696
19.291244,1841,2450,13:09:23.409696
19.2931,1712,2454,13:09:23.409696
19.294956,1654,2241,13:09:23.409696
19.296815,1802,2334,13:09:23.409696
19.298671,1854,2153,13:09:23.409696
19.30053,2067,2306,13:09:23.409696
19.302386,1776,2147,13:09:23.409696
19.304248,1784,2346,13:09:23.409696
19.306113,1793,2550,13:09:23.457161
19.307974,2119,2365,13:09:23.457161
19.309842,1942,2466,13:09:23.457161
19.311734,2081,2682,13:09:23.457161
19.31359,1786,2571,13:09:23.457161
19.315449,1888,2540,13:09:23.457161
19.317307,1521,2437,13:09:23.457161
19.319163,2013,2306,13:09:23.457161
19.32102,1983,2422,13:09:23.457161
19.32289,1799,2363,13:09:23.457161
19.324746,1667,2676,13:09:23.457161
19.326602,2038,2686,13:09:23.457161
19.328459,2094,2567,13:09:23.457161
19.330316,1605,2229,13:09:23.457161
19.332174,1757,2440,13:09:23.457161
19.33403,1604,2476,13:09:23.457161
19.335887,1730,2310,13:09:23.457161
19.337743,1739,2192,13:09:23.457161
19.339607,1467,2445,13:09:23.457161
19.341464,2070,2375,13:09:23.457161
19.34332,1531,2381,13:09:23.457161
19.345189,1819,2601,13:09:23.457161
19.347045,1858,2382,13:09:23.457161
19.348901,1702,2571,13:09:23.457161
19.350764,1805,2317,13:09:23.457161
19.352638,1746,2367,13:09:23.457161
19.354496,1618,2311,13:09:23.457161
19.356365,1776,2578,13:09:23.507456
19.358225,1713,2328,13:09:23.507456
19.360099,1794,2541,13:09:23.507456
19.362024,1890,2439,13:09:23.507456
19.36388,1698,2337,13:09:23.507456
19.365738,2012,2400,13:09:23.507456
19.367595,1850,2288,13:09:23.507456
19.369451,1773,2169,13:09:23.507456
19.371308,1963,2464,13:09:23.507456
19.37317,1741,2429,13:09:23.507456
19.375026,1750,2464,13:09:23.507456
19.376883,1958,2392,13:09:23.507456
19.378741,1799,2375,13:09:23.507456
19.380598,1827,2422,13:09:23.508450
19.382454,1966,2394,13:09:23.508450
19.38431,1880,2269,13:09:23.508450
19.386167,1602,2430,13:09:23.508450
19.388023,1531,2133,13:09:23.508450
19.38988,1830,2480,13:09:23.508450
19.39174,1544,2367,13:09:23.508450
19.393596,1753,2499,13:09:23.508450
19.395455,1711,2161,13:09:23.508450
19.397311,2061,2321,13:09:23.508450
19.399168,1823,2395,13:09:23.508450
19.401026,1734,2374,13:09:23.508450
19.402886,1753,2739,13:09:23.508450
19.404745,1794,2471,13:09:23.557766
19.406609,1864,2452,13:09:23.557766
19.408485,1476,2315,13:09:23.557766
19.410365,1930,2515,13:09:23.557766
19.412272,1811,2508,13:09:23.557766
19.41413,1881,2331,13:09:23.557766
19.415987,1843,2213,13:09:23.557766
19.417844,1728,2552,13:09:23.557766
19.419702,1995,2357,13:09:23.557766
19.421558,1885,2300,13:09:23.557766
19.423414,1936,2500,13:09:23.557766
19.425271,1915,2504,13:09:23.557766
19.427127,1682,2324,13:09:23.557766
19.428984,1853,2506,13:09:23.557766
19.430849,1612,2496,13:09:23.557766
19.432708,1762,2430,13:09:23.557766
19.434565,1772,2477,13:09:23.557766
19.436423,2033,2557,13:09:23.557766
19.43828,1699,2253,13:09:23.557766
19.440136,1765,2449,13:09:23.557766
19.441994,1889,2318,13:09:23.557766
19.443851,1806,2458,13:09:23.557766
19.445709,1829,2324,13:09:23.557766
19.447568,1712,2353,13:09:23.557766
19.449426,1760,2333,13:09:23.557766
19.451282,1643,2368,13:09:23.557766
19.453141,1913,2484,13:09:23.557766
19.455001,1993,2518,13:09:23.609349
19.456875,1923,2338,13:09:23.609349
19.458736,1993,2402,13:09:23.609349
19.46064,1778,2614,13:09:23.609349
19.46252,1962,2562,13:09:23.609349
19.464379,1601,2578,13:09:23.609349
19.466235,1919,2259,13:09:23.609349
19.468092,1680,2502,13:09:23.609349
19.46995,1959,2065,13:09:23.609349
19.471808,1934,2405,13:09:23.609349
19.473665,1923,2602,13:09:23.609349
19.475521,1909,2443,13:09:23.609349
19.477382,1886,2497,13:09:23.609349
19.479238,1979,2333,13:09:23.609349
19.481094,1724,2301,13:09:23.609349
19.482953,1749,2465,13:09:23.609349
19.484809,1827,2569,13:09:23.609349
19.486665,1395,2490,13:09:23.609349
19.488522,1742,2195,13:09:23.609349
19.490386,1782,2615,13:09:23.609349
19.492243,1692,2784,13:09:23.609349
19.494099,1761,2464,13:09:23.609349
19.495957,1768,2426,13:09:23.609349
19.497814,1821,2518,13:09:23.609349
19.49967,1667,2532,13:09:23.609349
19.501527,1711,2234,13:09:23.609349
19.503383,1848,2545,13:09:23.609349
19.505239,1851,2450,13:09:23.659560
19.507113,1627,2377,13:09:23.659560
19.508972,1807,2546,13:09:23.659560
19.510872,1277,2288,13:09:23.659560
19.512745,1982,2622,13:09:23.659560
19.514603,1706,2177,13:09:23.659560
19.51646,1789,2466,13:09:23.659560
19.518318,1757,2400,13:09:23.659560
19.520174,1752,2462,13:09:23.659560
19.522031,2050,2429,13:09:23.659560
19.523887,1774,2358,13:09:23.659560
19.525744,1860,2436,13:09:23.659560
19.527604,1992,2217,13:09:23.659560
19.52946,1652,2308,13:09:23.659560
19.531319,1834,2333,13:09:23.659560
19.533175,1672,2223,13:09:23.659560
19.535032,1700,2483,13:09:23.659560
19.53689,1830,2666,13:09:23.660560
19.53875,1820,2315,13:09:23.660560
19.540609,1840,2589,13:09:23.660560
19.542465,1855,2379,13:09:23.660560
19.544332,2016,2451,13:09:23.660560
19.546188,1932,2423,13:09:23.660560
19.548044,1765,2420,13:09:23.660560
19.549915,1742,2427,13:09:23.660560
19.551771,1552,2427,13:09:23.660560
19.55363,1905,2553,13:09:23.660560
19.55549,1849,2499,13:09:23.707809
19.557354,2056,2437,13:09:23.708807
19.559215,1836,2569,13:09:23.708807
19.561113,1582,2703,13:09:23.708807
19.562979,1548,2252,13:09:23.708807
19.564836,1734,2507,13:09:23.708807
19.566692,1864,2417,13:09:23.708807
19.56855,1780,2508,13:09:23.708807
19.570407,1908,2294,13:09:23.708807
19.572265,1830,2275,13:09:23.708807
19.574122,2027,2134,13:09:23.708807
19.575978,1793,2490,13:09:23.709805
19.577836,1813,2481,13:09:23.709805
19.5797,1986,2355,13:09:23.709805
19.581557,1712,2312,13:09:23.709805
19.583414,2007,2480,13:09:23.709805
19.585272,1474,2396,13:09:23.709805
19.587128,1908,2493,13:09:23.709805
19.588985,1921,2448,13:09:23.709805
19.590843,1966,2596,13:09:23.709805
19.5927,1673,2225,13:09:23.709805
19.594558,2043,2415,13:09:23.709805
19.596414,2206,2563,13:09:23.709805
19.598279,1837,2595,13:09:23.709805
19.600135,1793,2504,13:09:23.709805
19.601992,1688,2350,13:09:23.709805
19.60385,1896,2341,13:09:23.709805
19.605712,1928,2380,13:09:23.757276
19.607573,1837,2190,13:09:23.757276
19.609435,1932,2567,13:09:23.757276
19.611375,1406,2403,13:09:23.757276
19.613242,1749,2815,13:09:23.757276
19.615098,1536,2503,13:09:23.757276
19.616954,1890,2399,13:09:23.757276
19.618813,1790,2262,13:09:23.757276
19.620669,1723,2243,13:09:23.757276
19.622526,1769,2387,13:09:23.757276
19.624382,1819,2510,13:09:23.757276
19.626244,1938,2330,13:09:23.757276
19.628101,1939,2466,13:09:23.757276
19.629957,1941,2371,13:09:23.757276
19.631816,1851,2226,13:09:23.757276
19.633672,1858,2617,13:09:23.757276
19.63553,1603,2488,13:09:23.758277
19.637387,1905,2310,13:09:23.758277
19.639245,1649,2340,13:09:23.758277
19.641103,1513,2419,13:09:23.758277
19.642962,2000,2280,13:09:23.758277
19.644822,2223,2291,13:09:23.758277
19.646679,1758,2382,13:09:23.758277
19.648537,1950,2278,13:09:23.758277
19.650393,1696,2320,13:09:23.758277
19.652258,1997,2416,13:09:23.758277
19.654116,1974,2500,13:09:23.758277
19.655989,1833,2307,13:09:23.807654
19.657849,1679,2512,13:09:23.807654
19.659713,1863,2431,13:09:23.807654
19.661631,1607,2037,13:09:23.807654
19.66349,1771,2327,13:09:23.807654
19.665346,1767,2474,13:09:23.807654
19.667209,1669,2315,13:09:23.807654
19.669065,2089,2156,13:09:23.807654
19.670921,1362,2476,13:09:23.807654
19.67278,1996,2557,13:09:23.807654
19.674636,1903,2423,13:09:23.807654
19.676493,2002,2398,13:09:23.807654
19.678349,1743,2615,13:09:23.807654
19.680205,1686,2620,13:09:23.807654
19.682062,1938,2330,13:09:23.807654
19.683919,1821,2194,13:09:23.807654
19.685781,1506,2438,13:09:23.807654
19.687637,1763,2243,13:09:23.807654
19.689495,1925,2454,13:09:23.807654
19.691352,1861,2532,13:09:23.807654
19.69321,1832,2284,13:09:23.807654
19.695067,1647,2404,13:09:23.807654
19.696925,2003,2608,13:09:23.807654
19.698783,1722,2699,13:09:23.807654
19.70064,1992,2546,13:09:23.807654
19.702506,1565,2325,13:09:23.807654
19.704362,1879,2249,13:09:23.807654
19.706231,1518,2620,13:09:23.858797
19.708095,1839,2726,13:09:23.858797
19.709959,1736,2537,13:09:23.858797
19.711882,1538,2555,13:09:23.858797
19.71374,2044,2462,13:09:23.858797
19.715596,1660,2606,13:09:23.859797
19.717455,1736,2535,13:09:23.859797
19.719311,1700,2489,13:09:23.859797
19.721168,1436,2176,13:09:23.859797
19.723026,1735,2502,13:09:23.859797
19.724888,1929,2590,13:09:23.859797
19.726745,1762,2616,13:09:23.859797
19.728601,1921,2367,13:09:23.859797
19.73046,1977,2453,13:09:23.859797
19.732316,1740,2481,13:09:23.859797
19.734172,1927,2482,13:09:23.859797
19.736029,1736,2361,13:09:23.859797
19.737885,1792,2307,13:09:23.859797
19.739742,2005,2421,13:09:23.859797
19.741598,1861,2539,13:09:23.859797
19.74346,1996,2442,13:09:23.859797
19.745317,1859,2444,13:09:23.859797
19.747173,1661,2256,13:09:23.859797
19.749032,1641,2259,13:09:23.859797
19.750888,1664,2443,13:09:23.859797
19.752746,1828,2384,13:09:23.859797
19.754611,1708,2338,13:09:23.909703
19.756475,1906,2512,13:09:23.909703
19.758335,1813,2277,13:09:23.909703
19.760251,1740,2355,13:09:23.909703
19.762114,1686,2575,13:09:23.909703
19.764017,1705,2429,13:09:23.909703
19.765877,1709,2428,13:09:23.909703
19.767735,1757,2688,13:09:23.909703
19.769591,1755,2482,13:09:23.909703
19.771449,1564,2478,13:09:23.909703
19.773306,1823,2602,13:09:23.909703
19.775171,1802,2311,13:09:23.909703
19.777029,1761,2307,13:09:23.909703
19.778885,1786,2525,13:09:23.909703
19.780744,2139,2492,13:09:23.909703
19.7826,1779,2362,13:09:23.909703
19.784457,2022,2326,13:09:23.909703
19.786315,1675,2409,13:09:23.909703
19.788171,1791,2588,13:09:23.909703
19.79003,1739,2338,13:09:23.909703
19.791886,1812,2361,13:09:23.909703
19.793749,1955,2508,13:09:23.909703
19.795605,1840,2487,13:09:23.909703
19.797461,2029,2478,13:09:23.909703
19.79932,1843,2294,13:09:23.909703
19.801176,1822,2279,13:09:23.909703
19.803033,1765,2435,13:09:23.909703
19.804889,1893,2125,13:09:23.963152
19.806753,1815,2697,13:09:23.963152
19.808614,1985,2412,13:09:23.963152
19.810526,1741,2401,13:09:23.963152
19.812392,1661,2428,13:09:23.963152
19.814249,1899,2473,13:09:23.963152
19.816106,1794,2612,13:09:23.963152
19.817964,2059,2495,13:09:23.963152
19.81982,1841,2412,13:09:23.963152
19.821678,1757,2388,13:09:23.963152
19.823535,1848,2511,13:09:23.963152
19.825391,1935,2321,13:09:23.963152
19.827248,1906,2380,13:09:23.963152
19.829104,2092,2323,13:09:23.963152
19.830966,1952,2375,13:09:23.963152
19.832825,1771,2597,13:09:23.963152
19.834685,1875,2305,13:09:23.963152
19.836542,1751,2214,13:09:23.963152
19.838398,1908,2464,13:09:23.963152
19.840256,1878,2154,13:09:23.963152
19.842113,1778,2404,13:09:23.963152
19.843971,1863,2509,13:09:23.963152
19.845828,1846,2175,13:09:23.963152
19.847688,1767,2289,13:09:23.963152
19.849544,1854,2517,13:09:23.963152
19.851401,1634,2328,13:09:23.963152
19.853259,1834,2337,13:09:23.963152
19.855116,1912,2250,13:09:24.006963
19.856984,1599,2200,13:09:24.006963
19.858844,1956,2425,13:09:24.006963
19.860774,1830,2419,13:09:24.006963
19.862647,1799,2586,13:09:24.006963
19.864505,1920,2260,13:09:24.006963
19.866372,1545,2347,13:09:24.006963
19.86823,1787,2404,13:09:24.007960
19.870086,1790,2341,13:09:24.007960
19.871943,1909,2541,13:09:24.007960
19.873801,1794,2525,13:09:24.007960
19.875668,1705,2509,13:09:24.007960
19.877524,2017,2537,13:09:24.007960
19.87938,1896,2382,13:09:24.007960
19.881239,1876,2441,13:09:24.007960
19.883095,1851,2400,13:09:24.007960
19.884954,1712,2275,13:09:24.007960
19.88681,1853,2052,13:09:24.007960
19.888666,2093,2196,13:09:24.007960
19.890523,1690,2527,13:09:24.007960
19.892387,1885,2581,13:09:24.007960
19.894244,1822,2413,13:09:24.007960
19.8961,1696,2565,13:09:24.007960
19.897958,1820,2452,13:09:24.007960
19.899815,1786,2434,13:09:24.007960
19.901671,1982,2445,13:09:24.007960
19.90353,1946,2512,13:09:24.007960
19.905386,1698,2348,13:09:24.057318
19.907252,1696,2450,13:09:24.057318
19.909113,1837,2674,13:09:24.057318
19.911037,1361,2300,13:09:24.057318
19.912895,1992,2551,13:09:24.057318
19.914752,1681,2588,13:09:24.057318
19.916608,1631,2312,13:09:24.057318
19.918464,1861,2321,13:09:24.057318
19.920321,1648,2469,13:09:24.057318
19.922179,1948,2177,13:09:24.057318
19.924036,1956,2346,13:09:24.057318
19.925892,1821,2413,13:09:24.057318
19.927748,1861,2243,13:09:24.057318
19.929613,1853,2456,13:09:24.057318
19.931469,1723,2399,13:09:24.057318
19.933325,1834,2451,13:09:24.057318
19.935184,1815,2533,13:09:24.057318
19.93704,1774,2543,13:09:24.057318
19.938897,1727,2441,13:09:24.057318
19.940753,2093,2513,13:09:24.057318
19.942609,1960,2336,13:09:24.057318
19.944466,1879,2523,13:09:24.057318
19.946323,1689,2237,13:09:24.057318
19.948185,1841,2400,13:09:24.057318
19.950041,1904,2462,13:09:24.057318
19.951899,1896,2280,13:09:24.057318
19.953756,1723,2434,13:09:24.057318
19.955614,1771,2194,13:09:24.108088
19.957483,1899,2596,13:09:24.108088
19.959352,1796,2459,13:09:24.108088
19.961289,1613,2733,13:09:24.108088
19.963149,1742,2242,13:09:24.108088
19.965006,1572,2310,13:09:24.108088
19.966868,1837,2502,13:09:24.108088
19.968725,1719,2631,13:09:24.108088
19.970581,1901,2662,13:09:24.108088
19.972437,1883,2406,13:09:24.109087
19.974294,2011,2393,13:09:24.109087
19.976156,1983,2434,13:09:24.109087
19.978013,1598,2495,13:09:24.109087
19.979871,1587,2182,13:09:24.109087
19.981727,1495,2416,13:09:24.109087
19.983584,1751,2377,13:09:24.109087
19.985442,1563,2475,13:09:24.109087
19.987301,1707,2655,13:09:24.109087
19.989159,1720,2330,13:09:24.109087
19.991015,2030,2648,13:09:24.109087
19.99288,1885,2541,13:09:24.109087
19.994736,1731,2323,13:09:24.109087
19.996593,1764,2191,13:09:24.109087
19.998451,1640,2370,13:09:24.109087
20.000307,1458,2491,13:09:24.109087
20.002166,1746,2479,13:09:24.109087
20.004022,1503,2559,13:09:24.109087
20.005886,1910,2557,13:09:24.163073
20.007753,1896,2358,13:09:24.163073
20.009615,1690,2536,13:09:24.163073
20.011523,2031,2423,13:09:24.163073
20.013392,1933,2484,13:09:24.163073
20.015265,1810,2065,13:09:24.163073
20.017122,1662,2293,13:09:24.163073
20.018979,1728,2312,13:09:24.163073
20.020837,1583,2260,13:09:24.163073
20.022694,1725,2200,13:09:24.163073
20.02455,1642,2444,13:09:24.163073
20.026408,1764,2255,13:09:24.163073
20.028265,1735,2297,13:09:24.163073
20.030121,1720,2268,13:09:24.163073
20.031978,1673,2466,13:09:24.163073
20.033842,1598,2499,13:09:24.163073
20.035698,1848,2387,13:09:24.163073
20.037555,1778,2365,13:09:24.163073
20.039413,1685,2260,13:09:24.163073
20.04127,1647,2370,13:09:24.163073
20.043126,1839,2689,13:09:24.163073
20.044982,2064,2641,13:09:24.163073
20.046839,1565,2747,13:09:24.163073
20.048695,1707,2237,13:09:24.163073
20.050552,1837,2540,13:09:24.163073
20.052412,1736,2169,13:09:24.163073
20.054268,1843,2441,13:09:24.163073
20.056143,1522,2452,13:09:24.213549
20.058003,1912,2524,13:09:24.213549
20.059867,1782,2630,13:09:24.213549
20.061768,1323,2473,13:09:24.213549
20.063628,1742,2611,13:09:24.213549
20.065487,1143,2549,13:09:24.213549
20.067343,1658,2617,13:09:24.213549
20.0692,1643,2447,13:09:24.213549
20.071062,1896,2342,13:09:24.213549
20.072918,1760,2212,13:09:24.213549
20.074776,1610,2352,13:09:24.213549
20.076633,1588,2491,13:09:24.213549
20.078489,1572,2718,13:09:24.213549
20.080348,1775,2315,13:09:24.213549
20.082206,1645,2378,13:09:24.213549
20.084064,1707,2534,13:09:24.213549
20.085921,1701,2077,13:09:24.213549
20.087787,1702,2289,13:09:24.213549
20.089644,1920,2362,13:09:24.213549
20.0915,1613,2311,13:09:24.213549
20.093358,1631,2572,13:09:24.213549
20.095215,1730,2233,13:09:24.213549
20.097073,1647,2254,13:09:24.213549
20.09893,1862,2564,13:09:24.213549
20.100786,1741,2547,13:09:24.213549
20.102644,1730,2325,13:09:24.213549
20.104508,1866,2603,13:09:24.262175
20.106381,1724,2520,13:09:24.262175
20.108242,2000,2318,13:09:24.262175
20.110124,1621,2498,13:09:24.262175
20.112006,1330,2473,13:09:24.262175
20.113864,1810,2756,13:09:24.262175
20.115755,1587,2502,13:09:24.262175
20.117619,35,2520,13:09:24.262175
20.119475,1535,2416,13:09:24.262175
20.121334,1508,2179,13:09:24.262175
20.12319,1596,2305,13:09:24.262175
20.125049,1660,2488,13:09:24.262175
20.126905,1592,2362,13:09:24.262175
20.128763,1745,2451,13:09:24.262175
20.130622,1404,2312,13:09:24.262175
20.13248,1733,2255,13:09:24.262175
20.134337,1504,2483,13:09:24.262175
20.136193,1771,2388,13:09:24.262175
20.138051,1549,2475,13:09:24.262175
20.139908,1650,2379,13:09:24.262175
20.141764,1925,2475,13:09:24.262175
20.143623,1855,2584,13:09:24.262175
20.14548,1725,2474,13:09:24.262175
20.147339,1807,2542,13:09:24.262175
20.149196,1440,2406,13:09:24.262175
20.151058,1688,2481,13:09:24.262175
20.152914,1638,2645,13:09:24.262175
20.154771,1540,2407,13:09:24.314599
20.156637,1467,2702,13:09:24.314599
20.158498,1777,2184,13:09:24.314599
20.160399,1772,2587,13:09:24.314599
20.162268,1417,2350,13:09:24.314599
20.164127,1676,2619,13:09:24.314599
20.165999,1221,2214,13:09:24.314599
20.167877,1575,2665,13:09:24.314599
20.169734,1809,2485,13:09:24.315604
20.171594,1551,2472,13:09:24.315604
20.17345,1718,2452,13:09:24.315604
20.175309,1855,2616,13:09:24.315604
20.177165,1806,2644,13:09:24.315604
20.179029,1497,2274,13:09:24.315604
20.180886,1790,2550,13:09:24.315604
20.182742,1582,2555,13:09:24.315604
20.184601,1485,2545,13:09:24.315604
20.186457,1906,2354,13:09:24.315604
20.188315,1535,2600,13:09:24.315604
20.190172,1512,2411,13:09:24.315604
20.192028,1948,2592,13:09:24.315604
20.193885,1595,2462,13:09:24.315604
20.19575,1704,2530,13:09:24.315604
20.197609,1560,2291,13:09:24.315604
20.199466,1637,2375,13:09:24.315604
20.201324,1434,2345,13:09:24.315604
20.203181,1883,2450,13:09:24.315604
20.205037,2090,2740,13:09:24.364643
20.206903,1695,2694,13:09:24.364643
20.208764,1573,2804,13:09:24.364643
20.210656,2044,2475,13:09:24.364643
20.212516,1646,2668,13:09:24.364643
20.214373,1638,2523,13:09:24.364643
20.216235,1267,2492,13:09:24.364643
20.218092,1477,2505,13:09:24.364643
20.219954,1594,2478,13:09:24.364643
20.22181,1769,2564,13:09:24.364643
20.223667,1788,2436,13:09:24.364643
20.225525,1735,2745,13:09:24.364643
20.227385,1745,2495,13:09:24.364643
20.229242,1948,2510,13:09:24.364643
20.231098,1867,2312,13:09:24.364643
20.232957,1690,2660,13:09:24.364643
20.234813,1671,2537,13:09:24.364643
20.23667,1763,2536,13:09:24.364643
20.238526,1719,2478,13:09:24.364643
20.240382,1466,2526,13:09:24.364643
20.242239,1868,2600,13:09:24.364643
20.244095,1804,2461,13:09:24.364643
20.245957,1820,2456,13:09:24.364643
20.247814,2045,2599,13:09:24.364643
20.24967,1665,2354,13:09:24.364643
20.251529,1685,2703,13:09:24.364643
20.253385,1717,2622,13:09:24.365650
20.255244,1704,2982,13:09:24.416365
20.257118,1978,2580,13:09:24.416365
20.25898,1493,2317,13:09:24.417364
20.260873,1366,2808,13:09:24.417364
20.262729,1877,2459,13:09:24.417364
20.264587,1938,2709,13:09:24.417364
20.266452,1210,2294,13:09:24.417364
20.268312,-1439,2510,13:09:24.417364
20.270206,1698,2446,13:09:24.417364
20.272063,1863,2660,13:09:24.417364
20.273927,1522,2537,13:09:24.417364
20.275785,1823,2330,13:09:24.417364
20.277642,1508,2793,13:09:24.417364
20.2795,1882,2438,13:09:24.417364
20.281357,1904,2470,13:09:24.417364
20.283215,1673,2704,13:09:24.417364
20.285071,1873,2400,13:09:24.417364
20.28693,1692,2553,13:09:24.417364
20.288788,1642,2533,13:09:24.417364
20.290645,1831,2339,13:09:24.417364
20.292505,1866,2618,13:09:24.417364
20.294361,1817,2585,13:09:24.417364
20.29622,1743,2548,13:09:24.417364
20.298076,1729,2508,13:09:24.417364
20.299933,1814,2593,13:09:24.417364
20.301791,1565,2262,13:09:24.417364
20.303651,1677,2541,13:09:24.417364
20.30551,1509,2645,13:09:24.467551
20.307372,1798,2722,13:09:24.467551
20.309232,1839,2387,13:09:24.467551
20.311145,1658,2471,13:09:24.467551
20.313001,1512,2196,13:09:24.468600
20.314859,2029,2735,13:09:24.468600
20.316716,1788,2597,13:09:24.468600
20.318572,1361,2786,13:09:24.468600
20.32045,-68,2629,13:09:24.468600
20.322315,2019,2604,13:09:24.468600
20.324173,1935,2860,13:09:24.468600
20.32603,1915,2657,13:09:24.468600
20.327886,1643,2317,13:09:24.468600
20.329745,1879,2418,13:09:24.468600
20.331601,1829,2453,13:09:24.468600
20.333463,1981,2615,13:09:24.468600
20.33532,1564,2584,13:09:24.468600
20.337178,2039,2898,13:09:24.468600
20.339035,1737,2470,13:09:24.468600
20.340891,1894,2169,13:09:24.468600
20.342749,1694,2466,13:09:24.468600
20.34461,1805,2568,13:09:24.468600
20.346468,1816,2625,13:09:24.468600
20.348324,1848,2612,13:09:24.468600
20.350185,1884,2601,13:09:24.468600
20.352041,1779,2358,13:09:24.468600
20.353898,1554,2691,13:09:24.468600
20.35576,1659,2590,13:09:24.523231
20.357624,1864,2661,13:09:24.523231
20.359488,1808,2541,13:09:24.523231
20.36138,1524,2663,13:09:24.523231
20.363249,1816,2553,13:09:24.523231
20.365106,1674,2670,13:09:24.523231
20.366962,1650,2739,13:09:24.523231
20.368829,1827,2656,13:09:24.523231
20.370685,1217,2688,13:09:24.523231
20.372543,1827,2632,13:09:24.523231
20.374402,1831,2436,13:09:24.523231
20.376258,1890,2449,13:09:24.523231
20.378152,1491,2666,13:09:24.523231
20.380011,1849,2601,13:09:24.523231
20.381869,1882,2368,13:09:24.523231
20.383727,2014,2682,13:09:24.523231
20.385584,1934,2456,13:09:24.523231
20.387442,1656,2689,13:09:24.523231
20.389299,1961,2422,13:09:24.523231
20.391159,1616,2731,13:09:24.523231
20.393017,2041,3093,13:09:24.523231
20.394884,2058,2712,13:09:24.523231
20.39674,1790,2458,13:09:24.523231
20.398597,1861,2398,13:09:24.523231
20.400455,1464,2623,13:09:24.523231
20.402311,1525,2408,13:09:24.523231
20.404168,1258,2510,13:09:24.523231
20.406032,1908,2876,13:09:24.571217
20.407895,2052,2535,13:09:24.571217
20.409757,1867,2575,13:09:24.571217
20.411647,1707,2868,13:09:24.571217
20.413504,2065,2735,13:09:24.571217
20.415362,1464,2652,13:09:24.571217
20.417218,1384,2635,13:09:24.571217
20.419077,2137,2629,13:09:24.571217
20.420933,1987,2307,13:09:24.571217
20.422795,1614,2793,13:09:24.571217
20.424654,95,2989,13:09:24.571217
20.426519,1906,2476,13:09:24.571217
20.428379,1960,2560,13:09:24.571217
20.430235,2425,2676,13:09:24.571217
20.432093,1790,2593,13:09:24.571217
20.43395,1735,2576,13:09:24.571217
20.435806,1611,2543,13:09:24.571217
20.437665,2088,2761,13:09:24.571217
20.439521,1990,2529,13:09:24.571217
20.441379,1968,2477,13:09:24.571217
20.443236,2070,2585,13:09:24.571217
20.445096,2205,2580,13:09:24.571217
20.446953,2178,2487,13:09:24.571217
20.448809,1683,2468,13:09:24.571217
20.450665,1967,2706,13:09:24.571217
20.452522,2041,2395,13:09:24.571217
20.454378,1356,2388,13:09:24.571217
20.456245,1890,2718,13:09:24.623285
20.458105,1935,2324,13:09:24.623285
20.459987,1603,2465,13:09:24.623285
20.461885,1512,2788,13:09:24.623285
20.463744,2018,2750,13:09:24.623285
20.4656,1733,2458,13:09:24.623285
20.467457,1608,2389,13:09:24.623285
20.469315,1724,2640,13:09:24.623285
20.471179,1074,2489,13:09:24.623285
20.47306,1404,2678,13:09:24.623285
20.474921,-1489,2533,13:09:24.623285
20.47679,2031,2641,13:09:24.623285
20.478677,1734,2726,13:09:24.623285
20.480533,1905,2726,13:09:24.623285
20.482393,1984,2698,13:09:24.623285
20.48425,1832,2448,13:09:24.623285
20.486106,1925,2632,13:09:24.623285
20.487965,1997,2592,13:09:24.623285
20.489823,1882,2401,13:09:24.623285
20.491681,1888,2440,13:09:24.623285
20.493538,2319,2569,13:09:24.623285
20.495394,2209,2272,13:09:24.623285
20.497253,1959,2409,13:09:24.623285
20.499113,1885,2649,13:09:24.623285
20.500969,2086,2509,13:09:24.623285
20.502826,1588,2463,13:09:24.623285
20.504684,1718,2540,13:09:24.673071
20.506552,1717,2461,13:09:24.673071
20.508413,1865,2654,13:09:24.673071
20.510318,1912,2722,13:09:24.673071
20.512199,2117,2617,13:09:24.673071
20.514056,2216,2594,13:09:24.673071
20.515912,2045,2315,13:09:24.673071
20.51777,2010,2771,13:09:24.673071
20.519631,1357,2833,13:09:24.673071
20.521487,1525,2741,13:09:24.673071
20.523352,1543,2650,13:09:24.673071
20.525208,2037,2717,13:09:24.673071
20.527068,-1066,2567,13:09:24.673071
20.528963,1956,2657,13:09:24.673071
20.530819,1857,2685,13:09:24.673071
20.532677,1905,2553,13:09:24.673071
20.534534,1885,2281,13:09:24.673071
20.536391,2048,2449,13:09:24.673071
20.538249,1945,2625,13:09:24.673071
20.540105,1750,2765,13:09:24.673071
20.541963,1622,2369,13:09:24.673071
20.54382,1940,2433,13:09:24.673071
20.545676,2245,2689,13:09:24.673071
20.547533,1702,2456,13:09:24.673071
20.549396,1944,2773,13:09:24.673071
20.551253,1923,2442,13:09:24.673071
20.55311,1772,2604,13:09:24.673071
20.554968,1785,2420,13:09:24.727040
20.55683,1980,2467,13:09:24.727040
20.558691,1821,2454,13:09:24.727040
20.560601,1719,2416,13:09:24.727040
20.562459,1875,2495,13:09:24.727040
20.56432,1674,2699,13:09:24.727040
20.56618,1897,2487,13:09:24.727040
20.568044,1848,2526,13:09:24.727040
20.569901,1943,2340,13:09:24.727040
20.571757,1822,2590,13:09:24.727040
20.573616,1230,2212,13:09:24.727040
20.575476,956,2614,13:09:24.727040
20.577334,1934,2503,13:09:24.727040
20.579195,2150,2673,13:09:24.727040
20.581051,1931,2351,13:09:24.727040
20.58291,1888,2772,13:09:24.727040
20.584766,2036,2553,13:09:24.727040
20.586622,1837,2473,13:09:24.727040
20.588479,1879,2659,13:09:24.727040
20.590335,1699,2520,13:09:24.727040
20.592194,2021,2298,13:09:24.727040
20.59405,2114,2447,13:09:24.727040
20.595908,1850,2666,13:09:24.727040
20.597765,1874,2724,13:09:24.727040
20.599621,1889,2402,13:09:24.727040
20.601484,1946,2429,13:09:24.727040
20.603342,2001,2381,13:09:24.727040
20.605198,1829,2537,13:09:24.782607
20.607077,1523,2270,13:09:24.782607
20.608941,1847,2563,13:09:24.782607
20.610829,1586,2410,13:09:24.782607
20.612686,1632,2458,13:09:24.782607
20.614544,1592,2678,13:09:24.782607
20.6164,2043,2382,13:09:24.782607
20.618257,1795,2657,13:09:24.782607
20.620113,1316,2421,13:09:24.782607
20.62197,1757,2550,13:09:24.782607
20.623832,980,2338,13:09:24.782607
20.625688,1789,2523,13:09:24.782607
20.627563,2051,2411,13:09:24.782607
20.62942,-687,2585,13:09:24.782607
20.631286,1802,2423,13:09:24.782607
20.633144,1629,2600,13:09:24.782607
20.635,1973,2530,13:09:24.782607
20.636859,1892,2373,13:09:24.782607
20.638715,1775,2591,13:09:24.782607
20.640577,1976,2618,13:09:24.782607
20.642434,1853,2434,13:09:24.782607
20.644291,2087,2628,13:09:24.782607
20.646151,1732,2511,13:09:24.782607
20.648007,1907,2488,13:09:24.782607
20.649866,2052,2194,13:09:24.782607
20.651722,1936,2539,13:09:24.782607
20.653578,2055,2659,13:09:24.782607
20.655439,1636,2520,13:09:24.826608
20.657307,1812,2685,13:09:24.826608
20.659167,1991,2840,13:09:24.826608
20.661066,1455,2565,13:09:24.826608
20.662926,1859,2641,13:09:24.826608
20.664784,1602,2866,13:09:24.826608
20.666641,1674,2521,13:09:24.826608
20.668499,2012,2260,13:09:24.826608
20.670356,1840,2403,13:09:24.826608
20.672212,1356,2621,13:09:24.826608
20.674068,1446,2722,13:09:24.826608
20.675939,1992,2796,13:09:24.826608
20.677799,1515,2443,13:09:24.826608
20.679655,1930,2346,13:09:24.826608
20.681518,1938,2461,13:09:24.826608
20.683378,1945,2604,13:09:24.826608
20.685235,1185,2690,13:09:24.826608
20.687123,1538,2488,13:09:24.826608
20.688979,1938,2462,13:09:24.828618
20.690844,2109,2504,13:09:24.828618
20.6927,1799,2668,13:09:24.828618
20.694556,1657,2320,13:09:24.828618
20.696415,1926,2443,13:09:24.828618
20.698271,1979,2483,13:09:24.828618
20.70013,1550,2304,13:09:24.829613
20.701986,2020,2752,13:09:24.829613
20.703846,1873,2468,13:09:24.829613
20.705713,1921,2188,13:09:24.885751
20.707579,1843,2558,13:09:24.885751
20.709439,1910,2623,13:09:24.885751
20.711348,1832,2566,13:09:24.885751
20.713206,1679,2518,13:09:24.885751
20.715064,1614,2565,13:09:24.885751
20.716921,1819,2520,13:09:24.885751
20.718779,2074,2509,13:09:24.885751
20.720636,1234,2525,13:09:24.885751
20.722494,831,2416,13:09:24.885751
20.724352,1182,2571,13:09:24.885751
20.726209,1810,2633,13:09:24.885751
20.728069,1884,2670,13:09:24.885751
20.729928,-695,2449,13:09:24.885751
20.731826,2080,2342,13:09:24.885751
20.733684,1819,2645,13:09:24.885751
20.735543,1846,2542,13:09:24.885751
20.737401,1966,2516,13:09:24.885751
20.739257,1942,2545,13:09:24.885751
20.741116,1534,2817,13:09:24.885751
20.742972,1849,2502,13:09:24.885751
20.744829,1914,2689,13:09:24.885751
20.746687,2097,2734,13:09:24.885751
20.748543,1920,2742,13:09:24.885751
20.750402,1878,2774,13:09:24.885751
20.752258,1676,2572,13:09:24.885751
20.75412,1934,2597,13:09:24.885751
20.755991,2004,2241,13:09:24.929875
20.757854,1852,2545,13:09:24.929875
20.759715,2009,2526,13:09:24.929875
20.7616,1774,2547,13:09:24.929875
20.763456,1646,2576,13:09:24.929875
20.765313,2153,2543,13:09:24.929875
20.767178,1856,2628,13:09:24.929875
20.769035,1831,2461,13:09:24.929875
20.770892,1600,2685,13:09:24.929875
20.77275,1814,2712,13:09:24.929875
20.774607,1248,2565,13:09:24.929875
20.776463,1717,2601,13:09:24.929875
20.778325,1210,2810,13:09:24.929875
20.780184,2021,2723,13:09:24.929875
20.782042,1712,2728,13:09:24.929875
20.783899,1589,2556,13:09:24.929875
20.785757,2010,2615,13:09:24.929875
20.787613,1819,2465,13:09:24.929875
20.78947,-1357,2547,13:09:24.929875
20.791332,1713,2672,13:09:24.929875
20.793189,2043,2798,13:09:24.929875
20.795047,1752,2747,13:09:24.929875
20.796903,1739,2528,13:09:24.929875
20.798762,2146,2624,13:09:24.929875
20.80062,1856,2528,13:09:24.929875
20.802479,1918,2525,13:09:24.929875
20.804339,2108,2740,13:09:24.929875
20.806215,2045,2685,13:09:24.978887
20.808076,1861,2555,13:09:24.978887
20.809944,2000,2686,13:09:24.978887
20.811832,1541,2328,13:09:24.978887
20.813691,1912,2755,13:09:24.978887
20.815547,1843,2453,13:09:24.978887
20.817403,2102,2499,13:09:24.978887
20.81926,1839,2609,13:09:24.978887
20.821124,1793,2445,13:09:24.978887
20.822981,1889,2578,13:09:24.978887
20.824837,1966,2794,13:09:24.978887
20.826695,1414,2632,13:09:24.978887
20.828556,1292,2471,13:09:24.978887
20.830412,1059,2792,13:09:24.978887
20.83227,1965,2508,13:09:24.978887
20.834145,835,2606,13:09:24.978887
20.836017,2123,2569,13:09:24.978887
20.837876,2239,2483,13:09:24.978887
20.839732,2128,2649,13:09:24.979816
20.84159,1872,2754,13:09:24.979816
20.843446,1868,2670,13:09:24.979816
20.845305,1905,2709,13:09:24.979816
20.847161,1938,2607,13:09:24.979816
20.849026,2013,2768,13:09:24.979816
20.850882,1700,2728,13:09:24.979816
20.852739,2237,2500,13:09:24.979816
20.854597,2024,2442,13:09:25.032179
20.856473,2107,2729,13:09:25.032179
20.858334,1700,2698,13:09:25.032179
20.860224,2026,2535,13:09:25.032179
20.8621,1682,2643,13:09:25.032179
20.863959,2018,2610,13:09:25.032179
20.865815,1951,2487,13:09:25.032179
20.867673,1270,2838,13:09:25.032179
20.86953,2086,2698,13:09:25.032179
20.871389,1129,2404,13:09:25.032179
20.873247,1718,2679,13:09:25.032179
20.875103,1549,2598,13:09:25.032179
20.876961,2056,2516,13:09:25.032179
20.878818,1786,2696,13:09:25.032179
20.88068,2048,2623,13:09:25.032179
20.882538,-677,2491,13:09:25.032179
20.884403,1742,2437,13:09:25.032179
20.886261,2113,2415,13:09:25.032179
20.88812,1761,2670,13:09:25.032179
20.889984,1927,2537,13:09:25.032179
20.89184,1920,2590,13:09:25.032179
20.893697,1882,2830,13:09:25.032179
20.895555,2102,2484,13:09:25.032179
20.897411,1730,2607,13:09:25.032179
20.89927,1970,2564,13:09:25.032179
20.901126,1833,2575,13:09:25.032179
20.902983,1887,2673,13:09:25.032179
20.904843,2088,2650,13:09:25.082218
20.906705,2101,2523,13:09:25.082218
20.908564,2106,2369,13:09:25.082218
20.910474,1839,2559,13:09:25.082218
20.91233,1591,2565,13:09:25.082218
20.914189,1492,2701,13:09:25.082218
20.916045,1866,2664,13:09:25.082218
20.917904,1975,2584,13:09:25.082218
20.919762,1753,2702,13:09:25.083208
20.92162,2030,2726,13:09:25.083208
20.923477,561,2927,13:09:25.083208
20.925333,1968,2686,13:09:25.083208
20.927192,1279,2680,13:09:25.083208
20.929048,1991,2485,13:09:25.083208
20.930904,1174,2266,13:09:25.083208
20.932761,1381,2304,13:09:25.083208
20.934643,1638,2823,13:09:25.083208
20.936507,1541,2425,13:09:25.083208
20.938364,1885,2729,13:09:25.083208
20.940222,1858,2748,13:09:25.083208
20.942079,2002,2872,13:09:25.083208
20.943939,2059,2489,13:09:25.083208
20.945797,2091,2480,13:09:25.083208
20.947654,1898,2699,13:09:25.083208
20.949514,2197,2519,13:09:25.083208
20.951371,1945,2805,13:09:25.083208
20.953229,1815,2666,13:09:25.083208
20.955085,1956,2562,13:09:25.134426
20.956956,2020,2627,13:09:25.134426
20.958818,1927,2651,13:09:25.134426
20.960728,1982,2272,13:09:25.134426
20.962587,1769,2359,13:09:25.134426
20.964444,1730,2760,13:09:25.134426
20.966302,1672,2445,13:09:25.134426
20.968162,2183,2806,13:09:25.134426
20.970018,2062,2566,13:09:25.134426
20.971877,2103,2538,13:09:25.134426
20.973733,1347,2438,13:09:25.134426
20.975589,1859,2756,13:09:25.134426
20.977449,1802,2370,13:09:25.134426
20.979308,375,2507,13:09:25.134426
20.981166,2048,2579,13:09:25.134426
20.983029,1968,2612,13:09:25.134426
20.984931,1998,2754,13:09:25.134426
20.986801,-89,2366,13:09:25.134426
20.988658,2226,2333,13:09:25.134426
20.990516,2009,2883,13:09:25.134426
20.992373,2005,2475,13:09:25.134426
20.994229,2177,2624,13:09:25.134426
20.996087,1835,2357,13:09:25.134426
20.997947,2165,2470,13:09:25.134426
20.99981,2040,2652,13:09:25.134426
21.001666,2007,2536,13:09:25.134426
21.003529,1988,2848,13:09:25.134426
21.005385,1961,2433,13:09:25.184918
21.00725,1990,2637,13:09:25.184918
21.00911,1890,2720,13:09:25.184918
21.011018,1574,2474,13:09:25.184918
21.012877,2056,2460,13:09:25.184918
21.014735,1741,2349,13:09:25.185842
21.016595,2204,2715,13:09:25.185842
21.018452,1984,2597,13:09:25.185842
21.020308,1752,2521,13:09:25.185842
21.022167,1225,2383,13:09:25.185842
21.024023,1252,2504,13:09:25.185842
21.025879,1070,2415,13:09:25.185842
21.02774,1571,2753,13:09:25.185842
21.029596,804,2550,13:09:25.185842
21.031452,1307,2779,13:09:25.185842
21.033309,1891,2482,13:09:25.185842
21.035173,2188,2597,13:09:25.185842
21.03703,1902,2658,13:09:25.185842
21.038891,37,2330,13:09:25.185842
21.040776,2093,2625,13:09:25.185842
21.042633,1972,2623,13:09:25.185842
21.044497,2013,2633,13:09:25.185842
21.046353,1980,2502,13:09:25.185842
21.04821,1758,2467,13:09:25.185842
21.050068,2102,2768,13:09:25.185842
21.051925,2117,2654,13:09:25.185842
21.053785,2003,2685,13:09:25.185842
21.055647,2089,2799,13:09:25.236117
21.05751,1811,2697,13:09:25.236117
21.059372,1836,2739,13:09:25.236117
21.061274,1420,2732,13:09:25.236117
21.063139,1697,2620,13:09:25.236117
21.064995,2024,2714,13:09:25.236117
21.066854,2064,2660,13:09:25.236117
21.068712,1983,2443,13:09:25.236117
21.07057,1498,2747,13:09:25.236117
21.072433,1903,2884,13:09:25.236117
21.074289,1233,2515,13:09:25.236117
21.076145,1907,2745,13:09:25.236117
21.078002,1741,2338,13:09:25.236117
21.079865,1774,2429,13:09:25.236117
21.081725,1459,2610,13:09:25.236117
21.083581,1857,2393,13:09:25.236117
21.085441,570,2487,13:09:25.236117
21.087298,1999,2600,13:09:25.236117
21.089158,-218,2475,13:09:25.236117
21.091018,2029,2495,13:09:25.236117
21.092879,1867,2841,13:09:25.237155
21.094737,1904,2507,13:09:25.237155
21.096594,1970,2511,13:09:25.237155
21.098452,1939,2466,13:09:25.237155
21.100308,2113,2733,13:09:25.237155
21.102165,1951,2697,13:09:25.237155
21.104027,2222,2509,13:09:25.237155
21.105896,1987,2437,13:09:25.293780
21.107758,1667,2483,13:09:25.293780
21.109621,1663,2681,13:09:25.293780
21.111526,1535,2754,13:09:25.293780
21.113383,1992,2541,13:09:25.293780
21.115239,1851,2715,13:09:25.293780
21.1171,1761,2650,13:09:25.293780
21.118958,1765,2525,13:09:25.293780
21.120824,2103,2589,13:09:25.293780
21.122681,1912,2871,13:09:25.293780
21.124537,1354,2755,13:09:25.293780
21.126395,966,2399,13:09:25.293780
21.128254,1259,2334,13:09:25.293780
21.13011,2067,2784,13:09:25.293780
21.131969,1918,2405,13:09:25.293780
21.133825,1514,2583,13:09:25.293780
21.135681,1899,2275,13:09:25.293780
21.137538,2076,2446,13:09:25.293780
21.139424,838,2657,13:09:25.294705
21.141288,1954,2564,13:09:25.294705
21.143145,2052,2550,13:09:25.294705
21.145001,1886,2608,13:09:25.294705
21.146858,1733,2566,13:09:25.294705
21.14872,2077,2754,13:09:25.294705
21.150576,2043,2565,13:09:25.294705
21.152433,1796,2485,13:09:25.294705
21.154291,1999,2759,13:09:25.294705
21.156156,1970,2414,13:09:25.340142
21.158016,1942,2525,13:09:25.340142
21.159884,1888,2337,13:09:25.340142
21.1618,1907,2435,13:09:25.341148
21.163659,1826,2527,13:09:25.341148
21.165515,1818,2492,13:09:25.341148
21.167374,1902,2536,13:09:25.341148
21.16923,2215,2590,13:09:25.341148
21.171086,1815,2483,13:09:25.341148
21.172945,1796,2240,13:09:25.341148
21.174803,1832,2652,13:09:25.341148
21.176662,1766,2656,13:09:25.341148
21.178518,1798,2562,13:09:25.341148
21.180378,2173,2630,13:09:25.341148
21.182235,1955,2980,13:09:25.341148
21.184094,1612,2428,13:09:25.341148
21.185951,1848,2728,13:09:25.341148
21.18781,2381,2626,13:09:25.341148
21.189671,1850,2408,13:09:25.341148
21.191552,1787,2534,13:09:25.341148
21.193418,2074,2565,13:09:25.341148
21.195285,1589,2657,13:09:25.341148
21.197142,882,2525,13:09:25.341148
21.199008,1641,2547,13:09:25.341148
21.200866,2181,2420,13:09:25.341148
21.202723,2094,2542,13:09:25.341148
21.204581,1875,2423,13:09:25.389528
21.206453,1925,2582,13:09:25.389528
21.208314,1756,2528,13:09:25.389528
21.210208,1775,2517,13:09:25.389528
21.21208,1813,2512,13:09:25.389528
21.213941,1817,2468,13:09:25.389528
21.215799,1862,2465,13:09:25.389528
21.217657,1751,2552,13:09:25.389528
21.219514,2206,2668,13:09:25.389528
21.221377,1620,2344,13:09:25.389528
21.223239,928,2641,13:09:25.389528
21.225095,1618,2711,13:09:25.389528
21.226953,1850,2513,13:09:25.389528
21.22881,350,2606,13:09:25.389528
21.230668,1245,2733,13:09:25.389528
21.232526,1906,2592,13:09:25.389528
21.234386,1112,2523,13:09:25.389528
21.236245,1247,2703,13:09:25.389528
21.238102,1175,2312,13:09:25.389528
21.239968,1088,2534,13:09:25.389528
21.241824,1331,2781,13:09:25.389528
21.243711,1865,2629,13:09:25.389528
21.245579,1914,2457,13:09:25.389528
21.247435,1969,2352,13:09:25.389528
21.249292,1869,2553,13:09:25.389528
21.251148,1895,2834,13:09:25.389528
21.253004,1619,2249,13:09:25.389528
21.254865,2010,2396,13:09:25.406626
21.256737,1994,2436,13:09:25.406626
21.258598,2034,2435,13:09:25.406626
21.2605,1784,2570,13:09:25.406626
21.262412,1693,2536,13:09:25.406626
21.264276,1960,2354,13:09:25.406626
21.266133,1773,2593,13:09:25.406626
21.267991,1868,2452,13:09:25.406626
21.269849,2006,2337,13:09:25.406626
21.271706,1552,2681,13:09:25.406626
21.273564,1392,2761,13:09:25.406626
21.275421,1697,2517,13:09:25.406626
21.277277,1923,2297,13:09:25.406626
21.279133,1048,2739,13:09:25.406626
21.280997,1183,2570,13:09:25.406626
21.282856,2066,2761,13:09:25.406626
21.284712,2083,2542,13:09:25.406626
21.286571,1232,2494,13:09:25.406626
21.288427,1995,2702,13:09:25.406626
21.290288,1953,2553,13:09:25.406626
21.292148,964,2648,13:09:25.406626
21.294008,1528,2537,13:09:25.406626
21.295867,2036,2723,13:09:25.406626
21.297727,1781,2149,13:09:25.406626
21.299632,1653,2551,13:09:25.406626
21.301496,1968,2472,13:09:25.406626
21.303352,1816,2459,13:09:25.406626
21.30521,1939,2529,13:09:25.457043
21.307077,1967,2641,13:09:25.457043
21.308935,2003,2472,13:09:25.457043
21.310831,1619,2558,13:09:25.457043
21.312688,1999,2519,13:09:25.457043
21.314552,1936,2476,13:09:25.457043
21.316408,1838,2392,13:09:25.457043
21.318265,1884,2566,13:09:25.457043
21.320123,2258,2522,13:09:25.457043
21.321979,1959,2507,13:09:25.457043
21.323836,1840,2728,13:09:25.457043
21.325692,2047,2547,13:09:25.457043
21.327549,1772,2382,13:09:25.457043
21.329405,1858,2583,13:09:25.457043
21.331262,1928,2542,13:09:25.457043
21.33312,2154,2764,13:09:25.457043
21.334976,1955,2383,13:09:25.457043
21.336835,1647,2495,13:09:25.457043
21.338691,2196,2509,13:09:25.457043
21.340547,2005,2374,13:09:25.457043
21.342404,1636,2105,13:09:25.457043
21.344267,1897,2822,13:09:25.457043
21.346124,1917,2684,13:09:25.457043
21.347981,1554,2594,13:09:25.457043
21.349839,2045,2590,13:09:25.457043
21.351696,2221,2680,13:09:25.457043
21.35356,1949,2621,13:09:25.457043
21.355426,1701,2534,13:09:25.507088
21.357297,2035,2715,13:09:25.507088
21.359157,2055,2442,13:09:25.507088
21.361065,1598,2400,13:09:25.507088
21.362924,1761,2336,13:09:25.507088
21.364782,2094,2756,13:09:25.507088
21.366638,2047,2307,13:09:25.507088
21.368499,1959,2546,13:09:25.507088
21.370355,2026,2800,13:09:25.507088
21.372212,1853,2422,13:09:25.507088
21.37407,2076,2499,13:09:25.507088
21.375926,1931,2645,13:09:25.507088
21.377787,1965,2472,13:09:25.507088
21.379643,1915,2321,13:09:25.507088
21.381501,1790,2817,13:09:25.507088
21.38336,2200,2755,13:09:25.507088
21.385226,1720,2434,13:09:25.507088
21.387083,1903,2543,13:09:25.507088
21.388939,2183,2710,13:09:25.507088
21.390799,1904,2588,13:09:25.507088
21.39266,1969,2440,13:09:25.507088
21.394516,2153,2494,13:09:25.507088
21.396379,2138,2489,13:09:25.507088
21.398235,1881,2609,13:09:25.507088
21.400095,1844,2594,13:09:25.507088
21.401952,1887,2666,13:09:25.507088
21.403812,2059,2449,13:09:25.507088
21.405674,1930,2649,13:09:25.556817
21.407545,1895,2760,13:09:25.556817
21.409407,2008,2663,13:09:25.556817
21.411336,1568,2520,13:09:25.556817
21.413208,1882,2432,13:09:25.556817
21.415064,2046,2494,13:09:25.556817
21.41692,1933,2366,13:09:25.556817
21.418783,1561,2377,13:09:25.556817
21.420639,1926,2440,13:09:25.556817
21.422496,2099,2682,13:09:25.556817
21.424354,2046,2660,13:09:25.556817
21.42621,1967,2689,13:09:25.556817
21.428069,2203,2687,13:09:25.556817
21.429925,2114,2555,13:09:25.556817
21.431784,1581,2694,13:09:25.556817
21.433642,2014,2808,13:09:25.556817
21.435499,2039,2538,13:09:25.556817
21.437359,1719,2296,13:09:25.556817
21.439215,1980,2537,13:09:25.556817
21.441074,2044,2632,13:09:25.556817
21.44293,2041,2420,13:09:25.556817
21.444786,2056,2772,13:09:25.556817
21.446645,1908,2595,13:09:25.556817
21.448505,2151,2426,13:09:25.556817
21.450363,1914,2405,13:09:25.556817
21.45222,1907,2439,13:09:25.556817
21.454086,2064,2584,13:09:25.556817
21.455953,1855,2511,13:09:25.607892
21.457818,1796,2610,13:09:25.607892
21.459679,1736,2516,13:09:25.607892
21.461572,2030,2610,13:09:25.607892
21.463428,1762,2585,13:09:25.607892
21.465284,2154,2516,13:09:25.607892
21.467144,2097,2653,13:09:25.607892
21.469001,1907,2692,13:09:25.607892
21.470858,1969,2598,13:09:25.607892
21.472716,2098,2305,13:09:25.607892
21.474572,1962,2657,13:09:25.607892
21.476429,1918,2596,13:09:25.607892
21.478285,2073,2638,13:09:25.607892
21.480142,1985,2542,13:09:25.607892
21.481998,1959,2825,13:09:25.607892
21.483856,2239,2548,13:09:25.607892
21.485723,1988,2708,13:09:25.607892
21.487579,2051,2617,13:09:25.607892
21.489436,1797,2774,13:09:25.607892
21.491294,2003,2528,13:09:25.607892
21.49315,1970,2652,13:09:25.607892
21.495009,2062,2708,13:09:25.607892
21.496867,1821,2660,13:09:25.607892
21.498725,2197,2663,13:09:25.607892
21.500582,2033,2551,13:09:25.607892
21.502442,1849,2491,13:09:25.607892
21.504299,1882,2763,13:09:25.607892
21.506165,2206,2477,13:09:25.657148
21.508031,1940,2355,13:09:25.657148
21.509907,2176,2615,13:09:25.657148
21.511832,1844,2680,13:09:25.657148
21.513694,1937,2792,13:09:25.657148
21.515551,2082,2544,13:09:25.657148
21.517407,2113,2714,13:09:25.657148
21.519265,2035,2583,13:09:25.657148
21.521122,2111,2804,13:09:25.657148
21.522978,2110,2604,13:09:25.657148
21.524835,2258,2430,13:09:25.657148
21.526691,1912,2769,13:09:25.657148
21.528547,2021,2686,13:09:25.657148
21.530404,1918,2622,13:09:25.657148
21.532264,1821,2244,13:09:25.657148
21.534121,1826,2406,13:09:25.657148
21.535979,2095,2349,13:09:25.657148
21.537835,2059,2308,13:09:25.657148
21.539692,1629,2643,13:09:25.657148
21.54155,1947,2420,13:09:25.657148
21.54341,2006,2582,13:09:25.657148
21.545269,1778,2721,13:09:25.657148
21.547125,2281,2707,13:09:25.657148
21.548992,1834,2629,13:09:25.657148
21.550848,2071,2465,13:09:25.660149
21.552705,1834,2643,13:09:25.660149
21.554574,1706,2367,13:09:25.708824
21.556475,2155,2646,13:09:25.708824
21.558336,2128,2782,13:09:25.708824
21.560228,1907,2542,13:09:25.709823
21.5621,2195,2642,13:09:25.709823
21.563958,1976,2272,13:09:25.709823
21.565815,1836,2626,13:09:25.709823
21.567671,1913,2834,13:09:25.709823
21.56953,1915,2473,13:09:25.709823
21.571386,1818,2729,13:09:25.709823
21.573242,1941,2655,13:09:25.709823
21.575099,1895,2709,13:09:25.709823
21.576963,1921,2672,13:09:25.709823
21.57882,1837,2472,13:09:25.709823
21.580676,2147,2775,13:09:25.709823
21.582534,1992,2540,13:09:25.713262
21.584391,2001,2709,13:09:25.713262
21.586249,2119,2493,13:09:25.713262
21.588106,2078,2564,13:09:25.713262
21.589962,2049,2687,13:09:25.713262
21.59182,2139,2692,13:09:25.713262
21.593684,2029,2564,13:09:25.713262
21.595541,2108,2697,13:09:25.713262
21.597403,2121,2440,13:09:25.713262
21.599266,2237,2887,13:09:25.713262
21.601122,2281,2621,13:09:25.713262
21.602979,1949,2714,13:09:25.713262
21.604873,1744,2648,13:09:25.756988
21.606741,1914,2614,13:09:25.756988
21.6086,2296,2567,13:09:25.756988
21.610498,1907,2626,13:09:25.756988
21.61238,1897,2547,13:09:25.756988
21.614238,2182,2653,13:09:25.756988
21.616095,2064,2878,13:09:25.756988
21.617951,1843,2492,13:09:25.756988
21.61981,1862,2804,13:09:25.756988
21.621666,1909,2731,13:09:25.756988
21.623522,1741,2600,13:09:25.756988
21.625379,1892,2894,13:09:25.756988
21.627241,2451,2838,13:09:25.756988
21.629098,2263,2654,13:09:25.756988
21.630954,2045,2734,13:09:25.756988
21.632812,2340,2707,13:09:25.756988
21.634669,1779,2602,13:09:25.756988
21.636527,2106,2764,13:09:25.756988
21.638384,2014,2701,13:09:25.756988
21.640242,2145,2542,13:09:25.756988
21.6421,1997,2587,13:09:25.756988
21.64396,2110,2772,13:09:25.756988
21.645823,2037,2718,13:09:25.756988
21.64768,2030,2653,13:09:25.756988
21.649538,2066,2728,13:09:25.756988
21.651394,1892,2707,13:09:25.756988
21.653251,1936,2574,13:09:25.758994
21.655109,1863,2563,13:09:25.807680
21.656974,2066,2843,13:09:25.807680
21.658834,2061,2816,13:09:25.807680
21.660734,1611,2545,13:09:25.807680
21.662591,1931,2589,13:09:25.807680
21.664449,1925,2557,13:09:25.807680
21.666307,2014,2745,13:09:25.807680
21.668166,2099,2759,13:09:25.807680
21.670022,2096,2438,13:09:25.807680
21.671881,1887,2586,13:09:25.807680
21.673737,1869,2633,13:09:25.807680
21.675602,1663,2516,13:09:25.807680
21.67746,1968,2829,13:09:25.807680
21.679316,2147,2651,13:09:25.807680
21.681174,2063,2982,13:09:25.807680
21.683031,2066,2688,13:09:25.807680
21.684887,2101,2677,13:09:25.807680
21.686746,1888,2311,13:09:25.807680
21.688602,2045,2805,13:09:25.807680
21.690459,1767,2611,13:09:25.807680
21.692315,2264,2884,13:09:25.807680
21.694179,2115,2954,13:09:25.807680
21.696036,1900,2516,13:09:25.807680
21.697892,1884,2745,13:09:25.807680
21.699754,1865,3066,13:09:25.807680
21.701611,1947,2837,13:09:25.807680
21.703469,2015,2570,13:09:25.807680
21.705326,2060,2737,13:09:25.857540
21.707188,1970,2719,13:09:25.857540
21.709048,2090,2899,13:09:25.857540
21.710992,2226,2638,13:09:25.857540
21.712855,2046,2781,13:09:25.857540
21.714711,2310,2743,13:09:25.857540
21.71657,2109,2489,13:09:25.857540
21.718428,1748,2768,13:09:25.857540
21.720284,2026,2916,13:09:25.857540
21.722145,2090,2703,13:09:25.857540
21.724001,1951,2415,13:09:25.857540
21.725858,2165,2685,13:09:25.857540
21.727716,1996,2726,13:09:25.857540
21.729572,1759,2668,13:09:25.857540
21.731431,1931,2782,13:09:25.857540
21.733287,1773,2892,13:09:25.857540
21.735148,2084,2751,13:09:25.857540
21.737006,2047,2828,13:09:25.857540
21.738872,1915,2858,13:09:25.857540
21.740729,2170,2756,13:09:25.857540
21.742585,2083,2796,13:09:25.857540
21.744444,2117,2517,13:09:25.857540
21.746302,2060,2683,13:09:25.857540
21.748158,1886,2678,13:09:25.857540
21.750017,2084,2669,13:09:25.857540
21.751875,2082,2842,13:09:25.857540
21.753731,2308,2715,13:09:25.857540
21.755602,2181,2828,13:09:25.907155
21.757484,2045,2852,13:09:25.907155
21.759345,1907,2911,13:09:25.907155
21.761259,1764,2640,13:09:25.907155
21.763121,1942,2992,13:09:25.907155
21.764977,1997,2739,13:09:25.907155
21.766834,2165,2947,13:09:25.907155
21.768694,2132,2834,13:09:25.907155
21.770551,2118,2770,13:09:25.907155
21.772409,1878,3204,13:09:25.907155
21.774265,1976,2705,13:09:25.907155
21.776122,1991,2712,13:09:25.907155
21.77798,1941,2645,13:09:25.907155
21.77984,1722,2776,13:09:25.907155
21.781699,1980,2859,13:09:25.907155
21.783555,1750,2785,13:09:25.907155
21.785422,2052,2498,13:09:25.907155
21.787278,1989,2926,13:09:25.907155
21.789135,2231,2480,13:09:25.907155
21.790993,1914,2693,13:09:25.907155
21.792849,1893,2865,13:09:25.907155
21.794706,1688,2592,13:09:25.907155
21.796562,1895,2884,13:09:25.907155
21.798419,1963,2709,13:09:25.907155
21.800275,2149,2676,13:09:25.907155
21.802142,1986,2593,13:09:25.907155
21.804005,1672,3068,13:09:25.908162
21.805888,1874,3013,13:09:25.959541
21.807748,2084,2579,13:09:25.959541
21.809615,1545,2805,13:09:25.959541
21.811527,1711,2896,13:09:25.959541
21.813387,2007,2666,13:09:25.959541
21.815244,1733,2827,13:09:25.959541
21.8171,1927,3017,13:09:25.959541
21.818958,2118,2768,13:09:25.959541
21.820815,1827,3113,13:09:25.959541
21.822673,1918,2972,13:09:25.959541
21.82453,1725,2694,13:09:25.959541
21.826386,1915,2939,13:09:25.959541
21.828244,1875,2636,13:09:25.959541
21.830101,1754,2719,13:09:25.959541
21.831963,1828,3021,13:09:25.959541
21.83382,1886,2817,13:09:25.959541
21.835678,1978,2903,13:09:25.959541
21.837534,1850,2778,13:09:25.959541
21.839391,1919,2716,13:09:25.959541
21.841249,1932,2680,13:09:25.959541
21.84311,1781,2764,13:09:25.959541
21.844968,1993,2861,13:09:25.959541
21.846824,1833,2916,13:09:25.959541
21.848685,1608,2759,13:09:25.959541
21.850541,2016,2789,13:09:25.959541
21.852397,1852,2829,13:09:25.959541
21.854256,1820,2765,13:09:25.959541
21.856116,2102,2858,13:09:26.010164
21.857977,1958,2640,13:09:26.010164
21.859853,1778,2875,13:09:26.010164
21.861766,1722,2744,13:09:26.010164
21.863633,1374,2810,13:09:26.010164
21.86549,1866,2853,13:09:26.011154
21.867348,1630,2681,13:09:26.011154
21.869207,1935,2872,13:09:26.011154
21.871073,1691,2726,13:09:26.011154
21.872929,1785,2607,13:09:26.011154
21.874786,2059,2994,13:09:26.011154
21.876644,1698,2729,13:09:26.011154
21.878501,1778,3043,13:09:26.011154
21.880357,1968,2580,13:09:26.011154
21.882215,1923,2862,13:09:26.011154
21.884072,1760,2796,13:09:26.011154
21.88593,1985,2615,13:09:26.011154
21.887787,1768,2890,13:09:26.011154
21.889651,2025,2749,13:09:26.011154
21.891507,1859,2957,13:09:26.011154
21.893364,2104,2857,13:09:26.011154
21.895222,2131,2768,13:09:26.011154
21.897078,1993,2589,13:09:26.011154
21.898935,1890,2703,13:09:26.011154
21.900793,2167,2777,13:09:26.011154
21.90265,2029,2719,13:09:26.016238
21.90451,1930,2875,13:09:26.057666
21.906372,1845,2491,13:09:26.057666
21.908231,1901,2746,13:09:26.057666
21.910119,1805,2796,13:09:26.057666
21.911989,1986,2800,13:09:26.057666
21.91385,1847,2847,13:09:26.057666
21.915706,1806,2888,13:09:26.057666
21.917563,1938,2712,13:09:26.057666
21.919419,2001,2773,13:09:26.057666
21.921285,1790,2819,13:09:26.057666
21.923142,1747,2614,13:09:26.057666
21.924998,1949,2887,13:09:26.057666
21.926857,1982,2744,13:09:26.057666
21.928713,1738,2777,13:09:26.057666
21.930571,2301,2924,13:09:26.057666
21.932428,2107,2877,13:09:26.057666
21.934284,1955,2837,13:09:26.057666
21.936141,1838,2859,13:09:26.057666
21.938006,2057,2844,13:09:26.057666
21.939865,1651,2940,13:09:26.057666
21.941722,1965,2680,13:09:26.057666
21.94358,1759,2949,13:09:26.057666
21.945436,1798,2592,13:09:26.057666
21.947293,1814,2893,13:09:26.057666
21.949151,1978,3030,13:09:26.057666
21.951008,2240,2797,13:09:26.057666
21.952866,1963,2672,13:09:26.057666
21.954722,1801,2765,13:09:26.111950
21.956597,2124,2948,13:09:26.111950
21.958465,1714,2782,13:09:26.112949
21.960355,2036,2727,13:09:26.112949
21.96227,1757,3080,13:09:26.112949
21.964128,2005,2897,13:09:26.112949
21.965983,1922,2870,13:09:26.112949
21.967843,2089,2812,13:09:26.112949
21.969699,1857,2716,13:09:26.112949
21.97156,1815,2923,13:09:26.112949
21.973416,2259,2750,13:09:26.112949
21.975272,2019,2581,13:09:26.112949
21.977131,1963,2834,13:09:26.112949
21.978987,1714,3069,13:09:26.112949
21.980846,2002,2701,13:09:26.112949
21.982702,1866,2773,13:09:26.112949
21.984564,2218,2636,13:09:26.112949
21.986423,2059,2805,13:09:26.112949
21.988289,2214,2960,13:09:26.112949
21.990145,1924,2850,13:09:26.112949
21.992002,1910,2692,13:09:26.112949
21.99386,1921,2872,13:09:26.112949
21.995717,2094,2686,13:09:26.112949
21.997573,1845,2879,13:09:26.112949
21.999431,1895,2872,13:09:26.112949
22.001288,1984,2996,13:09:26.112949
22.003146,1873,3147,13:09:26.112949
22.005003,2021,2781,13:09:26.160614
22.006877,1935,2868,13:09:26.160614
22.008753,1886,2790,13:09:26.160614
22.010647,1845,2652,13:09:26.160614
22.012528,1872,2669,13:09:26.160614
22.014388,1912,2626,13:09:26.160614
22.016248,1840,2747,13:09:26.160614
22.018113,1853,2987,13:09:26.160614
22.019969,1942,3058,13:09:26.160614
22.021828,1968,2695,13:09:26.160614
22.023684,1874,2862,13:09:26.160614
22.025541,1931,2936,13:09:26.160614
22.027397,2009,2763,13:09:26.160614
22.029257,1981,2769,13:09:26.160614
22.031116,1734,2940,13:09:26.160614
22.032972,1903,2855,13:09:26.160614
22.034839,1959,2927,13:09:26.160614
22.036695,1884,2658,13:09:26.160614
22.038551,1743,2755,13:09:26.160614
22.04041,1866,2779,13:09:26.160614
22.042266,2035,2997,13:09:26.160614
22.044123,1768,2759,13:09:26.160614
22.045979,2082,2805,13:09:26.160614
22.047835,1982,3117,13:09:26.160614
22.049692,1747,2743,13:09:26.160614
22.051549,1650,2879,13:09:26.160614
22.053411,1779,2831,13:09:26.160614
22.055267,1984,2981,13:09:26.209354
22.057131,2117,2646,13:09:26.209354
22.058992,2288,2678,13:09:26.209354
22.060891,1571,2954,13:09:26.209354
22.062766,2055,2743,13:09:26.209354
22.064623,1789,2755,13:09:26.209354
22.066483,1877,2676,13:09:26.209354
22.068341,1859,2820,13:09:26.209354
22.070207,2178,2987,13:09:26.209354
22.072064,1888,3039,13:09:26.209354
22.073921,1999,2913,13:09:26.209354
22.075779,1981,2866,13:09:26.209354
22.077635,2000,3086,13:09:26.209354
22.079492,1997,2908,13:09:26.209354
22.081348,1896,2872,13:09:26.209354
22.083205,1772,2918,13:09:26.209354
22.085061,1998,2711,13:09:26.209354
22.086917,2018,2768,13:09:26.209354
22.088778,2121,2940,13:09:26.209354
22.090634,1887,2841,13:09:26.209354
22.092491,2061,3010,13:09:26.209354
22.094349,1765,2790,13:09:26.209354
22.096205,2151,3075,13:09:26.209354
22.098064,2000,2749,13:09:26.209354
22.09992,1866,2710,13:09:26.209354
22.101781,2015,2822,13:09:26.209354
22.103639,1983,2918,13:09:26.209354
22.105504,1861,2970,13:09:26.260675
22.107382,1915,2793,13:09:26.260675
22.109243,2052,2867,13:09:26.260675
22.111144,1956,2905,13:09:26.260675
22.113003,1906,3021,13:09:26.260675
22.114859,2032,2751,13:09:26.260675
22.116717,1908,2851,13:09:26.260675
22.118574,2128,2742,13:09:26.260675
22.12043,1979,2841,13:09:26.260675
22.122287,2014,2948,13:09:26.260675
22.124153,1918,2868,13:09:26.260675
22.126009,2222,2673,13:09:26.260675
22.127868,1837,2745,13:09:26.260675
22.129726,2058,2776,13:09:26.260675
22.131583,1812,2748,13:09:26.260675
22.133439,1817,2830,13:09:26.260675
22.135297,2005,2990,13:09:26.260675
22.137154,2106,2917,13:09:26.260675
22.13901,1903,2932,13:09:26.260675
22.140869,1903,3053,13:09:26.260675
22.142731,1893,2844,13:09:26.260675
22.144587,2201,2912,13:09:26.260675
22.146444,2002,2483,13:09:26.260675
22.148302,2178,2978,13:09:26.260675
22.150158,2166,2600,13:09:26.260675
22.152015,2010,2783,13:09:26.260675
22.153873,2029,3093,13:09:26.260675
22.155732,2214,2763,13:09:26.309640
22.157594,2116,3111,13:09:26.309640
22.15946,2107,2897,13:09:26.309640
22.161365,1646,3034,13:09:26.309640
22.163255,1716,3188,13:09:26.309640
22.165123,1914,2722,13:09:26.309640
22.16698,2114,2802,13:09:26.309640
22.168836,1965,2775,13:09:26.309640
22.170702,2019,2772,13:09:26.309640
22.172559,1975,2800,13:09:26.309640
22.174415,2095,3037,13:09:26.309640
22.176274,2053,2926,13:09:26.309640
22.17813,1986,2931,13:09:26.309640
22.179988,1930,2950,13:09:26.309640
22.181845,2076,2907,13:09:26.309640
22.183701,2112,2631,13:09:26.309640
22.18556,2044,2714,13:09:26.309640
22.187423,1924,3005,13:09:26.309640
22.18928,2033,2810,13:09:26.309640
22.191137,1918,3163,13:09:26.309640
22.192995,2128,2883,13:09:26.309640
22.194853,2084,3193,13:09:26.309640
22.19671,2048,3046,13:09:26.309640
22.198568,1903,2809,13:09:26.309640
22.200425,2016,2749,13:09:26.309640
22.202283,1919,2717,13:09:26.309640
22.204139,1824,3236,13:09:26.309640
22.206012,2052,2913,13:09:26.365413
22.207874,2010,2964,13:09:26.365413
22.209737,2211,2977,13:09:26.366405
22.211631,1742,2882,13:09:26.366405
22.213491,1534,2791,13:09:26.366405
22.215377,1994,2991,13:09:26.366405
22.217236,1842,3053,13:09:26.366405
22.219096,2032,2859,13:09:26.366405
22.220955,1998,2996,13:09:26.366405
22.222811,1983,2938,13:09:26.366405
22.224667,2136,2806,13:09:26.366405
22.226526,2061,2980,13:09:26.366405
22.228383,2048,3073,13:09:26.366405
22.230241,1932,2894,13:09:26.366405
22.232097,2060,3165,13:09:26.366405
22.233955,2117,3003,13:09:26.366405
22.235812,2208,2822,13:09:26.366405
22.237668,1847,2943,13:09:26.366405
22.239524,2039,2939,13:09:26.366405
22.241381,1912,2966,13:09:26.366405
22.243237,2152,2751,13:09:26.366405
22.245094,1867,2880,13:09:26.366405
22.24696,2072,3019,13:09:26.366405
22.248816,1764,2709,13:09:26.366405
22.250673,2107,2766,13:09:26.366405
22.252531,2254,2763,13:09:26.366405
22.254388,1888,2769,13:09:26.415314
22.256248,2186,2803,13:09:26.415314
22.258108,2008,3003,13:09:26.415314
22.259983,2234,2827,13:09:26.415314
22.261877,1829,2896,13:09:26.415314
22.263733,1534,2984,13:09:26.415314
22.265602,1805,2866,13:09:26.415314
22.267472,1704,2901,13:09:26.415314
22.269328,810,2985,13:09:26.415314
22.271193,2058,3030,13:09:26.416313
22.273049,2138,2886,13:09:26.416313
22.274908,2191,2992,13:09:26.416313
22.276764,1945,2945,13:09:26.416313
22.278621,2091,2780,13:09:26.416313
22.280479,2138,2927,13:09:26.416313
22.282337,1981,2847,13:09:26.416313
22.284196,2016,2856,13:09:26.416313
22.286052,2179,2815,13:09:26.416313
22.287918,1828,2821,13:09:26.416313
22.289775,2040,3049,13:09:26.416313
22.291631,2372,2762,13:09:26.416313
22.29349,2129,2968,13:09:26.416313
22.295346,1932,3054,13:09:26.416313
22.297204,2138,3085,13:09:26.416313
22.299061,2033,3030,13:09:26.416313
22.300917,2051,3061,13:09:26.416313
22.302774,2048,2852,13:09:26.416313
22.304638,2053,2887,13:09:26.465822
22.306508,1898,3192,13:09:26.465822
22.308369,1985,2767,13:09:26.465822
22.310268,2149,3038,13:09:26.465822
22.312137,1488,2856,13:09:26.465822
22.314006,2055,2721,13:09:26.465822
22.315866,2004,2890,13:09:26.465822
22.31775,1245,3092,13:09:26.465822
22.319606,1677,2566,13:09:26.465822
22.321465,2218,2886,13:09:26.465822
22.323322,2255,2899,13:09:26.465822
22.32518,1997,2910,13:09:26.465822
22.327036,1840,2983,13:09:26.465822
22.328893,2183,2790,13:09:26.465822
22.330751,2027,3086,13:09:26.465822
22.332611,2067,3001,13:09:26.465822
22.334468,1972,2972,13:09:26.465822
22.336324,2122,2926,13:09:26.465822
22.338183,2046,3079,13:09:26.465822
22.340039,2024,3133,13:09:26.465822
22.341896,1929,2953,13:09:26.465822
22.343754,2106,3079,13:09:26.465822
22.34561,2083,2970,13:09:26.465822
22.347469,2123,2939,13:09:26.465822
22.349325,1664,3033,13:09:26.465822
22.35119,2020,3159,13:09:26.465822
22.353048,1817,3090,13:09:26.465822
22.354904,2003,3130,13:09:26.523903
22.356769,2062,3075,13:09:26.523903
22.358627,1931,2759,13:09:26.523903
22.360533,2213,3013,13:09:26.523903
22.36244,1630,2917,13:09:26.523903
22.364296,2046,3046,13:09:26.523903
22.366156,2101,2838,13:09:26.523903
22.368023,1636,2937,13:09:26.523903
22.369909,446,3158,13:09:26.523903
22.371777,1810,2756,13:09:26.523903
22.373634,1932,3118,13:09:26.523903
22.375498,2067,3245,13:09:26.523903
22.377355,2019,2772,13:09:26.523903
22.379211,1859,3113,13:09:26.523903
22.381069,1926,2852,13:09:26.523903
22.382926,1928,3049,13:09:26.523903
22.384786,2132,3013,13:09:26.523903
22.386643,1859,3072,13:09:26.523903
22.388499,1893,2906,13:09:26.523903
22.390357,2010,3000,13:09:26.523903
22.392218,2192,3057,13:09:26.523903
22.394074,2244,3158,13:09:26.524899
22.39593,2016,3055,13:09:26.524899
22.397789,2044,2843,13:09:26.524899
22.399645,2262,3026,13:09:26.524899
22.401502,2006,2927,13:09:26.524899
22.40336,2153,3062,13:09:26.524899
22.405216,1718,2880,13:09:26.570673
22.407085,1940,3219,13:09:26.570673
22.408947,2175,2854,13:09:26.570673
22.410856,1754,2931,13:09:26.570673
22.412718,2106,3080,13:09:26.570673
22.414574,2063,3004,13:09:26.570673
22.416435,2073,2769,13:09:26.570673
22.418293,2019,3158,13:09:26.570673
22.420149,1902,2895,13:09:26.570673
22.422008,2003,3177,13:09:26.570673
22.423866,2101,2930,13:09:26.570673
22.425723,1291,3184,13:09:26.570673
22.427581,2137,3067,13:09:26.570673
22.429444,2091,2919,13:09:26.570673
22.431302,1893,2983,13:09:26.570673
22.433158,2196,2986,13:09:26.570673
22.435016,1850,3081,13:09:26.570673
22.436875,2230,2818,13:09:26.570673
22.438733,2019,3090,13:09:26.570673
22.44059,1945,2886,13:09:26.570673
22.442449,2378,2876,13:09:26.570673
22.444306,1989,2870,13:09:26.570673
22.446164,1927,2873,13:09:26.570673
22.448021,2102,3150,13:09:26.570673
22.449878,1956,3188,13:09:26.570673
22.451736,1840,3124,13:09:26.570673
22.453592,2028,3100,13:09:26.570673
22.455452,1933,3171,13:09:26.618509
22.457327,1925,3172,13:09:26.618509
22.45919,2004,3204,13:09:26.618509
22.461088,1725,3041,13:09:26.618509
22.462948,1736,3003,13:09:26.618509
22.464812,1958,3122,13:09:26.618509
22.466669,2212,3005,13:09:26.618509
22.468525,2315,3143,13:09:26.618509
22.470384,1969,3043,13:09:26.618509
22.47226,1691,3038,13:09:26.618509
22.474136,-281,2809,13:09:26.618509
22.475993,1846,3165,13:09:26.618509
22.477849,2061,3034,13:09:26.618509
22.479708,1875,3252,13:09:26.618509
22.481564,1897,2844,13:09:26.620530
22.48342,1894,3067,13:09:26.620530
22.485277,2032,3100,13:09:26.620530
22.487133,2059,2928,13:09:26.620530
22.48899,2177,2928,13:09:26.620530
22.490846,1902,2924,13:09:26.620530
22.492706,2131,3153,13:09:26.620530
22.494563,1600,2752,13:09:26.620530
22.496419,1992,2777,13:09:26.620530
22.498278,1942,2757,13:09:26.620530
22.500134,2035,2920,13:09:26.620530
22.501992,2092,3342,13:09:26.620530
22.503849,2006,3070,13:09:26.620530
22.505717,1882,2987,13:09:26.669526
22.507584,2002,3095,13:09:26.669526
22.509447,2067,3010,13:09:26.669526
22.511362,1923,2997,13:09:26.669526
22.513219,1892,3100,13:09:26.669526
22.515082,1949,3010,13:09:26.669526
22.516943,1611,3032,13:09:26.669526
22.51881,1863,3081,13:09:26.669526
22.52068,1677,3237,13:09:26.669526
22.52256,386,3094,13:09:26.669526
22.524419,2021,3120,13:09:26.669526
22.526277,1899,2851,13:09:26.669526
22.528133,1806,3013,13:09:26.669526
22.529992,2114,2987,13:09:26.669526
22.531848,2265,3031,13:09:26.669526
22.533705,2030,3145,13:09:26.669526
22.535563,2099,2710,13:09:26.669526
22.53742,2177,2987,13:09:26.669526
22.539276,1985,2798,13:09:26.669526
22.541132,2146,3084,13:09:26.669526
22.542997,2094,3168,13:09:26.669526
22.544853,2160,2923,13:09:26.669526
22.54671,2307,2970,13:09:26.669526
22.548568,2141,3241,13:09:26.669526
22.550424,2043,2998,13:09:26.669526
22.552281,2211,2988,13:09:26.669526
22.554137,2036,2989,13:09:26.669526
22.556007,2095,2846,13:09:26.721009
22.557872,2013,2965,13:09:26.721009
22.559741,1918,3105,13:09:26.721009
22.561646,1750,2675,13:09:26.721009
22.563507,2038,2887,13:09:26.721009
22.565365,1706,3170,13:09:26.721009
22.567228,1965,3226,13:09:26.721009
22.569084,1468,2807,13:09:26.721009
22.570942,1474,3319,13:09:26.721009
22.572803,-733,2997,13:09:26.721009
22.574691,2022,2857,13:09:26.721009
22.576553,2307,2892,13:09:26.721009
22.57841,2154,2937,13:09:26.721009
22.58027,1951,2884,13:09:26.721009
22.582127,2077,3021,13:09:26.721009
22.583983,1778,3202,13:09:26.721009
22.585843,2322,3125,13:09:26.721009
22.5877,2130,2842,13:09:26.721009
22.589556,1979,3091,13:09:26.721009
22.591413,2102,2881,13:09:26.721009
22.593273,1848,2884,13:09:26.721009
22.595129,2294,3051,13:09:26.721009
22.596986,2194,3127,13:09:26.721009
22.598846,1976,2975,13:09:26.721009
22.600703,2238,2931,13:09:26.721009
22.602561,2101,2992,13:09:26.721009
22.604417,1979,3075,13:09:26.721009
22.60629,2045,2974,13:09:26.774350
22.60815,2130,2867,13:09:26.774350
22.610022,2183,3043,13:09:26.774350
22.611901,2040,3147,13:09:26.774350
22.613765,1966,2889,13:09:26.774350
22.615621,2217,3045,13:09:26.774350
22.617478,2008,3113,13:09:26.774350
22.619334,2077,3119,13:09:26.774350
22.621195,2125,3208,13:09:26.774350
22.623052,1874,3257,13:09:26.774350
22.624915,2096,3001,13:09:26.774350
22.626774,2002,2863,13:09:26.774350
22.628635,1901,2809,13:09:26.774350
22.630497,2148,2913,13:09:26.774350
22.632353,2074,2933,13:09:26.774350
22.634211,1945,2987,13:09:26.774350
22.636068,2083,2987,13:09:26.774350
22.637924,2178,2941,13:09:26.774350
22.639783,2080,2931,13:09:26.774350
22.641644,1884,3121,13:09:26.774350
22.643503,2176,2910,13:09:26.774350
22.64536,2086,3249,13:09:26.774350
22.647226,2225,3133,13:09:26.774350
22.649083,2156,3115,13:09:26.774350
22.650939,2163,2825,13:09:26.774350
22.652797,2003,3036,13:09:26.774350
22.654654,2012,3285,13:09:26.823032
22.656534,1819,2801,13:09:26.823032
22.658394,2098,3079,13:09:26.823032
22.660294,2032,3168,13:09:26.823032
22.662161,1709,2994,13:09:26.823032
22.664019,2210,3038,13:09:26.823032
22.665884,2106,2847,13:09:26.823032
22.66774,1691,3129,13:09:26.823032
22.669597,1458,3175,13:09:26.823032
22.671457,1309,3288,13:09:26.823032
22.673315,1691,3451,13:09:26.823032
22.675198,1997,3007,13:09:26.823032
22.677062,-282,2885,13:09:26.823032
22.678921,1917,3135,13:09:26.823032
22.680783,1989,2879,13:09:26.823032
22.682639,2252,2946,13:09:26.823032
22.684498,2104,3134,13:09:26.823032
22.686354,2008,2919,13:09:26.823032
22.68821,1904,3046,13:09:26.823032
22.690069,1981,3105,13:09:26.823032
22.691927,1827,2979,13:09:26.823032
22.693786,1927,3029,13:09:26.823032
22.695642,2479,3080,13:09:26.823032
22.697508,1948,2967,13:09:26.823032
22.699365,2157,3041,13:09:26.823032
22.701221,1920,3110,13:09:26.823032
22.70308,2186,2859,13:09:26.823032
22.704936,1940,2994,13:09:26.874491
22.706802,2130,3087,13:09:26.874491
22.708663,1967,3027,13:09:26.874491
22.710575,1936,3144,13:09:26.874491
22.712433,1815,3098,13:09:26.874491
22.714292,1788,2823,13:09:26.874491
22.71615,1700,2987,13:09:26.874491
22.718007,1299,2914,13:09:26.874491
22.719865,1405,2926,13:09:26.874491
22.721723,1367,3044,13:09:26.874491
22.723588,1289,3056,13:09:26.874491
22.725449,1022,3414,13:09:26.874491
22.727309,1842,2990,13:09:26.874491
22.729165,2095,2990,13:09:26.874491
22.731057,1944,3118,13:09:26.874491
22.732931,1704,3129,13:09:26.874491
22.734798,2160,2889,13:09:26.874491
22.736654,2120,2999,13:09:26.874491
22.738511,1971,3028,13:09:26.874491
22.740369,1970,3010,13:09:26.874491
22.742225,2333,2931,13:09:26.874491
22.744084,2257,3103,13:09:26.874491
22.74594,2068,2870,13:09:26.874491
22.747801,1881,2827,13:09:26.874491
22.749659,2409,3121,13:09:26.874491
22.751525,1953,3146,13:09:26.874491
22.753382,2320,3044,13:09:26.874491
22.755238,2210,2915,13:09:26.926688
22.757109,2032,2944,13:09:26.926688
22.758969,2063,3124,13:09:26.926688
22.760873,1920,2957,13:09:26.926688
22.762732,2108,2676,13:09:26.926688
22.764588,2007,2993,13:09:26.926688
22.766449,1511,2791,13:09:26.926688
22.768307,1985,2986,13:09:26.926688
22.770173,1883,2982,13:09:26.926688
22.77203,1415,2897,13:09:26.926688
22.773886,1909,3133,13:09:26.926688
22.775744,1425,3108,13:09:26.926688
22.777601,-479,3207,13:09:26.926688
22.779461,2351,3288,13:09:26.926688
22.78132,1790,3155,13:09:26.926688
22.783176,1808,2658,13:09:26.926688
22.785032,2031,3169,13:09:26.926688
22.786889,2055,2930,13:09:26.926688
22.788751,2143,3094,13:09:26.926688
22.79061,2287,2877,13:09:26.926688
22.792466,1864,3112,13:09:26.926688
22.794324,2110,2988,13:09:26.926688
22.796181,1818,2872,13:09:26.926688
22.798039,2126,2972,13:09:26.926688
22.799896,2281,3143,13:09:26.926688
22.801752,1871,3133,13:09:26.926688
22.80361,1943,2968,13:09:26.926688
22.805474,1889,2877,13:09:26.981093
22.807337,2064,2981,13:09:26.981093
22.809199,2027,3028,13:09:26.981093
22.811112,1656,2793,13:09:26.981093
22.812972,1934,3022,13:09:26.981093
22.814829,1836,2835,13:09:26.981093
22.816687,1689,2924,13:09:26.981093
22.818543,1557,3046,13:09:26.981093
22.8204,1777,3031,13:09:26.981093
22.822258,1231,2912,13:09:26.981093
22.824119,1853,2898,13:09:26.982092
22.825983,2061,3082,13:09:26.982092
22.827852,983,3173,13:09:26.982092
22.829729,-669,2935,13:09:26.982092
22.831594,2090,2944,13:09:26.982092
22.833454,2005,3108,13:09:26.982092
22.835313,2337,2897,13:09:26.982092
22.837169,1951,3046,13:09:26.982092
22.839034,2029,2984,13:09:26.982092
22.84089,2032,3096,13:09:26.982092
22.842746,1923,3015,13:09:26.982092
22.844605,2152,2942,13:09:26.982092
22.846461,1895,2900,13:09:26.982092
22.848318,2057,2805,13:09:26.982092
22.850174,1999,2905,13:09:26.982092
22.85203,2098,3086,13:09:26.982092
22.853887,1917,2797,13:09:26.982092
22.855753,1893,2804,13:09:27.036526
22.857616,1784,3117,13:09:27.036526
22.859477,1693,2784,13:09:27.036526
22.861386,1558,2732,13:09:27.036526
22.863245,1738,2830,13:09:27.036526
22.865101,1872,2855,13:09:27.036526
22.866959,1813,2848,13:09:27.036526
22.868816,802,2991,13:09:27.036526
22.870678,1776,2941,13:09:27.036526
22.872537,1430,3233,13:09:27.036526
22.874402,1916,3147,13:09:27.036526
22.876259,1002,3188,13:09:27.036526
22.878116,1103,3210,13:09:27.036526
22.879998,1494,2875,13:09:27.036526
22.881856,-358,2993,13:09:27.036526
22.883726,1846,2988,13:09:27.036526
22.885583,1806,3042,13:09:27.036526
22.88744,1881,3022,13:09:27.036526
22.889298,1912,2962,13:09:27.036526
22.891154,2055,3061,13:09:27.036526
22.893011,1666,3083,13:09:27.036526
22.894869,1976,2710,13:09:27.036526
22.896725,1780,3063,13:09:27.036526
22.898582,1860,3190,13:09:27.036526
22.900438,1764,2996,13:09:27.036526
22.902305,2038,3068,13:09:27.036526
22.904161,1856,3039,13:09:27.036526
22.906035,1752,3062,13:09:27.080688
22.907898,1709,3034,13:09:27.080688
22.909764,1780,3318,13:09:27.080688
22.911674,1317,3057,13:09:27.080688
22.913535,1653,2920,13:09:27.080688
22.915391,1477,2938,13:09:27.080688
22.917249,1808,2980,13:09:27.080688
22.919106,1931,3076,13:09:27.080688
22.92097,1259,2958,13:09:27.080688
22.922829,1467,3025,13:09:27.080688
22.924686,1871,2982,13:09:27.080688
22.926543,1675,2998,13:09:27.081676
22.928406,1968,3189,13:09:27.081676
22.93027,1877,3008,13:09:27.081676
22.932127,1713,3151,13:09:27.081676
22.933983,2014,3152,13:09:27.081676
22.935845,1850,3126,13:09:27.081676
22.937706,1405,3212,13:09:27.082674
22.939596,-462,3237,13:09:27.082674
22.941452,1743,2815,13:09:27.082674
22.943309,1664,2748,13:09:27.082674
22.945167,1670,2843,13:09:27.082674
22.947024,1787,3000,13:09:27.082674
22.948882,1915,2899,13:09:27.082674
22.950738,1818,3121,13:09:27.082674
22.952595,1804,3028,13:09:27.082674
22.954453,1905,3014,13:09:27.082674
22.956319,1859,2973,13:09:27.129685
22.958178,2053,2923,13:09:27.129685
22.96007,1927,2874,13:09:27.129685
22.961958,1525,3081,13:09:27.129685
22.963819,1487,2923,13:09:27.129685
22.965677,1678,2881,13:09:27.129685
22.967536,1115,3014,13:09:27.129685
22.969392,1738,3068,13:09:27.129685
22.971248,940,3215,13:09:27.129685
22.973105,1727,3008,13:09:27.129685
22.974961,1759,2953,13:09:27.129685
22.976821,1955,3018,13:09:27.129685
22.978678,1762,2858,13:09:27.129685
22.980538,1252,2870,13:09:27.129685
22.982395,-577,2910,13:09:27.129685
22.984259,1705,2855,13:09:27.129685
22.986143,1593,3055,13:09:27.129685
22.988,1970,2837,13:09:27.129685
22.98986,1562,2961,13:09:27.129685
22.991716,1946,3151,13:09:27.129685
22.993573,1783,3108,13:09:27.129685
22.995429,1720,2748,13:09:27.129685
22.997288,2000,3067,13:09:27.129685
22.999146,1790,2860,13:09:27.129685
23.001002,2013,2985,13:09:27.129685
23.002863,1652,2905,13:09:27.129685
23.004719,1838,2795,13:09:27.183562
23.00659,1686,3067,13:09:27.183562
23.008452,1563,2886,13:09:27.183562
23.010345,1815,3021,13:09:27.183562
23.012217,1651,3014,13:09:27.183562
23.014077,1712,2994,13:09:27.183562
23.015936,1440,3037,13:09:27.183562
23.017794,1689,3082,13:09:27.183562
23.01965,1611,3085,13:09:27.183562
23.02151,1069,2915,13:09:27.183562
23.023373,1759,3123,13:09:27.183562
23.025231,1153,3041,13:09:27.183562
23.02709,1626,2827,13:09:27.183562
23.028946,1601,3065,13:09:27.183562
23.030808,1249,3171,13:09:27.183562
23.032665,1150,3025,13:09:27.183562
23.034575,1442,2767,13:09:27.183562
23.036431,2096,3021,13:09:27.183562
23.038288,1559,3070,13:09:27.183562
23.040146,1643,2891,13:09:27.183562
23.042003,1988,2990,13:09:27.183562
23.043859,1776,3168,13:09:27.183562
23.045717,2018,3182,13:09:27.183562
23.047574,1933,2928,13:09:27.183562
23.049432,1824,2876,13:09:27.183562
23.051288,1911,3056,13:09:27.183562
23.053153,1933,3144,13:09:27.183562
23.055009,1913,3020,13:09:27.233265
23.056884,1429,3038,13:09:27.233265
23.058744,1547,2850,13:09:27.233265
23.060664,1254,2977,13:09:27.233265
23.062523,1581,2844,13:09:27.233265
23.064383,1730,2913,13:09:27.233265
23.066239,1938,3176,13:09:27.233265
23.068098,1112,2867,13:09:27.233265
23.069954,1766,3100,13:09:27.233265
23.07181,1067,3386,13:09:27.233265
23.073667,1072,3031,13:09:27.233265
23.075524,1138,2886,13:09:27.233265
23.077386,205,2863,13:09:27.233265
23.079242,1027,3193,13:09:27.233265
23.0811,2036,3008,13:09:27.233265
23.082957,2080,3171,13:09:27.233265
23.084848,1714,3115,13:09:27.233265
23.086711,-1614,3086,13:09:27.233265
23.088572,1846,3258,13:09:27.233265
23.09043,1788,3288,13:09:27.233265
23.092286,1836,2781,13:09:27.233265
23.094143,1600,3017,13:09:27.233265
23.095999,1933,2992,13:09:27.233265
23.097856,1774,2966,13:09:27.233265
23.099712,1982,2770,13:09:27.233265
23.101568,1666,3028,13:09:27.233265
23.103429,1765,2793,13:09:27.233265
23.105285,1819,2730,13:09:27.285022
23.10716,1758,3088,13:09:27.285022
23.109022,1530,2878,13:09:27.285022
23.110924,1723,3239,13:09:27.285022
23.112782,1670,3124,13:09:27.285022
23.114641,1929,3056,13:09:27.285022
23.116502,1902,3033,13:09:27.285022
23.11836,1814,3107,13:09:27.285022
23.120216,1609,3276,13:09:27.285022
23.122078,1689,3099,13:09:27.285022
23.123935,1091,2798,13:09:27.285022
23.125793,1838,2806,13:09:27.285022
23.127653,1438,2992,13:09:27.285022
23.129512,1881,3278,13:09:27.285022
23.13137,897,2818,13:09:27.285022
23.133231,1828,3055,13:09:27.285022
23.135087,1931,2908,13:09:27.285022
23.136949,-1303,2956,13:09:27.286018
23.138813,1962,3022,13:09:27.286018
23.14067,1976,2929,13:09:27.286018
23.142528,1953,2928,13:09:27.286018
23.144413,1894,3009,13:09:27.286018
23.146269,1750,2898,13:09:27.286018
23.148128,1775,3282,13:09:27.286018
23.149986,2050,3059,13:09:27.286018
23.151844,1789,2639,13:09:27.286018
23.153703,1951,3007,13:09:27.286018
23.155563,2036,3084,13:09:27.334828
23.157426,1911,3014,13:09:27.334828
23.159286,1903,3214,13:09:27.334828
23.161196,1623,2897,13:09:27.334828
23.163052,1771,2898,13:09:27.334828
23.164913,1753,3169,13:09:27.334828
23.166776,1604,2891,13:09:27.334828
23.168634,1963,3013,13:09:27.334828
23.17049,1278,2884,13:09:27.334828
23.172348,1965,2837,13:09:27.334828
23.174205,1973,2775,13:09:27.334828
23.176061,1842,2899,13:09:27.334828
23.17792,1224,2952,13:09:27.334828
23.179776,1251,3080,13:09:27.335817
23.181634,1979,2969,13:09:27.335817
23.183491,1017,2958,13:09:27.335817
23.185353,1799,3071,13:09:27.335817
23.18721,2067,3043,13:09:27.335817
23.189068,-162,3126,13:09:27.335817
23.190926,1786,3033,13:09:27.335817
23.192785,1873,3224,13:09:27.335817
23.194643,1980,3056,13:09:27.335817
23.1965,2005,2931,13:09:27.335817
23.198356,2013,2994,13:09:27.335817
23.200212,2005,2971,13:09:27.335817
23.202074,2050,2868,13:09:27.335817
23.203931,1994,3088,13:09:27.335817
23.205798,1799,3183,13:09:27.387607
23.207666,2014,3113,13:09:27.387607
23.209528,2014,3059,13:09:27.387607
23.21144,1673,2955,13:09:27.387607
23.213299,1795,2832,13:09:27.387607
23.215157,1562,2894,13:09:27.387607
23.217014,1616,3085,13:09:27.387607
23.218876,1896,3075,13:09:27.387607
23.220732,1964,3093,13:09:27.387607
23.222589,1789,3247,13:09:27.387607
23.224451,1081,3064,13:09:27.387607
23.226313,1354,3182,13:09:27.387607
23.22817,1602,2774,13:09:27.387607
23.230026,1992,3110,13:09:27.387607
23.231885,2191,3030,13:09:27.387607
23.233741,1378,2976,13:09:27.387607
23.235602,1847,2749,13:09:27.387607
23.237463,1266,3245,13:09:27.387607
23.23937,1748,2980,13:09:27.387607
23.241226,1995,3190,13:09:27.387607
23.243083,1783,2934,13:09:27.387607
23.244941,2026,3121,13:09:27.387607
23.2468,1829,3089,13:09:27.387607
23.248656,2112,2893,13:09:27.387607
23.250512,1946,3076,13:09:27.387607
23.252369,2180,3049,13:09:27.388613
23.254227,1879,3185,13:09:27.388613
23.256092,2248,2827,13:09:27.438019
23.257956,2277,2929,13:09:27.438019
23.259824,2232,3076,13:09:27.438019
23.261741,1918,2821,13:09:27.438019
23.263603,2121,2976,13:09:27.438019
23.265459,1923,3049,13:09:27.438019
23.267318,1944,3103,13:09:27.438019
23.269176,1944,3005,13:09:27.439016
23.271033,1917,3196,13:09:27.439016
23.272891,1496,3151,13:09:27.439016
23.274747,1462,3088,13:09:27.439016
23.276604,1603,3174,13:09:27.439016
23.278462,2131,2897,13:09:27.439016
23.280319,1481,2968,13:09:27.439016
23.282179,1449,3138,13:09:27.439016
23.284035,1738,2906,13:09:27.439016
23.285894,2102,3135,13:09:27.439016
23.28775,2075,3098,13:09:27.439016
23.289607,1599,3188,13:09:27.439016
23.29147,-881,3124,13:09:27.439016
23.293369,1788,2969,13:09:27.439016
23.295228,2278,3183,13:09:27.439016
23.297084,2170,3085,13:09:27.439016
23.29894,2176,3123,13:09:27.439016
23.300799,2187,3078,13:09:27.439016
23.302655,1855,2916,13:09:27.439016
23.304514,2192,3049,13:09:27.439016
23.30638,2054,2949,13:09:27.490534
23.30824,2080,3078,13:09:27.490534
23.310115,2093,2899,13:09:27.490534
23.311997,1961,3158,13:09:27.490534
23.313857,1936,3070,13:09:27.490534
23.315714,2005,2876,13:09:27.490534
23.31757,2190,3193,13:09:27.490534
23.319427,2097,2956,13:09:27.490534
23.321288,2194,3065,13:09:27.490534
23.323145,1944,2930,13:09:27.490534
23.325002,1835,3093,13:09:27.490534
23.32686,1623,3000,13:09:27.490534
23.328719,1018,3139,13:09:27.490534
23.330575,2082,3027,13:09:27.490534
23.332433,1817,2926,13:09:27.490534
23.33429,560,3206,13:09:27.490534
23.336148,2325,2902,13:09:27.490534
23.338009,2205,3103,13:09:27.490534
23.339877,1699,2729,13:09:27.490534
23.341735,-487,3093,13:09:27.490534
23.343599,2078,3003,13:09:27.490534
23.345456,2058,2977,13:09:27.490534
23.347315,1983,2721,13:09:27.490534
23.349173,2072,2911,13:09:27.490534
23.351029,2119,3044,13:09:27.490534
23.352886,2159,2991,13:09:27.491525
23.354744,2161,3088,13:09:27.507527
23.356618,2047,3035,13:09:27.507527
23.358479,2173,3014,13:09:27.507527
23.360377,2178,2947,13:09:27.507527
23.362247,1726,2776,13:09:27.507527
23.364104,1667,2921,13:09:27.507527
23.36596,2138,2965,13:09:27.507527
23.367819,2245,2843,13:09:27.507527
23.369675,1805,2953,13:09:27.507527
23.371531,1763,2980,13:09:27.507527
23.373388,2116,3038,13:09:27.507527
23.375244,2029,3044,13:09:27.507527
23.377101,1836,2991,13:09:27.507527
23.378957,1880,2854,13:09:27.507527
23.380817,2344,3308,13:09:27.508525
23.382674,1846,3095,13:09:27.508525
23.38453,2405,3110,13:09:27.508525
23.386389,2427,3355,13:09:27.508525
23.388245,2423,3239,13:09:27.508525
23.390103,2034,3113,13:09:27.508525
23.391996,1690,2868,13:09:27.508525
23.393854,542,2831,13:09:27.508525
23.395722,1406,2801,13:09:27.509683
23.397579,1756,3131,13:09:27.509683
23.399437,2142,3093,13:09:27.509683
23.401294,2332,3369,13:09:27.509683
23.40315,2370,3021,13:09:27.509683
23.405008,2432,3067,13:09:27.556699
23.406877,1986,2881,13:09:27.556699
23.408737,2213,2937,13:09:27.556699
23.410631,1809,3063,13:09:27.556699
23.412488,1835,2888,13:09:27.556699
23.414344,1868,3115,13:09:27.556699
23.416202,2019,3064,13:09:27.557691
23.418061,2183,3198,13:09:27.557691
23.419917,2448,3334,13:09:27.557691
23.421784,2691,3156,13:09:27.557691
23.42364,2259,2839,13:09:27.557691
23.425497,2063,2879,13:09:27.557691
23.427355,1982,2986,13:09:27.557691
23.429211,1996,2873,13:09:27.557691
23.43107,1987,2867,13:09:27.557691
23.432926,1901,2921,13:09:27.557691
23.434785,2248,3240,13:09:27.557691
23.436643,2083,3169,13:09:27.557691
23.438504,2037,3392,13:09:27.557691
23.440364,2231,3025,13:09:27.557691
23.442232,1807,2967,13:09:27.557691
23.444104,1846,3000,13:09:27.557691
23.445961,1800,2654,13:09:27.557691
23.447828,2221,2779,13:09:27.557691
23.449688,2095,3105,13:09:27.557691
23.451544,2025,2835,13:09:27.557691
23.453402,2087,3262,13:09:27.557691
23.455259,2313,3133,13:09:27.606699
23.457131,1698,2879,13:09:27.606699
23.458992,2091,2932,13:09:27.606699
23.460902,1841,2799,13:09:27.606699
23.462758,1847,2821,13:09:27.606699
23.464615,2096,3123,13:09:27.606699
23.466479,2270,3099,13:09:27.606699
23.468335,2132,2921,13:09:27.606699
23.470192,2302,3001,13:09:27.606699
23.47205,2200,3278,13:09:27.606699
23.473907,2183,2874,13:09:27.606699
23.475763,2300,3278,13:09:27.606699
23.477621,2054,2942,13:09:27.606699
23.479478,2284,2819,13:09:27.606699
23.481336,1973,2901,13:09:27.606699
23.483193,1809,3118,13:09:27.606699
23.485053,2081,2981,13:09:27.606699
23.486909,2284,3029,13:09:27.606699
23.488766,2243,2995,13:09:27.606699
23.490624,2298,3070,13:09:27.607712
23.492481,2360,2841,13:09:27.607712
23.494339,1973,3188,13:09:27.607712
23.496195,1916,2865,13:09:27.607712
23.498052,2291,3120,13:09:27.607712
23.49991,2196,2823,13:09:27.607712
23.501774,1848,2976,13:09:27.607712
23.503631,1930,3046,13:09:27.607712
23.505489,2093,2816,13:09:27.658678
23.507354,2187,3123,13:09:27.658678
23.509214,2096,3046,13:09:27.658678
23.511116,1610,2900,13:09:27.658678
23.512997,2138,3041,13:09:27.658678
23.514853,2001,3220,13:09:27.658678
23.51671,2049,2915,13:09:27.658678
23.518566,2413,3083,13:09:27.658678
23.520423,2101,3020,13:09:27.658678
23.522281,2022,3093,13:09:27.658678
23.524137,1984,3072,13:09:27.658678
23.525996,2189,3128,13:09:27.658678
23.527854,2070,2915,13:09:27.658678
23.52971,2150,2949,13:09:27.658678
23.531569,2075,2814,13:09:27.658678
23.533425,2152,3097,13:09:27.658678
23.535282,2149,3117,13:09:27.658678
23.537138,2088,3145,13:09:27.658678
23.539,2376,2972,13:09:27.658678
23.540857,1945,2968,13:09:27.658678
23.542715,2307,2935,13:09:27.658678
23.544574,2005,3055,13:09:27.658678
23.54643,1929,2944,13:09:27.658678
23.548288,2098,3246,13:09:27.658678
23.550149,2008,2924,13:09:27.658678
23.552005,2003,3316,13:09:27.658678
23.553866,2181,3138,13:09:27.658678
23.55573,2192,2839,13:09:27.707639
23.55759,2017,3160,13:09:27.707639
23.559456,2078,3195,13:09:27.707639
23.561381,1627,2995,13:09:27.707639
23.563237,1999,2804,13:09:27.707639
23.565094,1960,3279,13:09:27.707639
23.566952,2113,3243,13:09:27.707639
23.568808,2168,3076,13:09:27.707639
23.570665,2514,3111,13:09:27.707639
23.572523,2075,2806,13:09:27.707639
23.57438,1999,2916,13:09:27.707639
23.576238,2002,2855,13:09:27.707639
23.578094,2007,3171,13:09:27.707639
23.579959,2181,2872,13:09:27.707639
23.581815,2206,2834,13:09:27.707639
23.583672,2032,3007,13:09:27.707639
23.58553,2289,3106,13:09:27.707639
23.587386,2083,2827,13:09:27.707639
23.589243,2196,3126,13:09:27.707639
23.591099,2174,2868,13:09:27.707639
23.592956,2083,2765,13:09:27.707639
23.594812,2086,2850,13:09:27.707639
23.596669,2182,2687,13:09:27.707639
23.598529,2022,3082,13:09:27.707639
23.600385,2168,3074,13:09:27.707639
23.602244,1915,2979,13:09:27.707639
23.604104,1906,2967,13:09:27.707639
23.605993,2028,3055,13:09:27.756810
23.607855,2287,3117,13:09:27.756810
23.609717,2138,3085,13:09:27.756810
23.611627,2139,2954,13:09:27.756810
23.613486,1935,2988,13:09:27.756810
23.615342,2233,3113,13:09:27.756810
23.6172,2155,2989,13:09:27.756810
23.619057,2135,3109,13:09:27.756810
23.620917,2068,2804,13:09:27.756810
23.622774,2235,3038,13:09:27.756810
23.62463,2304,3057,13:09:27.756810
23.626488,1948,2808,13:09:27.756810
23.628345,1831,2834,13:09:27.756810
23.630203,2120,3092,13:09:27.756810
23.63206,2045,3135,13:09:27.756810
23.633916,1989,3224,13:09:27.756810
23.635774,2131,3142,13:09:27.756810
23.637638,2150,3137,13:09:27.756810
23.639495,2031,3055,13:09:27.756810
23.641352,2235,3182,13:09:27.756810
23.64321,2294,3206,13:09:27.756810
23.645068,1826,3078,13:09:27.756810
23.646927,1939,3113,13:09:27.756810
23.648785,1977,2882,13:09:27.756810
23.650642,2119,2861,13:09:27.757812
23.6525,2115,2981,13:09:27.757812
23.654356,1899,3301,13:09:27.757812
23.656227,2332,3034,13:09:27.806970
23.658087,2305,2972,13:09:27.806970
23.659971,1939,3119,13:09:27.806970
23.661864,2091,2924,13:09:27.806970
23.663726,1932,3087,13:09:27.806970
23.665582,1943,3047,13:09:27.806970
23.667441,2067,2735,13:09:27.806970
23.669297,2079,3139,13:09:27.806970
23.671156,2151,3316,13:09:27.806970
23.673012,2312,3107,13:09:27.806970
23.674874,2201,2919,13:09:27.806970
23.676731,2210,3017,13:09:27.806970
23.678597,2058,3067,13:09:27.806970
23.680454,2008,2937,13:09:27.806970
23.68231,2262,3026,13:09:27.806970
23.684168,1777,3109,13:09:27.806970
23.686025,1914,3196,13:09:27.806970
23.687881,2091,2859,13:09:27.806970
23.68974,1865,3193,13:09:27.806970
23.691596,2174,3030,13:09:27.806970
23.693452,2158,3272,13:09:27.806970
23.695309,2083,2911,13:09:27.806970
23.697175,2179,2912,13:09:27.806970
23.699034,1991,3116,13:09:27.806970
23.70089,2145,2985,13:09:27.806970
23.702748,1959,3202,13:09:27.806970
23.704605,2246,3310,13:09:27.857801
23.706471,2121,2942,13:09:27.857801
23.708332,2128,3180,13:09:27.857801
23.710248,2307,3088,13:09:27.857801
23.712116,2042,2935,13:09:27.857801
23.713972,2035,2998,13:09:27.857801
23.715831,2185,3083,13:09:27.857801
23.717689,2085,2972,13:09:27.857801
23.719546,1979,3206,13:09:27.857801
23.721406,1819,3035,13:09:27.857801
23.723262,1872,3094,13:09:27.857801
23.725121,2076,3028,13:09:27.857801
23.726977,1989,3290,13:09:27.857801
23.728836,2063,2972,13:09:27.857801
23.730692,2057,2968,13:09:27.857801
23.732552,2140,3091,13:09:27.857801
23.734411,1976,2955,13:09:27.857801
23.736267,1908,3112,13:09:27.857801
23.738134,1992,3069,13:09:27.857801
23.73999,1954,2971,13:09:27.857801
23.741846,2090,2903,13:09:27.857801
23.743705,2041,2947,13:09:27.857801
23.745561,2030,3007,13:09:27.857801
23.747418,1818,3012,13:09:27.857801
23.74928,1979,3030,13:09:27.857801
23.751136,2264,3151,13:09:27.857801
23.752995,2007,2993,13:09:27.857801
23.754853,2035,3020,13:09:27.910261
23.756728,2093,3246,13:09:27.910261
23.758588,2173,2944,13:09:27.910261
23.760492,1971,2889,13:09:27.910261
23.762382,1899,3206,13:09:27.910261
23.764239,2166,2912,13:09:27.910261
23.766105,1799,3179,13:09:27.910261
23.767962,2099,3099,13:09:27.910261
23.769818,2230,2958,13:09:27.910261
23.771676,1918,2949,13:09:27.910261
23.773533,1771,3160,13:09:27.910261
23.775391,2119,2986,13:09:27.910261
23.777248,1829,3113,13:09:27.910261
23.779104,2224,3053,13:09:27.910261
23.780962,2490,3113,13:09:27.910261
23.782826,2305,2907,13:09:27.910261
23.784683,2107,2705,13:09:27.910261
23.78654,2168,2867,13:09:27.910261
23.788398,1955,2964,13:09:27.910261
23.790254,2041,2910,13:09:27.910261
23.792111,2170,2995,13:09:27.910261
23.793967,1803,3285,13:09:27.910261
23.795824,2077,3203,13:09:27.910261
23.79768,2382,3105,13:09:27.910261
23.799536,2147,3235,13:09:27.910261
23.801401,1820,3305,13:09:27.910261
23.803257,2141,3074,13:09:27.910261
23.805114,2107,3038,13:09:27.957664
23.80698,1904,2990,13:09:27.957664
23.808842,1974,2993,13:09:27.957664
23.810749,2157,2880,13:09:27.957664
23.812621,2095,3021,13:09:27.957664
23.814477,2311,3151,13:09:27.957664
23.816336,2007,2855,13:09:27.957664
23.818192,2073,2916,13:09:27.957664
23.820052,2142,2967,13:09:27.957664
23.821909,2097,3136,13:09:27.957664
23.823765,1984,3122,13:09:27.957664
23.825624,1832,3182,13:09:27.957664
23.82748,2271,2931,13:09:27.957664
23.829338,1856,3255,13:09:27.957664
23.831195,2078,3048,13:09:27.957664
23.833051,2125,3111,13:09:27.957664
23.83491,2289,3008,13:09:27.957664
23.836772,2217,3066,13:09:27.957664
23.838628,1961,2862,13:09:27.957664
23.840485,2055,2935,13:09:27.957664
23.842343,2194,3185,13:09:27.957664
23.844199,2150,2938,13:09:27.957664
23.846056,2039,2859,13:09:27.957664
23.847914,1997,2882,13:09:27.957664
23.849774,2091,3332,13:09:27.957664
23.851633,1941,3306,13:09:27.957664
23.853513,2358,2632,13:09:27.958671
23.85537,1798,3013,13:09:28.007554
23.857272,2091,3308,13:09:28.007554
23.859134,2114,3007,13:09:28.007554
23.86103,2160,2910,13:09:28.007554
23.862899,2334,2968,13:09:28.007554
23.864755,2052,2761,13:09:28.007554
23.866614,2295,3017,13:09:28.007554
23.86847,2104,3147,13:09:28.007554
23.870335,2357,3043,13:09:28.007554
23.872191,1817,2962,13:09:28.007554
23.874047,2134,2757,13:09:28.007554
23.875906,2080,2866,13:09:28.007554
23.877762,2014,2962,13:09:28.007554
23.87962,2159,3201,13:09:28.007554
23.881477,1969,3027,13:09:28.007554
23.883333,2045,3104,13:09:28.007554
23.88519,2306,3004,13:09:28.007554
23.887055,2052,3063,13:09:28.007554
23.888912,2355,3147,13:09:28.007554
23.890771,2236,3022,13:09:28.007554
23.892629,2135,2981,13:09:28.007554
23.894486,2309,2856,13:09:28.007554
23.896342,1983,2877,13:09:28.007554
23.8982,2145,2742,13:09:28.007554
23.900057,2111,3097,13:09:28.007554
23.901915,2021,2999,13:09:28.007554
23.903774,2292,2886,13:09:28.007554
23.90564,2290,3215,13:09:28.058012
23.907502,2266,2944,13:09:28.058012
23.909363,2011,3153,13:09:28.058012
23.911285,1816,2912,13:09:28.058012
23.913165,2084,2916,13:09:28.058012
23.915027,2309,2849,13:09:28.058012
23.916884,2017,3010,13:09:28.058012
23.91874,2284,2842,13:09:28.058012
23.920599,2280,3219,13:09:28.058012
23.922455,2519,3136,13:09:28.058012
23.924312,2269,2755,13:09:28.058012
23.926168,2380,2664,13:09:28.058012
23.928024,2186,2854,13:09:28.058012
23.929881,2125,2818,13:09:28.058012
23.931737,2061,2893,13:09:28.058012
23.933598,1848,3069,13:09:28.058012
23.935454,2090,2981,13:09:28.058012
23.93731,2303,3122,13:09:28.058012
23.939169,2241,2827,13:09:28.058012
23.941025,2221,2739,13:09:28.058012
23.942884,2063,2819,13:09:28.058012
23.94474,2311,2742,13:09:28.058012
23.9466,2216,2607,13:09:28.058012
23.948459,2255,2694,13:09:28.058012
23.950325,2240,3056,13:09:28.058012
23.952181,2335,2904,13:09:28.058012
23.954046,2100,2945,13:09:28.058012
23.955908,2267,2960,13:09:28.107875
23.957771,2240,3099,13:09:28.107875
23.959633,2303,2889,13:09:28.107875
23.961547,1976,3006,13:09:28.107875
23.963406,1977,2738,13:09:28.107875
23.965262,2354,3182,13:09:28.107875
23.96712,2101,3063,13:09:28.107875
23.968977,2149,2939,13:09:28.107875
23.970837,2226,2900,13:09:28.107875
23.972694,2262,3073,13:09:28.107875
23.974556,2182,3105,13:09:28.107875
23.976412,2488,2961,13:09:28.107875
23.978269,2121,2710,13:09:28.107875
23.980127,2362,2721,13:09:28.107875
23.981984,2022,2819,13:09:28.107875
23.983842,2136,3060,13:09:28.107875
23.985698,2291,2831,13:09:28.107875
23.987559,2257,2882,13:09:28.107875
23.989417,2383,3225,13:09:28.107875
23.991274,2201,3063,13:09:28.107875
23.993134,2127,2964,13:09:28.107875
23.99499,2149,2971,13:09:28.107875
23.996849,2072,2892,13:09:28.107875
23.998705,2212,3061,13:09:28.107875
24.000562,2270,2878,13:09:28.107875
24.00242,2268,3016,13:09:28.107875
24.00428,2228,3008,13:09:28.107875
24.006153,2108,2884,13:09:28.159576
24.008021,2235,3036,13:09:28.159576
24.009883,1940,2931,13:09:28.160576
24.011802,1969,3126,13:09:28.160576
24.013658,2155,2807,13:09:28.160576
24.015522,2283,3164,13:09:28.160576
24.017379,2304,2772,13:09:28.160576
24.019235,2199,2817,13:09:28.160576
24.021094,2316,2779,13:09:28.160576
24.02295,2148,2868,13:09:28.160576
24.024808,2189,3105,13:09:28.160576
24.026665,2085,3223,13:09:28.160576
24.028523,2064,2889,13:09:28.160576
24.030381,2246,3207,13:09:28.160576
24.032243,2327,2538,13:09:28.160576
24.0341,2160,3136,13:09:28.160576
24.035957,2182,3102,13:09:28.160576
24.037815,2130,2815,13:09:28.160576
24.039671,2221,2830,13:09:28.160576
24.041528,2077,2961,13:09:28.160576
24.043384,2224,3014,13:09:28.160576
24.045241,2371,2977,13:09:28.160576
24.047097,2350,2852,13:09:28.160576
24.048954,2042,3058,13:09:28.160576
24.050814,2141,2702,13:09:28.160576
24.05267,1965,2953,13:09:28.160576
24.054527,2105,2910,13:09:28.160576
24.056401,2330,3227,13:09:28.209577
24.058269,2278,2922,13:09:28.209577
24.060144,2057,2924,13:09:28.209577
24.062052,2023,3130,13:09:28.209577
24.063908,2187,2902,13:09:28.209577
24.065767,2332,2767,13:09:28.209577
24.067623,2181,3120,13:09:28.209577
24.069479,1963,2955,13:09:28.209577
24.071336,2169,2912,13:09:28.209577
24.073202,2202,2940,13:09:28.209577
24.075059,2109,3002,13:09:28.209577
24.076915,2090,3064,13:09:28.209577
24.078775,2067,2978,13:09:28.209577
24.080632,2386,3120,13:09:28.209577
24.082488,2236,2618,13:09:28.209577
24.084347,2191,2873,13:09:28.209577
24.086203,2226,2962,13:09:28.209577
24.088061,2054,3010,13:09:28.209577
24.089918,2055,2815,13:09:28.209577
24.09178,2277,3064,13:09:28.209577
24.093637,2003,3037,13:09:28.209577
24.095493,2326,2926,13:09:28.209577
24.097351,2316,2792,13:09:28.209577
24.099208,2268,2998,13:09:28.209577
24.101064,1991,2995,13:09:28.209577
24.102921,2128,3135,13:09:28.209577
24.104777,2260,3121,13:09:28.257034
24.106639,2242,2952,13:09:28.257034
24.1085,2136,3046,13:09:28.257034
24.110404,2177,3212,13:09:28.257034
24.112284,2039,2946,13:09:28.257034
24.114141,2305,2965,13:09:28.257034
24.115999,2238,3047,13:09:28.257034
24.117856,2057,2879,13:09:28.257034
24.119712,2018,2951,13:09:28.257034
24.121568,2149,2846,13:09:28.257034
24.123425,2134,2901,13:09:28.257034
24.125281,2227,3006,13:09:28.257034
24.127138,2069,2862,13:09:28.257034
24.128998,2215,2831,13:09:28.257034
24.130856,2242,2663,13:09:28.257034
24.132715,2088,2679,13:09:28.257034
24.134571,2161,2881,13:09:28.257034
24.136428,1799,2958,13:09:28.257034
24.138286,2107,2984,13:09:28.257034
24.140144,2151,3064,13:09:28.257034
24.142003,2163,2870,13:09:28.257034
24.143859,1908,2945,13:09:28.257034
24.145725,2064,2752,13:09:28.257034
24.147582,2006,2906,13:09:28.257034
24.149438,1871,2874,13:09:28.257034
24.151297,1923,3038,13:09:28.257034
24.153153,1923,3177,13:09:28.257034
24.15501,2114,3143,13:09:28.306890
24.156882,2354,2927,13:09:28.306890
24.158746,2039,2975,13:09:28.306890
24.160664,2126,2711,13:09:28.306890
24.162525,1881,2932,13:09:28.306890
24.164383,1852,3020,13:09:28.306890
24.166242,2136,2863,13:09:28.306890
24.168107,2358,3095,13:09:28.306890
24.169964,2171,3024,13:09:28.306890
24.171823,2056,2850,13:09:28.306890
24.173681,1829,2854,13:09:28.306890
24.175538,1988,2821,13:09:28.306890
24.177394,1924,2920,13:09:28.306890
24.179252,2196,2987,13:09:28.306890
24.181109,2281,2676,13:09:28.306890
24.182967,2232,2985,13:09:28.306890
24.184824,2062,3042,13:09:28.306890
24.186684,2035,3013,13:09:28.306890
24.18854,1900,2931,13:09:28.306890
24.190397,2056,2990,13:09:28.306890
24.192255,1888,2820,13:09:28.306890
24.194112,2073,2937,13:09:28.306890
24.19597,1788,3072,13:09:28.306890
24.197826,1751,2967,13:09:28.306890
24.199683,2168,2954,13:09:28.306890
24.201541,2257,3126,13:09:28.306890
24.203405,1975,3011,13:09:28.306890
24.205262,1922,2814,13:09:28.360203
24.207132,2026,2997,13:09:28.360203
24.208995,1925,2965,13:09:28.360203
24.210923,1566,3031,13:09:28.360203
24.212793,1916,2927,13:09:28.360203
24.214658,2088,3128,13:09:28.360203
24.216514,1831,2949,13:09:28.360203
24.21837,2200,2868,13:09:28.360203
24.220229,2132,2924,13:09:28.360203
24.222085,2222,3078,13:09:28.360203
24.223944,2078,3019,13:09:28.360203
24.225804,1903,2918,13:09:28.360203
24.22766,1806,2695,13:09:28.360203
24.229519,2048,3016,13:09:28.360203
24.231379,1912,2975,13:09:28.360203
24.233236,1802,3019,13:09:28.360203
24.235092,1906,2965,13:09:28.360203
24.23695,2148,2894,13:09:28.360203
24.238807,2153,3051,13:09:28.360203
24.240663,1825,2937,13:09:28.360203
24.242522,1877,3052,13:09:28.360203
24.244378,1935,3021,13:09:28.360203
24.246234,1983,2726,13:09:28.360203
24.248091,1912,3119,13:09:28.360203
24.249955,2203,2869,13:09:28.360203
24.251812,2074,2958,13:09:28.360203
24.253668,1894,2892,13:09:28.360203
24.25553,2158,3000,13:09:28.411632
24.257395,2150,2682,13:09:28.411632
24.259256,1888,3074,13:09:28.411632
24.261163,1489,2737,13:09:28.411632
24.263043,1793,2553,13:09:28.411632
24.264914,1920,2988,13:09:28.411632
24.266774,1841,2982,13:09:28.411632
24.268631,1967,2793,13:09:28.411632
24.270487,2028,2921,13:09:28.411632
24.272345,1999,2845,13:09:28.411632
24.274204,2019,2750,13:09:28.411632
24.27606,2115,2936,13:09:28.411632
24.277927,1905,2988,13:09:28.411632
24.279785,1980,2834,13:09:28.411632
24.281642,1724,2817,13:09:28.411632
24.2835,1828,2873,13:09:28.411632
24.285356,2109,2924,13:09:28.411632
24.287215,2104,3064,13:09:28.411632
24.289071,2110,2904,13:09:28.411632
24.290927,2088,3062,13:09:28.411632
24.292786,2430,2949,13:09:28.412651
24.294647,1977,2654,13:09:28.412651
24.296505,2038,2730,13:09:28.412651
24.298361,1960,2854,13:09:28.412651
24.300219,1834,2972,13:09:28.412651
24.302076,1886,2936,13:09:28.412651
24.303932,2145,3080,13:09:28.412651
24.305797,1932,2934,13:09:28.460168
24.307661,1982,2977,13:09:28.460168
24.309529,2006,2931,13:09:28.465029
24.311436,1827,3011,13:09:28.465029
24.313295,2317,2855,13:09:28.465029
24.315156,-274,2809,13:09:28.465029
24.317013,1954,2875,13:09:28.465029
24.318875,2046,2862,13:09:28.465029
24.320732,2040,2914,13:09:28.465029
24.322588,2020,2837,13:09:28.465029
24.324449,2008,3002,13:09:28.465029
24.326307,1742,2877,13:09:28.465029
24.328165,2135,3088,13:09:28.465029
24.330022,2138,3057,13:09:28.465029
24.331882,2220,2839,13:09:28.465029
24.333738,1962,2800,13:09:28.465029
24.335595,2120,2938,13:09:28.465029
24.337457,1795,2734,13:09:28.465029
24.339314,2260,2703,13:09:28.465029
24.341172,2118,2977,13:09:28.465029
24.343028,2023,3073,13:09:28.465029
24.344885,1985,3012,13:09:28.465029
24.346743,1987,3025,13:09:28.465029
24.348602,2091,2898,13:09:28.465029
24.35046,2009,2917,13:09:28.465029
24.352316,2102,3107,13:09:28.465029
24.354177,2239,2834,13:09:28.465029
24.356047,2343,2743,13:09:28.513818
24.357915,2081,2893,13:09:28.513818
24.359784,2317,3029,13:09:28.513818
24.361687,1720,2719,13:09:28.513818
24.36355,2022,2523,13:09:28.513818
24.365444,2035,2733,13:09:28.513818
24.367301,2223,2910,13:09:28.513818
24.369163,1969,2868,13:09:28.513818
24.37102,2191,2790,13:09:28.513818
24.372876,2070,2915,13:09:28.514601
24.374735,2114,2700,13:09:28.514601
24.376591,2236,2984,13:09:28.514601
24.378449,2248,2839,13:09:28.514601
24.380306,1956,2701,13:09:28.514601
24.382164,2195,2766,13:09:28.514601
24.384023,2166,2938,13:09:28.514601
24.385889,2164,3134,13:09:28.514601
24.387745,2183,2818,13:09:28.514601
24.389602,2069,2897,13:09:28.514601
24.39146,2144,3175,13:09:28.514601
24.393317,2148,2927,13:09:28.514601
24.395173,2280,3002,13:09:28.514601
24.39703,2110,2677,13:09:28.514601
24.398886,2103,3033,13:09:28.514601
24.400744,1984,2793,13:09:28.514601
24.402601,2113,2829,13:09:28.514601
24.404467,2244,2873,13:09:28.514601
24.406332,2232,2805,13:09:28.564812
24.408198,2165,2802,13:09:28.564812
24.41007,2201,2817,13:09:28.564812
24.411953,2219,2846,13:09:28.564812
24.413811,2155,3125,13:09:28.564812
24.415669,2040,2915,13:09:28.564812
24.417549,1925,2894,13:09:28.564812
24.419416,2355,2809,13:09:28.564812
24.421272,2153,2800,13:09:28.564812
24.423129,1912,2824,13:09:28.564812
24.424987,2263,2625,13:09:28.564812
24.426848,2326,2966,13:09:28.564812
24.428704,2091,2971,13:09:28.564812
24.43056,2162,2596,13:09:28.564812
24.432419,2354,2849,13:09:28.564812
24.434275,2151,2738,13:09:28.564812
24.436132,2299,3019,13:09:28.564812
24.43799,2051,3090,13:09:28.564812
24.439846,2050,2953,13:09:28.564812
24.441705,2202,2879,13:09:28.564812
24.443561,2086,3218,13:09:28.564812
24.445426,2131,2768,13:09:28.564812
24.447282,2439,2769,13:09:28.564812
24.449138,2191,2898,13:09:28.564812
24.450997,2003,2992,13:09:28.564812
24.452855,2238,3027,13:09:28.564812
24.454714,2373,2966,13:09:28.615488
24.45658,2091,2911,13:09:28.615488
24.45844,2231,3017,13:09:28.615488
24.460344,1951,2947,13:09:28.615488
24.462213,2000,3093,13:09:28.615488
24.464074,2000,2989,13:09:28.615488
24.465936,793,2720,13:09:28.615488
24.467795,1003,2943,13:09:28.615488
24.469658,2108,2771,13:09:28.615488
24.471517,2221,2810,13:09:28.616487
24.473417,2017,2740,13:09:28.616487
24.475275,2400,2962,13:09:28.616487
24.477132,2082,2861,13:09:28.616487
24.478988,2263,2986,13:09:28.616487
24.480847,2096,2969,13:09:28.616487
24.482705,2230,2813,13:09:28.616487
24.484561,2133,3201,13:09:28.616487
24.486418,2142,2798,13:09:28.616487
24.488276,2100,2721,13:09:28.616487
24.490133,2155,2707,13:09:28.616487
24.491991,2201,2921,13:09:28.616487
24.493847,2047,2683,13:09:28.616487
24.49571,2292,2663,13:09:28.616487
24.497566,2201,2809,13:09:28.616487
24.499423,2069,2931,13:09:28.616487
24.501281,2188,2982,13:09:28.616487
24.503137,2187,2837,13:09:28.616487
24.504996,2286,2855,13:09:28.668948
24.506868,2117,2986,13:09:28.668948
24.508729,2320,3046,13:09:28.668948
24.510623,2094,2865,13:09:28.668948
24.512481,1794,2970,13:09:28.668948
24.51434,2280,2717,13:09:28.668948
24.516196,1652,2775,13:09:28.668948
24.518058,1664,3058,13:09:28.668948
24.519943,-245,2836,13:09:28.668948
24.521801,2069,3075,13:09:28.668948
24.52366,2041,2717,13:09:28.668948
24.525516,2050,3011,13:09:28.668948
24.527372,2235,2762,13:09:28.668948
24.529231,2415,2810,13:09:28.668948
24.531087,2217,3112,13:09:28.668948
24.532944,2256,2900,13:09:28.668948
24.534804,2283,2734,13:09:28.668948
24.536668,1990,2990,13:09:28.668948
24.538525,2291,2749,13:09:28.668948
24.540381,2321,2796,13:09:28.668948
24.54224,2480,2794,13:09:28.668948
24.544096,2393,2691,13:09:28.668948
24.545954,2468,3002,13:09:28.668948
24.547811,2032,2859,13:09:28.668948
24.549667,2145,2730,13:09:28.668948
24.551524,2290,2652,13:09:28.668948
24.553388,2155,2950,13:09:28.668948
24.555244,2417,2986,13:09:28.720452
24.557119,2489,3076,13:09:28.720452
24.558979,2248,2984,13:09:28.720452
24.560871,2039,2768,13:09:28.720452
24.562728,2019,2703,13:09:28.720452
24.564586,2278,2966,13:09:28.720452
24.566442,2242,2688,13:09:28.720452
24.568304,2059,2959,13:09:28.720452
24.570187,-346,2877,13:09:28.720452
24.572045,2290,2770,13:09:28.720452
24.573906,2395,2966,13:09:28.720452
24.575762,2319,2859,13:09:28.720452
24.577627,2253,2898,13:09:28.720452
24.579483,2356,2815,13:09:28.720452
24.58134,2079,2876,13:09:28.720452
24.583198,2245,2871,13:09:28.720452
24.585054,2570,3029,13:09:28.720452
24.586911,2023,2779,13:09:28.720452
24.588767,2162,2874,13:09:28.720452
24.590624,2199,2905,13:09:28.720452
24.59248,2060,2949,13:09:28.720452
24.594337,2113,2773,13:09:28.720452
24.596197,2131,2637,13:09:28.720452
24.598053,2086,2707,13:09:28.720452
24.599911,2070,2736,13:09:28.720452
24.601768,2185,2797,13:09:28.720452
24.603624,2382,2778,13:09:28.720452
24.605485,2102,2906,13:09:28.768560
24.607349,2111,3028,13:09:28.768560
24.60921,2051,2809,13:09:28.768560
24.611125,1820,3020,13:09:28.770559
24.613042,2228,2758,13:09:28.770559
24.6149,2255,3038,13:09:28.770559
24.616757,2057,2683,13:09:28.770559
24.618613,1874,2954,13:09:28.770559
24.620471,1488,2696,13:09:28.770559
24.622362,1976,2762,13:09:28.772561
24.624224,2228,2934,13:09:28.772561
24.62608,2281,2925,13:09:28.772561
24.627937,2105,2786,13:09:28.772561
24.629795,2045,2910,13:09:28.772561
24.631652,2111,2607,13:09:28.772561
24.63351,2168,2760,13:09:28.772561
24.635367,2023,2784,13:09:28.772561
24.637227,2038,2817,13:09:28.772561
24.639083,2123,2804,13:09:28.772561
24.64094,2001,2780,13:09:28.772561
24.642798,2113,2816,13:09:28.772561
24.644655,2166,2723,13:09:28.772561
24.646513,1963,2830,13:09:28.772561
24.648369,1890,2536,13:09:28.772561
24.65023,1920,2683,13:09:28.772561
24.652088,2062,2864,13:09:28.772561
24.653949,2221,2889,13:09:28.772561
24.655815,2330,2874,13:09:28.819797
24.657679,2027,2758,13:09:28.819797
24.659546,2258,2798,13:09:28.819797
24.66145,1918,2557,13:09:28.820807
24.663306,2091,2948,13:09:28.820807
24.665165,2220,2667,13:09:28.820807
24.667021,1838,2687,13:09:28.820807
24.668879,2031,2855,13:09:28.820807
24.67074,1936,3174,13:09:28.820807
24.672624,2096,2866,13:09:28.821801
24.674483,2135,2691,13:09:28.821801
24.676341,2079,2603,13:09:28.821801
24.678201,1889,2654,13:09:28.821801
24.68006,1977,2929,13:09:28.821801
24.681926,2171,2657,13:09:28.821801
24.683782,1919,2884,13:09:28.821801
24.685639,2079,2671,13:09:28.821801
24.687497,1947,2585,13:09:28.821801
24.689354,2276,2700,13:09:28.821801
24.69121,1976,2757,13:09:28.822801
24.693068,2181,2663,13:09:28.822801
24.694925,2099,2791,13:09:28.822801
24.696783,2099,2950,13:09:28.822801
24.69864,1918,2908,13:09:28.822801
24.700504,1829,2997,13:09:28.822801
24.70236,1937,2563,13:09:28.822801
24.704217,1851,2931,13:09:28.822801
24.706083,2055,2771,13:09:28.871166
24.707944,1976,2854,13:09:28.871166
24.709808,2283,2807,13:09:28.871166
24.711694,2040,2886,13:09:28.871166
24.713551,1658,2811,13:09:28.871166
24.715411,1947,2941,13:09:28.871166
24.717267,1797,2907,13:09:28.871166
24.719126,1579,2783,13:09:28.871166
24.720982,2035,2906,13:09:28.871166
24.722852,1986,2984,13:09:28.871166
24.724733,1735,2662,13:09:28.871166
24.726589,2118,2641,13:09:28.871166
24.728449,2095,2893,13:09:28.871166
24.730306,2083,2869,13:09:28.871166
24.732162,1904,2724,13:09:28.871166
24.734021,2100,2458,13:09:28.871166
24.735881,1898,3024,13:09:28.871166
24.73774,2068,2834,13:09:28.872152
24.739596,1799,2486,13:09:28.872152
24.741462,1866,2661,13:09:28.872152
24.743319,1964,2728,13:09:28.872152
24.745175,2059,2829,13:09:28.872152
24.747034,2039,2464,13:09:28.872152
24.74889,2073,2630,13:09:28.872152
24.750748,1966,2623,13:09:28.872152
24.752605,2158,2584,13:09:28.872152
24.754461,1835,2696,13:09:28.872152
24.756328,2216,2793,13:09:28.923129
24.75819,1749,2242,13:09:28.923129
24.760067,1973,2998,13:09:28.923129
24.76197,1715,2540,13:09:28.923129
24.763826,1628,3088,13:09:28.923129
24.765683,1505,2559,13:09:28.923129
24.767542,1840,2291,13:09:28.923129
24.7694,1427,2385,13:09:28.923129
24.771257,1190,2771,13:09:28.923129
24.773121,1960,2698,13:09:28.923129
24.774979,-1469,2692,13:09:28.923129
24.77684,1964,2778,13:09:28.923129
24.778698,2054,2865,13:09:28.924115
24.780556,1906,2616,13:09:28.924115
24.782449,2061,2420,13:09:28.924115
24.784307,2090,2426,13:09:28.924115
24.786164,1994,2515,13:09:28.924115
24.788022,1955,2496,13:09:28.924115
24.789878,1830,2694,13:09:28.924115
24.791739,1942,2525,13:09:28.924115
24.793595,2160,2647,13:09:28.924115
24.795451,1751,2514,13:09:28.924115
24.79731,2171,2442,13:09:28.924115
24.799166,1983,2643,13:09:28.924115
24.801025,2015,2606,13:09:28.924115
24.802881,1837,2481,13:09:28.924115
24.804741,1775,2442,13:09:28.976468
24.806604,1888,2672,13:09:28.976468
24.808466,2190,2479,13:09:28.976468
24.810378,2049,2433,13:09:28.976468
24.812243,1965,2641,13:09:28.976468
24.814101,1850,2760,13:09:28.976468
24.815959,1889,2747,13:09:28.976468
24.817816,1730,2431,13:09:28.976468
24.819674,2002,2443,13:09:28.976468
24.821531,1992,2628,13:09:28.976468
24.823387,1076,2452,13:09:28.976468
24.825244,2115,2510,13:09:28.976468
24.827102,-717,2437,13:09:28.976468
24.828964,2025,2584,13:09:28.976468
24.830823,2211,2624,13:09:28.976468
24.832681,2017,2338,13:09:28.976468
24.834538,1831,2512,13:09:28.976468
24.836394,2266,2692,13:09:28.976468
24.838252,1886,2392,13:09:28.976468
24.84011,1951,2347,13:09:28.976468
24.841967,1845,2363,13:09:28.976468
24.843824,1983,2649,13:09:28.976468
24.845686,2227,2606,13:09:28.976468
24.847542,2102,2487,13:09:28.976468
24.849399,1993,2612,13:09:28.976468
24.851257,2071,2244,13:09:28.976468
24.853114,2007,2415,13:09:28.976468
24.854972,2128,2630,13:09:29.030284
24.856844,2150,2460,13:09:29.030284
24.858703,1857,2565,13:09:29.030284
24.860605,2083,2718,13:09:29.030284
24.862461,2277,2465,13:09:29.030284
24.864324,1978,2651,13:09:29.030284
24.86618,1723,2517,13:09:29.030284
24.868036,1675,2552,13:09:29.030284
24.869895,2078,2531,13:09:29.030284
24.871753,1381,2094,13:09:29.030284
24.87361,2068,2508,13:09:29.030284
24.875474,1676,2521,13:09:29.030284
24.87736,-276,2361,13:09:29.030284
24.879219,1818,2554,13:09:29.030284
24.881079,2132,2450,13:09:29.030284
24.882937,2011,2486,13:09:29.030284
24.884796,2008,2330,13:09:29.030284
24.886652,2108,2245,13:09:29.030284
24.888509,2256,2445,13:09:29.030284
24.890365,2005,2319,13:09:29.030284
24.892223,2102,2371,13:09:29.030284
24.89408,2121,2606,13:09:29.030284
24.895938,2118,2438,13:09:29.030284
24.897795,2071,2301,13:09:29.030284
24.899651,1914,2393,13:09:29.030284
24.901507,2189,2422,13:09:29.030284
24.903371,2063,2381,13:09:29.030284
24.905228,2213,2412,13:09:29.077159
24.907095,2141,2575,13:09:29.077159
24.908963,2310,2271,13:09:29.077159
24.910885,1697,2350,13:09:29.077159
24.912743,2162,2466,13:09:29.077159
24.914602,2040,2411,13:09:29.077159
24.916458,2248,2338,13:09:29.077159
24.918315,1929,2464,13:09:29.077159
24.920173,2039,2346,13:09:29.077159
24.922029,1601,2373,13:09:29.077159
24.923888,1556,2535,13:09:29.077159
24.925744,2591,2516,13:09:29.077159
24.927606,1931,2611,13:09:29.077159
24.929485,1225,2415,13:09:29.077159
24.931343,1958,2334,13:09:29.077159
24.933204,1520,2267,13:09:29.078160
24.93506,1913,2231,13:09:29.078160
24.936916,2383,2268,13:09:29.078160
24.938775,2344,2525,13:09:29.078160
24.940631,2079,2594,13:09:29.078160
24.94249,1793,2155,13:09:29.078160
24.944346,2099,2187,13:09:29.078160
24.946202,2137,2405,13:09:29.078160
24.948059,2078,2162,13:09:29.078160
24.949921,1956,2563,13:09:29.078160
24.95178,2233,2537,13:09:29.078160
24.953636,2296,2473,13:09:29.078160
24.955496,1847,2336,13:09:29.127818
24.957363,2115,2598,13:09:29.127818
24.959224,1975,2159,13:09:29.127818
24.961119,1930,2281,13:09:29.127818
24.962982,1837,2366,13:09:29.127818
24.96484,2189,2214,13:09:29.127818
24.966696,2085,2213,13:09:29.127818
24.968561,2091,2640,13:09:29.127818
24.970417,2034,2667,13:09:29.127818
24.972274,2168,2081,13:09:29.127818
24.974132,1465,2424,13:09:29.127818
24.975994,2235,2384,13:09:29.127818
24.977859,2221,2483,13:09:29.127818
24.979715,-419,2497,13:09:29.127818
24.981579,2264,2215,13:09:29.127818
24.983442,2423,2555,13:09:29.127818
24.985326,1980,2503,13:09:29.127818
24.987202,2013,2307,13:09:29.127818
24.989059,2110,2593,13:09:29.127818
24.990915,2299,2417,13:09:29.127818
24.992774,2305,2289,13:09:29.127818
24.99463,2285,2454,13:09:29.127818
24.996488,2103,2309,13:09:29.127818
24.998345,2035,2368,13:09:29.127818
25.000203,2089,2466,13:09:29.127818
25.00206,2278,2554,13:09:29.127818
25.003916,2060,2443,13:09:29.127818
25.00578,2194,2512,13:09:29.178806
25.007645,2228,2309,13:09:29.178806
25.009509,2155,2489,13:09:29.178806
25.011421,1746,2438,13:09:29.178806
25.013282,1945,2528,13:09:29.178806
25.01514,1872,2352,13:09:29.178806
25.016996,2121,2145,13:09:29.178806
25.018855,2010,2624,13:09:29.178806
25.020713,1146,2420,13:09:29.178806
25.022572,1943,2744,13:09:29.178806
25.024434,2131,2421,13:09:29.178806
25.02629,2269,2541,13:09:29.178806
25.028149,1710,2566,13:09:29.178806
25.030011,1907,2566,13:09:29.178806
25.031886,-1630,2304,13:09:29.178806
25.03375,2308,2381,13:09:29.178806
25.035606,2301,2165,13:09:29.178806
25.037465,2024,2554,13:09:29.178806
25.039321,2351,2468,13:09:29.178806
25.041177,2299,2524,13:09:29.178806
25.043036,2133,2184,13:09:29.178806
25.044896,2192,2437,13:09:29.178806
25.046753,2059,2311,13:09:29.178806
25.048609,2062,2377,13:09:29.178806
25.050467,1780,2550,13:09:29.178806
25.052324,2311,2610,13:09:29.178806
25.05418,2082,2501,13:09:29.178806
25.056051,1831,2318,13:09:29.230054
25.057911,1990,2304,13:09:29.230054
25.059775,2133,2435,13:09:29.230054
25.061694,1731,2357,13:09:29.230054
25.063553,2044,2560,13:09:29.230054
25.06541,1844,2525,13:09:29.230054
25.067267,2158,2134,13:09:29.230054
25.069129,1716,2476,13:09:29.230054
25.070985,1961,2584,13:09:29.230054
25.072846,2177,2408,13:09:29.230054
25.074704,1967,2487,13:09:29.230054
25.076561,1304,2388,13:09:29.230054
25.07842,1167,2216,13:09:29.230054
25.080277,2180,2495,13:09:29.230054
25.082134,-374,2513,13:09:29.230054
25.083992,2208,2476,13:09:29.230054
25.085855,2118,2159,13:09:29.230054
25.087711,1935,2694,13:09:29.230054
25.089597,2140,2530,13:09:29.230054
25.091454,2117,2450,13:09:29.230054
25.09331,2037,2513,13:09:29.230054
25.095166,2022,2556,13:09:29.230054
25.097027,2195,2234,13:09:29.230054
25.098883,1858,2462,13:09:29.230054
25.100742,1935,2443,13:09:29.230054
25.102598,2367,2391,13:09:29.230054
25.104454,1953,2549,13:09:29.230054
25.106321,2037,2324,13:09:29.281271
25.108181,2221,2245,13:09:29.281271
25.110055,2148,2261,13:09:29.281271
25.111942,1977,2507,13:09:29.281271
25.113804,2016,2553,13:09:29.281271
25.115663,1698,2346,13:09:29.281271
25.117519,1244,2649,13:09:29.281271
25.119379,2276,2412,13:09:29.281271
25.121236,1405,2497,13:09:29.281271
25.123092,2178,2375,13:09:29.281271
25.124951,1478,2328,13:09:29.281271
25.126814,2405,2550,13:09:29.281271
25.128671,1693,2538,13:09:29.281271
25.13053,1471,2635,13:09:29.281271
25.132388,1983,2753,13:09:29.281271
25.134247,1728,2171,13:09:29.281271
25.136103,1974,2410,13:09:29.281271
25.137961,2045,2473,13:09:29.281271
25.139818,2289,2549,13:09:29.281271
25.141676,2139,2713,13:09:29.281271
25.143533,2025,2570,13:09:29.281271
25.145391,2080,2520,13:09:29.281271
25.147247,2131,2441,13:09:29.281271
25.149104,2203,2263,13:09:29.281271
25.150962,1959,2528,13:09:29.281271
25.152819,2146,2490,13:09:29.281271
25.154677,1882,2432,13:09:29.334763
25.156543,1690,2577,13:09:29.334763
25.158404,2222,2409,13:09:29.334763
25.160315,2188,2555,13:09:29.334763
25.162178,1585,2268,13:09:29.334763
25.164041,2027,2665,13:09:29.335763
25.165897,2070,2644,13:09:29.336753
25.167753,1899,2450,13:09:29.336753
25.169612,2112,2675,13:09:29.337766
25.171468,1243,2749,13:09:29.337766
25.173327,1326,2702,13:09:29.337766
25.175185,1252,2644,13:09:29.337766
25.177041,1811,2451,13:09:29.337766
25.1789,1340,2547,13:09:29.337766
25.18076,2046,2444,13:09:29.337766
25.182624,1825,2578,13:09:29.337766
25.184483,-1535,2423,13:09:29.337766
25.186351,2163,2605,13:09:29.337766
25.18821,1889,2409,13:09:29.337766
25.190066,1976,2523,13:09:29.337766
25.191956,1846,2597,13:09:29.337766
25.193823,2133,2334,13:09:29.337766
25.195683,2141,2337,13:09:29.337766
25.197541,1973,2287,13:09:29.337766
25.199398,1968,2550,13:09:29.337766
25.201258,2183,2534,13:09:29.337766
25.203115,2070,2454,13:09:29.337766
25.204973,2165,2271,13:09:29.383582
25.206839,2161,2748,13:09:29.383582
25.2087,2027,2513,13:09:29.383582
25.210612,1974,2453,13:09:29.383582
25.212468,2108,2470,13:09:29.383582
25.214325,2174,2663,13:09:29.383582
25.216181,1873,2544,13:09:29.383582
25.218043,1864,2564,13:09:29.383582
25.219906,1056,2358,13:09:29.383582
25.221762,1355,2772,13:09:29.383582
25.223621,1922,2835,13:09:29.383582
25.225477,2200,2921,13:09:29.384592
25.227333,1966,2516,13:09:29.384592
25.229192,2214,2603,13:09:29.384592
25.231054,1125,2690,13:09:29.384592
25.232911,1964,2508,13:09:29.384592
25.234771,1227,2766,13:09:29.384592
25.236647,-434,2792,13:09:29.384592
25.238512,2164,2439,13:09:29.384592
25.240368,2072,2629,13:09:29.384592
25.242224,2090,2515,13:09:29.384592
25.244081,2255,2915,13:09:29.384592
25.245939,2077,2586,13:09:29.384592
25.247798,2004,2574,13:09:29.384592
25.249654,1979,2508,13:09:29.384592
25.251512,1985,2525,13:09:29.384592
25.253369,1995,2545,13:09:29.386596
25.255227,2386,2438,13:09:29.435942
25.257095,1892,2508,13:09:29.435942
25.258956,1842,2543,13:09:29.435942
25.260852,2012,2763,13:09:29.435942
25.262708,1736,2449,13:09:29.435942
25.264569,2064,2428,13:09:29.435942
25.266425,1946,2525,13:09:29.435942
25.268284,1951,2971,13:09:29.435942
25.270142,1867,2754,13:09:29.435942
25.271998,1842,2756,13:09:29.435942
25.273859,1927,2697,13:09:29.435942
25.275715,2004,2597,13:09:29.435942
25.277574,2088,2364,13:09:29.435942
25.27943,1750,2498,13:09:29.435942
25.281286,1820,2876,13:09:29.435942
25.283143,1790,2758,13:09:29.435942
25.285005,1845,2378,13:09:29.435942
25.286864,-575,2684,13:09:29.435942
25.288724,1868,2735,13:09:29.435942
25.29058,1868,2619,13:09:29.435942
25.292437,2058,2860,13:09:29.435942
25.294327,1987,2492,13:09:29.435942
25.296185,1831,2638,13:09:29.435942
25.298042,2134,2609,13:09:29.435942
25.299906,2211,2681,13:09:29.435942
25.301763,2093,2660,13:09:29.435942
25.303619,1972,2725,13:09:29.435942
25.305479,1864,2549,13:09:29.486974
25.307342,1733,2603,13:09:29.486974
25.309202,2005,2733,13:09:29.486974
25.311112,1895,2828,13:09:29.486974
25.312973,1748,2729,13:09:29.486974
25.314831,1618,2504,13:09:29.486974
25.316687,2270,2721,13:09:29.486974
25.318552,2110,2716,13:09:29.486974
25.320408,2122,2607,13:09:29.486974
25.322265,1886,2676,13:09:29.486974
25.324123,1629,2672,13:09:29.486974
25.325979,1445,2647,13:09:29.486974
25.327838,1809,2618,13:09:29.486974
25.329694,1811,2668,13:09:29.486974
25.331551,1198,2544,13:09:29.486974
25.333407,2048,2751,13:09:29.486974
25.335272,1778,2805,13:09:29.486974
25.33713,2104,2783,13:09:29.486974
25.338986,1783,2767,13:09:29.486974
25.340847,1709,2527,13:09:29.486974
25.342703,2057,2753,13:09:29.486974
25.344559,2130,2571,13:09:29.486974
25.346418,2093,2751,13:09:29.486974
25.348274,1811,2528,13:09:29.486974
25.350133,2038,2736,13:09:29.486974
25.351989,1848,2644,13:09:29.486974
25.353849,2035,2917,13:09:29.486974
25.355712,2012,2416,13:09:29.538494
25.357581,2118,2729,13:09:29.538494
25.359444,1986,2544,13:09:29.538494
25.361359,1581,2723,13:09:29.538494
25.363219,1918,2840,13:09:29.538494
25.365077,1889,2668,13:09:29.538494
25.366934,1950,2776,13:09:29.538494
25.368792,1915,2589,13:09:29.538494
25.370649,2110,2765,13:09:29.538494
25.372507,2042,2914,13:09:29.538494
25.374363,1313,2528,13:09:29.538494
25.37622,1932,2478,13:09:29.538494
25.378082,2104,2920,13:09:29.538494
25.379939,1148,2619,13:09:29.538494
25.381797,1329,2411,13:09:29.538494
25.383653,2037,2839,13:09:29.538494
25.38551,1963,2673,13:09:29.539491
25.387377,1249,2818,13:09:29.539491
25.389266,1060,2960,13:09:29.539491
25.391131,1938,2571,13:09:29.539491
25.392987,2189,2883,13:09:29.539491
25.394845,2063,3124,13:09:29.539491
25.396706,1942,2643,13:09:29.539491
25.398562,1825,2560,13:09:29.539491
25.400421,1856,2754,13:09:29.539491
25.402277,2067,2920,13:09:29.539491
25.404133,1997,2532,13:09:29.539491
25.406002,2144,2553,13:09:29.596646
25.407865,1924,2593,13:09:29.596646
25.409726,2053,2951,13:09:29.596646
25.411613,1979,2575,13:09:29.596646
25.413469,2041,2769,13:09:29.596646
25.415328,1938,3083,13:09:29.596646
25.41719,1596,2551,13:09:29.596646
25.419046,2015,2779,13:09:29.596646
25.420903,1674,2734,13:09:29.596646
25.422763,1090,2758,13:09:29.596646
25.42462,1950,2674,13:09:29.596646
25.426476,1873,2656,13:09:29.596646
25.428334,1330,2778,13:09:29.596646
25.430191,1320,2936,13:09:29.596646
25.432047,1929,3078,13:09:29.596646
25.433904,1156,2705,13:09:29.596646
25.435768,2005,2773,13:09:29.596646
25.437624,2040,2799,13:09:29.596646
25.439481,1955,2987,13:09:29.596646
25.441339,1715,2879,13:09:29.596646
25.443205,1596,2882,13:09:29.596646
25.445092,1906,2891,13:09:29.596646
25.446948,2037,2646,13:09:29.596646
25.448804,1811,2654,13:09:29.596646
25.450663,1859,2717,13:09:29.596646
25.452519,1859,2778,13:09:29.596646
25.454378,1960,2713,13:09:29.596646
25.456246,1970,2632,13:09:29.642523
25.458106,1763,2715,13:09:29.642523
25.459979,1995,2518,13:09:29.642523
25.461891,1735,2912,13:09:29.642523
25.463751,1548,2819,13:09:29.642523
25.46561,1973,2912,13:09:29.642523
25.467466,1930,2551,13:09:29.642523
25.46933,1579,2734,13:09:29.642523
25.471189,794,2693,13:09:29.642523
25.473047,1763,2886,13:09:29.642523
25.474904,1385,2677,13:09:29.642523
25.476762,1138,2741,13:09:29.642523
25.47862,1185,2719,13:09:29.642523
25.480477,1209,2744,13:09:29.642523
25.482339,502,2792,13:09:29.642523
25.484196,1289,2717,13:09:29.642523
25.486052,2164,2965,13:09:29.642523
25.487908,2036,2531,13:09:29.642523
25.489771,1333,2758,13:09:29.642523
25.491633,2025,2773,13:09:29.642523
25.493489,1907,2890,13:09:29.642523
25.495348,2054,2758,13:09:29.642523
25.497204,1827,2982,13:09:29.642523
25.499061,92,2761,13:09:29.642523
25.500919,1961,2877,13:09:29.642523
25.50278,1800,2662,13:09:29.642523
25.504636,1792,2821,13:09:29.659065
25.50651,2120,2815,13:09:29.659065
25.508371,1859,2567,13:09:29.659065
25.510275,1606,2661,13:09:29.659065
25.512141,2051,2644,13:09:29.659065
25.514001,1637,2968,13:09:29.659065
25.51586,1615,3065,13:09:29.659065
25.517716,1870,2547,13:09:29.659065
25.519575,1882,2708,13:09:29.659065
25.521431,1036,2712,13:09:29.659065
25.523287,1612,2685,13:09:29.659065
25.525144,1897,3041,13:09:29.659065
25.52701,1613,3035,13:09:29.659065
25.528871,1410,2948,13:09:29.659065
25.53073,2032,2761,13:09:29.659065
25.532591,1607,2698,13:09:29.659065
25.53445,1741,2921,13:09:29.659065
25.536308,1757,2725,13:09:29.659065
25.538164,987,2665,13:09:29.659065
25.540021,1819,2602,13:09:29.659065
25.541879,2090,2423,13:09:29.659065
25.543736,1233,3079,13:09:29.659065
25.545626,1708,2777,13:09:29.659065
25.547482,2028,2541,13:09:29.659065
25.549339,1762,2953,13:09:29.659065
25.551195,1956,2735,13:09:29.659065
25.553054,1749,2597,13:09:29.659065
25.554912,1780,2950,13:09:29.712906
25.556776,1779,2655,13:09:29.712906
25.558643,1896,2644,13:09:29.712906
25.560547,1862,2962,13:09:29.712906
25.562409,1665,2769,13:09:29.712906
25.564268,1930,2791,13:09:29.712906
25.566124,1835,3003,13:09:29.712906
25.56798,1787,3075,13:09:29.712906
25.569837,2160,2677,13:09:29.712906
25.571702,1942,2535,13:09:29.712906
25.573559,1683,2812,13:09:29.712906
25.575416,1808,2768,13:09:29.712906
25.577274,1865,2773,13:09:29.712906
25.579131,1883,2714,13:09:29.712906
25.580987,1851,2654,13:09:29.712906
25.582845,2053,2796,13:09:29.712906
25.584702,1997,2742,13:09:29.712906
25.58656,1963,3120,13:09:29.712906
25.588417,1904,2952,13:09:29.712906
25.590279,1769,2665,13:09:29.712906
25.592135,2000,2699,13:09:29.712906
25.593992,1871,2856,13:09:29.712906
25.59585,2069,2790,13:09:29.712906
25.597707,1700,2968,13:09:29.712906
25.599565,1781,2728,13:09:29.712906
25.601421,2033,2554,13:09:29.712906
25.603278,1764,2592,13:09:29.712906
25.605136,1917,2859,13:09:29.756688
25.607016,1736,2729,13:09:29.756688
25.608877,1930,2800,13:09:29.756688
25.610796,1685,2862,13:09:29.756688
25.612675,1866,2744,13:09:29.756688
25.614532,1898,2879,13:09:29.756688
25.616388,1903,2738,13:09:29.756688
25.618252,1616,3001,13:09:29.756688
25.620111,1671,3095,13:09:29.756688
25.621967,1884,2769,13:09:29.756688
25.623826,1828,2744,13:09:29.756688
25.625682,1839,2642,13:09:29.756688
25.627538,1811,2577,13:09:29.756688
25.629395,2028,2840,13:09:29.756688
25.631251,1754,2725,13:09:29.756688
25.633109,2059,2877,13:09:29.756688
25.634966,1818,3090,13:09:29.756688
25.636826,1860,2702,13:09:29.756688
25.638683,1965,3016,13:09:29.756688
25.640541,1938,2894,13:09:29.756688
25.642397,1843,2754,13:09:29.756688
25.644254,1950,2594,13:09:29.756688
25.64611,2030,3006,13:09:29.756688
25.647967,1786,2729,13:09:29.756688
25.649823,1742,2897,13:09:29.756688
25.651679,1946,2811,13:09:29.756688
25.653542,2058,2780,13:09:29.756688
25.655398,1779,2858,13:09:29.807362
25.657263,2012,3283,13:09:29.807362
25.659124,1606,2897,13:09:29.807362
25.661025,1853,2884,13:09:29.807362
25.662884,2050,2946,13:09:29.807362
25.66474,1971,2993,13:09:29.807362
25.666597,1650,2670,13:09:29.807362
25.668457,1975,2934,13:09:29.807362
25.670313,1837,2734,13:09:29.807362
25.672171,2131,2848,13:09:29.807362
25.674028,1942,2908,13:09:29.807362
25.675884,2144,2762,13:09:29.807362
25.677743,1983,2804,13:09:29.807362
25.679603,2020,2594,13:09:29.807362
25.681461,1928,2854,13:09:29.807362
25.683318,2046,2781,13:09:29.807362
25.685184,1887,2720,13:09:29.807362
25.687041,2146,2984,13:09:29.807362
25.688897,1937,2902,13:09:29.809373
25.690755,2184,2688,13:09:29.809373
25.692612,1864,2790,13:09:29.809373
25.694474,1916,3031,13:09:29.809373
25.696331,1792,2886,13:09:29.809373
25.698187,1900,2906,13:09:29.809373
25.700047,2090,2793,13:09:29.809373
25.701905,1943,2712,13:09:29.809373
25.703762,2004,2909,13:09:29.809373
25.705624,2277,2874,13:09:29.856742
25.707495,1953,2719,13:09:29.856742
25.709359,1881,2706,13:09:29.856742
25.711278,1715,2951,13:09:29.856742
25.713195,1992,2638,13:09:29.856742
25.715074,1826,2836,13:09:29.856742
25.71693,2147,3076,13:09:29.856742
25.718791,1865,2852,13:09:29.856742
25.720647,1882,2834,13:09:29.856742
25.722503,1925,2980,13:09:29.856742
25.724362,1907,2718,13:09:29.856742
25.726223,2034,2931,13:09:29.856742
25.72808,1989,2663,13:09:29.856742
25.729937,2114,2660,13:09:29.856742
25.731805,1744,2855,13:09:29.856742
25.733664,1858,2662,13:09:29.856742
25.73552,2067,2589,13:09:29.856742
25.737378,2027,2806,13:09:29.856742
25.739235,2187,2937,13:09:29.856742
25.741093,2206,2978,13:09:29.856742
25.74295,1674,2614,13:09:29.856742
25.744808,2193,2709,13:09:29.856742
25.746666,1895,2812,13:09:29.856742
25.748525,1978,3097,13:09:29.856742
25.750381,1968,2938,13:09:29.856742
25.752238,1971,2987,13:09:29.856742
25.754096,1930,2812,13:09:29.856742
25.755966,2203,2843,13:09:29.906523
25.757829,1979,2747,13:09:29.906523
25.759693,2098,3063,13:09:29.906523
25.761613,2025,2678,13:09:29.906523
25.76347,2076,2935,13:09:29.906523
25.765328,1889,3122,13:09:29.906523
25.767184,1707,2582,13:09:29.906523
25.769043,2033,2910,13:09:29.906523
25.770899,2144,2953,13:09:29.906523
25.772764,2213,2908,13:09:29.906523
25.77462,2193,2782,13:09:29.906523
25.776476,2122,2835,13:09:29.906523
25.778335,1953,2811,13:09:29.906523
25.780191,2284,3179,13:09:29.906523
25.782048,2077,2846,13:09:29.906523
25.783904,1871,2781,13:09:29.906523
25.78576,2009,2747,13:09:29.906523
25.787617,2148,2919,13:09:29.906523
25.789474,2104,3056,13:09:29.906523
25.791335,1995,2471,13:09:29.906523
25.793192,1928,2757,13:09:29.906523
25.79505,2039,2850,13:09:29.906523
25.796907,2209,3069,13:09:29.906523
25.798763,1828,2498,13:09:29.906523
25.800621,2163,2702,13:09:29.906523
25.802477,2043,2904,13:09:29.906523
25.804336,2196,3112,13:09:29.906523
25.806242,1788,2673,13:09:29.959649
25.808103,2262,2663,13:09:29.959649
25.80998,2087,2750,13:09:29.959649
25.811865,2071,2726,13:09:29.959649
25.813722,2076,2751,13:09:29.959649
25.815578,2024,3033,13:09:29.959649
25.817435,2013,2964,13:09:29.959649
25.819293,2108,2955,13:09:29.959649
25.821149,1911,2730,13:09:29.959649
25.823008,2005,2487,13:09:29.959649
25.824866,2113,2693,13:09:29.959649
25.826727,2077,2846,13:09:29.959649
25.828583,2003,2648,13:09:29.959649
25.830443,1965,2877,13:09:29.959649
25.8323,1879,2893,13:09:29.959649
25.834156,1827,2670,13:09:29.959649
25.836015,2112,2883,13:09:29.959649
25.837873,2235,2975,13:09:29.959649
25.839729,2026,3055,13:09:29.959649
25.841588,2153,2852,13:09:29.959649
25.843444,2107,2818,13:09:29.959649
25.845301,2222,2811,13:09:29.959649
25.847157,2028,2718,13:09:29.959649
25.849021,1883,2631,13:09:29.959649
25.850878,1756,2829,13:09:29.959649
25.852734,2136,2805,13:09:29.959649
25.854592,1815,2653,13:09:30.007013
25.856457,2170,2810,13:09:30.007013
25.858317,1980,2697,13:09:30.007013
25.860205,2141,2744,13:09:30.007013
25.862079,1951,2587,13:09:30.007013
25.863952,2037,2711,13:09:30.007013
25.865809,2042,2788,13:09:30.007013
25.867669,1954,2755,13:09:30.007013
25.869525,2006,2831,13:09:30.007013
25.871382,2270,2964,13:09:30.007013
25.87324,1991,2817,13:09:30.007013
25.875097,2203,2770,13:09:30.007013
25.876953,2308,2778,13:09:30.007013
25.878809,2051,2824,13:09:30.007013
25.880666,2142,2630,13:09:30.007013
25.882522,1952,2891,13:09:30.007013
25.884379,2166,2712,13:09:30.007013
25.886239,2092,2912,13:09:30.007013
25.888095,1730,2829,13:09:30.007013
25.889954,1888,2572,13:09:30.007013
25.89181,2237,2737,13:09:30.007013
25.893666,2098,2811,13:09:30.007013
25.895525,1937,2719,13:09:30.007013
25.897385,1901,2856,13:09:30.007013
25.89925,1883,2583,13:09:30.007013
25.901106,2104,2880,13:09:30.007013
25.902966,1984,2649,13:09:30.007013
25.904825,1831,2558,13:09:30.057147
25.906689,2064,2749,13:09:30.057147
25.908552,2056,2990,13:09:30.057147
25.910456,2005,2932,13:09:30.057147
25.912318,1895,2801,13:09:30.057147
25.914177,2158,2825,13:09:30.057147
25.916033,1956,2806,13:09:30.057147
25.917891,1934,2764,13:09:30.057147
25.919748,1997,2852,13:09:30.057147
25.921614,2283,2816,13:09:30.057147
25.92347,1969,2874,13:09:30.057147
25.925327,2015,2718,13:09:30.057147
25.927185,1968,2965,13:09:30.057147
25.929042,2343,2907,13:09:30.057147
25.9309,2031,2627,13:09:30.057147
25.932756,2029,2972,13:09:30.057147
25.934613,2093,2859,13:09:30.057147
25.936471,1894,2760,13:09:30.057147
25.938335,1770,2615,13:09:30.057147
25.940192,2058,2856,13:09:30.057147
25.942048,2096,2693,13:09:30.057147
25.943907,1922,2767,13:09:30.057147
25.945763,2063,2765,13:09:30.057147
25.94762,1825,2730,13:09:30.057147
25.949476,1959,2697,13:09:30.057147
25.951332,2162,2618,13:09:30.057147
25.953189,1866,2963,13:09:30.057147
25.955045,2045,2543,13:09:30.107804
25.956914,2083,2614,13:09:30.107804
25.958774,1962,2581,13:09:30.107804
25.96068,1819,2744,13:09:30.107804
25.962556,2006,2646,13:09:30.107804
25.964413,2141,2624,13:09:30.107804
25.966269,1779,2631,13:09:30.107804
25.968128,2010,2757,13:09:30.107804
25.969984,2087,2612,13:09:30.107804
25.971842,1940,2626,13:09:30.107804
25.973699,1780,2552,13:09:30.107804
25.975561,2170,2594,13:09:30.107804
25.977418,1880,2698,13:09:30.107804
25.979274,1796,2550,13:09:30.107804
25.981132,2056,2773,13:09:30.107804
25.982989,1796,2520,13:09:30.107804
25.984851,2218,2555,13:09:30.107804
25.986708,1798,2813,13:09:30.107804
25.988564,2064,2800,13:09:30.107804
25.990422,1629,2641,13:09:30.107804
25.992281,1684,2640,13:09:30.107804
25.994137,2136,2561,13:09:30.107804
25.995994,2140,2675,13:09:30.107804
25.997852,2054,2674,13:09:30.107804
25.999708,1947,2650,13:09:30.107804
26.001567,2125,2839,13:09:30.107804
26.003425,2040,2490,13:09:30.107804
26.005282,2042,2734,13:09:30.158476
26.007154,2015,2496,13:09:30.158476
26.009014,2195,2546,13:09:30.158476
26.010948,1877,2809,13:09:30.158476
26.012811,1844,2707,13:09:30.158476
26.014667,1986,2601,13:09:30.158476
26.016529,2269,2661,13:09:30.158476
26.018386,1994,2707,13:09:30.158476
26.020243,2018,2489,13:09:30.158476
26.022105,1857,2481,13:09:30.158476
26.023961,2003,2691,13:09:30.158476
26.025819,1810,2712,13:09:30.158476
26.027676,1941,2499,13:09:30.158476
26.029532,1966,2717,13:09:30.158476
26.031391,2047,2944,13:09:30.158476
26.033249,2054,2631,13:09:30.158476
26.035107,2049,2565,13:09:30.158476
26.036964,2016,2616,13:09:30.158476
26.03883,2177,2503,13:09:30.158476
26.040687,2029,2507,13:09:30.158476
26.042543,1848,2517,13:09:30.158476
26.044401,1918,2783,13:09:30.158476
26.046258,2251,2658,13:09:30.158476
26.048116,2093,2643,13:09:30.158476
26.049973,1891,2484,13:09:30.158476
26.051829,1833,2976,13:09:30.158476
26.053687,1958,2803,13:09:30.158476
26.055604,2426,2363,13:09:30.208288
26.057472,2257,2494,13:09:30.209297
26.059334,1892,2856,13:09:30.211288
26.061238,1846,2631,13:09:30.211288
26.063103,1963,2474,13:09:30.211288
26.064959,2079,2525,13:09:30.211288
26.066816,1880,2669,13:09:30.211288
26.068674,2040,2505,13:09:30.211288
26.070536,2096,2781,13:09:30.211288
26.072393,2341,2588,13:09:30.211288
26.074249,1970,2681,13:09:30.211288
26.076108,2243,2684,13:09:30.211288
26.077964,2086,2652,13:09:30.211288
26.07982,2088,2652,13:09:30.211288
26.081679,2024,2320,13:09:30.211288
26.083535,2004,2601,13:09:30.211288
26.085391,2274,2728,13:09:30.211288
26.087248,2060,2674,13:09:30.211288
26.089114,2055,2618,13:09:30.211288
26.090971,2229,2448,13:09:30.211288
26.092827,2149,2371,13:09:30.211288
26.094685,1858,2425,13:09:30.211288
26.096542,2245,2552,13:09:30.211288
26.098398,2172,2641,13:09:30.211288
26.100255,2191,2344,13:09:30.211288
26.102111,1812,2279,13:09:30.211288
26.103967,1983,2599,13:09:30.211288
26.105832,2077,2594,13:09:30.257252
26.107696,2108,3020,13:09:30.257252
26.109588,1984,2486,13:09:30.257252
26.111505,1616,2488,13:09:30.257252
26.113381,2151,2503,13:09:30.258258
26.115237,2180,2668,13:09:30.258258
26.117094,1942,2754,13:09:30.258258
26.118952,2026,2751,13:09:30.258258
26.120809,2101,2526,13:09:30.258258
26.122669,2245,2391,13:09:30.258258
26.124525,2361,2650,13:09:30.259258
26.126384,2204,2403,13:09:30.259258
26.12824,2049,2359,13:09:30.259258
26.130097,1857,2605,13:09:30.259258
26.131955,2171,2844,13:09:30.259258
26.133815,1899,2553,13:09:30.259258
26.135674,1957,2548,13:09:30.259258
26.13753,2111,2613,13:09:30.259258
26.139393,2244,2476,13:09:30.259258
26.141249,2319,2395,13:09:30.260259
26.143106,2363,2402,13:09:30.260259
26.144964,2142,2316,13:09:30.260259
26.14682,2124,2475,13:09:30.260259
26.148678,1999,2823,13:09:30.260259
26.150535,1901,2460,13:09:30.260259
26.152393,2301,2694,13:09:30.260259
26.15425,2083,2422,13:09:30.260259
26.156116,2349,2614,13:09:30.310687
26.157975,2258,2495,13:09:30.310687
26.159849,2205,2525,13:09:30.310687
26.161737,2005,2380,13:09:30.310687
26.163596,1786,2571,13:09:30.310687
26.165452,1934,2532,13:09:30.310687
26.167308,1877,2558,13:09:30.310687
26.169165,2046,2348,13:09:30.310687
26.171031,2200,2577,13:09:30.310687
26.172888,1973,2646,13:09:30.310687
26.174744,2076,2448,13:09:30.310687
26.176602,1949,2534,13:09:30.310687
26.178459,2073,2585,13:09:30.310687
26.180317,2003,2277,13:09:30.310687
26.182174,2093,2304,13:09:30.310687
26.18403,2032,2587,13:09:30.310687
26.185888,2075,2344,13:09:30.310687
26.187752,1870,2608,13:09:30.310687
26.189609,2057,2445,13:09:30.310687
26.191466,1955,2604,13:09:30.310687
26.193324,2027,2646,13:09:30.310687
26.19518,2130,2570,13:09:30.310687
26.197037,2013,2687,13:09:30.310687
26.198893,2144,2401,13:09:30.310687
26.200752,1953,2564,13:09:30.310687
26.20261,2152,2831,13:09:30.310687
26.204466,1978,2677,13:09:30.357274
26.206331,2053,2387,13:09:30.357274
26.208191,2140,2614,13:09:30.357274
26.210065,2022,2480,13:09:30.357274
26.211992,2196,2483,13:09:30.357274
26.213848,2088,2697,13:09:30.357274
26.215706,2209,2659,13:09:30.357274
26.217565,2165,2639,13:09:30.357274
26.219421,2013,2648,13:09:30.357274
26.22128,2209,2817,13:09:30.357274
26.223136,2108,2556,13:09:30.357274
26.224992,2033,2680,13:09:30.357274
26.226853,1928,2473,13:09:30.357274
26.228711,1968,2651,13:09:30.357274
26.230568,2206,2844,13:09:30.357274
26.232424,1924,2413,13:09:30.357274
26.234282,1902,2445,13:09:30.357274
26.236139,2309,2546,13:09:30.357274
26.237995,2130,2533,13:09:30.357274
26.239854,1726,2631,13:09:30.357274
26.24171,2210,2486,13:09:30.357274
26.243566,2191,2633,13:09:30.357274
26.245423,2167,2675,13:09:30.357274
26.247289,1807,2458,13:09:30.357274
26.249148,2031,2515,13:09:30.357274
26.251004,2041,2320,13:09:30.357274
26.252864,1996,2451,13:09:30.357274
26.254721,2001,2320,13:09:30.406877
26.256587,1851,2579,13:09:30.406877
26.258453,2076,2604,13:09:30.406877
26.260347,1982,2225,13:09:30.406877
26.26227,1978,2450,13:09:30.406877
26.264126,2089,2459,13:09:30.406877
26.265983,1987,2518,13:09:30.406877
26.267843,1987,2450,13:09:30.406877
26.269699,1810,2470,13:09:30.406877
26.271558,1722,2442,13:09:30.409862
26.273414,2132,2524,13:09:30.409862
26.275271,2036,2571,13:09:30.409862
26.277127,2049,2606,13:09:30.409862
26.278984,1939,2624,13:09:30.409862
26.280846,2159,2398,13:09:30.409862
26.282702,1932,2580,13:09:30.409862
26.284561,2102,2705,13:09:30.409862
26.286417,1993,2467,13:09:30.409862
26.288273,1913,2508,13:09:30.409862
26.290132,1844,2719,13:09:30.409862
26.29199,1898,2414,13:09:30.409862
26.293849,1767,2526,13:09:30.409862
26.295705,2141,2463,13:09:30.409862
26.297571,1958,2406,13:09:30.409862
26.299428,2087,2580,13:09:30.409862
26.301284,2149,2492,13:09:30.409862
26.303142,1899,2639,13:09:30.409862
26.304999,1899,2556,13:09:30.458799
26.306859,2067,2569,13:09:30.458799
26.30872,1847,2730,13:09:30.460799
26.310646,2035,2647,13:09:30.460799
26.312504,1822,2584,13:09:30.460799
26.314361,1875,2548,13:09:30.460799
26.316222,2103,2616,13:09:30.460799
26.318107,1976,2435,13:09:30.460799
26.319964,2223,2509,13:09:30.460799
26.32182,2071,2530,13:09:30.460799
26.323676,1845,2321,13:09:30.460799
26.325537,1913,2438,13:09:30.460799
26.327393,1804,2699,13:09:30.460799
26.32925,1872,2413,13:09:30.460799
26.331108,1801,2725,13:09:30.460799
26.332964,1890,2668,13:09:30.460799
26.334823,1981,2638,13:09:30.460799
26.336679,1906,2561,13:09:30.460799
26.338539,1935,2325,13:09:30.460799
26.340398,1947,2638,13:09:30.460799
26.342264,2085,2460,13:09:30.460799
26.344121,1855,2665,13:09:30.460799
26.345977,1851,2718,13:09:30.460799
26.347835,1869,2499,13:09:30.460799
26.349692,1841,2518,13:09:30.460799
26.351548,1927,2558,13:09:30.460799
26.353407,2230,2400,13:09:30.460799
26.355263,2082,2567,13:09:30.508073
26.357133,1994,2611,13:09:30.508073
26.358994,1933,2502,13:09:30.508073
26.36089,2142,2529,13:09:30.508073
26.36275,1926,2419,13:09:30.508073
26.364607,2087,2596,13:09:30.508073
26.366463,1654,2581,13:09:30.508073
26.368319,2050,2409,13:09:30.508073
26.370176,1877,2672,13:09:30.508073
26.372032,1658,2705,13:09:30.508073
26.373889,1926,2625,13:09:30.508073
26.375749,1999,2473,13:09:30.508073
26.377605,1943,2332,13:09:30.508073
26.379464,2022,2466,13:09:30.508073
26.38132,1739,2637,13:09:30.508073
26.383177,2102,2450,13:09:30.508073
26.385035,1626,2539,13:09:30.508073
26.386895,1820,2441,13:09:30.508073
26.388754,1861,2731,13:09:30.508073
26.39061,1735,2418,13:09:30.508073
26.392476,1748,2691,13:09:30.508073
26.394333,1909,2657,13:09:30.508073
26.396189,2069,2320,13:09:30.508073
26.398048,1842,2437,13:09:30.508073
26.399904,1838,2636,13:09:30.508073
26.401762,1737,2690,13:09:30.508073
26.403619,1963,2673,13:09:30.508073
26.405477,1795,2552,13:09:30.560946
26.407342,1949,2662,13:09:30.560946
26.409205,2002,2438,13:09:30.560946
26.41112,1520,2625,13:09:30.560946
26.413002,1905,2565,13:09:30.560946
26.414859,1651,2503,13:09:30.560946
26.416721,1831,2614,13:09:30.560946
26.418578,1826,2497,13:09:30.560946
26.42044,1973,2561,13:09:30.560946
26.422296,2220,2728,13:09:30.560946
26.424153,1957,2701,13:09:30.560946
26.426011,1954,2472,13:09:30.560946
26.427869,1857,2780,13:09:30.560946
26.429728,2037,2651,13:09:30.560946
26.431584,2071,2742,13:09:30.560946
26.433444,1885,2721,13:09:30.560946
26.435301,1809,2395,13:09:30.560946
26.437157,1863,2515,13:09:30.560946
26.43902,1800,2547,13:09:30.560946
26.440876,1955,2961,13:09:30.560946
26.442734,1972,2649,13:09:30.560946
26.444591,2073,2761,13:09:30.560946
26.446449,1783,2667,13:09:30.560946
26.448308,1865,2674,13:09:30.560946
26.450165,1771,2902,13:09:30.560946
26.452024,1736,2828,13:09:30.560946
26.453881,2079,3030,13:09:30.560946
26.455749,1857,2813,13:09:30.610841
26.457612,2099,2680,13:09:30.610841
26.459476,2039,2615,13:09:30.610841
26.461384,1950,2774,13:09:30.610841
26.463245,1698,2639,13:09:30.610841
26.465141,-1011,2693,13:09:30.610841
26.467003,1747,2683,13:09:30.610841
26.468859,1954,2681,13:09:30.611841
26.470724,2083,2599,13:09:30.611841
26.47258,1791,2828,13:09:30.611841
26.474437,1918,2373,13:09:30.611841
26.476295,2038,3033,13:09:30.611841
26.478151,1854,2739,13:09:30.611841
26.48001,2017,2815,13:09:30.611841
26.481866,2168,2534,13:09:30.611841
26.483727,1921,2832,13:09:30.611841
26.485585,2096,2745,13:09:30.611841
26.487442,1967,2783,13:09:30.611841
26.489302,1935,2751,13:09:30.611841
26.491158,1644,2515,13:09:30.611841
26.493017,2072,2558,13:09:30.611841
26.494875,2090,2694,13:09:30.611841
26.496731,1788,2976,13:09:30.611841
26.49859,1849,2764,13:09:30.611841
26.500448,1958,2721,13:09:30.611841
26.502306,1833,2725,13:09:30.611841
26.504163,1971,2619,13:09:30.611841
26.506033,1909,2728,13:09:30.663148
26.507894,2167,2785,13:09:30.663148
26.509766,2295,2901,13:09:30.663148
26.51165,1704,2806,13:09:30.663148
26.513513,1808,2707,13:09:30.663148
26.515373,1810,2748,13:09:30.663148
26.517253,1751,2640,13:09:30.663148
26.519116,2167,2863,13:09:30.663148
26.520972,2063,2712,13:09:30.663148
26.522828,2130,2776,13:09:30.663148
26.524687,1886,2852,13:09:30.663148
26.526545,1918,2775,13:09:30.663148
26.528411,2224,2863,13:09:30.663148
26.530268,2090,2507,13:09:30.663148
26.532124,2039,2678,13:09:30.663148
26.533983,1828,2781,13:09:30.663148
26.535839,2149,2758,13:09:30.663148
26.537695,2022,2759,13:09:30.663148
26.539552,2351,2628,13:09:30.663148
26.541408,1978,2963,13:09:30.663148
26.543265,2095,2928,13:09:30.663148
26.545121,2083,2628,13:09:30.663148
26.546983,1992,2757,13:09:30.663148
26.54884,2021,2685,13:09:30.663148
26.550696,1907,2461,13:09:30.663148
26.552555,2048,2837,13:09:30.663148
26.554411,2038,2760,13:09:30.714147
26.556271,2032,2663,13:09:30.714147
26.558132,2300,2926,13:09:30.714147
26.560008,1915,2761,13:09:30.714147
26.5619,1728,2532,13:09:30.714147
26.563757,1809,2784,13:09:30.714147
26.565615,2029,3055,13:09:30.714147
26.567471,2048,2699,13:09:30.714147
26.569328,2011,2736,13:09:30.714147
26.571184,2060,3068,13:09:30.714147
26.573042,1910,3261,13:09:30.714147
26.574899,1962,3170,13:09:30.714147
26.576755,2219,2785,13:09:30.714147
26.578618,2189,2893,13:09:30.714147
26.580474,2046,2683,13:09:30.714147
26.582331,2097,3098,13:09:30.714147
26.584189,1908,2833,13:09:30.714147
26.586045,2210,2763,13:09:30.714147
26.587904,1989,2693,13:09:30.714147
26.589762,2086,2982,13:09:30.714147
26.59162,2168,2803,13:09:30.714147
26.593477,2339,2809,13:09:30.714147
26.595334,2134,2894,13:09:30.714147
26.597194,2161,2910,13:09:30.714147
26.59905,2283,2583,13:09:30.714147
26.600908,1738,2728,13:09:30.714147
26.602765,2181,2661,13:09:30.714147
26.604621,2050,2846,13:09:30.775799
26.606488,2102,2880,13:09:30.775799
26.608348,2203,2713,13:09:30.775799
26.610248,2208,2972,13:09:30.775799
26.612123,1936,2704,13:09:30.775799
26.613981,2279,2827,13:09:30.775799
26.615849,1861,2701,13:09:30.775799
26.617753,-1039,2638,13:09:30.775799
26.619616,2063,2951,13:09:30.775799
26.621474,2050,2889,13:09:30.775799
26.623331,2124,2888,13:09:30.775799
26.625189,2015,2860,13:09:30.775799
26.627045,2235,2762,13:09:30.775799
26.62891,2151,2712,13:09:30.775799
26.630766,2098,2895,13:09:30.775799
26.632622,2011,2748,13:09:30.775799
26.634479,1994,3009,13:09:30.775799
26.636335,2037,2748,13:09:30.775799
26.638194,1916,2883,13:09:30.775799
26.64005,2360,2657,13:09:30.775799
26.641909,2016,2833,13:09:30.775799
26.643767,2103,3203,13:09:30.775799
26.645627,2419,3012,13:09:30.775799
26.647484,2174,2986,13:09:30.775799
26.64934,2092,2953,13:09:30.775799
26.651199,2150,2713,13:09:30.775799
26.653055,2042,2839,13:09:30.775799
26.654911,2079,2806,13:09:30.815838
26.65678,2017,2810,13:09:30.815838
26.65864,2359,2927,13:09:30.815838
26.660538,2155,2861,13:09:30.815838
26.662399,1779,2730,13:09:30.815838
26.664255,2053,2995,13:09:30.815838
26.666113,2094,2831,13:09:30.815838
26.66797,2130,2940,13:09:30.815838
26.66983,1817,2773,13:09:30.815838
26.671713,905,2983,13:09:30.815838
26.673579,2067,3026,13:09:30.815838
26.675437,2101,2902,13:09:30.815838
26.677294,2058,3023,13:09:30.815838
26.67915,2283,2943,13:09:30.815838
26.681006,2045,2702,13:09:30.815838
26.682865,2202,2741,13:09:30.815838
26.684723,1826,2660,13:09:30.815838
26.686586,2214,2775,13:09:30.815838
26.688442,2248,2703,13:09:30.815838
26.690298,2338,2653,13:09:30.815838
26.692157,2258,2760,13:09:30.815838
26.694013,1942,2866,13:09:30.815838
26.695874,2183,2813,13:09:30.815838
26.697732,2065,2822,13:09:30.815838
26.699588,2239,2615,13:09:30.815838
26.701449,1957,2481,13:09:30.815838
26.703307,2236,2480,13:09:30.815838
26.705166,2014,2948,13:09:30.870098
26.707034,1915,2852,13:09:30.870098
26.708895,2281,2733,13:09:30.870098
26.710791,1584,2702,13:09:30.870098
26.712647,2019,2539,13:09:30.870098
26.714503,2154,2865,13:09:30.870098
26.71636,2330,2944,13:09:30.870098
26.718226,2013,2676,13:09:30.870098
26.720122,-910,2872,13:09:30.870098
26.721985,1997,2776,13:09:30.870098
26.723843,1973,2838,13:09:30.870098
26.725699,2053,2850,13:09:30.870098
26.727556,1988,2861,13:09:30.870098
26.729412,2164,2893,13:09:30.870098
26.731269,2045,2673,13:09:30.870098
26.733129,2250,2914,13:09:30.870098
26.734985,1832,2887,13:09:30.870098
26.736844,2185,2649,13:09:30.870098
26.738702,2109,2724,13:09:30.870098
26.740559,2010,2683,13:09:30.870098
26.742417,2013,2962,13:09:30.870098
26.744273,1884,2732,13:09:30.870098
26.746132,2148,2513,13:09:30.870098
26.74799,1890,2965,13:09:30.870098
26.749856,2129,2621,13:09:30.870098
26.751713,2142,2801,13:09:30.870098
26.753569,2149,3061,13:09:30.870098
26.755428,2054,2773,13:09:30.918389
26.757292,1975,2726,13:09:30.918389
26.759152,2037,2675,13:09:30.918389
26.761053,1904,2382,13:09:30.918389
26.762917,1986,2603,13:09:30.918389
26.764779,1957,2581,13:09:30.918389
26.766638,2223,2952,13:09:30.918389
26.768504,1695,3104,13:09:30.918389
26.770364,1642,2872,13:09:30.918389
26.772245,2206,2796,13:09:30.918389
26.774117,1499,2916,13:09:30.918389
26.775975,1852,2588,13:09:30.918389
26.777837,2011,2706,13:09:30.919297
26.779694,2116,2628,13:09:30.919297
26.781551,2108,2748,13:09:30.919297
26.783413,2013,2488,13:09:30.919297
26.785269,2170,2782,13:09:30.919297
26.787126,2061,2598,13:09:30.919297
26.788984,2130,2614,13:09:30.919297
26.790841,2027,2611,13:09:30.919297
26.792699,1981,2614,13:09:30.919297
26.794555,2018,2677,13:09:30.919297
26.796416,2137,2690,13:09:30.919297
26.798272,1842,2680,13:09:30.919297
26.800129,1598,2655,13:09:30.919297
26.801989,1975,2568,13:09:30.919297
26.803845,2163,2541,13:09:30.919297
26.805706,2210,3126,13:09:30.969917
26.80757,2016,2492,13:09:30.969917
26.809432,2234,2633,13:09:30.969917
26.811341,1878,2667,13:09:30.969917
26.813197,1806,2530,13:09:30.969917
26.815055,2298,2446,13:09:30.969917
26.816912,1845,2740,13:09:30.969917
26.818769,2237,2598,13:09:30.969917
26.820632,2294,2853,13:09:30.969917
26.82249,-1234,2507,13:09:30.969917
26.824355,2021,2679,13:09:30.969917
26.826216,2114,2829,13:09:30.970905
26.828072,1925,2751,13:09:30.970905
26.829946,2026,2607,13:09:30.970905
26.831803,2037,2691,13:09:30.970905
26.833659,2112,2793,13:09:30.970905
26.835515,1988,2751,13:09:30.970905
26.837374,2136,2683,13:09:30.970905
26.83923,2026,2644,13:09:30.970905
26.841087,2139,2728,13:09:30.970905
26.842949,1950,2293,13:09:30.970905
26.844805,1967,2429,13:09:30.970905
26.846664,2068,2534,13:09:30.970905
26.84852,1969,2525,13:09:30.970905
26.850379,1973,2744,13:09:30.970905
26.852237,1727,2718,13:09:30.970905
26.854094,2137,2749,13:09:30.970905
26.855968,2057,2727,13:09:31.024126
26.857828,2267,2492,13:09:31.024126
26.85969,2105,2622,13:09:31.024126
26.861599,1701,2621,13:09:31.024126
26.863457,1826,2739,13:09:31.024126
26.865315,1619,2787,13:09:31.024126
26.867172,1810,2619,13:09:31.024126
26.869028,2201,2461,13:09:31.024126
26.870887,1382,2699,13:09:31.024126
26.872743,2023,2834,13:09:31.024126
26.874603,358,2726,13:09:31.024126
26.87646,2252,2618,13:09:31.024126
26.878324,2082,2848,13:09:31.024126
26.880181,2061,2850,13:09:31.024126
26.882037,2193,2508,13:09:31.024126
26.883895,2322,2623,13:09:31.024126
26.885752,1925,2626,13:09:31.024126
26.887608,1984,2742,13:09:31.024126
26.889464,2208,2835,13:09:31.024126
26.891321,2091,2585,13:09:31.024126
26.893177,1986,2795,13:09:31.024126
26.895034,2181,2824,13:09:31.024126
26.896894,2330,2555,13:09:31.024126
26.898752,1971,2612,13:09:31.024126
26.900611,1679,2603,13:09:31.024126
26.902467,2159,2731,13:09:31.024126
26.904324,2228,2731,13:09:31.024126
26.906192,1763,2477,13:09:31.073370
26.908052,2017,2878,13:09:31.073370
26.909928,2239,2695,13:09:31.073370
26.911819,1992,2811,13:09:31.073370
26.913674,1911,2692,13:09:31.073370
26.915532,1789,2746,13:09:31.073370
26.917388,1947,2697,13:09:31.073370
26.919246,2136,2539,13:09:31.073370
26.921103,1101,2429,13:09:31.073370
26.922964,1925,2864,13:09:31.073370
26.924842,1123,3169,13:09:31.073370
26.926716,2080,2592,13:09:31.073370
26.928574,2102,2751,13:09:31.073370
26.930433,2098,2660,13:09:31.073370
26.932289,1994,2861,13:09:31.073370
26.934147,2039,2490,13:09:31.073370
26.936004,2085,2855,13:09:31.073370
26.937862,1866,2792,13:09:31.073370
26.939719,2155,2510,13:09:31.073370
26.941577,2012,2704,13:09:31.073370
26.943433,2154,2772,13:09:31.073370
26.94529,2183,2689,13:09:31.073370
26.947148,2023,2679,13:09:31.073370
26.949005,2233,2698,13:09:31.073370
26.950863,2165,2788,13:09:31.073370
26.952719,2251,2618,13:09:31.073370
26.954582,2029,2739,13:09:31.073370
26.956444,2146,2769,13:09:31.132589
26.958305,2094,2902,13:09:31.132589
26.960204,2081,2378,13:09:31.132589
26.962077,2266,2647,13:09:31.132589
26.963935,1817,2609,13:09:31.132589
26.965794,2185,2713,13:09:31.132589
26.96765,2081,2822,13:09:31.132589
26.969509,2076,2733,13:09:31.132589
26.971365,2058,2818,13:09:31.133592
26.973229,1831,2888,13:09:31.133592
26.975086,1584,2758,13:09:31.133592
26.976979,-277,2701,13:09:31.133592
26.978844,2166,2563,13:09:31.133592
26.980701,2036,2886,13:09:31.133592
26.982561,2265,2847,13:09:31.133592
26.984425,2138,2605,13:09:31.133592
26.986286,2109,2675,13:09:31.133592
26.988142,2004,2680,13:09:31.133592
26.989999,1986,2580,13:09:31.133592
26.991857,2054,2842,13:09:31.133592
26.993713,1936,2789,13:09:31.133592
26.99557,2338,2723,13:09:31.133592
26.997428,2232,2811,13:09:31.133592
26.999285,2172,2846,13:09:31.133592
27.001143,1887,2763,13:09:31.133592
27.002999,2196,2949,13:09:31.133592
27.004864,2102,2499,13:09:31.176787
27.006732,1872,2813,13:09:31.176787
27.008595,2119,2705,13:09:31.176787
27.010497,2215,2656,13:09:31.176787
27.012353,1975,2819,13:09:31.176787
27.014215,2322,2866,13:09:31.176787
27.016074,2092,2927,13:09:31.176787
27.01793,2126,2638,13:09:31.176787
27.019789,2029,2801,13:09:31.176787
27.021645,1546,2406,13:09:31.176787
27.023512,2057,2614,13:09:31.176787
27.025378,2261,2732,13:09:31.176787
27.027245,2074,2517,13:09:31.176787
27.029104,2127,2700,13:09:31.176787
27.030961,2173,2664,13:09:31.176787
27.032819,2425,2798,13:09:31.176787
27.034676,1764,2753,13:09:31.176787
27.036533,-558,2831,13:09:31.176787
27.038424,2225,2758,13:09:31.176787
27.040281,2328,2700,13:09:31.176787
27.042139,1980,2621,13:09:31.176787
27.043995,2072,2442,13:09:31.176787
27.045854,2177,2887,13:09:31.176787
27.04771,2199,2767,13:09:31.176787
27.049567,2164,3027,13:09:31.176787
27.051423,2211,2838,13:09:31.176787
27.053279,2139,2659,13:09:31.176787
27.05514,2022,3091,13:09:31.225856
27.057012,2270,2789,13:09:31.225856
27.058879,2136,2657,13:09:31.225856
27.060785,2105,2822,13:09:31.225856
27.062641,1670,2922,13:09:31.225856
27.064497,2224,2505,13:09:31.225856
27.066356,2214,2859,13:09:31.225856
27.068213,2263,2841,13:09:31.225856
27.070071,1070,2964,13:09:31.225856
27.071927,727,2638,13:09:31.225856
27.073795,2038,2894,13:09:31.225856
27.075652,1656,2830,13:09:31.225856
27.077508,1604,2903,13:09:31.225856
27.079366,2206,3199,13:09:31.225856
27.081231,1791,2737,13:09:31.225856
27.083119,2352,2789,13:09:31.225856
27.084975,2342,2954,13:09:31.225856
27.086834,2237,2937,13:09:31.225856
27.088692,2194,2660,13:09:31.225856
27.090549,2074,2800,13:09:31.225856
27.092407,2432,2864,13:09:31.225856
27.094263,2198,2786,13:09:31.225856
27.09612,2027,2749,13:09:31.225856
27.097978,2241,2665,13:09:31.225856
27.099839,2171,2817,13:09:31.225856
27.101697,2189,2939,13:09:31.225856
27.103553,2233,2611,13:09:31.225856
27.105412,2137,2712,13:09:31.281030
27.10728,2337,2952,13:09:31.281030
27.10914,2306,2814,13:09:31.281030
27.111031,2239,2668,13:09:31.281030
27.112887,2166,3042,13:09:31.281030
27.114755,1775,2759,13:09:31.281030
27.116612,2015,2810,13:09:31.281030
27.118468,2306,2960,13:09:31.281030
27.120327,1943,2940,13:09:31.281030
27.122183,1680,2854,13:09:31.281030
27.124041,2094,2998,13:09:31.281030
27.125898,2468,2881,13:09:31.281030
27.127759,2119,2867,13:09:31.281030
27.129616,-1964,3126,13:09:31.281030
27.131478,2066,3033,13:09:31.281030
27.133337,2049,2779,13:09:31.281030
27.135194,2264,2909,13:09:31.281030
27.137056,2239,2808,13:09:31.281030
27.138912,2248,2769,13:09:31.281030
27.140769,2179,3006,13:09:31.281030
27.142627,1934,2886,13:09:31.281030
27.144483,2279,3043,13:09:31.281030
27.146342,2071,2931,13:09:31.281030
27.148198,2205,2816,13:09:31.281030
27.150061,2222,2967,13:09:31.281030
27.151919,2257,2940,13:09:31.281030
27.153785,2245,3039,13:09:31.282020
27.155646,2046,2944,13:09:31.329143
27.157516,2099,3110,13:09:31.329143
27.159377,2243,2812,13:09:31.329143
27.161277,1641,2809,13:09:31.331133
27.163133,2196,2979,13:09:31.331133
27.164991,2185,2956,13:09:31.331133
27.166848,2002,2928,13:09:31.331133
27.168708,2034,2950,13:09:31.331133
27.170567,1912,3154,13:09:31.331133
27.172433,2166,2990,13:09:31.331133
27.174289,1397,2924,13:09:31.331133
27.176146,2197,2845,13:09:31.331133
27.178004,1665,2850,13:09:31.331133
27.179862,1539,2904,13:09:31.331133
27.181766,1438,3302,13:09:31.331133
27.183631,1862,2890,13:09:31.331133
27.185487,2440,2891,13:09:31.331133
27.187348,2175,3095,13:09:31.331133
27.189204,2083,2995,13:09:31.331133
27.191061,2135,3135,13:09:31.331133
27.192919,2235,2984,13:09:31.331133
27.194775,2320,2821,13:09:31.331133
27.196632,2297,2943,13:09:31.331133
27.198488,2362,2951,13:09:31.331133
27.200345,2234,2977,13:09:31.331133
27.202201,2228,2982,13:09:31.331133
27.204058,2312,3104,13:09:31.331133
27.205926,2245,3005,13:09:31.381461
27.20779,2310,3120,13:09:31.381461
27.209658,2392,2817,13:09:31.381461
27.211547,2028,3127,13:09:31.381461
27.213403,2084,2752,13:09:31.381461
27.215259,2296,2918,13:09:31.381461
27.217116,2138,2955,13:09:31.381461
27.218982,2246,3139,13:09:31.381461
27.220839,1793,3115,13:09:31.381461
27.222695,1395,3161,13:09:31.381461
27.224553,1775,3155,13:09:31.381461
27.22641,2154,2917,13:09:31.381461
27.228268,1460,3036,13:09:31.381461
27.230131,1152,2783,13:09:31.381461
27.231987,2179,3342,13:09:31.381461
27.233845,1290,3050,13:09:31.381461
27.235702,1880,3211,13:09:31.381461
27.237594,2248,2980,13:09:31.381461
27.239466,1839,2921,13:09:31.381461
27.241327,2105,3078,13:09:31.381461
27.243185,2292,3005,13:09:31.381461
27.245041,2325,3216,13:09:31.381461
27.2469,2252,2934,13:09:31.381461
27.248756,2235,2973,13:09:31.381461
27.250619,2216,2921,13:09:31.381461
27.252475,2098,3149,13:09:31.381461
27.254331,2252,3123,13:09:31.381461
27.256204,2357,3013,13:09:31.430968
27.258064,2293,3030,13:09:31.430968
27.259936,2112,3138,13:09:31.430968
27.261843,1746,3179,13:09:31.430968
27.263699,2416,3073,13:09:31.430968
27.265557,1798,3136,13:09:31.430968
27.267414,1801,3029,13:09:31.430968
27.269274,1736,2876,13:09:31.430968
27.271133,1898,2865,13:09:31.430968
27.272999,1681,3011,13:09:31.430968
27.274855,2250,2944,13:09:31.430968
27.276712,1342,3206,13:09:31.430968
27.27857,1184,3111,13:09:31.430968
27.280427,1610,3126,13:09:31.430968
27.282283,1590,3194,13:09:31.430968
27.284159,1880,3329,13:09:31.430968
27.286024,2091,3209,13:09:31.430968
27.287884,2383,3107,13:09:31.430968
27.28974,2131,3033,13:09:31.430968
27.291597,2212,2890,13:09:31.430968
27.293455,2318,3156,13:09:31.430968
27.295312,2236,3288,13:09:31.430968
27.297168,2117,2957,13:09:31.430968
27.299024,2088,3073,13:09:31.430968
27.300885,2046,2944,13:09:31.430968
27.302741,2201,3228,13:09:31.430968
27.304597,1945,2998,13:09:31.430968
27.306468,2200,2975,13:09:31.483421
27.308328,2250,3045,13:09:31.483421
27.310218,2178,2983,13:09:31.483421
27.312089,2124,3102,13:09:31.483421
27.313945,2240,2947,13:09:31.483421
27.315806,2023,2897,13:09:31.483421
27.317662,1843,3174,13:09:31.483421
27.31952,2425,3003,13:09:31.483421
27.321379,1614,3192,13:09:31.483421
27.323235,2210,3185,13:09:31.483421
27.325093,1560,3362,13:09:31.483421
27.326954,1550,3317,13:09:31.483421
27.328812,2231,3218,13:09:31.483421
27.330669,2291,2946,13:09:31.483421
27.332542,1760,2855,13:09:31.483421
27.334423,-267,3268,13:09:31.483421
27.33629,2379,3120,13:09:31.483421
27.338148,1990,3092,13:09:31.483421
27.340004,2515,3018,13:09:31.483421
27.341863,2363,2978,13:09:31.483421
27.343719,2075,3094,13:09:31.483421
27.345575,2197,2998,13:09:31.483421
27.347434,2249,3133,13:09:31.483421
27.34929,2389,3261,13:09:31.483421
27.351149,2117,2972,13:09:31.483421
27.353005,2218,2803,13:09:31.483421
27.354863,2317,3105,13:09:31.533702
27.356728,2280,2957,13:09:31.533702
27.358589,2177,3059,13:09:31.533702
27.360488,2224,3390,13:09:31.533702
27.362347,2200,3178,13:09:31.533702
27.364203,1898,3177,13:09:31.533702
27.366062,2108,3017,13:09:31.533702
27.367918,2145,3172,13:09:31.533702
27.369776,2305,3046,13:09:31.533702
27.371633,2387,3018,13:09:31.533702
27.373495,1518,3068,13:09:31.533702
27.375351,1427,3254,13:09:31.533702
27.377208,2310,3025,13:09:31.533702
27.379066,1548,3206,13:09:31.533702
27.380923,1626,3111,13:09:31.533702
27.382779,1995,3064,13:09:31.533702
27.384635,2188,3015,13:09:31.533702
27.386492,1514,3179,13:09:31.533702
27.388386,2008,2917,13:09:31.533702
27.390242,1930,3292,13:09:31.533702
27.392101,2024,3101,13:09:31.533702
27.393957,2174,3247,13:09:31.533702
27.395816,2263,2749,13:09:31.533702
27.397672,2261,3177,13:09:31.533702
27.399529,2296,3050,13:09:31.533702
27.401389,2265,3172,13:09:31.533702
27.403245,2450,3202,13:09:31.533702
27.405103,2459,2852,13:09:31.586649
27.40698,2366,3168,13:09:31.586649
27.40884,2195,3261,13:09:31.586649
27.410764,1957,3259,13:09:31.586649
27.412621,2267,3174,13:09:31.586649
27.414477,2215,3101,13:09:31.586649
27.416335,1951,2989,13:09:31.586649
27.418196,2077,3272,13:09:31.586649
27.420054,2299,3217,13:09:31.586649
27.421911,1392,3176,13:09:31.586649
27.423771,1584,2969,13:09:31.586649
27.425627,2363,3074,13:09:31.586649
27.427486,632,2944,13:09:31.586649
27.429344,2412,3076,13:09:31.586649
27.4312,2195,3345,13:09:31.586649
27.433059,2235,3342,13:09:31.586649
27.434919,1515,3214,13:09:31.586649
27.436804,-626,3214,13:09:31.586649
27.438666,2427,3212,13:09:31.586649
27.440526,1968,3078,13:09:31.586649
27.442387,2388,2980,13:09:31.586649
27.444243,2218,3107,13:09:31.586649
27.446099,2085,3215,13:09:31.586649
27.447956,2444,3272,13:09:31.586649
27.449822,2389,3136,13:09:31.586649
27.451679,2262,3142,13:09:31.586649
27.453535,2346,3170,13:09:31.586649
27.455393,2229,3300,13:09:31.635720
27.45726,2229,3292,13:09:31.635720
27.45912,2163,2972,13:09:31.635720
27.46102,1974,2994,13:09:31.635720
27.462879,2217,3197,13:09:31.635720
27.464737,2072,3142,13:09:31.636728
27.466593,2115,3335,13:09:31.636728
27.468452,2343,3302,13:09:31.636728
27.47031,2329,3261,13:09:31.636728
27.472167,1308,3097,13:09:31.636728
27.474025,1389,3239,13:09:31.636728
27.475881,1633,2970,13:09:31.636728
27.477738,1640,3013,13:09:31.636728
27.479596,2426,3180,13:09:31.636728
27.481457,1608,3153,13:09:31.636728
27.483315,1978,3238,13:09:31.636728
27.485171,1506,3155,13:09:31.636728
27.48703,1545,3226,13:09:31.636728
27.488908,1532,3180,13:09:31.636728
27.490781,2206,2903,13:09:31.636728
27.492639,2243,3303,13:09:31.636728
27.494495,2202,3227,13:09:31.636728
27.496354,2083,3036,13:09:31.636728
27.49821,2422,2931,13:09:31.636728
27.500066,2158,3146,13:09:31.636728
27.501925,2044,3034,13:09:31.636728
27.503781,2287,3007,13:09:31.636728
27.505645,2195,3241,13:09:31.690333
27.507514,2282,3296,13:09:31.690333
27.509376,2211,3002,13:09:31.690333
27.511272,1847,3180,13:09:31.690333
27.513133,2304,3106,13:09:31.690333
27.514991,1974,3289,13:09:31.690333
27.516848,2152,2934,13:09:31.690333
27.518706,1967,3409,13:09:31.690333
27.520564,1924,3105,13:09:31.690333
27.522425,1626,3390,13:09:31.690333
27.524283,2115,3350,13:09:31.690333
27.526139,2135,3385,13:09:31.690333
27.528,1510,2983,13:09:31.690333
27.529856,1400,3323,13:09:31.690333
27.531713,2348,3235,13:09:31.690333
27.533571,2166,3328,13:09:31.690333
27.535427,2199,3236,13:09:31.690333
27.537294,2255,3227,13:09:31.690333
27.539151,-291,3366,13:09:31.690333
27.541012,2184,3365,13:09:31.690333
27.542873,2195,3308,13:09:31.690333
27.544731,2262,3311,13:09:31.690333
27.54661,2145,3196,13:09:31.690333
27.548466,2274,3115,13:09:31.690333
27.550326,2074,3281,13:09:31.690333
27.552185,2160,3406,13:09:31.690333
27.554051,2160,3172,13:09:31.690333
27.555923,2161,3076,13:09:31.738414
27.557788,2535,3154,13:09:31.739395
27.559652,2348,3205,13:09:31.739395
27.561542,2240,3332,13:09:31.739395
27.563399,2321,3199,13:09:31.739395
27.565257,1909,3133,13:09:31.739395
27.567114,1488,3078,13:09:31.739395
27.568974,2184,3344,13:09:31.739395
27.570834,1356,3054,13:09:31.739395
27.572699,2361,3080,13:09:31.739395
27.574555,2221,3424,13:09:31.739395
27.576411,2392,3033,13:09:31.739395
27.57827,2018,3479,13:09:31.739395
27.580126,1827,3227,13:09:31.739395
27.581983,1967,3253,13:09:31.739395
27.583843,1159,3208,13:09:31.739395
27.585705,2211,3209,13:09:31.739395
27.587564,2173,3174,13:09:31.739395
27.58942,2199,3284,13:09:31.739395
27.591278,2222,3328,13:09:31.739395
27.593135,1455,3228,13:09:31.739395
27.594992,2228,3260,13:09:31.739395
27.59685,2090,3387,13:09:31.739395
27.598706,2089,3283,13:09:31.739395
27.600564,2311,3206,13:09:31.739395
27.602421,2248,3012,13:09:31.739395
27.604277,2061,3116,13:09:31.739395
27.606144,2423,3407,13:09:31.757283
27.608006,2592,3263,13:09:31.757283
27.609872,2212,3361,13:09:31.757283
27.611761,1982,3257,13:09:31.757283
27.613617,2460,3323,13:09:31.757283
27.615475,2072,3109,13:09:31.757283
27.617332,2091,3131,13:09:31.757283
27.619188,2351,3412,13:09:31.757283
27.621045,2210,3167,13:09:31.757283
27.622907,2418,3291,13:09:31.757283
27.624763,2260,3200,13:09:31.757283
27.62662,1723,3532,13:09:31.757283
27.628478,1417,3161,13:09:31.757283
27.630335,2376,3145,13:09:31.757283
27.632193,2192,3260,13:09:31.757283
27.634049,1312,3099,13:09:31.757283
27.635912,1521,3187,13:09:31.757283
27.63777,2368,3093,13:09:31.757283
27.639632,1765,3498,13:09:31.757283
27.641507,2302,3683,13:09:31.757283
27.643375,1077,3536,13:09:31.757283
27.645231,2462,3241,13:09:31.757283
27.647092,2151,3323,13:09:31.757283
27.648954,2114,3459,13:09:31.757283
27.650815,2132,3273,13:09:31.757283
27.652671,2098,3247,13:09:31.757283
27.654529,2560,3460,13:09:31.757283
27.656396,2440,3303,13:09:31.807081
27.658256,1994,3231,13:09:31.807081
27.66013,2267,3296,13:09:31.807081
27.662013,2555,3156,13:09:31.807081
27.663871,2311,3521,13:09:31.807081
27.665728,2198,2961,13:09:31.807081
27.667584,2307,3404,13:09:31.807081
27.669442,2160,3259,13:09:31.807081
27.671299,2420,3411,13:09:31.807081
27.673155,2454,3275,13:09:31.807081
27.675011,2406,3362,13:09:31.807081
27.67687,2290,3217,13:09:31.807081
27.678728,2308,3145,13:09:31.807081
27.680591,2374,3419,13:09:31.807081
27.682449,2340,3051,13:09:31.807081
27.684307,2370,3188,13:09:31.807081
27.686166,2561,3373,13:09:31.807081
27.688022,2240,3148,13:09:31.807081
27.689879,2350,3277,13:09:31.807081
27.691737,2291,3119,13:09:31.807081
27.693603,2529,3230,13:09:31.807081
27.695462,2178,3559,13:09:31.807081
27.697318,2646,3487,13:09:31.807081
27.699178,2252,3102,13:09:31.807081
27.701035,2417,3113,13:09:31.807081
27.702892,2374,3263,13:09:31.807081
27.704754,2246,3309,13:09:31.856866
27.706626,2096,3484,13:09:31.856866
27.708492,2673,3405,13:09:31.856866
27.710407,2430,3570,13:09:31.856866
27.712271,2268,3248,13:09:31.856866
27.714131,2474,3089,13:09:31.856866
27.715988,2287,3297,13:09:31.856866
27.717846,2374,3340,13:09:31.856866
27.719704,2450,3227,13:09:31.856866
27.721561,2448,3118,13:09:31.856866
27.723417,2352,3307,13:09:31.856866
27.725274,2277,3250,13:09:31.856866
27.727134,2513,3484,13:09:31.856866
27.72899,2480,3255,13:09:31.856866
27.730847,2410,3329,13:09:31.856866
27.732705,2426,3319,13:09:31.856866
27.734561,2466,3441,13:09:31.856866
27.73642,2333,3469,13:09:31.856866
27.738276,2296,3486,13:09:31.856866
27.740137,2293,3536,13:09:31.856866
27.742003,2631,3489,13:09:31.856866
27.743861,2360,3233,13:09:31.856866
27.745718,2546,3379,13:09:31.856866
27.747574,2407,3516,13:09:31.856866
27.749433,2563,3167,13:09:31.856866
27.751289,2417,3688,13:09:31.856866
27.753145,2249,3287,13:09:31.856866
27.755002,2571,3458,13:09:31.906947
27.756866,2259,3527,13:09:31.906947
27.758726,2377,3534,13:09:31.906947
27.76065,2243,3591,13:09:31.906947
27.762511,2381,3202,13:09:31.906947
27.764383,2412,3527,13:09:31.906947
27.76624,2221,3394,13:09:31.906947
27.7681,2224,3562,13:09:31.906947
27.769956,2455,3379,13:09:31.906947
27.771813,2154,3333,13:09:31.906947
27.773671,2466,3294,13:09:31.906947
27.775528,2350,3515,13:09:31.906947
27.777384,2421,3413,13:09:31.906947
27.77924,2398,3413,13:09:31.906947
27.781097,2230,3422,13:09:31.906947
27.782953,2466,3601,13:09:31.906947
27.78481,2503,3274,13:09:31.906947
27.78667,2428,3355,13:09:31.907932
27.788526,2512,3269,13:09:31.907932
27.790385,2698,3334,13:09:31.907932
27.792241,2485,3430,13:09:31.907932
27.794097,2511,3376,13:09:31.907932
27.795956,2453,3292,13:09:31.907932
27.797816,2444,3416,13:09:31.907932
27.799675,2435,3695,13:09:31.907932
27.801531,2345,3323,13:09:31.907932
27.803391,2543,3398,13:09:31.907932
27.805248,2284,3410,13:09:31.957146
27.807114,2319,3318,13:09:31.957146
27.808977,2469,3403,13:09:31.957146
27.810877,2004,3524,13:09:31.957146
27.812733,2297,3445,13:09:31.957146
27.814591,2393,3319,13:09:31.957146
27.816455,2297,3236,13:09:31.957146
27.818312,2502,3314,13:09:31.957146
27.820169,2517,3620,13:09:31.957146
27.822027,2409,3605,13:09:31.957146
27.823883,2297,3458,13:09:31.958147
27.82574,2359,3513,13:09:31.958147
27.827596,2277,3190,13:09:31.958147
27.829452,2455,3173,13:09:31.958147
27.831309,2415,3483,13:09:31.958147
27.833165,2451,3617,13:09:31.958147
27.835026,2267,3480,13:09:31.958147
27.836882,2306,3475,13:09:31.958147
27.838738,2448,3337,13:09:31.958147
27.840597,2256,3370,13:09:31.958147
27.842453,2526,3156,13:09:31.958147
27.844312,2525,3166,13:09:31.958147
27.846168,2101,3600,13:09:31.958147
27.848028,2451,3613,13:09:31.958147
27.849887,1927,3253,13:09:31.958147
27.851753,2336,3133,13:09:31.958147
27.853609,2536,3310,13:09:31.958147
27.855468,2414,3343,13:09:32.006891
27.857336,2289,3550,13:09:32.006891
27.859205,2344,3476,13:09:32.006891
27.861113,2441,3479,13:09:32.006891
27.862975,2273,3489,13:09:32.006891
27.864833,2251,3361,13:09:32.006891
27.86669,2408,3492,13:09:32.006891
27.868548,2289,3580,13:09:32.006891
27.87041,2513,3502,13:09:32.006891
27.872269,2256,3673,13:09:32.006891
27.874125,2312,3552,13:09:32.006891
27.875992,2284,3254,13:09:32.006891
27.877848,2212,3472,13:09:32.006891
27.879705,2348,3371,13:09:32.006891
27.881563,2615,3422,13:09:32.006891
27.883419,2450,3490,13:09:32.006891
27.885276,2124,3577,13:09:32.006891
27.887132,2212,3624,13:09:32.006891
27.888988,2479,3280,13:09:32.006891
27.890845,2411,3542,13:09:32.006891
27.892702,2295,3498,13:09:32.006891
27.894564,2361,3540,13:09:32.006891
27.89642,2347,3401,13:09:32.006891
27.898278,2288,3378,13:09:32.006891
27.900135,2301,3606,13:09:32.006891
27.901991,2192,3622,13:09:32.006891
27.903851,2146,3525,13:09:32.006891
27.905744,2105,3526,13:09:32.057234
27.907608,2557,3522,13:09:32.057234
27.909471,2396,3350,13:09:32.057234
27.911371,2124,3387,13:09:32.057234
27.913227,2254,3479,13:09:32.057234
27.915084,2055,3606,13:09:32.057234
27.916944,1965,3549,13:09:32.057234
27.918804,2228,3469,13:09:32.057234
27.920661,2313,3675,13:09:32.057234
27.922519,2290,3519,13:09:32.058236
27.924377,2598,3540,13:09:32.058236
27.926236,2374,3535,13:09:32.058236
27.928092,2187,3213,13:09:32.058236
27.929949,2347,3599,13:09:32.058236
27.931807,2528,3298,13:09:32.058236
27.933671,2406,3664,13:09:32.058236
27.935528,2344,3541,13:09:32.058236
27.937384,2257,3455,13:09:32.058236
27.939243,2378,3534,13:09:32.058236
27.941099,2307,3546,13:09:32.058236
27.942955,2303,3394,13:09:32.058236
27.944812,2265,3342,13:09:32.058236
27.94667,2360,3402,13:09:32.058236
27.948529,2350,3347,13:09:32.058236
27.950385,2355,3286,13:09:32.058236
27.952249,2419,3519,13:09:32.058236
27.954106,2258,3557,13:09:32.058236
27.955981,1873,3509,13:09:32.106380
27.95784,2344,3593,13:09:32.106380
27.959704,2380,3434,13:09:32.106380
27.961638,2115,3668,13:09:32.106380
27.963557,2058,3652,13:09:32.106380
27.965413,2266,3325,13:09:32.106380
27.96727,2243,3328,13:09:32.106380
27.969128,2504,3577,13:09:32.106380
27.970985,2476,3652,13:09:32.106380
27.972843,2289,3411,13:09:32.106380
27.974699,2314,3701,13:09:32.106380
27.976558,2454,3401,13:09:32.106380
27.978414,2395,3483,13:09:32.106380
27.980271,2078,3413,13:09:32.106380
27.982129,2336,3625,13:09:32.106380
27.983993,2128,3347,13:09:32.106380
27.985854,2351,3441,13:09:32.106380
27.98771,2314,3627,13:09:32.106380
27.989566,2211,3420,13:09:32.106380
27.991425,2178,3669,13:09:32.106380
27.993287,2480,3648,13:09:32.106380
27.995145,2461,3640,13:09:32.106380
27.997002,2609,3645,13:09:32.106380
27.998868,2413,3484,13:09:32.106380
28.000725,2493,3660,13:09:32.106380
28.002581,2423,3528,13:09:32.106380
28.004439,2261,3739,13:09:32.106380
28.00631,2317,3516,13:09:32.157172
28.008172,2339,3508,13:09:32.157172
28.01006,2424,3599,13:09:32.157172
28.011939,2253,3507,13:09:32.157172
28.013797,2598,3606,13:09:32.157172
28.015653,2373,3719,13:09:32.157172
28.017516,2072,3353,13:09:32.157172
28.019374,2373,3497,13:09:32.157172
28.021231,2507,3532,13:09:32.157172
28.023089,2517,3635,13:09:32.157172
28.024945,2244,3512,13:09:32.159263
28.026806,2495,3520,13:09:32.159263
28.028662,2192,3711,13:09:32.159263
28.030519,2458,3700,13:09:32.159263
28.032379,2380,3512,13:09:32.159263
28.034237,2250,3468,13:09:32.159263
28.036094,2427,3540,13:09:32.159263
28.03795,2297,3323,13:09:32.159263
28.039809,2560,3443,13:09:32.159263
28.041665,2509,3382,13:09:32.159263
28.043521,2460,3842,13:09:32.159263
28.04538,2539,3572,13:09:32.159263
28.047236,2333,3356,13:09:32.159263
28.049094,2479,3347,13:09:32.159263
28.050951,2560,3479,13:09:32.159263
28.052815,2213,3462,13:09:32.159263
28.054672,2357,3569,13:09:32.208144
28.056547,2105,3479,13:09:32.208144
28.058406,2433,3717,13:09:32.208144
28.06031,2251,3646,13:09:32.208144
28.062227,2406,3544,13:09:32.208144
28.064083,2672,3766,13:09:32.208144
28.065939,2284,3792,13:09:32.208144
28.0678,1979,3645,13:09:32.208144
28.069656,2442,3812,13:09:32.209136
28.071513,2251,3820,13:09:32.209136
28.073373,2303,3458,13:09:32.209136
28.075229,2389,3441,13:09:32.209136
28.077088,2332,3784,13:09:32.209136
28.078944,2379,3522,13:09:32.209136
28.080803,2582,3544,13:09:32.209136
28.082661,2553,3433,13:09:32.209136
28.08452,2503,3667,13:09:32.209136
28.086378,2445,3601,13:09:32.209136
28.088234,2486,3386,13:09:32.209136
28.090093,2246,3669,13:09:32.209136
28.091949,2452,3479,13:09:32.209136
28.093805,2507,3673,13:09:32.209136
28.095664,2505,3648,13:09:32.209136
28.09752,2561,3428,13:09:32.209136
28.099379,2273,3589,13:09:32.209136
28.101235,2405,3472,13:09:32.209136
28.103097,2650,3690,13:09:32.209136
28.104954,2191,3530,13:09:32.256958
28.106822,2524,3616,13:09:32.256958
28.108692,2376,3797,13:09:32.256958
28.11061,2211,3585,13:09:32.256958
28.112492,2332,3753,13:09:32.256958
28.114349,2279,3734,13:09:32.256958
28.116206,2445,3564,13:09:32.256958
28.118064,2484,3525,13:09:32.256958
28.11992,2250,3863,13:09:32.256958
28.121777,2553,3493,13:09:32.256958
28.123633,2162,3803,13:09:32.256958
28.12549,2349,3792,13:09:32.256958
28.127346,2534,3628,13:09:32.256958
28.129202,2342,3694,13:09:32.256958
28.131063,2352,3814,13:09:32.256958
28.132919,2281,3557,13:09:32.256958
28.134776,2403,3685,13:09:32.256958
28.136634,2313,3670,13:09:32.256958
28.13849,2475,3596,13:09:32.256958
28.140349,2211,3705,13:09:32.256958
28.142205,2222,3630,13:09:32.256958
28.144065,2217,3557,13:09:32.256958
28.145924,2189,3692,13:09:32.256958
28.14779,2585,3630,13:09:32.256958
28.149647,2136,3816,13:09:32.256958
28.151507,2269,3625,13:09:32.256958
28.153365,2355,3752,13:09:32.256958
28.155244,2300,3696,13:09:32.306936
28.157113,2243,3435,13:09:32.306936
28.158972,2661,3512,13:09:32.306936
28.160879,2314,3593,13:09:32.306936
28.162735,2449,3865,13:09:32.306936
28.164593,2387,3646,13:09:32.306936
28.166449,2226,3708,13:09:32.306936
28.168308,2394,3568,13:09:32.306936
28.170165,2645,3630,13:09:32.306936
28.172029,2466,3599,13:09:32.306936
28.173885,2162,3598,13:09:32.306936
28.175742,2394,3629,13:09:32.306936
28.1776,2350,3693,13:09:32.306936
28.179456,2132,3793,13:09:32.306936
28.181313,2178,3631,13:09:32.306936
28.183169,2354,3712,13:09:32.306936
28.185026,2177,3687,13:09:32.306936
28.186882,2287,3643,13:09:32.306936
28.188739,2443,3810,13:09:32.306936
28.190599,2279,3618,13:09:32.306936
28.192455,2356,3776,13:09:32.306936
28.194314,2433,3824,13:09:32.306936
28.19617,2235,3590,13:09:32.306936
28.198026,2505,3567,13:09:32.306936
28.199885,2323,3755,13:09:32.306936
28.201745,2243,3864,13:09:32.306936
28.203604,2469,3667,13:09:32.308940
28.205462,2511,3631,13:09:32.358609
28.207326,2362,3854,13:09:32.358609
28.209187,2201,3618,13:09:32.358609
28.211087,2290,3910,13:09:32.358609
28.212959,2263,3783,13:09:32.358609
28.214816,2223,3404,13:09:32.358609
28.216672,2323,3746,13:09:32.358609
28.218531,2282,3909,13:09:32.358609
28.220393,2184,3726,13:09:32.358609
28.222251,2324,3663,13:09:32.358609
28.224108,2218,3554,13:09:32.358609
28.225974,2181,3842,13:09:32.358609
28.227833,2375,3516,13:09:32.358609
28.229689,2227,3671,13:09:32.358609
28.231547,2279,3586,13:09:32.358609
28.233404,2265,3754,13:09:32.358609
28.235262,2308,3960,13:09:32.358609
28.237119,2414,3769,13:09:32.358609
28.238975,2209,3915,13:09:32.358609
28.240835,2336,3542,13:09:32.358609
28.242695,2271,3834,13:09:32.358609
28.244552,2307,3483,13:09:32.358609
28.246408,2248,3555,13:09:32.358609
28.248267,2177,3608,13:09:32.358609
28.250123,2139,3848,13:09:32.358609
28.25198,2106,3578,13:09:32.358609
28.253842,2286,3791,13:09:32.358609
28.255708,2186,3679,13:09:32.408123
28.257569,2152,3631,13:09:32.408123
28.259433,2458,3775,13:09:32.408123
28.261352,2288,3805,13:09:32.408123
28.263214,2197,3555,13:09:32.408123
28.26507,2214,3544,13:09:32.408123
28.266934,2366,3431,13:09:32.408123
28.268793,2290,3657,13:09:32.408123
28.270649,2215,3434,13:09:32.408123
28.272508,2603,3807,13:09:32.408123
28.274364,2292,3809,13:09:32.408123
28.276222,2290,3614,13:09:32.408123
28.278079,2469,3675,13:09:32.408123
28.279935,2253,3463,13:09:32.408123
28.281793,2335,3740,13:09:32.408123
28.283654,2205,3676,13:09:32.408123
28.28551,2339,3593,13:09:32.408123
28.287367,2312,3736,13:09:32.408123
28.289225,2353,3812,13:09:32.408123
28.291081,2303,3628,13:09:32.408123
28.292938,2322,3668,13:09:32.408123
28.294796,2235,3670,13:09:32.408123
28.296653,2379,3625,13:09:32.408123
28.298511,2261,3638,13:09:32.408123
28.300367,2386,3585,13:09:32.408123
28.302232,2145,3621,13:09:32.408123
28.304088,2405,3737,13:09:32.408123
28.30596,2066,3585,13:09:32.460960
28.307825,2388,3873,13:09:32.460960
28.309689,2320,3871,13:09:32.460960
28.311613,1953,3608,13:09:32.460960
28.313474,1868,3738,13:09:32.460960
28.31533,1986,3631,13:09:32.460960
28.317189,2224,3451,13:09:32.460960
28.319045,2225,3700,13:09:32.460960
28.320901,2154,3629,13:09:32.460960
28.32276,2286,3576,13:09:32.460960
28.324622,2320,3570,13:09:32.460960
28.32648,2262,3532,13:09:32.460960
28.328337,2487,3763,13:09:32.460960
28.330203,2272,3450,13:09:32.460960
28.33206,2165,3714,13:09:32.460960
28.333916,2066,3685,13:09:32.460960
28.335774,2011,3543,13:09:32.460960
28.337631,2116,3588,13:09:32.460960
28.339489,2090,3707,13:09:32.460960
28.341346,2502,3595,13:09:32.460960
28.343202,2318,3762,13:09:32.460960
28.34506,2435,3677,13:09:32.460960
28.346924,2215,3700,13:09:32.460960
28.348781,2144,3464,13:09:32.460960
28.350637,2296,3416,13:09:32.460960
28.352496,2294,3683,13:09:32.460960
28.354352,2460,3883,13:09:32.460960
28.356227,2254,3720,13:09:32.507353
28.358097,2002,3441,13:09:32.507353
28.359961,2326,3642,13:09:32.507353
28.361883,2212,3354,13:09:32.507353
28.363762,2334,3745,13:09:32.507353
28.365628,2255,3882,13:09:32.507353
28.367492,2275,3636,13:09:32.507353
28.369349,2432,3785,13:09:32.507353
28.371205,2244,3595,13:09:32.507353
28.373064,2182,3764,13:09:32.507353
28.37492,2346,3563,13:09:32.507353
28.376778,2408,3684,13:09:32.507353
28.378635,2350,3715,13:09:32.507353
28.380495,2314,3613,13:09:32.507353
28.382354,1979,3590,13:09:32.507353
28.38422,2061,3507,13:09:32.507353
28.386076,2239,3625,13:09:32.507353
28.387933,2125,3649,13:09:32.507353
28.389791,2323,3609,13:09:32.507353
28.391647,2547,3865,13:09:32.507353
28.393504,2311,3686,13:09:32.507353
28.395362,2259,3667,13:09:32.507353
28.397219,2425,3444,13:09:32.507353
28.399077,2162,3527,13:09:32.507353
28.400933,2261,3679,13:09:32.507353
28.402798,2279,3802,13:09:32.507353
28.404654,2301,3852,13:09:32.557124
28.40652,2239,3473,13:09:32.557124
28.408381,2234,3578,13:09:32.557124
28.410291,2052,3535,13:09:32.557124
28.412202,2002,3724,13:09:32.557124
28.414062,2283,3605,13:09:32.557124
28.415918,2343,3813,13:09:32.557124
28.417782,2454,3795,13:09:32.557124
28.419639,2193,3600,13:09:32.557124
28.421495,2275,3756,13:09:32.557124
28.423354,2370,3746,13:09:32.557124
28.42521,2420,3389,13:09:32.557124
28.427068,2430,3928,13:09:32.557124
28.428925,2218,3849,13:09:32.557124
28.430781,2367,3490,13:09:32.557124
28.432638,2219,3801,13:09:32.557124
28.434503,2393,3810,13:09:32.557124
28.43636,2194,3735,13:09:32.557124
28.438217,2226,3873,13:09:32.557124
28.440075,2081,3641,13:09:32.557124
28.441931,2468,3921,13:09:32.557124
28.443788,2285,3705,13:09:32.557124
28.445644,2067,3743,13:09:32.557124
28.447501,2407,3774,13:09:32.557124
28.449357,2368,3790,13:09:32.557124
28.451213,2474,3963,13:09:32.557124
28.453074,2316,3620,13:09:32.557124
28.45493,2203,3808,13:09:32.607437
28.456793,2321,3641,13:09:32.607437
28.458661,2305,3689,13:09:32.607437
28.460576,2293,3696,13:09:32.607437
28.462437,2373,3582,13:09:32.607437
28.464296,2416,3611,13:09:32.608437
28.466152,2590,3938,13:09:32.608437
28.468009,2411,3754,13:09:32.608437
28.469867,2508,3910,13:09:32.608437
28.471729,2396,3898,13:09:32.608437
28.473586,2499,3861,13:09:32.608437
28.475442,2359,3641,13:09:32.608437
28.477299,2205,3583,13:09:32.608437
28.479155,2366,3650,13:09:32.608437
28.481013,2681,3695,13:09:32.608437
28.482874,2533,3652,13:09:32.608437
28.48473,2227,3493,13:09:32.608437
28.486588,2253,3672,13:09:32.608437
28.488449,2370,3842,13:09:32.608437
28.490305,2237,3748,13:09:32.608437
28.492162,2375,3755,13:09:32.608437
28.49402,2298,3575,13:09:32.608437
28.495876,2244,3807,13:09:32.608437
28.497733,2277,3654,13:09:32.608437
28.499591,2312,3634,13:09:32.608437
28.501447,2349,3795,13:09:32.608437
28.503306,2498,3834,13:09:32.608437
28.505162,2373,3897,13:09:32.658784
28.507027,2486,3827,13:09:32.658784
28.508887,2586,3793,13:09:32.658784
28.510793,2110,3610,13:09:32.658784
28.512684,1947,3519,13:09:32.658784
28.51454,2318,3689,13:09:32.658784
28.516397,2456,3870,13:09:32.658784
28.518255,2454,3642,13:09:32.658784
28.520111,2256,3689,13:09:32.658784
28.52197,2433,3848,13:09:32.658784
28.523826,2221,3562,13:09:32.658784
28.525684,2194,3917,13:09:32.658784
28.527541,2605,3930,13:09:32.658784
28.529398,2608,3933,13:09:32.658784
28.531259,2384,3686,13:09:32.658784
28.533116,2515,3484,13:09:32.659787
28.534974,2564,3812,13:09:32.659787
28.536833,2707,3676,13:09:32.659787
28.538689,2675,3737,13:09:32.659787
28.540547,2734,3652,13:09:32.659787
28.542404,2765,3708,13:09:32.659787
28.544262,2787,3804,13:09:32.659787
28.546119,2508,3804,13:09:32.659787
28.547979,2822,3790,13:09:32.659787
28.549835,2893,3988,13:09:32.659787
28.551692,2913,4035,13:09:32.659787
28.55355,2805,3951,13:09:32.659787
28.555407,3160,3907,13:09:32.710977
28.557273,3026,3900,13:09:32.710977
28.559133,3159,4073,13:09:32.710977
28.561026,3226,3681,13:09:32.710977
28.562898,2718,4147,13:09:32.710977
28.56477,3475,3818,13:09:32.710977
28.566635,3316,4036,13:09:32.710977
28.568491,3201,4073,13:09:32.710977
28.570347,3460,3887,13:09:32.710977
28.572206,3639,3823,13:09:32.710977
28.574062,3345,4083,13:09:32.710977
28.575921,3772,4108,13:09:32.710977
28.577777,3598,4071,13:09:32.710977
28.579633,3856,4195,13:09:32.710977
28.58149,3723,3892,13:09:32.710977
28.583354,3715,3882,13:09:32.710977
28.585211,3958,4182,13:09:32.710977
28.587067,3716,4125,13:09:32.710977
28.588925,4143,4167,13:09:32.710977
28.590784,4153,3966,13:09:32.710977
28.59264,3837,4069,13:09:32.710977
28.594498,4200,4073,13:09:32.710977
28.596355,3849,4044,13:09:32.710977
28.598211,4125,4145,13:09:32.710977
28.600068,4151,4007,13:09:32.710977
28.601932,4162,4230,13:09:32.710977
28.60379,4595,4189,13:09:32.710977
28.605654,4684,4024,13:09:32.762930
28.607517,4818,4354,13:09:32.762930
28.609384,5053,4284,13:09:32.762930
28.6113,4903,4521,13:09:32.762930
28.613158,5237,4340,13:09:32.762930
28.615052,5018,4199,13:09:32.762930
28.616927,5626,4519,13:09:32.762930
28.618783,6017,4583,13:09:32.762930
28.62064,6073,4513,13:09:32.762930
28.6225,6088,4728,13:09:32.762930
28.624356,6716,4771,13:09:32.762930
28.626214,6581,4681,13:09:32.762930
28.628071,7009,4894,13:09:32.762930
28.629927,7200,4744,13:09:32.762930
28.631786,7220,4825,13:09:32.762930
28.633646,7357,4934,13:09:32.762930
28.635504,7682,4764,13:09:32.762930
28.637361,7752,4962,13:09:32.762930
28.639227,7995,5138,13:09:32.762930
28.641083,8252,5069,13:09:32.762930
28.64294,8383,5046,13:09:32.762930
28.644798,8548,5453,13:09:32.762930
28.646655,8815,5197,13:09:32.762930
28.648513,8934,5170,13:09:32.762930
28.650369,9038,5366,13:09:32.762930
28.652226,8823,5279,13:09:32.763938
28.654084,9341,5397,13:09:32.763938
28.655946,9569,5451,13:09:32.814465
28.657813,9327,5189,13:09:32.814465
28.659675,9784,5418,13:09:32.814465
28.661574,9784,5379,13:09:32.814465
28.66344,9815,5390,13:09:32.814465
28.6653,10178,5436,13:09:32.815456
28.667159,8524,5537,13:09:32.815456
28.669015,10284,5754,13:09:32.815456
28.670873,10370,5454,13:09:32.815456
28.672744,10534,5654,13:09:32.815456
28.674626,10834,5660,13:09:32.815456
28.676484,11083,5771,13:09:32.815456
28.678341,10848,5927,13:09:32.815456
28.680197,10965,5829,13:09:32.815456
28.682054,11275,5878,13:09:32.815456
28.68392,10932,5856,13:09:32.815456
28.685776,11192,5962,13:09:32.815456
28.687633,11377,5848,13:09:32.815456
28.689491,11219,6018,13:09:32.815456
28.691347,11300,5591,13:09:32.815456
28.693204,11192,5746,13:09:32.815456
28.695062,11298,5835,13:09:32.815456
28.696919,11009,5731,13:09:32.815456
28.698777,11130,5708,13:09:32.815456
28.700633,11089,5724,13:09:32.815456
28.702498,10985,5681,13:09:32.815456
28.704354,10818,5935,13:09:32.815456
28.706219,10772,5813,13:09:32.871992
28.708081,10770,5603,13:09:32.871992
28.709955,10740,5713,13:09:32.871992
28.711869,10648,5794,13:09:32.871992
28.713728,10446,5917,13:09:32.872996
28.715584,10186,5724,13:09:32.872996
28.71744,10209,5756,13:09:32.872996
28.719301,8465,5493,13:09:32.872996
28.721157,10393,5514,13:09:32.872996
28.723014,10361,5700,13:09:32.872996
28.724879,10124,5610,13:09:32.872996
28.726736,10008,5497,13:09:32.872996
28.728593,9887,5627,13:09:32.872996
28.730451,9797,5557,13:09:32.872996
28.732307,9914,5366,13:09:32.872996
28.734164,9623,5439,13:09:32.872996
28.73602,9957,5370,13:09:32.872996
28.737877,9834,5418,13:09:32.872996
28.739733,9735,5301,13:09:32.872996
28.741589,9692,5540,13:09:32.872996
28.74345,9743,5348,13:09:32.872996
28.745306,9740,5648,13:09:32.872996
28.747163,9362,5308,13:09:32.872996
28.749021,9816,5565,13:09:32.872996
28.750877,9530,5666,13:09:32.872996
28.752736,9159,5448,13:09:32.872996
28.754592,9145,5366,13:09:32.917165
28.756462,9475,5439,13:09:32.917165
28.758323,9507,5573,13:09:32.917165
28.760228,9393,5722,13:09:32.917165
28.762105,9176,5494,13:09:32.917165
28.763966,9991,5661,13:09:32.917165
28.765838,9055,5462,13:09:32.917165
28.767705,9147,5706,13:09:32.917165
28.769579,9566,5451,13:09:32.917165
28.771438,9743,5372,13:09:32.917165
28.773297,9868,5552,13:09:32.917165
28.775162,9892,5630,13:09:32.917165
28.777026,9428,5550,13:09:32.917165
28.778882,10149,5864,13:09:32.917165
28.780745,10118,5743,13:09:32.917165
28.782601,10227,5688,13:09:32.917165
28.784457,10142,5757,13:09:32.917165
28.786316,10416,5715,13:09:32.917165
28.788172,10431,5701,13:09:32.917165
28.790031,10672,5732,13:09:32.917165
28.791887,10899,5729,13:09:32.917165
28.793749,10748,5816,13:09:32.917165
28.795606,11022,5880,13:09:32.917165
28.797465,11007,5772,13:09:32.917165
28.799326,11014,5852,13:09:32.917165
28.801183,11417,5838,13:09:32.917165
28.803041,11602,6007,13:09:32.917165
28.804898,11580,5930,13:09:32.976423
28.806762,11655,5966,13:09:32.976423
28.808622,11928,5938,13:09:32.976423
28.810543,12085,6317,13:09:32.976423
28.812399,12243,6120,13:09:32.976423
28.814257,12414,6255,13:09:32.976423
28.816121,12229,6336,13:09:32.976423
28.817978,12621,6088,13:09:32.976423
28.819834,11776,6250,13:09:32.976423
28.821739,12582,6372,13:09:32.976423
28.823601,12881,6181,13:09:32.976423
28.825457,13037,5986,13:09:32.976423
28.827314,12980,6313,13:09:32.976423
28.82917,13290,6118,13:09:32.976423
28.831036,13484,6362,13:09:32.976423
28.832893,13648,6458,13:09:32.976423
28.834751,13475,6424,13:09:32.976423
28.83661,13820,6326,13:09:32.976423
28.838466,13686,6257,13:09:32.976423
28.840324,14070,6395,13:09:32.976423
28.842181,14057,6249,13:09:32.976423
28.844037,13947,6505,13:09:32.976423
28.845896,14264,6630,13:09:32.976423
28.847756,14602,6757,13:09:32.976423
28.849612,14755,6642,13:09:32.976423
28.851469,15122,6480,13:09:32.976423
28.853327,15014,6854,13:09:32.976423
28.855183,15310,6793,13:09:33.018706
28.85705,15581,6616,13:09:33.018706
28.858912,15627,7009,13:09:33.018706
28.860826,15596,6739,13:09:33.018706
28.862685,16163,6879,13:09:33.018706
28.864543,16293,6857,13:09:33.018706
28.866404,16185,7192,13:09:33.018706
28.868262,16607,7095,13:09:33.018706
28.870122,16457,7036,13:09:33.018706
28.871987,16874,7076,13:09:33.018706
28.873843,17214,7226,13:09:33.018706
28.875701,17251,7067,13:09:33.018706
28.87756,16442,7319,13:09:33.018706
28.87942,17544,7238,13:09:33.018706
28.881278,17720,7349,13:09:33.018706
28.883135,17864,7272,13:09:33.018706
28.884991,17982,7200,13:09:33.018706
28.886848,18137,7384,13:09:33.018706
28.888705,18404,7375,13:09:33.018706
28.890566,18433,7234,13:09:33.018706
28.892423,18523,7583,13:09:33.018706
28.894283,18551,7413,13:09:33.018706
28.89614,18592,7509,13:09:33.018706
28.897996,18660,7474,13:09:33.018706
28.899856,18976,7770,13:09:33.018706
28.901713,19274,7553,13:09:33.018706
28.903569,19321,7584,13:09:33.018706
28.905425,19362,7929,13:09:33.069628
28.907302,19579,7751,13:09:33.069628
28.909164,19418,7828,13:09:33.069628
28.911064,19350,7957,13:09:33.069628
28.912925,19755,7845,13:09:33.069628
28.914781,19761,7579,13:09:33.069628
28.916637,19455,7675,13:09:33.069628
28.918494,19490,7860,13:09:33.069628
28.920351,19803,7758,13:09:33.069628
28.922209,17524,7752,13:09:33.069628
28.924101,20279,8054,13:09:33.069628
28.925957,20687,8148,13:09:33.069628
28.927816,20712,8121,13:09:33.069628
28.929674,20808,7939,13:09:33.069628
28.93153,20871,7940,13:09:33.069628
28.933387,21094,8216,13:09:33.069628
28.935245,21270,8141,13:09:33.069628
28.937102,21424,8159,13:09:33.069628
28.938958,21538,8162,13:09:33.069628
28.940816,21854,7998,13:09:33.069628
28.942673,21867,8229,13:09:33.069628
28.944531,22069,8182,13:09:33.069628
28.946387,22247,8457,13:09:33.069628
28.948252,22062,8361,13:09:33.069628
28.950108,22298,8445,13:09:33.069628
28.951965,22650,8350,13:09:33.069628
28.953825,22617,8300,13:09:33.069628
28.955689,22918,8559,13:09:33.122965
28.957554,23019,8384,13:09:33.122965
28.959415,23098,8457,13:09:33.122965
28.961322,22963,8497,13:09:33.122965
28.963181,23469,8600,13:09:33.122965
28.965037,23159,8472,13:09:33.122965
28.966903,23112,8474,13:09:33.122965
28.96876,23212,8545,13:09:33.122965
28.970633,23541,8605,13:09:33.122965
28.972491,22831,8688,13:09:33.122965
28.974357,23716,8606,13:09:33.122965
28.976223,24116,8669,13:09:33.122965
28.978082,24072,8701,13:09:33.122965
28.979938,23955,8624,13:09:33.122965
28.981796,24179,8672,13:09:33.122965
28.983653,24207,8592,13:09:33.122965
28.985515,24163,8972,13:09:33.122965
28.987373,24378,9170,13:09:33.122965
28.98923,24766,8920,13:09:33.122965
28.991088,24821,8895,13:09:33.122965
28.992945,24906,9082,13:09:33.122965
28.994809,25103,9136,13:09:33.122965
28.996665,25418,9023,13:09:33.122965
28.998526,25525,8909,13:09:33.122965
29.000382,25537,9225,13:09:33.122965
29.002239,26046,9132,13:09:33.122965
29.004097,25831,9329,13:09:33.122965
29.005975,26570,9229,13:09:33.171790
29.007838,26571,9435,13:09:33.171790
29.0097,26529,9168,13:09:33.171790
29.011606,26689,9566,13:09:33.171790
29.013462,26993,9648,13:09:33.171790
29.015319,27451,9417,13:09:33.171790
29.017183,27006,9679,13:09:33.171790
29.01904,27386,9880,13:09:33.171790
29.020896,27919,9646,13:09:33.171790
29.022754,27996,9564,13:09:33.171790
29.024631,28205,9625,13:09:33.171790
29.026489,26057,9703,13:09:33.171790
29.028353,28821,10147,13:09:33.171790
29.03021,28935,9944,13:09:33.171790
29.032068,29088,9733,13:09:33.171790
29.033924,29433,10066,13:09:33.171790
29.035785,29663,9998,13:09:33.171790
29.037641,29715,10266,13:09:33.171790
29.039504,30409,10295,13:09:33.171790
29.04136,30569,10003,13:09:33.171790
29.043217,30802,10313,13:09:33.171790
29.045079,31141,10218,13:09:33.171790
29.046935,31318,10512,13:09:33.171790
29.048797,31701,10277,13:09:33.171790
29.050654,32152,10595,13:09:33.171790
29.05251,32358,10813,13:09:33.171790
29.054369,32772,11059,13:09:33.171790
29.056235,33146,10833,13:09:33.224573
29.058095,33605,10764,13:09:33.224573
29.059969,33531,10954,13:09:33.224573
29.0619,33896,10937,13:09:33.224573
29.06376,34207,11041,13:09:33.224573
29.065616,34587,11351,13:09:33.224573
29.067475,34913,10950,13:09:33.224573
29.069331,35259,11237,13:09:33.224573
29.071199,35535,11462,13:09:33.224573
29.073064,35076,11405,13:09:33.224573
29.074952,35211,11537,13:09:33.224573
29.076814,36670,11535,13:09:33.224573
29.078673,37036,11590,13:09:33.224573
29.080532,37355,11686,13:09:33.224573
29.082415,37446,12015,13:09:33.224573
29.084272,38342,12050,13:09:33.224573
29.086128,38674,12035,13:09:33.224573
29.087987,38813,12094,13:09:33.224573
29.089847,39235,12118,13:09:33.224573
29.091703,39862,12283,13:09:33.224573
29.09356,40026,12336,13:09:33.224573
29.095418,40250,12510,13:09:33.224573
29.097274,40387,12197,13:09:33.224573
29.099131,40906,12752,13:09:33.224573
29.100989,41432,12815,13:09:33.224573
29.102846,41557,12579,13:09:33.224573
29.104704,41944,12810,13:09:33.275703
29.106564,42268,12967,13:09:33.275703
29.108425,42419,12981,13:09:33.275703
29.11032,42727,12839,13:09:33.275703
29.112188,42801,12845,13:09:33.275703
29.114046,43170,12796,13:09:33.275703
29.115902,43509,12965,13:09:33.275703
29.117758,43464,13111,13:09:33.275703
29.119617,43789,13019,13:09:33.275703
29.121473,43439,13320,13:09:33.275703
29.123334,43973,13269,13:09:33.275703
29.12519,44906,12970,13:09:33.275703
29.127048,45033,13722,13:09:33.275703
29.128907,43762,13527,13:09:33.275703
29.130763,45357,13402,13:09:33.275703
29.132622,45982,13526,13:09:33.275703
29.13448,45879,13623,13:09:33.275703
29.136338,46166,13532,13:09:33.275703
29.138195,46416,13740,13:09:33.275703
29.140059,46781,13817,13:09:33.275703
29.141916,46923,14025,13:09:33.275703
29.143774,47508,14173,13:09:33.275703
29.145632,47800,14256,13:09:33.275703
29.147489,47952,14056,13:09:33.275703
29.149347,48062,14098,13:09:33.275703
29.151203,48320,14097,13:09:33.275703
29.15306,48553,14135,13:09:33.275703
29.154916,48641,14127,13:09:33.329439
29.156788,48804,14017,13:09:33.329439
29.158647,48974,14280,13:09:33.329439
29.160557,49320,14170,13:09:33.329439
29.162418,49206,14383,13:09:33.329439
29.164276,49666,14649,13:09:33.329439
29.166132,49605,14456,13:09:33.329439
29.167991,49797,14615,13:09:33.329439
29.169847,50170,14739,13:09:33.329439
29.171703,50139,14261,13:09:33.329439
29.173564,49897,14708,13:09:33.329439
29.175428,51148,14775,13:09:33.329439
29.177286,50957,14973,13:09:33.329439
29.179145,51613,14924,13:09:33.329439
29.181001,51979,14977,13:09:33.329439
29.182858,52174,15120,13:09:33.329439
29.184762,52539,15285,13:09:33.329439
29.186622,53127,15346,13:09:33.329439
29.188479,53499,15381,13:09:33.329439
29.190343,53673,15549,13:09:33.329439
29.192199,53944,15489,13:09:33.329439
29.194056,54318,15855,13:09:33.329439
29.195914,54689,15690,13:09:33.329439
29.197772,54860,15653,13:09:33.329439
29.199631,55285,15640,13:09:33.329439
29.201487,55322,15719,13:09:33.329439
29.203344,55762,15762,13:09:33.329439
29.205202,55771,15999,13:09:33.377081
29.20707,56130,15784,13:09:33.377081
29.208931,56375,15865,13:09:33.377081
29.210861,56144,15841,13:09:33.377081
29.212724,56714,15981,13:09:33.377081
29.214581,56521,15968,13:09:33.377081
29.216438,56958,16072,13:09:33.377081
29.218296,57064,16188,13:09:33.377081
29.220153,57447,16202,13:09:33.377081
29.222009,57506,16188,13:09:33.377081
29.223869,57651,16548,13:09:33.377081
29.225726,57980,16498,13:09:33.377081
29.227584,58279,16703,13:09:33.377081
29.229464,58765,16416,13:09:33.377081
29.231323,58457,16616,13:09:33.377081
29.233185,59118,16479,13:09:33.377081
29.235044,59145,16616,13:09:33.377081
29.236902,59574,16567,13:09:33.377081
29.238758,59479,16741,13:09:33.377081
29.240619,59827,16789,13:09:33.377081
29.242475,60075,16832,13:09:33.377081
29.244331,60184,16590,13:09:33.377081
29.24619,60419,16992,13:09:33.377081
29.248046,60717,17143,13:09:33.377081
29.249905,60509,17128,13:09:33.377081
29.251763,60934,17084,13:09:33.377081
29.253621,61196,17012,13:09:33.377081
29.255482,61576,17090,13:09:33.428547
29.257354,61961,17134,13:09:33.428547
29.259214,62066,17481,13:09:33.428547
29.261109,62319,17467,13:09:33.429564
29.262969,63036,17608,13:09:33.429564
29.264829,63098,17498,13:09:33.429564
29.266686,63713,17743,13:09:33.429564
29.268542,64216,17852,13:09:33.429564
29.270398,64246,18100,13:09:33.429564
29.272261,64413,18027,13:09:33.429564
29.274117,64473,17868,13:09:33.429564
29.275974,65452,18012,13:09:33.429564
29.277836,65107,18182,13:09:33.429564
29.279714,65758,18446,13:09:33.429564
29.281585,66958,18388,13:09:33.429564
29.283441,67262,18552,13:09:33.429564
29.2853,67662,18581,13:09:33.429564
29.287158,68225,18651,13:09:33.429564
29.289014,68792,18734,13:09:33.429564
29.290874,68753,18716,13:09:33.429564
29.292731,69498,18815,13:09:33.429564
29.294587,69609,18888,13:09:33.429564
29.296449,69881,18865,13:09:33.429564
29.298306,69807,19054,13:09:33.429564
29.300162,70058,19212,13:09:33.429564
29.302019,70407,19484,13:09:33.429564
29.303877,70550,19023,13:09:33.429564
29.305737,70579,19117,13:09:33.478651
29.307598,70801,19146,13:09:33.478651
29.309462,71143,19178,13:09:33.478651
29.311374,70821,19355,13:09:33.478651
29.313231,71102,19173,13:09:33.478651
29.315091,71079,19176,13:09:33.478651
29.316948,71446,19315,13:09:33.478651
29.31881,71315,19188,13:09:33.478651
29.320666,71973,19466,13:09:33.478651
29.322525,72259,19639,13:09:33.478651
29.324381,72338,19547,13:09:33.478651
29.326237,71822,19579,13:09:33.478651
29.328096,72674,19506,13:09:33.478651
29.329952,72252,19527,13:09:33.478651
29.331808,72613,19961,13:09:33.478651
29.333681,73495,19816,13:09:33.478651
29.335551,73812,19835,13:09:33.478651
29.337407,74082,20103,13:09:33.478651
29.339264,74376,20036,13:09:33.478651
29.34112,74689,20032,13:09:33.478651
29.342977,74994,20235,13:09:33.478651
29.344835,75103,20331,13:09:33.478651
29.346691,75365,20166,13:09:33.478651
29.348548,75721,20123,13:09:33.478651
29.350406,75548,20098,13:09:33.478651
29.352262,76037,20399,13:09:33.478651
29.354121,76231,20515,13:09:33.478651
29.355991,76552,20396,13:09:33.533364
29.357852,76498,20577,13:09:33.533364
29.359716,77024,20587,13:09:33.533364
29.361602,76978,20658,13:09:33.533364
29.363462,77213,20571,13:09:33.533364
29.365319,77285,20518,13:09:33.533364
29.367175,77142,20809,13:09:33.533364
29.369032,77642,20718,13:09:33.533364
29.370889,78005,21023,13:09:33.533364
29.37275,78240,20983,13:09:33.533364
29.374607,77783,20960,13:09:33.533364
29.376467,78328,21088,13:09:33.533364
29.378324,79142,20957,13:09:33.533364
29.380182,79247,20982,13:09:33.533364
29.382041,78375,21230,13:09:33.533364
29.383901,79859,21432,13:09:33.533364
29.385759,80788,21505,13:09:33.533364
29.387615,80889,21458,13:09:33.533364
29.389476,81421,21655,13:09:33.533364
29.391332,81745,21688,13:09:33.533364
29.393189,82053,21815,13:09:33.533364
29.395047,82338,21738,13:09:33.533364
29.396903,82599,21838,13:09:33.533364
29.398764,82935,21710,13:09:33.533364
29.40062,83101,21845,13:09:33.533364
29.402476,83190,22076,13:09:33.533364
29.404333,83498,21991,13:09:33.533364
29.406209,83993,22107,13:09:33.580800
29.40807,84142,22356,13:09:33.580800
29.409942,84184,22045,13:09:33.580800
29.411846,84048,22429,13:09:33.580800
29.413706,84973,22355,13:09:33.580800
29.415563,84948,22439,13:09:33.580800
29.417421,85606,22437,13:09:33.580800
29.41928,85244,22544,13:09:33.580800
29.421136,85932,22738,13:09:33.580800
29.422996,85973,22527,13:09:33.580800
29.424855,85586,22773,13:09:33.580800
29.426713,86816,22728,13:09:33.580800
29.42857,86790,22745,13:09:33.580800
29.430436,86921,23028,13:09:33.580800
29.432292,86281,22835,13:09:33.580800
29.434149,83575,22837,13:09:33.580800
29.436017,87624,22969,13:09:33.580800
29.437889,87962,22871,13:09:33.581807
29.439752,88056,22912,13:09:33.581807
29.441608,88363,23074,13:09:33.581807
29.443464,88598,23127,13:09:33.581807
29.445323,88632,23413,13:09:33.581807
29.447179,88895,23153,13:09:33.581807
29.449038,88956,23152,13:09:33.581807
29.450894,89082,23308,13:09:33.581807
29.452756,89267,23263,13:09:33.581807
29.454613,89057,23370,13:09:33.633569
29.456482,89480,23330,13:09:33.633569
29.458342,89604,23550,13:09:33.633569
29.460251,89897,23225,13:09:33.633569
29.462116,89784,23550,13:09:33.633569
29.463976,90043,23649,13:09:33.633569
29.465835,90669,23516,13:09:33.633569
29.467693,90392,23649,13:09:33.633569
29.46955,91136,23537,13:09:33.633569
29.471406,91494,23899,13:09:33.633569
29.473264,91352,24100,13:09:33.633569
29.475129,92370,24098,13:09:33.633569
29.476985,92649,23917,13:09:33.633569
29.478843,92525,24153,13:09:33.633569
29.480702,93442,24475,13:09:33.633569
29.482566,93945,24226,13:09:33.633569
29.484423,93598,24591,13:09:33.633569
29.486283,94632,24417,13:09:33.633569
29.488142,94945,24246,13:09:33.633569
29.490051,95094,24567,13:09:33.633569
29.491912,95489,24721,13:09:33.633569
29.493784,95833,24407,13:09:33.633569
29.495641,95807,24662,13:09:33.633569
29.497497,96108,24638,13:09:33.633569
29.499359,96810,24720,13:09:33.633569
29.501216,96979,24783,13:09:33.633569
29.503072,97268,24966,13:09:33.633569
29.504931,96991,24899,13:09:33.683841
29.506793,97564,25129,13:09:33.683841
29.508653,97493,25198,13:09:33.683841
29.510563,97762,24804,13:09:33.683841
29.512424,97367,25108,13:09:33.683841
29.51428,97792,25106,13:09:33.683841
29.516139,98041,24873,13:09:33.683841
29.517997,97224,24998,13:09:33.683841
29.519855,97057,25155,13:09:33.684840
29.521712,97880,25293,13:09:33.684840
29.52357,97664,24868,13:09:33.684840
29.525426,97075,24918,13:09:33.684840
29.527285,97185,25151,13:09:33.684840
29.529141,97352,24891,13:09:33.684840
29.531002,97414,25159,13:09:33.684840
29.532858,96572,24966,13:09:33.684840
29.534714,97231,25189,13:09:33.684840
29.536573,94724,25000,13:09:33.684840
29.538429,96762,24867,13:09:33.684840
29.540287,96741,25009,13:09:33.684840
29.542144,96687,24953,13:09:33.684840
29.544,96849,24936,13:09:33.684840
29.545857,96720,24823,13:09:33.684840
29.547722,97055,24974,13:09:33.684840
29.549581,97091,25159,13:09:33.684840
29.551438,97214,24740,13:09:33.684840
29.553296,97542,25138,13:09:33.684840
29.555153,97907,25035,13:09:33.735005
29.557023,98161,25163,13:09:33.735005
29.558883,98632,25282,13:09:33.735005
29.560801,98548,25220,13:09:33.735005
29.562658,99372,25582,13:09:33.735005
29.564516,99911,25716,13:09:33.735005
29.566379,99737,25495,13:09:33.735005
29.568237,99360,25816,13:09:33.735005
29.570093,100949,25831,13:09:33.735005
29.571954,101058,25875,13:09:33.735005
29.57381,101862,25941,13:09:33.735005
29.575666,102202,26225,13:09:33.735005
29.577525,102234,26193,13:09:33.735005
29.579381,102169,26271,13:09:33.735005
29.58124,103470,26696,13:09:33.735005
29.583096,103645,26441,13:09:33.735005
29.58496,103905,26625,13:09:33.735005
29.586839,104035,26842,13:09:33.735005
29.588703,103273,26748,13:09:33.736006
29.590561,104636,26535,13:09:33.736006
29.592422,105108,26728,13:09:33.736006
29.59428,104855,26715,13:09:33.736006
29.596138,105020,26649,13:09:33.736006
29.598005,105001,26728,13:09:33.736006
29.599861,105183,26739,13:09:33.736006
29.601718,105130,26789,13:09:33.736006
29.603576,105227,26810,13:09:33.736006
29.605434,104833,26678,13:09:33.787074
29.607297,105047,26616,13:09:33.787074
29.609158,104754,26919,13:09:33.787074
29.611059,104351,26678,13:09:33.787074
29.612924,104278,26624,13:09:33.787074
29.614782,104463,26489,13:09:33.787074
29.61664,104149,26324,13:09:33.787074
29.618501,103958,26612,13:09:33.787074
29.620357,103540,26307,13:09:33.787074
29.622216,103946,26297,13:09:33.787074
29.624072,103626,26479,13:09:33.787074
29.625928,104375,26544,13:09:33.787074
29.627787,104690,26595,13:09:33.787074
29.629649,104514,26627,13:09:33.787074
29.631508,104834,26585,13:09:33.787074
29.633364,104446,26821,13:09:33.787074
29.63523,104501,26774,13:09:33.787074
29.637087,105508,26713,13:09:33.787074
29.638944,103128,27020,13:09:33.787074
29.640831,105821,26882,13:09:33.787074
29.642688,105679,27029,13:09:33.787074
29.644554,105792,26798,13:09:33.787074
29.64641,105784,26650,13:09:33.787074
29.648267,105696,26974,13:09:33.787074
29.650125,105665,27030,13:09:33.787074
29.651982,105923,26908,13:09:33.787074
29.65384,105777,26824,13:09:33.788073
29.655698,105552,26770,13:09:33.841188
29.657563,105621,26746,13:09:33.841188
29.659427,105924,26851,13:09:33.841188
29.661335,105190,26984,13:09:33.841188
29.663204,105306,26874,13:09:33.841188
29.66506,105556,26799,13:09:33.841188
29.666916,105567,26815,13:09:33.841188
29.668775,105772,26890,13:09:33.841188
29.670631,105723,26834,13:09:33.841188
29.672489,105688,26717,13:09:33.841188
29.674346,106694,27252,13:09:33.841188
29.676204,106700,27051,13:09:33.841188
29.678063,106556,27108,13:09:33.841188
29.679923,106377,27410,13:09:33.841188
29.681779,107311,27254,13:09:33.841188
29.683636,107851,27205,13:09:33.841188
29.685494,108107,27462,13:09:33.841188
29.687352,107963,27588,13:09:33.841188
29.689211,107872,27625,13:09:33.841188
29.691079,109041,27474,13:09:33.841188
29.692936,109522,27583,13:09:33.841188
29.694798,110150,27659,13:09:33.841188
29.696654,110591,27790,13:09:33.841188
29.698511,110964,28125,13:09:33.841188
29.700367,111315,28273,13:09:33.842179
29.702224,112015,28291,13:09:33.842179
29.704084,112158,28267,13:09:33.842179
29.70595,112173,28219,13:09:33.889836
29.707809,112546,28464,13:09:33.889836
29.709671,112886,28329,13:09:33.889836
29.711583,112949,28483,13:09:33.889836
29.713444,113230,28420,13:09:33.889836
29.715304,113696,28305,13:09:33.889836
29.71716,113196,28435,13:09:33.889836
29.719017,113051,28757,13:09:33.889836
29.720882,113342,28465,13:09:33.889836
29.722739,112750,28570,13:09:33.889836
29.724596,112397,28599,13:09:33.889836
29.726456,112206,28323,13:09:33.889836
29.728312,112686,28436,13:09:33.889836
29.730169,112668,28313,13:09:33.889836
29.732027,112705,28197,13:09:33.889836
29.733884,112272,28261,13:09:33.889836
29.735742,111544,28213,13:09:33.889836
29.737599,111223,28052,13:09:33.889836
29.739463,111869,28050,13:09:33.889836
29.741343,112483,28567,13:09:33.889836
29.743207,110939,28077,13:09:33.889836
29.745066,112599,28251,13:09:33.889836
29.746922,112774,28265,13:09:33.889836
29.748784,112906,28365,13:09:33.889836
29.750641,112738,28452,13:09:33.889836
29.752497,113137,28492,13:09:33.889836
29.754356,113518,28549,13:09:33.889836
29.756222,113812,28792,13:09:33.908612
29.758082,113874,28712,13:09:33.908612
29.759953,114186,28866,13:09:33.908612
29.761841,114341,28817,13:09:33.908612
29.763697,114516,28693,13:09:33.908612
29.765554,114778,28687,13:09:33.908612
29.767412,114840,28750,13:09:33.908612
29.769268,115236,29187,13:09:33.908612
29.771125,115345,28623,13:09:33.908612
29.772983,115549,28971,13:09:33.908612
29.77484,115932,28937,13:09:33.908612
29.776698,115635,28924,13:09:33.908612
29.778554,115802,28962,13:09:33.908612
29.780419,115722,29081,13:09:33.908612
29.782277,115772,29187,13:09:33.908612
29.784139,115538,29004,13:09:33.908612
29.786,114866,29017,13:09:33.908612
29.787856,114680,28996,13:09:33.908612
29.789719,115526,28733,13:09:33.908612
29.791601,115036,28816,13:09:33.908612
29.793468,112057,28716,13:09:33.908612
29.795336,115295,28723,13:09:33.908612
29.797194,115236,28830,13:09:33.908612
29.799058,115533,28923,13:09:33.908612
29.800915,115401,29045,13:09:33.908612
29.802771,115318,28983,13:09:33.908612
29.804629,115615,29077,13:09:33.957164
29.806496,115540,28877,13:09:33.957164
29.808356,115687,28894,13:09:33.957164
29.810262,115835,29078,13:09:33.957164
29.812133,116018,29061,13:09:33.957164
29.813991,115836,29050,13:09:33.957164
29.815847,115894,29092,13:09:33.957164
29.817708,116320,28985,13:09:33.957164
29.819564,116792,29070,13:09:33.957164
29.821421,116915,29324,13:09:33.957164
29.823279,117361,29241,13:09:33.957164
29.825135,117225,29439,13:09:33.957164
29.826994,117782,29267,13:09:33.957164
29.82885,118132,29268,13:09:33.957164
29.83071,118417,29669,13:09:33.957164
29.832569,118384,29616,13:09:33.959270
29.834435,118983,29816,13:09:33.959270
29.836292,119069,29753,13:09:33.959270
29.838148,119634,29627,13:09:33.959270
29.840006,119244,29619,13:09:33.959270
29.841865,119538,29716,13:09:33.959270
29.843746,119586,29852,13:09:33.959270
29.845607,119558,29549,13:09:33.959270
29.847464,119361,29421,13:09:33.959270
29.849322,119216,29835,13:09:33.959270
29.851179,119389,29746,13:09:33.959270
29.853035,119074,29739,13:09:33.959270
29.854893,118838,29456,13:09:34.007542
29.856758,118791,29417,13:09:34.007542
29.858618,118645,29578,13:09:34.007542
29.860532,118607,29719,13:09:34.007542
29.862394,118500,29672,13:09:34.007542
29.864255,118147,29247,13:09:34.007542
29.866111,118178,29459,13:09:34.007542
29.86797,117907,29273,13:09:34.007542
29.869826,117978,29299,13:09:34.007542
29.871683,117875,29480,13:09:34.007542
29.873541,117910,29470,13:09:34.007542
29.875403,117993,29416,13:09:34.007542
29.877262,118430,29494,13:09:34.007542
29.879118,118449,29618,13:09:34.007542
29.880984,118790,29769,13:09:34.007542
29.882843,119170,29755,13:09:34.007542
29.884699,119224,29606,13:09:34.007542
29.886557,119376,29809,13:09:34.007542
29.888414,119573,29821,13:09:34.007542
29.890272,119763,29969,13:09:34.007542
29.892133,119989,30071,13:09:34.007542
29.893989,120094,30254,13:09:34.007542
29.895845,120714,29889,13:09:34.007542
29.897705,120772,29907,13:09:34.007542
29.899562,121218,30469,13:09:34.007542
29.901419,121310,30253,13:09:34.007542
29.903277,121605,30320,13:09:34.007542
29.905133,122335,30244,13:09:34.057485
29.907002,122441,30194,13:09:34.057485
29.90887,122156,30580,13:09:34.057485
29.910766,122564,30648,13:09:34.057485
29.91264,122890,30577,13:09:34.057485
29.914497,122545,30743,13:09:34.057485
29.916354,123174,30788,13:09:34.057485
29.918212,123090,30656,13:09:34.059491
29.920068,122911,30575,13:09:34.059491
29.921926,122681,30475,13:09:34.059491
29.923783,122264,30479,13:09:34.059491
29.925639,122400,30338,13:09:34.059491
29.927498,121895,30241,13:09:34.059491
29.929354,121747,30147,13:09:34.059491
29.93121,121755,30303,13:09:34.059491
29.933067,121528,30230,13:09:34.059491
29.934931,121701,30355,13:09:34.059491
29.936787,121427,30212,13:09:34.059491
29.938644,121319,30239,13:09:34.059491
29.940502,121599,30495,13:09:34.059491
29.942359,121969,30289,13:09:34.059491
29.944215,121838,30285,13:09:34.059491
29.946071,122216,30329,13:09:34.059491
29.947928,122178,30305,13:09:34.059491
29.949784,122236,30364,13:09:34.059491
29.951641,122806,30465,13:09:34.059491
29.953501,123131,30681,13:09:34.059491
29.955357,123200,30570,13:09:34.106522
29.95724,122937,30427,13:09:34.106522
29.9591,123486,30534,13:09:34.106522
29.961025,123371,30793,13:09:34.106522
29.962884,123396,30580,13:09:34.106522
29.964741,123335,30808,13:09:34.106522
29.966597,123647,30806,13:09:34.106522
29.968454,123436,30573,13:09:34.106522
29.97031,123549,30839,13:09:34.106522
29.972166,123509,30829,13:09:34.106522
29.974023,123464,30708,13:09:34.106522
29.975891,123314,30664,13:09:34.106522
29.977747,123452,30527,13:09:34.106522
29.979604,123506,30638,13:09:34.106522
29.981462,123666,30746,13:09:34.106522
29.983319,123515,30711,13:09:34.106522
29.985177,123514,30570,13:09:34.106522
29.987033,123141,30559,13:09:34.106522
29.98889,123367,30938,13:09:34.106522
29.990746,123598,31012,13:09:34.106522
29.99261,123722,30877,13:09:34.106522
29.994481,123643,31089,13:09:34.106522
29.996337,124014,30984,13:09:34.106522
29.998202,124145,30737,13:09:34.106522
30.000058,124312,31249,13:09:34.106522
30.001916,124821,31117,13:09:34.106522
30.003805,124517,31217,13:09:34.106522
30.005669,125356,31378,13:09:34.158026
30.007533,125352,31457,13:09:34.158026
30.009395,125747,31322,13:09:34.158026
30.011308,125759,31322,13:09:34.158026
30.013166,126147,31142,13:09:34.158026
30.015023,126401,31480,13:09:34.158026
30.016879,126706,31597,13:09:34.158026
30.018737,127108,31524,13:09:34.158026
30.020594,127302,31404,13:09:34.158026
30.022452,127695,31501,13:09:34.158026
30.024309,127752,31813,13:09:34.158026
30.026173,128363,31712,13:09:34.158026
30.028029,128474,31919,13:09:34.158026
30.029886,128297,31882,13:09:34.158026
30.031744,128723,31921,13:09:34.158026
30.033601,128853,32174,13:09:34.158026
30.035457,129152,31915,13:09:34.158026
30.037313,128595,31880,13:09:34.158026
30.03917,128972,32173,13:09:34.158026
30.041026,128963,31857,13:09:34.158026
30.042883,128924,31683,13:09:34.158026
30.044743,128670,31964,13:09:34.158026
30.046599,128453,31925,13:09:34.158026
30.048458,128572,31770,13:09:34.158026
30.050314,128703,31688,13:09:34.158026
30.05217,128483,31770,13:09:34.158026
30.054029,128360,31775,13:09:34.158026
30.055889,128466,31695,13:09:34.207037
30.057752,128200,31942,13:09:34.207037
30.059614,128428,31725,13:09:34.207037
30.061543,128126,31704,13:09:34.208044
30.063414,128161,31755,13:09:34.208044
30.065271,128090,31817,13:09:34.208044
30.067131,128336,31609,13:09:34.208044
30.068987,128336,31632,13:09:34.208044
30.070846,128395,31977,13:09:34.208044
30.072704,128256,31865,13:09:34.209044
30.074561,128292,31879,13:09:34.209044
30.076419,128356,31751,13:09:34.209044
30.078275,128136,31898,13:09:34.209044
30.080132,128041,31658,13:09:34.209044
30.08199,127972,31799,13:09:34.210043
30.083852,127767,31872,13:09:34.210043
30.085709,127876,31949,13:09:34.210043
30.087565,127987,31612,13:09:34.210043
30.089424,128065,31751,13:09:34.210043
30.09128,127917,31684,13:09:34.210043
30.093136,127801,31940,13:09:34.210043
30.094993,127719,31800,13:09:34.210043
30.096855,127880,32033,13:09:34.210043
30.098714,128018,31886,13:09:34.211043
30.10057,127964,31888,13:09:34.211043
30.10243,128206,31807,13:09:34.211043
30.104289,128500,31962,13:09:34.211043
30.106162,128461,31911,13:09:34.257322
30.108021,128694,32016,13:09:34.257322
30.109896,128831,31994,13:09:34.257322
30.111786,129189,32087,13:09:34.257322
30.113644,129516,32124,13:09:34.257322
30.115501,129647,32319,13:09:34.257322
30.117357,130002,32386,13:09:34.257322
30.119214,130511,32194,13:09:34.257322
30.121078,130633,32448,13:09:34.257322
30.122934,130943,32559,13:09:34.257322
30.124793,131371,32521,13:09:34.257322
30.126651,131511,32226,13:09:34.257322
30.128507,131386,32664,13:09:34.258327
30.130366,132193,32540,13:09:34.258327
30.132222,131739,32728,13:09:34.258327
30.134079,132155,32884,13:09:34.258327
30.135937,132541,32709,13:09:34.258327
30.137798,132696,32829,13:09:34.258327
30.139656,132945,32752,13:09:34.258327
30.141512,133047,33045,13:09:34.258327
30.14337,133224,33081,13:09:34.258327
30.145227,133379,33253,13:09:34.259310
30.147083,133759,33023,13:09:34.259310
30.148942,133864,33178,13:09:34.259310
30.150802,133894,33354,13:09:34.259310
30.15266,133936,32969,13:09:34.259310
30.154517,134290,33175,13:09:34.307349
30.156385,134262,33370,13:09:34.308977
30.158245,134610,33165,13:09:34.308977
30.160132,134667,33272,13:09:34.308977
30.162046,135079,33192,13:09:34.308977
30.163902,135002,33493,13:09:34.308977
30.16577,135123,33418,13:09:34.308977
30.167627,135541,33486,13:09:34.308977
30.169483,135414,33708,13:09:34.308977
30.171342,135728,33526,13:09:34.308977
30.173198,135561,33640,13:09:34.308977
30.175054,135704,33556,13:09:34.308977
30.176911,135684,33614,13:09:34.308977
30.178767,136138,33467,13:09:34.308977
30.180624,135946,33597,13:09:34.308977
30.18248,136095,33469,13:09:34.308977
30.18434,136195,33639,13:09:34.308977
30.186197,136261,33939,13:09:34.308977
30.188053,136415,33912,13:09:34.308977
30.189912,136612,33752,13:09:34.308977
30.191768,136493,33880,13:09:34.308977
30.193626,136754,33729,13:09:34.308977
30.195483,136920,33774,13:09:34.308977
30.197343,137301,33750,13:09:34.308977
30.199209,137339,33754,13:09:34.308977
30.201068,137143,33768,13:09:34.308977
30.202924,137453,33919,13:09:34.308977
30.204783,137608,33938,13:09:34.356255
30.206653,137325,33894,13:09:34.356255
30.208525,137269,34083,13:09:34.356255
30.210423,137123,34065,13:09:34.356255
30.212341,137320,33927,13:09:34.356255
30.21425,137030,33939,13:09:34.356255
30.216106,137019,33864,13:09:34.356255
30.217964,136987,33687,13:09:34.356255
30.219823,136569,33989,13:09:34.356255
30.221679,136450,33860,13:09:34.356255
30.223538,136392,33592,13:09:34.356255
30.225394,136329,33637,13:09:34.356255
30.227252,136397,33806,13:09:34.356255
30.229109,135932,33787,13:09:34.356255
30.230967,136209,33622,13:09:34.356255
30.232824,136087,33713,13:09:34.356255
30.23468,136087,33584,13:09:34.356255
30.236538,136203,33861,13:09:34.357257
30.238395,136361,33784,13:09:34.357257
30.240253,136700,33902,13:09:34.357257
30.242109,136593,34096,13:09:34.357257
30.243966,137007,34121,13:09:34.357257
30.245824,137196,34156,13:09:34.357257
30.247688,137440,34033,13:09:34.357257
30.249545,137565,34128,13:09:34.357257
30.251401,137782,33902,13:09:34.357257
30.25326,138248,34519,13:09:34.357257
30.255116,138259,34340,13:09:34.409933
30.256992,138426,34121,13:09:34.409933
30.258855,138292,34262,13:09:34.409933
30.260775,137967,34369,13:09:34.409933
30.262635,138504,34308,13:09:34.409933
30.264494,138641,34544,13:09:34.409933
30.26635,138451,34282,13:09:34.409933
30.268206,138688,34074,13:09:34.410934
30.270063,138613,34441,13:09:34.410934
30.271927,138728,34478,13:09:34.410934
30.273785,138830,34433,13:09:34.410934
30.275642,138996,34363,13:09:34.410934
30.2775,138961,34478,13:09:34.410934
30.279357,139343,34683,13:09:34.410934
30.281215,139406,34383,13:09:34.410934
30.283071,139389,34752,13:09:34.410934
30.284928,139597,34653,13:09:34.410934
30.286786,139709,34307,13:09:34.410934
30.288647,139840,34644,13:09:34.410934
30.290505,140256,34679,13:09:34.410934
30.292361,140295,34770,13:09:34.410934
30.29422,140582,34807,13:09:34.410934
30.296076,140497,34800,13:09:34.410934
30.297932,140549,34905,13:09:34.410934
30.299791,140832,34940,13:09:34.410934
30.301647,140630,34773,13:09:34.410934
30.303505,140753,34742,13:09:34.410934
30.305362,141205,34929,13:09:34.456199
30.307226,141074,34974,13:09:34.456199
30.309089,141326,35020,13:09:34.457204
30.310993,141109,35114,13:09:34.457204
30.312879,141474,35049,13:09:34.457204
30.314735,141517,34981,13:09:34.457204
30.316592,141463,34801,13:09:34.457204
30.31845,141547,35026,13:09:34.457204
30.320306,141427,35153,13:09:34.457204
30.322165,141515,35137,13:09:34.457204
30.324021,141399,35180,13:09:34.457204
30.325882,141212,34835,13:09:34.457204
30.32774,141239,34919,13:09:34.457204
30.329606,141125,35137,13:09:34.457204
30.331463,140769,35036,13:09:34.457204
30.333319,140726,34828,13:09:34.457204
30.335177,140461,34829,13:09:34.457204
30.337034,140173,34786,13:09:34.457204
30.33889,140124,34622,13:09:34.457204
30.340749,140061,34467,13:09:34.457204
30.342605,139459,34516,13:09:34.457204
30.344461,139311,34573,13:09:34.457204
30.346318,138893,34518,13:09:34.457204
30.348184,138892,34268,13:09:34.457204
30.35004,138559,34668,13:09:34.457204
30.351897,138374,34336,13:09:34.457204
30.353755,138315,34411,13:09:34.457204
30.35562,138316,34232,13:09:34.508974
30.357484,138220,34372,13:09:34.508974
30.359343,138560,34337,13:09:34.508974
30.361254,138022,34294,13:09:34.508974
30.363111,138405,34446,13:09:34.508974
30.364967,138689,34448,13:09:34.508974
30.366832,138719,34531,13:09:34.508974
30.368688,138824,34343,13:09:34.508974
30.370544,139148,34730,13:09:34.508974
30.372403,139105,34530,13:09:34.508974
30.374259,139261,34525,13:09:34.508974
30.376116,139369,34988,13:09:34.508974
30.377972,139682,34539,13:09:34.508974
30.379828,139713,34678,13:09:34.509979
30.381685,139830,34638,13:09:34.509979
30.383542,140282,34794,13:09:34.509979
30.385403,140406,34917,13:09:34.509979
30.38726,140471,34872,13:09:34.509979
30.389118,140654,34776,13:09:34.509979
30.390975,140623,34952,13:09:34.509979
30.392833,140941,34974,13:09:34.509979
30.394689,140904,35120,13:09:34.509979
30.396548,141007,35036,13:09:34.509979
30.398406,140996,35052,13:09:34.509979
30.400263,141181,34863,13:09:34.509979
30.402123,141164,35228,13:09:34.509979
30.403985,141442,35039,13:09:34.509979
30.405848,141064,35013,13:09:34.556599
30.407732,141188,35180,13:09:34.556599
30.409593,141490,35068,13:09:34.556599
30.411511,141363,35153,13:09:34.556599
30.413377,141165,35355,13:09:34.556599
30.415233,141481,35180,13:09:34.556599
30.417092,141583,34964,13:09:34.556599
30.418948,141661,35053,13:09:34.556599
30.420804,141666,35049,13:09:34.556599
30.422663,142082,35243,13:09:34.556599
30.42452,142346,35400,13:09:34.556599
30.426377,142434,35364,13:09:34.556599
30.428234,142807,35428,13:09:34.556599
30.430096,142728,35333,13:09:34.556599
30.431953,143139,35663,13:09:34.556599
30.433809,143135,35650,13:09:34.556599
30.435669,143419,35638,13:09:34.556599
30.437526,144195,35671,13:09:34.556599
30.439384,144079,35933,13:09:34.556599
30.441241,144638,35740,13:09:34.556599
30.443097,144862,35919,13:09:34.556599
30.444955,145017,36049,13:09:34.556599
30.446812,145022,35868,13:09:34.556599
30.448672,145193,36182,13:09:34.556599
30.450528,145545,36060,13:09:34.556599
30.452387,145624,36289,13:09:34.556599
30.454243,145906,36125,13:09:34.556599
30.456106,146070,36424,13:09:34.612421
30.457966,145839,36292,13:09:34.612421
30.45983,145983,36060,13:09:34.612421
30.461728,145986,36169,13:09:34.612421
30.463589,145958,36048,13:09:34.612421
30.465452,146045,36196,13:09:34.612421
30.46731,145866,36315,13:09:34.612421
30.469166,145911,36062,13:09:34.612421
30.471024,145917,36009,13:09:34.612421
30.472881,145911,36310,13:09:34.612421
30.474737,145842,36000,13:09:34.612421
30.476596,145872,36130,13:09:34.612421
30.478457,145951,35936,13:09:34.612421
30.480314,145582,36196,13:09:34.612421
30.482171,145801,36042,13:09:34.612421
30.484029,145466,35890,13:09:34.612421
30.485885,145269,35993,13:09:34.612421
30.487742,145179,35834,13:09:34.612421
30.489598,144804,35858,13:09:34.612421
30.491455,144777,35850,13:09:34.612421
30.493311,144685,35767,13:09:34.612421
30.495167,144412,35758,13:09:34.612421
30.497028,144740,35891,13:09:34.612421
30.498884,144415,36014,13:09:34.612421
30.500741,144282,35769,13:09:34.612421
30.502599,144195,35656,13:09:34.612421
30.504455,144185,35810,13:09:34.657125
30.506334,143977,35709,13:09:34.657125
30.508194,143814,35585,13:09:34.657125
30.510074,143807,35530,13:09:34.657125
30.511955,143917,35921,13:09:34.657125
30.513813,143794,35556,13:09:34.657125
30.515675,143543,35655,13:09:34.657125
30.517536,143814,35765,13:09:34.657125
30.519392,143756,35672,13:09:34.657125
30.521253,143816,35765,13:09:34.657125
30.523109,144501,35717,13:09:34.657125
30.524967,144592,35813,13:09:34.657125
30.526824,144669,35838,13:09:34.657125
30.52868,145009,35912,13:09:34.657125
30.530537,145351,36135,13:09:34.657125
30.532403,145345,36065,13:09:34.657125
30.534259,145521,36187,13:09:34.657125
30.536116,145734,36130,13:09:34.657125
30.537974,145834,36101,13:09:34.657125
30.53983,146023,36238,13:09:34.657125
30.541687,146164,36228,13:09:34.657125
30.543545,146051,36409,13:09:34.657125
30.545402,146037,36325,13:09:34.657125
30.54726,146159,36176,13:09:34.657125
30.549116,146436,36084,13:09:34.657125
30.550981,146199,36255,13:09:34.657125
30.552837,146235,36104,13:09:34.657125
30.554693,146153,36105,13:09:34.709843
30.556558,145853,36081,13:09:34.709843
30.558418,145651,36114,13:09:34.709843
30.560326,145838,36245,13:09:34.709843
30.562227,145652,35903,13:09:34.709843
30.564083,145620,36196,13:09:34.709843
30.565941,145649,35933,13:09:34.709843
30.5678,145482,35907,13:09:34.709843
30.569656,145623,36079,13:09:34.712842
30.571515,145632,36045,13:09:34.712842
30.573373,145499,36069,13:09:34.712842
30.575229,145972,35995,13:09:34.712842
30.577086,146123,36276,13:09:34.712842
30.578952,145921,36009,13:09:34.712842
30.580808,145815,36164,13:09:34.712842
30.582665,146153,36317,13:09:34.712842
30.584523,145954,36125,13:09:34.712842
30.58638,146036,36103,13:09:34.712842
30.588238,146261,36463,13:09:34.712842
30.590094,146435,35954,13:09:34.712842
30.591951,146025,36319,13:09:34.712842
30.593809,146344,36231,13:09:34.712842
30.595673,146173,36233,13:09:34.712842
30.59753,145877,36278,13:09:34.712842
30.599386,146036,36165,13:09:34.712842
30.601245,146332,36402,13:09:34.712842
30.603101,145995,36139,13:09:34.712842
30.604958,145756,35992,13:09:34.759674
30.606826,146022,36339,13:09:34.759674
30.60869,146177,36178,13:09:34.759674
30.610588,146326,36435,13:09:34.759674
30.612449,146044,36132,13:09:34.759674
30.614309,146156,36176,13:09:34.759674
30.616203,146158,36342,13:09:34.759674
30.61806,146329,36155,13:09:34.759674
30.619922,146096,36422,13:09:34.759674
30.621779,146352,36015,13:09:34.759674
30.623645,146066,36289,13:09:34.760682
30.625501,146098,36310,13:09:34.760682
30.627358,146500,36330,13:09:34.760682
30.629216,146334,36199,13:09:34.760682
30.631073,146808,36140,13:09:34.760682
30.632929,146406,36364,13:09:34.760682
30.634787,146701,36441,13:09:34.760682
30.636644,146915,36665,13:09:34.760682
30.638502,146973,36437,13:09:34.760682
30.640358,147162,36429,13:09:34.760682
30.642223,147044,36418,13:09:34.760682
30.644079,147283,36381,13:09:34.760682
30.645936,146916,36405,13:09:34.760682
30.647794,147099,36428,13:09:34.761680
30.64965,147078,36527,13:09:34.761680
30.651507,147009,36263,13:09:34.761680
30.653363,146779,36279,13:09:34.761680
30.65522,146789,36133,13:09:34.809698
30.657086,146479,36141,13:09:34.809698
30.658946,146398,36103,13:09:34.809698
30.660851,146139,36251,13:09:34.809698
30.662721,146047,36310,13:09:34.809698
30.664605,146024,36039,13:09:34.809698
30.666462,145852,35822,13:09:34.809698
30.668318,145714,36085,13:09:34.809698
30.670176,145526,36089,13:09:34.809698
30.672033,145607,35955,13:09:34.809698
30.673889,145623,35967,13:09:34.809698
30.675746,145535,35635,13:09:34.809698
30.677602,145353,35978,13:09:34.809698
30.679458,145646,35885,13:09:34.809698
30.681315,145632,36017,13:09:34.809698
30.683181,145614,35956,13:09:34.809698
30.685038,145609,35994,13:09:34.809698
30.686894,145874,36113,13:09:34.809698
30.688752,145784,35867,13:09:34.809698
30.690609,145709,36330,13:09:34.810709
30.692467,145942,36324,13:09:34.810709
30.694323,145845,36128,13:09:34.810709
30.69618,145962,35833,13:09:34.810709
30.698038,145810,36074,13:09:34.810709
30.699902,145676,36069,13:09:34.810709
30.701759,146008,36016,13:09:34.810709
30.703615,145950,36386,13:09:34.810709
30.705474,145990,36215,13:09:34.860806
30.707336,146145,36334,13:09:34.860806
30.709197,146154,36024,13:09:34.860806
30.711099,146366,36078,13:09:34.860806
30.712959,145610,36376,13:09:34.860806
30.714851,146374,36346,13:09:34.860806
30.71671,146489,35944,13:09:34.860806
30.718568,146428,36457,13:09:34.860806
30.720425,146465,36377,13:09:34.860806
30.722281,146298,36246,13:09:34.860806
30.724141,146122,35962,13:09:34.860806
30.725998,146847,36106,13:09:34.860806
30.727856,146777,36337,13:09:34.860806
30.729714,146393,36057,13:09:34.860806
30.731571,146508,36266,13:09:34.860806
30.733429,146520,36279,13:09:34.860806
30.735286,146409,35979,13:09:34.860806
30.737142,146573,36204,13:09:34.860806
30.739,146778,36138,13:09:34.860806
30.740861,146569,36216,13:09:34.860806
30.742717,146383,36446,13:09:34.860806
30.744573,146849,36150,13:09:34.860806
30.746432,146839,36205,13:09:34.860806
30.748288,146682,36118,13:09:34.860806
30.750145,146808,36267,13:09:34.860806
30.752003,146863,36291,13:09:34.860806
30.753859,146850,36267,13:09:34.860806
30.755726,147033,36334,13:09:34.914036
30.757586,147070,36458,13:09:34.914036
30.759454,146969,36172,13:09:34.914036
30.761353,146952,36289,13:09:34.914036
30.763209,146919,36511,13:09:34.914036
30.765075,146491,36270,13:09:34.914036
30.766932,146776,36355,13:09:34.914036
30.768788,146962,36378,13:09:34.914036
30.770647,146762,36324,13:09:34.914036
30.772505,146997,36300,13:09:34.914036
30.774363,146699,36220,13:09:34.914036
30.77622,146833,36300,13:09:34.914036
30.77808,147005,36103,13:09:34.914036
30.779936,147021,36150,13:09:34.914036
30.781795,147048,36512,13:09:34.914036
30.783653,147225,36270,13:09:34.914036
30.78551,147179,36580,13:09:34.914036
30.787368,147479,36684,13:09:34.914036
30.789224,147716,36698,13:09:34.914036
30.791083,147655,36317,13:09:34.914036
30.792941,147774,36667,13:09:34.914036
30.794807,148105,36348,13:09:34.914036
30.796664,147982,36522,13:09:34.914036
30.79852,147939,36689,13:09:34.914036
30.800381,147880,36676,13:09:34.914036
30.802237,147802,36256,13:09:34.914036
30.804093,147716,36421,13:09:34.914036
30.80597,147771,36641,13:09:34.969085
30.80783,147769,36465,13:09:34.969085
30.809694,147704,36428,13:09:34.969085
30.811581,147629,36511,13:09:34.969085
30.813443,147820,36674,13:09:34.969085
30.815313,147233,36800,13:09:34.969085
30.817194,147463,36384,13:09:34.969085
30.819054,147605,36670,13:09:34.969085
30.820914,147330,36458,13:09:34.969085
30.822779,147218,36480,13:09:34.969085
30.824637,147298,36325,13:09:34.969085
30.826494,147401,36332,13:09:34.969085
30.828352,147097,36206,13:09:34.969085
30.830208,147219,36255,13:09:34.969085
30.832065,147196,36456,13:09:34.969085
30.833923,146869,36260,13:09:34.969085
30.835781,147141,36312,13:09:34.969085
30.83764,147435,36502,13:09:34.969085
30.839496,147075,36438,13:09:34.969085
30.841357,147515,36367,13:09:34.969085
30.843213,147278,36268,13:09:34.969085
30.845069,147265,36508,13:09:34.969085
30.846928,147633,36306,13:09:34.969085
30.848784,147298,36458,13:09:34.969085
30.850643,147563,36449,13:09:34.969085
30.852499,147622,36378,13:09:34.969085
30.854355,147402,36555,13:09:34.969085
30.856222,147549,36480,13:09:35.014409
30.858085,147730,36818,13:09:35.014409
30.85997,147472,36617,13:09:35.014409
30.861855,147339,36224,13:09:35.014409
30.863711,147584,36537,13:09:35.014409
30.865569,147302,36505,13:09:35.014409
30.86745,146861,36560,13:09:35.014409
30.86932,144820,36082,13:09:35.014409
30.871176,147077,36303,13:09:35.014409
30.873033,147234,36162,13:09:35.014409
30.874891,147317,36277,13:09:35.014409
30.876748,147285,36625,13:09:35.014409
30.878606,147430,36333,13:09:35.014409
30.880462,147202,36657,13:09:35.014409
30.882325,147259,36229,13:09:35.014409
30.884183,147566,36433,13:09:35.014409
30.886049,147449,36454,13:09:35.014409
30.887906,147205,36213,13:09:35.014409
30.889764,147380,36442,13:09:35.014409
30.891623,147557,36542,13:09:35.014409
30.893479,147660,36390,13:09:35.014409
30.895335,147451,36360,13:09:35.014409
30.897194,147416,36285,13:09:35.014409
30.89905,147261,36240,13:09:35.014409
30.900909,147549,36346,13:09:35.014409
30.902765,147085,36510,13:09:35.014409
30.904627,147402,36410,13:09:35.066618
30.906494,147523,36396,13:09:35.066618
30.908358,147243,36205,13:09:35.066618
30.910254,147229,36337,13:09:35.066618
30.912121,147178,36288,13:09:35.066618
30.913977,147054,36697,13:09:35.066618
30.915847,147428,36630,13:09:35.066618
30.917704,146536,36740,13:09:35.066618
30.919586,147056,36314,13:09:35.066618
30.921442,147242,36427,13:09:35.066618
30.923303,147114,36418,13:09:35.066618
30.925159,147309,36123,13:09:35.066618
30.927017,147310,36389,13:09:35.066618
30.928876,147335,36435,13:09:35.066618
30.930732,147520,36207,13:09:35.066618
30.932599,147357,36162,13:09:35.066618
30.934455,147268,36613,13:09:35.066618
30.936312,147298,36458,13:09:35.066618
30.93817,147322,36751,13:09:35.066618
30.940026,147359,36408,13:09:35.066618
30.941883,147357,36418,13:09:35.066618
30.943739,147462,36560,13:09:35.066618
30.945595,147090,36396,13:09:35.066618
30.947452,147463,36263,13:09:35.066618
30.949309,147388,36546,13:09:35.066618
30.951171,147351,36359,13:09:35.066618
30.953027,147271,36337,13:09:35.066618
30.954885,147242,36349,13:09:35.118333
30.956754,147433,36241,13:09:35.118333
30.958614,147218,36281,13:09:35.118333
30.960526,147534,36417,13:09:35.118333
30.962387,147143,36292,13:09:35.118333
30.964245,147273,36278,13:09:35.118333
30.966103,147063,36524,13:09:35.118333
30.967962,147299,36633,13:09:35.118333
30.969823,146158,36439,13:09:35.118333
30.971681,147446,36317,13:09:35.118333
30.973539,147462,36706,13:09:35.118333
30.975395,147485,36236,13:09:35.118333
30.977252,147667,36529,13:09:35.118333
30.979108,147539,36292,13:09:35.118333
30.980964,147681,36348,13:09:35.118333
30.982821,147578,36774,13:09:35.118333
30.984681,147360,36641,13:09:35.118333
30.986546,147427,36515,13:09:35.118333
30.988404,147350,36528,13:09:35.118333
30.99026,147314,36273,13:09:35.118333
30.992119,147414,36381,13:09:35.118333
30.993975,147322,36420,13:09:35.118333
30.995833,147262,36531,13:09:35.118333
30.99769,147385,36263,13:09:35.118333
30.999546,147155,36310,13:09:35.118333
31.001405,147152,36386,13:09:35.118333
31.003265,147181,36535,13:09:35.118333
31.005121,147380,36318,13:09:35.169309
31.007012,147253,36596,13:09:35.169309
31.008872,147477,36449,13:09:35.169309
31.010762,147111,36477,13:09:35.169309
31.012621,147041,36171,13:09:35.169309
31.014477,147044,36389,13:09:35.169309
31.016337,147219,36283,13:09:35.169309
31.018206,145951,36423,13:09:35.169309
31.02007,146905,36411,13:09:35.169309
31.021943,143644,36269,13:09:35.169309
31.023813,147347,36350,13:09:35.169309
31.025671,147369,36484,13:09:35.169309
31.027528,147607,36297,13:09:35.169309
31.029386,147639,36280,13:09:35.169309
31.031246,147329,36459,13:09:35.169309
31.033105,147300,36567,13:09:35.169309
31.034961,147491,36265,13:09:35.169309
31.036827,147296,36457,13:09:35.169309
31.038684,147256,36395,13:09:35.169309
31.04054,147587,36444,13:09:35.169309
31.042399,147517,36328,13:09:35.169309
31.044255,147429,36595,13:09:35.169309
31.046113,147128,36095,13:09:35.169309
31.04797,147295,36145,13:09:35.169309
31.049826,147155,36416,13:09:35.169309
31.051683,147490,36350,13:09:35.169309
31.053548,147330,36283,13:09:35.169309
31.055405,147312,36434,13:09:35.219241
31.057272,147169,36546,13:09:35.219241
31.059138,147351,36342,13:09:35.219241
31.061038,147013,36329,13:09:35.219241
31.062899,147037,36320,13:09:35.219241
31.064757,147263,36322,13:09:35.219241
31.066613,147542,36356,13:09:35.219241
31.068472,146532,36255,13:09:35.219241
31.07033,147307,36328,13:09:35.219241
31.072196,145610,36489,13:09:35.219241
31.074079,147029,36323,13:09:35.219241
31.075935,147704,36376,13:09:35.219241
31.077796,147319,36277,13:09:35.219241
31.079654,147403,36257,13:09:35.219241
31.08152,147277,36329,13:09:35.219241
31.083379,147290,36224,13:09:35.219241
31.085235,147374,36347,13:09:35.219241
31.087094,147190,36393,13:09:35.219241
31.08895,147316,36363,13:09:35.219241
31.090806,147363,36283,13:09:35.219241
31.092665,147486,36332,13:09:35.219241
31.094521,147530,36364,13:09:35.219241
31.096377,147356,36154,13:09:35.219241
31.098234,147601,36304,13:09:35.219241
31.100098,147456,36267,13:09:35.219241
31.101955,147316,36365,13:09:35.219241
31.103811,147280,36092,13:09:35.219241
31.105675,146899,36252,13:09:35.272495
31.107538,147264,35859,13:09:35.272495
31.109404,147348,36092,13:09:35.272495
31.111322,146578,36293,13:09:35.272495
31.113179,147293,36179,13:09:35.273508
31.115037,147167,36155,13:09:35.273508
31.116893,147495,36295,13:09:35.273508
31.118754,146849,36049,13:09:35.273508
31.120613,147276,36213,13:09:35.273508
31.122475,145756,36497,13:09:35.273508
31.124343,147248,36426,13:09:35.273508
31.126199,147281,36433,13:09:35.273508
31.12807,147463,36077,13:09:35.273508
31.129926,147309,36329,13:09:35.273508
31.131785,147194,36177,13:09:35.274500
31.133643,147250,36189,13:09:35.274500
31.135499,147169,36123,13:09:35.274500
31.137358,147233,36072,13:09:35.274500
31.139214,147482,36021,13:09:35.274500
31.14107,147258,36235,13:09:35.274500
31.142927,147437,36429,13:09:35.274500
31.14479,147343,36103,13:09:35.274500
31.146647,147326,36374,13:09:35.274500
31.148504,147085,36228,13:09:35.274500
31.150362,147062,36125,13:09:35.274500
31.152219,146987,36095,13:09:35.274500
31.154075,146848,36303,13:09:35.274500
31.155942,147297,36068,13:09:35.322157
31.157802,147064,36241,13:09:35.322157
31.159666,147099,36026,13:09:35.322157
31.161574,146966,36271,13:09:35.322157
31.163438,147173,36329,13:09:35.322157
31.165297,146799,36242,13:09:35.322157
31.167154,147389,36057,13:09:35.322157
31.169014,145944,36307,13:09:35.322157
31.170874,146680,36460,13:09:35.322157
31.172731,147105,36384,13:09:35.322157
31.174615,146944,36240,13:09:35.322157
31.176471,144348,36240,13:09:35.322157
31.178344,147232,36129,13:09:35.322157
31.1802,147316,36268,13:09:35.322157
31.182056,147070,36270,13:09:35.322157
31.183915,147114,36136,13:09:35.322157
31.185771,147394,36216,13:09:35.322157
31.18763,147167,36381,13:09:35.322157
31.189486,147288,36136,13:09:35.322157
31.191348,147170,36305,13:09:35.322157
31.193207,147129,36235,13:09:35.322157
31.195073,147356,36138,13:09:35.322157
31.196929,147467,36396,13:09:35.322157
31.198786,147176,36283,13:09:35.322157
31.200644,147370,36178,13:09:35.322157
31.202501,147276,36429,13:09:35.322157
31.204357,147469,36305,13:09:35.322157
31.206227,147281,36260,13:09:35.374321
31.208088,147303,35984,13:09:35.374321
31.209956,147378,36354,13:09:35.374321
31.211862,147238,36340,13:09:35.374321
31.213721,147138,36044,13:09:35.374321
31.215579,146990,36156,13:09:35.374321
31.217435,146334,36313,13:09:35.374321
31.219294,147126,36298,13:09:35.374321
31.22115,147442,36007,13:09:35.374321
31.22301,146285,36170,13:09:35.374321
31.224881,146593,36402,13:09:35.374321
31.226763,147130,36351,13:09:35.374321
31.228627,147283,36089,13:09:35.374321
31.230484,147376,36381,13:09:35.374321
31.23234,147235,36082,13:09:35.374321
31.234199,147258,36503,13:09:35.374321
31.236055,147229,36027,13:09:35.374321
31.237913,147255,36077,13:09:35.374321
31.239772,147207,36245,13:09:35.374321
31.241632,147275,36140,13:09:35.374321
31.24349,147183,36323,13:09:35.374321
31.245356,147040,35918,13:09:35.374321
31.247213,147312,36077,13:09:35.374321
31.24907,147414,36242,13:09:35.374321
31.250928,147327,36144,13:09:35.374321
31.252784,147262,36174,13:09:35.374321
31.254641,147152,36187,13:09:35.423797
31.256503,147126,36244,13:09:35.423797
31.258363,147186,36139,13:09:35.423797
31.260271,147193,36410,13:09:35.423797
31.26214,147115,36330,13:09:35.423797
31.264004,146949,36335,13:09:35.423797
31.265863,147296,36126,13:09:35.423797
31.267719,147318,36207,13:09:35.423797
31.269578,147254,36033,13:09:35.423797
31.271434,146560,36185,13:09:35.423797
31.27329,146431,36607,13:09:35.423797
31.275149,146231,36384,13:09:35.423797
31.277005,147213,36429,13:09:35.423797
31.278867,146790,36159,13:09:35.423797
31.280748,147007,36227,13:09:35.423797
31.282604,146976,36213,13:09:35.423797
31.284463,146952,36381,13:09:35.423797
31.286324,147146,36117,13:09:35.423797
31.288183,146922,36245,13:09:35.423797
31.29004,147195,36018,13:09:35.424798
31.291906,147122,36332,13:09:35.424798
31.293764,147536,36217,13:09:35.424798
31.295621,147312,36316,13:09:35.424798
31.297479,147245,36112,13:09:35.424798
31.299336,147149,36064,13:09:35.424798
31.301194,147426,36143,13:09:35.424798
31.30305,147166,36121,13:09:35.424798
31.304907,147215,36442,13:09:35.477065
31.306773,147262,36263,13:09:35.477065
31.308634,147421,36387,13:09:35.477065
31.310534,147197,36214,13:09:35.477065
31.312436,147233,36317,13:09:35.477065
31.314298,147196,36147,13:09:35.477065
31.316161,147226,36284,13:09:35.477065
31.318017,147081,36156,13:09:35.477065
31.319881,147336,36399,13:09:35.477065
31.321742,147107,36182,13:09:35.477065
31.323598,147114,36263,13:09:35.480048
31.325463,147051,36287,13:09:35.480048
31.327319,146337,36066,13:09:35.480048
31.329205,147101,35834,13:09:35.480048
31.331062,147079,36315,13:09:35.480048
31.332917,147019,36298,13:09:35.480048
31.334774,146927,35976,13:09:35.480048
31.336635,146913,36332,13:09:35.480048
31.338493,146921,36031,13:09:35.480048
31.34035,147104,36383,13:09:35.480048
31.342206,147261,36050,13:09:35.480048
31.344062,147093,36248,13:09:35.480048
31.345922,147302,36129,13:09:35.480048
31.347779,147208,36375,13:09:35.480048
31.349636,147079,36386,13:09:35.480048
31.351494,147117,36211,13:09:35.480048
31.35335,147175,36186,13:09:35.480048
31.355207,146924,36468,13:09:35.536262
31.357067,147170,36258,13:09:35.536262
31.358925,147235,36322,13:09:35.536262
31.360828,146964,36317,13:09:35.536262
31.362684,147129,36137,13:09:35.536262
31.364543,146995,36170,13:09:35.536262
31.366401,147228,36507,13:09:35.536262
31.368257,146849,36467,13:09:35.536262
31.370116,146576,36122,13:09:35.536262
31.371972,147268,36431,13:09:35.536262
31.373832,146833,36072,13:09:35.536262
31.375691,146511,36271,13:09:35.536262
31.377557,146768,36097,13:09:35.536262
31.379414,146987,36154,13:09:35.536262
31.38127,144973,36201,13:09:35.536262
31.383128,146714,36131,13:09:35.536262
31.384985,147242,36217,13:09:35.536262
31.386843,147371,36033,13:09:35.536262
31.388701,146986,36337,13:09:35.536262
31.390558,147188,36285,13:09:35.536262
31.392414,147162,36264,13:09:35.536262
31.394271,147073,35956,13:09:35.536262
31.396135,147038,36414,13:09:35.536262
31.397991,147059,36403,13:09:35.536262
31.399848,147237,36291,13:09:35.536262
31.401706,146894,36142,13:09:35.536262
31.403563,147026,36055,13:09:35.536262
31.405419,147204,36110,13:09:35.582238
31.407281,147351,36126,13:09:35.582238
31.409142,147302,36505,13:09:35.582238
31.411046,146774,36191,13:09:35.582238
31.412902,147230,35938,13:09:35.582238
31.414763,147117,35994,13:09:35.582238
31.416621,147405,36063,13:09:35.582238
31.418477,146794,36220,13:09:35.582238
31.420336,146575,36262,13:09:35.582238
31.422192,146891,36243,13:09:35.582238
31.424053,147175,36377,13:09:35.582238
31.425909,147145,36354,13:09:35.582238
31.427773,146991,36105,13:09:35.582238
31.429632,146460,36359,13:09:35.582238
31.43149,146318,36463,13:09:35.582238
31.433352,146881,36322,13:09:35.583387
31.435211,146978,35940,13:09:35.583387
31.437074,146858,36116,13:09:35.583387
31.438951,144195,36393,13:09:35.583387
31.440816,147215,36287,13:09:35.583387
31.442678,147144,36197,13:09:35.583387
31.444535,147114,36228,13:09:35.583387
31.446395,147015,36186,13:09:35.583387
31.448251,147036,36350,13:09:35.583387
31.450108,147295,36122,13:09:35.583387
31.451966,147122,36365,13:09:35.583387
31.453825,147265,36149,13:09:35.583387
31.455683,147135,36320,13:09:35.629456
31.457543,147363,36245,13:09:35.629456
31.459413,147368,36394,13:09:35.629456
31.461322,146737,36369,13:09:35.629456
31.463178,147106,35992,13:09:35.629456
31.465039,147435,36152,13:09:35.629456
31.466897,147438,36521,13:09:35.629456
31.468753,146616,36163,13:09:35.629456
31.470612,146483,36449,13:09:35.629456
31.472472,147118,36263,13:09:35.629456
31.474329,147164,36220,13:09:35.629456
31.476187,145858,36446,13:09:35.629456
31.478053,147297,36387,13:09:35.629456
31.47991,147134,36579,13:09:35.629456
31.481766,147087,36135,13:09:35.629456
31.483653,145583,36332,13:09:35.629456
31.485517,147202,36533,13:09:35.629456
31.487377,147261,36319,13:09:35.629456
31.489233,147155,36262,13:09:35.629456
31.49109,147143,36415,13:09:35.629456
31.492948,146964,36132,13:09:35.629456
31.494805,147162,36205,13:09:35.629456
31.496661,146951,36404,13:09:35.629456
31.498517,147152,36288,13:09:35.629456
31.500376,147062,36339,13:09:35.629456
31.502234,147320,36335,13:09:35.629456
31.504097,147082,36409,13:09:35.629456
31.505959,147213,36338,13:09:35.682773
31.507821,147250,36384,13:09:35.682773
31.509687,147300,36328,13:09:35.682773
31.51157,146717,36324,13:09:35.682773
31.51343,146770,36539,13:09:35.682773
31.515289,147209,36475,13:09:35.682773
31.517145,146847,36461,13:09:35.682773
31.519012,147212,36253,13:09:35.682773
31.52087,147348,36220,13:09:35.682773
31.522727,146555,36270,13:09:35.682773
31.524585,146777,36452,13:09:35.682773
31.526444,146568,36257,13:09:35.682773
31.528303,147081,36411,13:09:35.682773
31.530168,146361,36497,13:09:35.682773
31.53203,145996,36594,13:09:35.682773
31.533914,146106,36160,13:09:35.682773
31.535777,147235,36291,13:09:35.683777
31.537639,147005,36412,13:09:35.683777
31.539496,146987,36372,13:09:35.683777
31.541352,147182,36262,13:09:35.683777
31.54321,147302,36300,13:09:35.683777
31.545067,147148,36359,13:09:35.683777
31.546923,147028,36077,13:09:35.683777
31.548782,147119,36282,13:09:35.683777
31.550646,146983,36188,13:09:35.683777
31.552502,147013,36445,13:09:35.683777
31.554359,147394,36465,13:09:35.683777
31.556223,147382,36163,13:09:35.732554
31.558083,147151,36268,13:09:35.732554
31.55996,147463,36321,13:09:35.732554
31.561848,147256,36636,13:09:35.732554
31.563705,147150,36544,13:09:35.732554
31.565563,147391,36397,13:09:35.732554
31.567419,147415,36199,13:09:35.732554
31.569278,147345,36394,13:09:35.732554
31.571134,147140,36391,13:09:35.732554
31.57299,147143,36384,13:09:35.732554
31.574849,147126,36359,13:09:35.732554
31.576705,146386,36395,13:09:35.732554
31.578564,146973,36303,13:09:35.732554
31.58042,146992,36533,13:09:35.732554
31.582282,147314,36477,13:09:35.732554
31.584161,146959,36468,13:09:35.732554
31.586024,146290,36606,13:09:35.732554
31.587895,147038,36212,13:09:35.732554
31.589752,147081,36454,13:09:35.732554
31.591614,147154,36502,13:09:35.732554
31.593472,147365,36191,13:09:35.732554
31.595329,147113,36471,13:09:35.732554
31.597189,147195,36381,13:09:35.732554
31.599046,147069,36211,13:09:35.732554
31.600904,147027,36434,13:09:35.732554
31.60276,147187,36337,13:09:35.732554
31.604617,147241,36259,13:09:35.784120
31.606483,147388,36320,13:09:35.784120
31.608343,147296,36597,13:09:35.784120
31.610239,147152,36319,13:09:35.784120
31.612116,147220,36628,13:09:35.784120
31.613974,147282,36304,13:09:35.784120
31.615837,146922,36357,13:09:35.784120
31.617693,147028,36465,13:09:35.784120
31.619551,147255,36496,13:09:35.784120
31.621408,147117,36323,13:09:35.784120
31.623264,146371,36212,13:09:35.784120
31.625123,147505,36616,13:09:35.784120
31.626979,146554,36301,13:09:35.784120
31.628837,146559,36664,13:09:35.784120
31.630694,147197,36370,13:09:35.784120
31.632561,147132,36381,13:09:35.784120
31.634418,147047,36573,13:09:35.784120
31.636275,143324,36396,13:09:35.784120
31.638137,147358,36297,13:09:35.784120
31.639994,147337,36143,13:09:35.784120
31.641855,147325,36446,13:09:35.784120
31.643744,147217,36383,13:09:35.784120
31.645601,146901,36443,13:09:35.784120
31.647459,147262,36267,13:09:35.784120
31.649315,147021,36426,13:09:35.784120
31.651174,147256,36631,13:09:35.784120
31.65303,147065,36436,13:09:35.784120
31.654887,147114,36392,13:09:35.836130
31.656757,147299,36396,13:09:35.836130
31.658617,147242,36405,13:09:35.836130
31.660517,147483,36532,13:09:35.836130
31.662378,147326,36296,13:09:35.836130
31.664236,147182,36483,13:09:35.836130
31.666095,147111,36508,13:09:35.836130
31.667951,146296,36119,13:09:35.836130
31.669807,146383,36512,13:09:35.836130
31.671664,146906,36559,13:09:35.836130
31.673524,146488,36388,13:09:35.836130
31.67538,147315,36369,13:09:35.836130
31.677237,147240,36434,13:09:35.836130
31.679097,146501,36151,13:09:35.836130
31.680954,147099,36444,13:09:35.836130
31.682812,146807,36529,13:09:35.836130
31.684668,147353,36399,13:09:35.836130
31.686525,147318,36585,13:09:35.836130
31.688384,143485,36623,13:09:35.836130
31.690244,147265,36596,13:09:35.836130
31.692102,147155,36452,13:09:35.836130
31.693958,147249,36630,13:09:35.836130
31.695817,147246,36566,13:09:35.836130
31.697673,147109,36537,13:09:35.836130
31.699529,147226,36470,13:09:35.836130
31.701388,147297,36386,13:09:35.836130
31.703244,147415,36624,13:09:35.836130
31.705103,147193,36406,13:09:35.886456
31.706981,146905,36351,13:09:35.886456
31.708841,147133,36529,13:09:35.887462
31.710732,147273,36548,13:09:35.887462
31.712592,147170,36502,13:09:35.887462
31.71445,147544,36264,13:09:35.887462
31.716309,146996,36648,13:09:35.887462
31.718165,146704,36476,13:09:35.887462
31.720024,147107,36498,13:09:35.887462
31.72188,146978,36253,13:09:35.887462
31.723736,145958,36579,13:09:35.887462
31.725593,146904,36568,13:09:35.887462
31.727451,147040,36493,13:09:35.887462
31.729308,147180,36384,13:09:35.887462
31.731164,147155,36587,13:09:35.887462
31.73302,145698,36241,13:09:35.887462
31.734887,147112,36590,13:09:35.887462
31.736749,146346,36460,13:09:35.887462
31.738631,144492,36458,13:09:35.887462
31.740494,147240,36394,13:09:35.887462
31.742356,147314,36472,13:09:35.887462
31.744233,147168,36481,13:09:35.887462
31.746091,147321,36516,13:09:35.887462
31.747947,147331,36638,13:09:35.887462
31.749804,147298,36598,13:09:35.887462
31.751662,147342,36587,13:09:35.887462
31.753523,147148,36272,13:09:35.887462
31.755381,147327,36430,13:09:35.936868
31.757249,147219,36422,13:09:35.936868
31.759114,147344,36469,13:09:35.936868
31.761018,146996,36500,13:09:35.936868
31.76288,147032,36445,13:09:35.936868
31.764739,147300,36510,13:09:35.936868
31.766595,147680,36594,13:09:35.936868
31.768451,147166,36389,13:09:35.936868
31.77031,147258,36545,13:09:35.936868
31.772171,147235,36734,13:09:35.936868
31.774029,147379,36529,13:09:35.936868
31.775885,146445,36496,13:09:35.936868
31.777747,147303,36592,13:09:35.936868
31.779604,147288,36687,13:09:35.936868
31.78146,147196,36620,13:09:35.936868
31.783319,146635,36471,13:09:35.936868
31.785175,146427,35947,13:09:35.936868
31.787033,147291,36233,13:09:35.936868
31.78889,147425,36498,13:09:35.936868
31.790756,144917,36480,13:09:35.936868
31.79263,147404,36516,13:09:35.936868
31.794487,147384,36467,13:09:35.936868
31.796343,147280,36418,13:09:35.936868
31.7982,147480,36445,13:09:35.936868
31.800064,147243,36594,13:09:35.936868
31.80192,147170,36296,13:09:35.936868
31.803777,147350,36449,13:09:35.937886
31.805645,147251,36536,13:09:35.988935
31.807507,147307,36582,13:09:35.988935
31.809369,147366,36544,13:09:35.988935
31.81128,146854,36764,13:09:35.988935
31.813136,147137,36527,13:09:35.988935
31.814995,147184,36435,13:09:35.988935
31.816853,147420,36428,13:09:35.988935
31.818712,146933,36619,13:09:35.988935
31.820568,147241,36764,13:09:35.988935
31.822424,145749,36599,13:09:35.988935
31.824283,146437,36602,13:09:35.988935
31.826139,146473,36493,13:09:35.988935
31.827997,147335,36586,13:09:35.988935
31.829856,147226,36583,13:09:35.988935
31.831712,145851,36425,13:09:35.988935
31.833571,147189,36607,13:09:35.988935
31.835432,147186,36246,13:09:35.988935
31.837291,147014,36397,13:09:35.988935
31.839152,146363,36718,13:09:35.988935
31.84102,145954,36571,13:09:35.988935
31.842876,147315,36348,13:09:35.988935
31.844738,147636,36434,13:09:35.988935
31.846595,147213,36665,13:09:35.988935
31.848452,147163,36536,13:09:35.988935
31.85031,147495,36439,13:09:35.988935
31.852166,147334,36592,13:09:35.988935
31.854023,147438,36598,13:09:35.988935
31.855885,147381,36452,13:09:36.038705
31.857752,147425,36470,13:09:36.039706
31.859616,147334,36510,13:09:36.039706
31.861526,146976,36458,13:09:36.039706
31.863386,147086,36741,13:09:36.039706
31.865245,147166,36648,13:09:36.039706
31.867101,147293,36631,13:09:36.039706
31.86896,147380,36412,13:09:36.039706
31.870818,146863,36365,13:09:36.039706
31.872674,147340,36632,13:09:36.039706
31.874533,146498,36283,13:09:36.039706
31.876391,147245,36723,13:09:36.039706
31.878249,146943,36740,13:09:36.039706
31.880106,147299,36691,13:09:36.039706
31.881964,147294,36679,13:09:36.039706
31.883823,146845,36383,13:09:36.039706
31.885679,147140,36383,13:09:36.039706
31.887537,145885,36566,13:09:36.039706
31.889394,146721,36492,13:09:36.039706
31.891265,147388,36490,13:09:36.039706
31.893142,145270,36359,13:09:36.039706
31.894999,147437,36710,13:09:36.039706
31.896857,147487,36563,13:09:36.039706
31.898714,147157,36374,13:09:36.039706
31.900572,147291,36319,13:09:36.039706
31.902428,147424,36347,13:09:36.039706
31.904293,147427,36396,13:09:36.039706
31.906163,147547,36648,13:09:36.057047
31.908025,147191,36632,13:09:36.057047
31.909892,147553,36609,13:09:36.057047
31.911776,147212,36418,13:09:36.057047
31.913633,147347,36291,13:09:36.057047
31.915491,147158,36497,13:09:36.057047
31.91735,147298,36452,13:09:36.057047
31.919208,147138,36491,13:09:36.057047
31.921064,147096,36422,13:09:36.057047
31.922923,147527,36519,13:09:36.057047
31.924779,146424,36476,13:09:36.057047
31.926635,147415,36457,13:09:36.057047
31.928494,147408,36440,13:09:36.057047
31.930354,147430,36537,13:09:36.057047
31.932212,147213,36652,13:09:36.057047
31.934069,147527,36421,13:09:36.057047
31.935933,146683,36521,13:09:36.057047
31.937794,147318,36451,13:09:36.057047
31.939652,147468,36593,13:09:36.057047
31.941516,147248,36813,13:09:36.057047
31.943403,145388,36551,13:09:36.057047
31.945261,147509,36649,13:09:36.057047
31.947119,147366,36686,13:09:36.057047
31.948985,147383,36516,13:09:36.057047
31.950844,147325,36457,13:09:36.057047
31.9527,147542,36440,13:09:36.057047
31.954559,147342,36681,13:09:36.057047
31.956423,147312,36430,13:09:36.106977
31.958284,147740,36622,13:09:36.106977
31.960171,147464,36757,13:09:36.106977
31.962072,147671,36502,13:09:36.106977
31.963928,147499,36607,13:09:36.106977
31.965785,147226,36425,13:09:36.106977
31.967642,147395,36700,13:09:36.106977
31.9695,147426,36753,13:09:36.106977
31.971356,147418,36417,13:09:36.106977
31.973218,147262,36502,13:09:36.106977
31.975075,147504,36800,13:09:36.106977
31.976931,147077,36386,13:09:36.106977
31.978789,147466,36516,13:09:36.106977
31.980646,147258,36497,13:09:36.108055
31.982504,147600,36486,13:09:36.108055
31.984365,147246,36376,13:09:36.108055
31.986221,147277,36445,13:09:36.108055
31.988077,147452,36298,13:09:36.108055
31.989934,147207,36427,13:09:36.108055
31.991794,147493,36636,13:09:36.108055
31.99365,147575,36524,13:09:36.108055
31.995509,147462,36459,13:09:36.108055
31.997365,147606,36357,13:09:36.108055
31.999222,147151,36481,13:09:36.108055
32.00108,147427,36470,13:09:36.108055
32.00294,147295,36462,13:09:36.108055
32.004799,147296,36780,13:09:36.157279
32.006665,147388,36427,13:09:36.157279
32.008529,147423,36375,13:09:36.157279
32.010434,147570,36503,13:09:36.157279
32.012296,147256,36381,13:09:36.157279
32.014154,147172,36471,13:09:36.157279
32.016011,147322,36250,13:09:36.157279
32.017869,147471,36572,13:09:36.157279
32.019728,147552,36382,13:09:36.157279
32.021588,147292,36485,13:09:36.157279
32.023449,147474,36335,13:09:36.157279
32.025307,147502,36571,13:09:36.157279
32.027169,147156,36490,13:09:36.157279
32.029025,147305,36388,13:09:36.157279
32.030882,147291,36461,13:09:36.159259
32.03274,147146,36281,13:09:36.159259
32.034597,147041,36520,13:09:36.159259
32.036455,147274,36495,13:09:36.159259
32.038311,147369,36717,13:09:36.159259
32.040168,147262,36521,13:09:36.159259
32.042028,147417,36559,13:09:36.159259
32.04389,147202,36485,13:09:36.159259
32.045747,147206,36515,13:09:36.160227
32.047603,147242,36375,13:09:36.160227
32.049462,147362,36795,13:09:36.160227
32.051318,147120,36337,13:09:36.160227
32.053174,147346,36537,13:09:36.160227
32.055031,147535,36383,13:09:36.208031
32.056905,147532,36542,13:09:36.208031
32.058775,147323,36516,13:09:36.208031
32.060683,147418,36477,13:09:36.208031
32.062564,147490,36382,13:09:36.208031
32.064422,147214,36372,13:09:36.208031
32.066279,147351,36341,13:09:36.208031
32.068137,147482,36310,13:09:36.208031
32.069995,147383,36677,13:09:36.208031
32.071862,147584,36532,13:09:36.208031
32.073718,147630,36267,13:09:36.208031
32.075575,147011,36313,13:09:36.208031
32.077433,147713,36381,13:09:36.208031
32.079289,147337,36499,13:09:36.208975
32.081146,147472,36535,13:09:36.208975
32.083004,147244,36474,13:09:36.208975
32.084861,147537,36436,13:09:36.208975
32.086719,147425,36563,13:09:36.208975
32.088575,146999,36593,13:09:36.208975
32.09044,147186,36249,13:09:36.208975
32.092296,147405,36328,13:09:36.208975
32.094152,147282,36426,13:09:36.208975
32.096011,147304,36343,13:09:36.208975
32.097869,147359,36415,13:09:36.208975
32.099728,147324,36647,13:09:36.208975
32.101584,147322,36354,13:09:36.208975
32.10344,147342,36331,13:09:36.208975
32.105315,147392,36408,13:09:36.256882
32.107189,147362,36490,13:09:36.256882
32.109049,147507,36535,13:09:36.256882
32.110944,146895,36337,13:09:36.256882
32.112808,147275,36461,13:09:36.256882
32.11467,147389,36460,13:09:36.256882
32.116527,147189,36289,13:09:36.256882
32.118385,147537,36605,13:09:36.256882
32.120241,147603,36333,13:09:36.256882
32.122098,147486,36523,13:09:36.256882
32.123956,147784,36236,13:09:36.256882
32.125817,147375,36398,13:09:36.256882
32.127675,147440,36554,13:09:36.256882
32.129531,147065,36405,13:09:36.257888
32.131392,147357,36318,13:09:36.257888
32.133248,147393,36460,13:09:36.257888
32.135105,147319,36216,13:09:36.257888
32.136963,147564,36343,13:09:36.257888
32.138819,147443,36448,13:09:36.257888
32.140678,147411,36329,13:09:36.257888
32.142534,147239,36567,13:09:36.257888
32.144395,147100,36250,13:09:36.257888
32.146255,147307,36623,13:09:36.257888
32.148119,147323,36569,13:09:36.257888
32.149976,147270,36410,13:09:36.257888
32.151834,147255,36407,13:09:36.257888
32.153692,147323,36662,13:09:36.257888
32.155551,147445,36496,13:09:36.308297
32.157415,147414,36473,13:09:36.308297
32.159278,147397,36459,13:09:36.308297
32.161201,147098,36452,13:09:36.308297
32.16308,147369,36290,13:09:36.308297
32.164938,147395,36511,13:09:36.308297
32.166795,147341,36202,13:09:36.308297
32.168653,147405,36490,13:09:36.308297
32.17051,147195,36332,13:09:36.308297
32.172366,147208,36717,13:09:36.308297
32.174224,147193,36543,13:09:36.308297
32.176081,147456,36313,13:09:36.308297
32.177941,147325,36230,13:09:36.308297
32.1798,146984,36466,13:09:36.308297
32.181658,147286,36359,13:09:36.308297
32.183514,147529,36507,13:09:36.308297
32.185371,147379,36306,13:09:36.308297
32.187229,147275,36662,13:09:36.308297
32.189087,147291,36539,13:09:36.308297
32.190946,147239,36302,13:09:36.308297
32.192804,147488,36178,13:09:36.308297
32.194669,147422,36118,13:09:36.308297
32.196525,147323,36390,13:09:36.308297
32.198381,147443,36398,13:09:36.308297
32.20024,147247,36338,13:09:36.308297
32.202096,147324,36354,13:09:36.308297
32.203953,147331,36315,13:09:36.308297
32.205813,147285,36446,13:09:36.357659
32.207677,147427,36293,13:09:36.357659
32.209539,147108,36446,13:09:36.357659
32.211452,146916,36437,13:09:36.357659
32.213316,147256,36536,13:09:36.357659
32.215173,147328,36371,13:09:36.357659
32.217029,147190,36293,13:09:36.357659
32.218887,147487,36413,13:09:36.357659
32.220744,147155,36357,13:09:36.357659
32.222602,147214,36411,13:09:36.357659
32.224459,147553,36303,13:09:36.357659
32.226315,147191,36088,13:09:36.357659
32.228173,147443,36380,13:09:36.357659
32.230037,147555,36255,13:09:36.357659
32.231894,147387,36517,13:09:36.357659
32.233753,147418,36320,13:09:36.357659
32.235611,147032,36377,13:09:36.357659
32.237467,147119,36336,13:09:36.357659
32.239324,147472,36648,13:09:36.357659
32.241182,147288,36588,13:09:36.357659
32.243038,147041,36294,13:09:36.357659
32.244897,147161,36427,13:09:36.357659
32.246753,147319,36217,13:09:36.357659
32.248616,147086,36282,13:09:36.357659
32.250472,147011,36220,13:09:36.357659
32.252328,147143,36519,13:09:36.357659
32.254187,147207,36410,13:09:36.357659
32.256053,147338,36175,13:09:36.409276
32.257914,147431,36312,13:09:36.409276
32.259787,146855,36103,13:09:36.409276
32.26171,147284,36349,13:09:36.409276
32.26357,147257,36394,13:09:36.409276
32.265427,147335,36164,13:09:36.409276
32.267283,147129,36058,13:09:36.409276
32.26914,147270,36036,13:09:36.409276
32.270997,147395,36575,13:09:36.409276
32.272856,147159,36499,13:09:36.409276
32.274713,147093,36506,13:09:36.409276
32.276569,147461,36226,13:09:36.409276
32.278425,147297,36258,13:09:36.409276
32.280282,147543,36328,13:09:36.409276
32.28214,147389,36558,13:09:36.409276
32.283997,147140,36458,13:09:36.409276
32.285855,147415,36442,13:09:36.409276
32.287711,147384,36366,13:09:36.409276
32.289574,147283,36579,13:09:36.409276
32.29143,147318,36130,13:09:36.409276
32.293287,147273,36287,13:09:36.409276
32.295145,147238,36442,13:09:36.409276
32.297001,147364,36396,13:09:36.409276
32.29886,147421,36593,13:09:36.409276
32.300716,147188,36323,13:09:36.409276
32.302573,147237,36213,13:09:36.409276
32.304431,147296,36229,13:09:36.409276
32.306321,146972,36322,13:09:36.456802
32.308182,147244,36344,13:09:36.456802
32.310045,147231,36206,13:09:36.456802
32.311964,146635,36446,13:09:36.456802
32.313822,146971,36352,13:09:36.456802
32.315679,147037,36418,13:09:36.456802
32.317545,147111,36127,13:09:36.456802
32.319402,147148,36239,13:09:36.456802
32.321258,147082,36292,13:09:36.456802
32.323116,147194,36214,13:09:36.456802
32.324973,147247,35974,13:09:36.456802
32.326831,147335,36493,13:09:36.456802
32.328688,147125,36401,13:09:36.456802
32.330544,147439,36135,13:09:36.456802
32.332402,147319,36360,13:09:36.456802
32.334266,147214,36450,13:09:36.456802
32.336123,147170,36222,13:09:36.456802
32.337979,147319,36313,13:09:36.456802
32.339838,147127,36390,13:09:36.456802
32.341694,147212,36274,13:09:36.456802
32.343551,147249,36325,13:09:36.456802
32.345407,147467,36243,13:09:36.456802
32.347263,147296,36343,13:09:36.456802
32.349121,147511,36303,13:09:36.456802
32.35098,147193,36383,13:09:36.456802
32.352844,147276,36377,13:09:36.456802
32.354701,147197,36271,13:09:36.506822
32.356568,147285,36257,13:09:36.506822
32.35843,147320,36306,13:09:36.506822
32.360347,147313,36574,13:09:36.506822
32.362247,147339,36513,13:09:36.506822
32.364106,147287,36208,13:09:36.506822
32.365963,147406,36145,13:09:36.506822
32.367829,147045,36233,13:09:36.506822
32.369685,147616,36362,13:09:36.506822
32.371542,147146,36060,13:09:36.506822
32.3734,147263,36239,13:09:36.506822
32.375257,147360,36298,13:09:36.506822
32.377113,147194,36270,13:09:36.506822
32.378969,147193,36586,13:09:36.506822
32.380826,147152,36138,13:09:36.506822
32.382682,147267,36296,13:09:36.506822
32.384539,147183,36340,13:09:36.506822
32.386399,147130,36144,13:09:36.506822
32.388255,147313,36411,13:09:36.506822
32.390114,147273,36310,13:09:36.507837
32.39197,147101,36322,13:09:36.507837
32.393827,147252,36347,13:09:36.507837
32.395685,147361,36171,13:09:36.507837
32.397545,147300,36193,13:09:36.507837
32.399404,147305,36308,13:09:36.507837
32.40126,147041,36264,13:09:36.507837
32.403126,147096,36254,13:09:36.507837
32.404983,147246,36277,13:09:36.557019
32.406849,147354,36217,13:09:36.557019
32.408712,147183,36200,13:09:36.557019
32.410606,147391,36397,13:09:36.557019
32.412523,147009,36212,13:09:36.557019
32.414398,147295,36262,13:09:36.557019
32.416255,147247,36298,13:09:36.557019
32.418111,147399,36410,13:09:36.557019
32.419967,147242,36521,13:09:36.557019
32.421826,147206,36247,13:09:36.557019
32.423684,147177,36406,13:09:36.557019
32.425541,147577,36305,13:09:36.557019
32.427399,147134,36292,13:09:36.557019
32.429255,147314,36293,13:09:36.557019
32.431112,146960,36280,13:09:36.557019
32.43297,147257,36053,13:09:36.557019
32.434832,147139,36191,13:09:36.557019
32.436689,147220,36261,13:09:36.557019
32.438545,147189,36295,13:09:36.557019
32.440404,147273,36364,13:09:36.557019
32.44226,147250,36405,13:09:36.557019
32.444116,147327,36327,13:09:36.557019
32.445973,147160,36306,13:09:36.557019
32.447829,147395,36483,13:09:36.557019
32.449686,146908,36315,13:09:36.557019
32.451542,147439,36100,13:09:36.557019
32.45341,147358,36401,13:09:36.557019
32.455267,147125,36333,13:09:36.607429
32.457142,147171,36352,13:09:36.607429
32.459001,147434,36271,13:09:36.607429
32.460932,147088,36010,13:09:36.607429
32.462792,147421,36535,13:09:36.607429
32.464654,147010,36055,13:09:36.607429
32.466511,147283,36280,13:09:36.607429
32.468369,147227,36317,13:09:36.607429
32.470225,147347,36353,13:09:36.607429
32.472082,147155,36269,13:09:36.607429
32.47394,147453,36364,13:09:36.607429
32.4758,147335,36307,13:09:36.607429
32.477659,147281,36497,13:09:36.607429
32.479515,147225,36436,13:09:36.607429
32.481376,147363,36176,13:09:36.607429
32.483232,146915,36238,13:09:36.607429
32.485089,147068,36427,13:09:36.607429
32.486947,147098,36367,13:09:36.607429
32.488803,147239,36474,13:09:36.607429
32.490662,147036,36316,13:09:36.607429
32.492518,147367,36604,13:09:36.607429
32.49438,147109,36309,13:09:36.607429
32.496239,147211,36220,13:09:36.607429
32.498102,147205,36239,13:09:36.607429
32.499962,147406,36426,13:09:36.607429
32.501818,147182,36398,13:09:36.607429
32.503676,147415,36552,13:09:36.607429
32.505537,147076,36492,13:09:36.661775
32.507415,147124,36580,13:09:36.661775
32.509278,147088,36306,13:09:36.661775
32.511197,147104,36365,13:09:36.661775
32.513058,147444,36135,13:09:36.661775
32.514916,147029,36442,13:09:36.661775
32.516773,147263,36022,13:09:36.661775
32.518631,147246,36502,13:09:36.661775
32.520487,147301,36479,13:09:36.661775
32.52235,147355,36266,13:09:36.661775
32.524208,147400,36205,13:09:36.661775
32.526074,147216,36399,13:09:36.661775
32.527931,147506,36190,13:09:36.661775
32.529787,147639,36343,13:09:36.661775
32.531646,147218,36330,13:09:36.661775
32.533502,147273,36327,13:09:36.661775
32.535358,147255,36350,13:09:36.661775
32.537215,147191,36436,13:09:36.661775
32.539071,147200,36353,13:09:36.661775
32.540928,147114,36109,13:09:36.661775
32.542784,147152,36218,13:09:36.661775
32.544646,147077,36507,13:09:36.661775
32.546503,147169,36367,13:09:36.661775
32.548359,147096,36207,13:09:36.661775
32.550217,147009,36429,13:09:36.661775
32.552074,147040,36223,13:09:36.661775
32.553932,147301,36358,13:09:36.661775
32.555793,147166,36390,13:09:36.706717
32.557653,147224,36386,13:09:36.706717
32.559515,147067,36286,13:09:36.706717
32.561422,147141,36450,13:09:36.706717
32.563282,146879,36586,13:09:36.706717
32.565172,147282,36361,13:09:36.706717
32.567033,147259,36520,13:09:36.706717
32.568891,147083,36444,13:09:36.706717
32.570747,147356,36185,13:09:36.706717
32.572606,147485,36327,13:09:36.706717
32.574462,147354,36195,13:09:36.706717
32.576318,147214,36384,13:09:36.706717
32.578177,147452,36360,13:09:36.706717
32.580033,147428,36490,13:09:36.706717
32.58189,147191,36481,13:09:36.706717
32.583746,147358,36417,13:09:36.706717
32.58561,147320,36525,13:09:36.706717
32.587467,147419,36524,13:09:36.706717
32.589323,147297,36458,13:09:36.706717
32.591182,147200,36482,13:09:36.706717
32.593038,147388,36437,13:09:36.706717
32.594894,147524,36516,13:09:36.706717
32.596753,147287,36494,13:09:36.708129
32.598609,147107,36457,13:09:36.708129
32.600466,147535,36243,13:09:36.708129
32.602331,147102,36411,13:09:36.709136
32.604188,147130,36361,13:09:36.709136
32.606057,147176,36455,13:09:36.761865
32.607921,147318,36408,13:09:36.761865
32.609792,147613,36482,13:09:36.761865
32.611688,147462,36556,13:09:36.761865
32.613546,147322,36349,13:09:36.761865
32.615402,147561,36594,13:09:36.761865
32.617259,147514,36503,13:09:36.761865
32.619115,147379,36353,13:09:36.761865
32.620972,147211,36388,13:09:36.761865
32.622834,147148,36411,13:09:36.761865
32.62469,147364,36460,13:09:36.761865
32.626549,147674,36475,13:09:36.761865
32.628405,147400,36486,13:09:36.761865
32.630261,147720,36405,13:09:36.761865
32.63212,147532,36661,13:09:36.761865
32.63398,147331,36306,13:09:36.761865
32.635839,147448,36527,13:09:36.761865
32.637695,147387,36837,13:09:36.761865
32.639557,147244,36527,13:09:36.761865
32.641414,147399,36597,13:09:36.761865
32.64327,147408,36538,13:09:36.761865
32.645128,147588,36600,13:09:36.762877
32.646985,147659,36311,13:09:36.762877
32.648843,147350,36450,13:09:36.762877
32.6507,147284,36607,13:09:36.763871
32.652556,147389,36380,13:09:36.763871
32.654414,147255,36481,13:09:36.763871
32.656275,147511,36335,13:09:36.806793
32.658135,147568,36423,13:09:36.806793
32.660009,147217,36614,13:09:36.806793
32.661928,147251,36821,13:09:36.806793
32.66379,147346,36610,13:09:36.806793
32.665648,147294,36597,13:09:36.806793
32.667509,147647,36374,13:09:36.806793
32.669365,147472,36402,13:09:36.806793
32.671222,147549,36505,13:09:36.806793
32.67308,147352,36630,13:09:36.806793
32.674936,147682,36458,13:09:36.806793
32.676797,147548,36242,13:09:36.806793
32.678653,147430,36633,13:09:36.806793
32.680516,147588,36655,13:09:36.806793
32.682374,147403,36491,13:09:36.806793
32.684231,147378,36759,13:09:36.806793
32.686089,147013,36478,13:09:36.806793
32.687945,147413,36758,13:09:36.806793
32.689805,147390,36560,13:09:36.806793
32.691662,147570,36599,13:09:36.806793
32.693518,147335,36607,13:09:36.806793
32.695379,147572,36605,13:09:36.806793
32.697236,147687,36622,13:09:36.806793
32.699095,147419,36690,13:09:36.806793
32.700952,147518,36480,13:09:36.806793
32.70281,147671,36862,13:09:36.806793
32.704667,147400,36561,13:09:36.856756
32.706542,147371,36639,13:09:36.856756
32.708401,147545,36592,13:09:36.856756
32.710303,147412,36786,13:09:36.856756
32.712208,147301,36573,13:09:36.856756
32.71407,147378,36580,13:09:36.856756
32.715926,147584,36584,13:09:36.856756
32.717785,147339,36688,13:09:36.856756
32.719641,147521,36520,13:09:36.856756
32.721498,147641,36497,13:09:36.856756
32.723356,147717,36512,13:09:36.856756
32.725217,147694,36738,13:09:36.856756
32.727075,147550,36478,13:09:36.856756
32.728931,147330,36947,13:09:36.856756
32.730792,147388,36346,13:09:36.856756
32.732648,147461,36613,13:09:36.856756
32.734504,147662,36448,13:09:36.856756
32.736363,147536,36719,13:09:36.856756
32.738219,147431,36628,13:09:36.856756
32.740077,147448,36657,13:09:36.856756
32.741934,147645,36675,13:09:36.856756
32.743794,147558,36680,13:09:36.856756
32.745653,147535,36648,13:09:36.856756
32.747519,147627,36751,13:09:36.856756
32.749379,147386,36789,13:09:36.856756
32.751236,147532,36625,13:09:36.856756
32.753092,147565,36659,13:09:36.856756
32.754949,147451,36706,13:09:36.908560
32.756815,147700,36587,13:09:36.908560
32.758676,147611,36815,13:09:36.908560
32.760589,147478,36376,13:09:36.908560
32.76245,147559,36746,13:09:36.908560
32.764308,147382,36780,13:09:36.908560
32.766167,147483,36603,13:09:36.908560
32.768025,147601,36513,13:09:36.908560
32.769881,147511,36735,13:09:36.908560
32.77174,147465,36585,13:09:36.908560
32.773596,147528,36513,13:09:36.908560
32.775452,147454,36619,13:09:36.908560
32.777311,147770,36728,13:09:36.908560
32.779167,147479,36495,13:09:36.908560
32.781024,147430,36633,13:09:36.908560
32.78288,147372,36709,13:09:36.908560
32.784744,147586,36786,13:09:36.908560
32.786601,147831,36473,13:09:36.908560
32.788457,147688,36658,13:09:36.908560
32.790316,147517,36588,13:09:36.908560
32.792172,147626,36255,13:09:36.908560
32.794028,147677,36488,13:09:36.908560
32.795885,147470,36834,13:09:36.908560
32.797741,147603,36689,13:09:36.908560
32.799599,147527,36760,13:09:36.908560
32.801456,147509,36452,13:09:36.908560
32.803314,147701,36524,13:09:36.908560
32.805171,147595,36444,13:09:36.962827
32.807033,147497,36728,13:09:36.962827
32.808893,147712,36680,13:09:36.962827
32.810798,147022,36767,13:09:36.963811
32.812659,147376,36661,13:09:36.963811
32.814554,147510,36427,13:09:36.963811
32.816411,147302,36537,13:09:36.964812
32.818267,147672,36741,13:09:36.964812
32.820123,147613,36880,13:09:36.964812
32.82198,147726,36771,13:09:36.964812
32.823836,147587,36578,13:09:36.964812
32.825699,147629,36631,13:09:36.964812
32.827555,147532,36539,13:09:36.964812
32.829411,147544,36564,13:09:36.964812
32.83127,147691,36655,13:09:36.964812
32.833126,147685,36355,13:09:36.964812
32.834985,147409,36796,13:09:36.964812
32.836843,147685,36902,13:09:36.964812
32.838699,147619,36732,13:09:36.964812
32.840558,147556,36564,13:09:36.964812
32.842424,147646,36623,13:09:36.964812
32.84428,147534,36686,13:09:36.964812
32.846137,147351,36422,13:09:36.964812
32.847995,147281,36610,13:09:36.964812
32.849854,147424,36884,13:09:36.964812
32.85171,147581,36532,13:09:36.964812
32.853568,147501,36690,13:09:36.965813
32.855425,147545,36603,13:09:37.013870
32.857289,147827,36715,13:09:37.013870
32.85915,147216,36704,13:09:37.013870
32.861053,147191,36728,13:09:37.013870
32.862918,147480,36787,13:09:37.013870
32.864796,147536,36707,13:09:37.013870
32.866663,147321,36745,13:09:37.013870
32.868541,147434,36747,13:09:37.013870
32.870398,147509,36595,13:09:37.013870
32.872254,147606,36549,13:09:37.013870
32.87411,147614,36690,13:09:37.013870
32.875969,147797,36619,13:09:37.013870
32.877825,147708,36519,13:09:37.013870
32.879681,147564,36613,13:09:37.013870
32.88154,147476,36972,13:09:37.013870
32.883396,147565,36895,13:09:37.013870
32.885253,147470,36712,13:09:37.013870
32.887109,147672,36751,13:09:37.013870
32.888973,147661,36754,13:09:37.013870
32.89083,147530,36706,13:09:37.013870
32.892686,147744,36877,13:09:37.013870
32.894545,147484,36734,13:09:37.013870
32.896401,147297,36915,13:09:37.013870
32.898259,147359,36747,13:09:37.013870
32.900116,147740,36553,13:09:37.013870
32.901972,147419,36537,13:09:37.013870
32.903828,147789,36824,13:09:37.013870
32.905695,147561,36790,13:09:37.063042
32.907557,147436,36840,13:09:37.063042
32.909419,147737,36651,13:09:37.063042
32.91132,146945,36802,13:09:37.063042
32.91318,147252,36727,13:09:37.063042
32.915044,146876,36574,13:09:37.063042
32.916921,147683,36935,13:09:37.063042
32.918787,146765,36534,13:09:37.063042
32.920644,147514,36677,13:09:37.063042
32.922502,147443,36859,13:09:37.063042
32.924358,147645,36550,13:09:37.063042
32.926217,147537,36571,13:09:37.063042
32.928073,147886,36895,13:09:37.063042
32.929934,147213,36703,13:09:37.063042
32.931792,147351,36928,13:09:37.063042
32.933648,147506,36537,13:09:37.063042
32.935507,147450,36789,13:09:37.063042
32.937363,147352,36605,13:09:37.063042
32.939221,147699,37049,13:09:37.063042
32.941078,147639,36585,13:09:37.063042
32.942934,147383,36762,13:09:37.063042
32.944793,147697,36813,13:09:37.063042
32.946653,147619,36586,13:09:37.063042
32.948509,147674,36765,13:09:37.063042
32.950366,147618,36756,13:09:37.063042
32.952224,147410,36870,13:09:37.063042
32.954081,147479,36899,13:09:37.063042
32.955943,147486,36823,13:09:37.114320
32.957803,147665,36741,13:09:37.114320
32.959666,147651,36808,13:09:37.114320
32.961572,147426,36802,13:09:37.114320
32.96343,147597,36580,13:09:37.114320
32.965301,147105,36695,13:09:37.114320
32.967157,145804,36626,13:09:37.114320
32.969013,147484,36564,13:09:37.114320
32.970872,147299,36489,13:09:37.114320
32.97273,147396,36530,13:09:37.114320
32.974615,147602,36731,13:09:37.114320
32.976475,147451,36672,13:09:37.114320
32.978331,147262,36623,13:09:37.114320
32.98019,147428,36702,13:09:37.114320
32.982046,147749,36803,13:09:37.114320
32.983904,147546,36556,13:09:37.114320
32.985763,147093,36579,13:09:37.114320
32.987621,147407,36728,13:09:37.114320
32.989479,147147,36663,13:09:37.114320
32.991336,147491,36802,13:09:37.114320
32.993202,147727,36745,13:09:37.114320
32.995059,147278,36693,13:09:37.114320
32.996915,147464,36488,13:09:37.114320
32.998773,147434,36844,13:09:37.114320
33.00063,147449,36744,13:09:37.114320
33.002488,147259,36625,13:09:37.114320
33.004344,147215,36584,13:09:37.114320
33.006209,147524,36607,13:09:37.165837
33.008069,147612,36765,13:09:37.165837
33.00995,147561,36911,13:09:37.165837
33.011836,147268,36932,13:09:37.165837
33.013692,146869,36679,13:09:37.165837
33.015549,147477,36675,13:09:37.165837
33.017407,147412,36978,13:09:37.165837
33.019267,147276,36632,13:09:37.165837
33.021126,147474,36762,13:09:37.165837
33.022982,147624,36774,13:09:37.165837
33.024838,147323,36699,13:09:37.165837
33.026695,147461,36544,13:09:37.165837
33.028551,147506,36733,13:09:37.165837
33.03041,147690,36440,13:09:37.165837
33.032266,147431,36601,13:09:37.165837
33.034124,147231,36775,13:09:37.165837
33.035981,147392,36465,13:09:37.165837
33.037837,147441,36691,13:09:37.165837
33.039693,147209,36924,13:09:37.165837
33.041558,147556,36546,13:09:37.165837
33.043414,147417,36891,13:09:37.165837
33.045271,147383,36605,13:09:37.165837
33.047129,147367,36592,13:09:37.165837
33.048985,147290,36636,13:09:37.165837
33.050844,147502,36468,13:09:37.165837
33.052702,147673,36513,13:09:37.165837
33.054559,147292,36666,13:09:37.219749
33.056425,147192,36744,13:09:37.219749
33.058283,147565,36373,13:09:37.219749
33.060178,147357,36665,13:09:37.219749
33.062054,147124,36640,13:09:37.219749
33.06391,147579,36602,13:09:37.219749
33.065769,147319,36911,13:09:37.219749
33.067629,147479,36605,13:09:37.219749
33.069517,144501,36832,13:09:37.219749
33.071382,147392,36744,13:09:37.219749
33.073242,147414,36793,13:09:37.219749
33.0751,147441,36731,13:09:37.219749
33.076957,147541,36707,13:09:37.219749
33.078813,147663,36624,13:09:37.219749
33.080671,147383,36626,13:09:37.219749
33.082528,147575,36796,13:09:37.219749
33.084384,147414,36749,13:09:37.219749
33.086241,147424,36539,13:09:37.219749
33.088101,147526,36637,13:09:37.219749
33.089957,147643,36786,13:09:37.219749
33.091814,147604,36852,13:09:37.219749
33.093672,147552,36747,13:09:37.219749
33.095528,147470,36595,13:09:37.219749
33.097387,147438,36877,13:09:37.219749
33.099243,147471,36566,13:09:37.219749
33.101104,147736,36822,13:09:37.219749
33.102962,147620,36779,13:09:37.219749
33.10482,147532,36712,13:09:37.270624
33.106691,147449,36683,13:09:37.270624
33.108551,147647,36883,13:09:37.270624
33.110455,147498,36805,13:09:37.270624
33.11232,147000,36270,13:09:37.270624
33.114176,147099,36764,13:09:37.270624
33.116036,147188,36840,13:09:37.270624
33.117893,147564,36360,13:09:37.270624
33.119751,147467,36697,13:09:37.270624
33.12161,147647,36646,13:09:37.270624
33.123486,144591,36495,13:09:37.270624
33.125384,147534,36942,13:09:37.270624
33.12724,147507,36774,13:09:37.270624
33.129097,147457,36692,13:09:37.270624
33.130955,147258,36490,13:09:37.270624
33.132812,147380,36531,13:09:37.270624
33.13467,147600,36364,13:09:37.270624
33.136526,147344,36787,13:09:37.270624
33.138393,147271,36697,13:09:37.270624
33.140249,147466,36775,13:09:37.270624
33.142106,147610,37004,13:09:37.270624
33.143964,147334,36872,13:09:37.271479
33.14582,147371,36519,13:09:37.271479
33.147679,147499,36536,13:09:37.271479
33.149535,147446,36629,13:09:37.271479
33.151391,147383,36735,13:09:37.271479
33.15325,147525,36722,13:09:37.271479
33.155111,147767,36697,13:09:37.320652
33.156983,147220,36689,13:09:37.320652
33.158843,147343,36883,13:09:37.320652
33.160762,147452,36743,13:09:37.320652
33.162623,147517,36656,13:09:37.320652
33.164482,146992,36783,13:09:37.320652
33.16634,146541,36670,13:09:37.320652
33.168197,146432,36426,13:09:37.320652
33.170059,147529,36759,13:09:37.320652
33.171917,143197,36679,13:09:37.320652
33.173776,147487,36479,13:09:37.320652
33.175634,147218,36574,13:09:37.320652
33.17749,147502,36742,13:09:37.320652
33.179349,147378,36609,13:09:37.320652
33.181205,147308,36391,13:09:37.320652
33.183062,147348,36583,13:09:37.320652
33.18492,147550,36537,13:09:37.320652
33.186776,147301,36691,13:09:37.320652
33.188635,147324,36649,13:09:37.320652
33.190491,147432,36712,13:09:37.320652
33.192348,147350,36639,13:09:37.320652
33.194206,147568,36511,13:09:37.320652
33.19607,147255,36598,13:09:37.320652
33.197927,147214,36788,13:09:37.320652
33.199785,147235,36524,13:09:37.321666
33.201643,147560,36693,13:09:37.321666
33.2035,147450,36601,13:09:37.321666
33.205356,147376,36423,13:09:37.378251
33.207231,147507,36184,13:09:37.378251
33.209092,147382,36518,13:09:37.378251
33.211017,147206,36482,13:09:37.378251
33.212878,147510,36621,13:09:37.378251
33.214736,147184,36635,13:09:37.378251
33.216592,146614,36774,13:09:37.378251
33.218449,147422,36691,13:09:37.378251
33.220309,147465,36665,13:09:37.378251
33.222171,147120,36687,13:09:37.379261
33.224046,146147,36643,13:09:37.379261
33.225912,147316,36304,13:09:37.379261
33.227768,147173,36805,13:09:37.379261
33.229633,147399,36719,13:09:37.379261
33.231489,147364,36568,13:09:37.379261
33.233346,147094,36570,13:09:37.379261
33.235204,147322,36500,13:09:37.379261
33.23706,147404,36400,13:09:37.379261
33.238917,147491,36646,13:09:37.379261
33.240773,147223,36502,13:09:37.379261
33.24263,147425,36558,13:09:37.379261
33.244486,147466,36626,13:09:37.379261
33.246343,147260,36879,13:09:37.379261
33.248203,147349,36745,13:09:37.379261
33.250059,147261,36566,13:09:37.379261
33.251917,147277,36662,13:09:37.379261
33.253774,147316,36704,13:09:37.379261
33.255632,147222,36486,13:09:37.423043
33.257497,147269,36666,13:09:37.423043
33.259361,147504,36602,13:09:37.423043
33.261279,147043,36492,13:09:37.423043
33.263139,146958,36590,13:09:37.423043
33.265001,146973,36361,13:09:37.423043
33.266858,147314,36503,13:09:37.423043
33.268715,147430,36668,13:09:37.423043
33.270576,147362,36687,13:09:37.423043
33.272435,145739,36740,13:09:37.423043
33.274292,147397,36689,13:09:37.424150
33.276152,147386,36866,13:09:37.424150
33.278008,147249,36663,13:09:37.424150
33.279867,147482,36540,13:09:37.424150
33.281759,144640,36516,13:09:37.424150
33.283621,147201,36801,13:09:37.424150
33.28548,147323,36667,13:09:37.424150
33.287336,147326,36700,13:09:37.424150
33.289195,147315,36337,13:09:37.424150
33.291051,147423,36601,13:09:37.424150
33.292907,147552,36622,13:09:37.424150
33.294766,147605,36680,13:09:37.424150
33.296623,147348,36419,13:09:37.424150
33.298484,147594,36682,13:09:37.424150
33.300341,147296,36698,13:09:37.424150
33.302199,147491,36777,13:09:37.424150
33.304056,146934,36848,13:09:37.424150
33.305916,147459,36427,13:09:37.482512
33.307776,147472,36548,13:09:37.482512
33.309641,147503,36394,13:09:37.482512
33.311551,147262,36545,13:09:37.482512
33.313407,147103,36646,13:09:37.482512
33.315264,147299,36559,13:09:37.482512
33.317122,147377,36658,13:09:37.482512
33.318979,147379,36608,13:09:37.482512
33.320837,147138,36447,13:09:37.482512
33.322693,147355,36546,13:09:37.482512
33.32455,146478,36596,13:09:37.483427
33.326406,146505,36989,13:09:37.483427
33.328308,147161,36612,13:09:37.483427
33.330169,147377,36713,13:09:37.483427
33.332025,147468,36760,13:09:37.483427
33.333881,147309,36647,13:09:37.483427
33.33574,147322,36792,13:09:37.483427
33.337596,147616,36672,13:09:37.483427
33.339453,147056,36711,13:09:37.483427
33.341309,147338,36494,13:09:37.483427
33.343167,147352,36800,13:09:37.483427
33.345024,147200,36616,13:09:37.483427
33.34688,147287,36747,13:09:37.483427
33.348737,147352,36637,13:09:37.483427
33.350593,147288,36479,13:09:37.483427
33.352449,147264,36576,13:09:37.483427
33.354306,147366,36656,13:09:37.483427
33.356174,147304,36881,13:09:37.525047
33.358035,147263,36425,13:09:37.525047
33.359911,147472,36847,13:09:37.525047
33.361799,147156,36860,13:09:37.525047
33.363657,147273,36603,13:09:37.525047
33.365514,147108,36474,13:09:37.525047
33.367374,147160,36685,13:09:37.525047
33.369233,146413,36744,13:09:37.525047
33.371089,146484,36670,13:09:37.525047
33.372946,147487,36588,13:09:37.525047
33.374812,147084,36636,13:09:37.525047
33.376668,146845,36525,13:09:37.525047
33.378525,147341,36732,13:09:37.525047
33.380385,147425,36693,13:09:37.525887
33.382242,147339,36719,13:09:37.525887
33.384127,143544,36603,13:09:37.525887
33.38599,147195,36426,13:09:37.525887
33.387846,147303,36528,13:09:37.525887
33.389707,147137,36701,13:09:37.525887
33.391563,147485,36422,13:09:37.525887
33.393421,147332,36655,13:09:37.525887
33.395278,147314,36756,13:09:37.525887
33.39714,147110,36628,13:09:37.525887
33.398998,147147,36682,13:09:37.525887
33.400865,147216,36541,13:09:37.525887
33.402721,147191,36631,13:09:37.525887
33.404578,147206,36614,13:09:37.583493
33.406442,147236,36737,13:09:37.583493
33.4083,147376,36915,13:09:37.583493
33.410195,147195,36561,13:09:37.583493
33.412067,147057,36456,13:09:37.584496
33.413923,147329,36623,13:09:37.584496
33.415782,147099,36726,13:09:37.585493
33.417638,147076,36766,13:09:37.585493
33.419495,147338,36110,13:09:37.585493
33.421353,146416,36565,13:09:37.585493
33.423209,147305,36617,13:09:37.585493
33.425068,147219,36619,13:09:37.585493
33.426924,146365,36600,13:09:37.585493
33.428788,144817,36543,13:09:37.585493
33.430672,147075,36640,13:09:37.585493
33.432529,147224,36580,13:09:37.585493
33.434385,147333,36542,13:09:37.585493
33.436242,147334,36663,13:09:37.585493
33.4381,147512,36561,13:09:37.585493
33.439956,147172,36709,13:09:37.585493
33.441813,147103,36604,13:09:37.585493
33.443675,147224,36642,13:09:37.585493
33.445532,147213,36598,13:09:37.585493
33.44739,147142,36584,13:09:37.585493
33.449246,147280,36662,13:09:37.585493
33.451103,147254,36524,13:09:37.585493
33.452961,147401,36770,13:09:37.585493
33.454821,147424,36450,13:09:37.628492
33.456692,147339,36775,13:09:37.628492
33.458552,147220,36711,13:09:37.628492
33.460456,147373,36570,13:09:37.628492
33.462325,147136,36554,13:09:37.628492
33.464181,147089,36827,13:09:37.628492
33.466039,147181,36651,13:09:37.628492
33.467896,147217,36637,13:09:37.628492
33.469752,147232,36512,13:09:37.628492
33.471611,146934,36762,13:09:37.628492
33.473468,147313,36664,13:09:37.628492
33.475327,146786,36634,13:09:37.628492
33.47719,147013,36673,13:09:37.628492
33.47905,147294,36593,13:09:37.629497
33.480907,147125,36430,13:09:37.629497
33.482763,147098,36563,13:09:37.629497
33.484621,147088,36795,13:09:37.629497
33.486482,145781,36853,13:09:37.629497
33.48834,147447,36478,13:09:37.629497
33.490197,147282,36625,13:09:37.629497
33.492053,147317,36730,13:09:37.629497
33.493911,147251,36580,13:09:37.629497
33.49577,147181,36660,13:09:37.629497
33.497626,147186,36593,13:09:37.629497
33.499482,147266,36785,13:09:37.629497
33.501341,147110,36520,13:09:37.629497
33.503197,147318,36535,13:09:37.629497
33.505054,147118,36719,13:09:37.677592
33.506932,147326,36746,13:09:37.677592
33.508792,147379,36506,13:09:37.677592
33.510681,147332,36678,13:09:37.677592
33.512541,147118,36736,13:09:37.677592
33.514397,147220,36423,13:09:37.677592
33.516256,146565,36732,13:09:37.677592
33.518112,147426,36518,13:09:37.677592
33.519968,146756,36673,13:09:37.677592
33.521825,146958,36616,13:09:37.677592
33.523681,147117,36700,13:09:37.677592
33.525538,147213,36858,13:09:37.677592
33.527395,147333,36790,13:09:37.677592
33.529256,147469,36773,13:09:37.677592
33.531113,147213,36863,13:09:37.677592
33.532975,145353,36694,13:09:37.677592
33.534855,147257,36857,13:09:37.677592
33.536711,147182,36643,13:09:37.677592
33.538568,147376,36725,13:09:37.677592
33.540425,147381,36632,13:09:37.677592
33.542283,147274,36811,13:09:37.677592
33.544139,147314,36512,13:09:37.677592
33.545996,147497,36536,13:09:37.677592
33.547854,147337,36679,13:09:37.677592
33.549716,147129,36704,13:09:37.677592
33.551573,147442,36737,13:09:37.677592
33.553429,147483,36621,13:09:37.677592
33.555288,147403,36482,13:09:37.730547
33.557156,147387,36991,13:09:37.730547
33.559016,147064,36654,13:09:37.730547
33.560911,147400,36572,13:09:37.730547
33.562827,147215,36486,13:09:37.730547
33.564683,147275,36587,13:09:37.730547
33.566541,146801,36506,13:09:37.730547
33.568398,147368,36606,13:09:37.730547
33.570256,146449,36668,13:09:37.730547
33.572113,146333,36584,13:09:37.730547
33.573969,146513,36872,13:09:37.730547
33.575827,147097,36635,13:09:37.730547
33.577689,147194,36732,13:09:37.730547
33.579547,146798,36907,13:09:37.730547
33.581444,146084,36678,13:09:37.730547
33.583303,147515,36976,13:09:37.730547
33.585161,147088,36750,13:09:37.730547
33.587018,147326,36823,13:09:37.730547
33.588914,147444,36906,13:09:37.730547
33.590772,147046,36981,13:09:37.730547
33.592628,147281,36851,13:09:37.730547
33.594487,147438,36809,13:09:37.730547
33.596345,147193,36825,13:09:37.730547
33.598203,147127,36650,13:09:37.730547
33.60006,147503,36871,13:09:37.730547
33.601926,147383,36672,13:09:37.730547
33.603785,147195,36824,13:09:37.730547
33.605648,147395,36629,13:09:37.780013
33.607509,147301,36755,13:09:37.780013
33.60937,147377,36885,13:09:37.780013
33.611275,147020,36854,13:09:37.780013
33.613132,147049,36833,13:09:37.780013
33.614993,147298,36848,13:09:37.780013
33.616851,147312,36854,13:09:37.780013
33.618707,146659,36913,13:09:37.780013
33.620568,146770,36800,13:09:37.780013
33.622424,146694,36779,13:09:37.780013
33.624281,147365,36978,13:09:37.780013
33.626139,147640,37028,13:09:37.780013
33.627995,146568,36802,13:09:37.780013
33.629854,147461,36691,13:09:37.780013
33.63171,147511,36893,13:09:37.780013
33.63357,146470,36825,13:09:37.780013
33.635431,147249,36747,13:09:37.780013
33.637295,147299,36871,13:09:37.780013
33.639151,147599,36619,13:09:37.780013
33.641008,147428,36943,13:09:37.780013
33.642866,147507,36850,13:09:37.780013
33.644723,147752,36852,13:09:37.780013
33.646579,147531,36873,13:09:37.780013
33.648437,147201,36798,13:09:37.780013
33.650294,147363,36877,13:09:37.780013
33.652152,147320,37052,13:09:37.780013
33.654008,147406,36732,13:09:37.780013
33.655875,147268,36727,13:09:37.836561
33.657741,147420,36850,13:09:37.836561
33.659606,147253,36982,13:09:37.836561
33.661518,147355,36992,13:09:37.836561
33.66338,147337,36935,13:09:37.836561
33.665236,147225,36834,13:09:37.836561
33.667095,146999,36815,13:09:37.836561
33.668951,147316,36857,13:09:37.836561
33.670808,146649,37040,13:09:37.836561
33.672664,146496,37077,13:09:37.836561
33.674522,147543,36899,13:09:37.836561
33.676379,147470,37053,13:09:37.837563
33.678235,146632,37044,13:09:37.837563
33.680094,146663,37115,13:09:37.837563
33.681954,146655,36909,13:09:37.837563
33.683812,143574,37151,13:09:37.837563
33.685669,147347,36981,13:09:37.837563
33.687525,147691,36727,13:09:37.837563
33.689384,147336,36768,13:09:37.837563
33.691284,147550,36785,13:09:37.837563
33.693142,147459,37061,13:09:37.837563
33.694998,147279,36987,13:09:37.837563
33.696855,147495,36825,13:09:37.837563
33.698713,147549,36977,13:09:37.837563
33.700574,147311,36871,13:09:37.837563
33.70243,147506,36602,13:09:37.837563
33.704286,147439,36770,13:09:37.837563
33.706151,147518,36929,13:09:37.882276
33.708011,147665,36666,13:09:37.882276
33.709885,147586,36876,13:09:37.882276
33.71178,147253,36949,13:09:37.882276
33.713636,147456,36731,13:09:37.882276
33.715492,147282,36893,13:09:37.882276
33.717349,147425,37022,13:09:37.882276
33.719213,147781,36889,13:09:37.882276
33.721069,146968,36821,13:09:37.882276
33.722926,147389,36795,13:09:37.882276
33.724786,146930,37060,13:09:37.882276
33.726642,146883,36786,13:09:37.882276
33.728499,146711,36812,13:09:37.882276
33.730357,146589,36804,13:09:37.882276
33.732214,146664,36987,13:09:37.882276
33.73407,147579,36992,13:09:37.882276
33.73593,146640,36856,13:09:37.882276
33.737791,147680,36980,13:09:37.882276
33.739647,147513,36604,13:09:37.882276
33.741504,147579,36945,13:09:37.882276
33.743362,147507,36784,13:09:37.882276
33.745218,147835,37163,13:09:37.882276
33.747075,147586,36778,13:09:37.882276
33.748931,147325,36986,13:09:37.882276
33.750787,147490,36992,13:09:37.882276
33.752644,147556,36845,13:09:37.882276
33.754501,147488,36915,13:09:37.935074
33.756375,147426,36970,13:09:37.935074
33.758235,147539,37071,13:09:37.935074
33.760111,147426,36804,13:09:37.935074
33.761988,147329,37121,13:09:37.935074
33.763846,147642,37011,13:09:37.935074
33.765706,147611,37127,13:09:37.935074
33.767563,147567,37007,13:09:37.935074
33.769427,147138,36822,13:09:37.935074
33.771283,146237,36973,13:09:37.935074
33.77314,147507,36891,13:09:37.935074
33.774998,146600,37228,13:09:37.935074
33.776857,147329,37027,13:09:37.935074
33.778713,147726,37065,13:09:37.935074
33.780569,147592,36998,13:09:37.935074
33.782426,146831,36980,13:09:37.935074
33.784289,147777,37021,13:09:37.935074
33.786182,144103,36797,13:09:37.935074
33.788047,147616,36905,13:09:37.935074
33.789907,147814,37161,13:09:37.935074
33.791763,147459,37055,13:09:37.935074
33.793622,147485,37062,13:09:37.935074
33.795481,147682,36869,13:09:37.935074
33.797338,147726,36916,13:09:37.935074
33.799195,147449,37074,13:09:37.935074
33.801061,147755,37066,13:09:37.935074
33.80292,147714,36950,13:09:37.935074
33.804776,147749,37264,13:09:37.984717
33.806636,147654,36995,13:09:37.984717
33.808497,147691,36952,13:09:37.984717
33.810414,147533,36827,13:09:37.984717
33.812277,147352,36837,13:09:37.984717
33.814134,147590,36933,13:09:37.984717
33.815992,147687,36916,13:09:37.984717
33.81785,147576,37029,13:09:37.984717
33.819709,147313,36835,13:09:37.984717
33.821565,147424,36943,13:09:37.984717
33.823422,146777,37042,13:09:37.984717
33.82528,146938,36816,13:09:37.984717
33.827136,146773,37049,13:09:37.984717
33.828993,147745,37064,13:09:37.984717
33.830849,147583,37104,13:09:37.984717
33.832707,147687,37236,13:09:37.984717
33.834566,147748,37102,13:09:37.984717
33.836432,147659,36993,13:09:37.984717
33.838312,144915,36870,13:09:37.984717
33.840179,147341,36965,13:09:37.984717
33.842035,147591,36942,13:09:37.984717
33.843893,147485,36848,13:09:37.984717
33.845753,147622,36839,13:09:37.984717
33.84761,147624,36931,13:09:37.984717
33.849467,147399,36764,13:09:37.985852
33.851325,147590,37002,13:09:37.985852
33.853181,147742,37123,13:09:37.985852
33.855038,147498,37030,13:09:38.039159
33.856902,147462,37114,13:09:38.039159
33.858762,147443,36825,13:09:38.039159
33.860677,146979,37135,13:09:38.039159
33.862537,147626,36938,13:09:38.039159
33.864401,147580,36954,13:09:38.039159
33.866258,147451,36916,13:09:38.039159
33.868114,147167,37103,13:09:38.039159
33.869972,147386,36972,13:09:38.039159
33.871831,146594,37025,13:09:38.039159
33.873687,146961,36873,13:09:38.039159
33.875543,147430,37136,13:09:38.039159
33.8774,147461,36868,13:09:38.039159
33.879258,147549,37094,13:09:38.039159
33.881115,147066,36745,13:09:38.039159
33.882979,147367,36951,13:09:38.039159
33.884835,147602,37145,13:09:38.039159
33.886702,147617,37124,13:09:38.039159
33.888562,144341,36979,13:09:38.039159
33.890418,147767,37030,13:09:38.039159
33.892277,148068,37143,13:09:38.039159
33.894135,148052,37166,13:09:38.039159
33.896036,148226,37257,13:09:38.039159
33.897894,148298,37052,13:09:38.039159
33.89975,148516,37113,13:09:38.039159
33.901608,148305,36897,13:09:38.039159
33.903465,148514,37105,13:09:38.039159
33.905321,148559,37277,13:09:38.089713
33.907188,148556,37167,13:09:38.090697
33.909048,148601,37183,13:09:38.091694
33.91096,148434,37094,13:09:38.092697
33.912819,148630,37273,13:09:38.092697
33.914676,148547,37225,13:09:38.092697
33.916537,148436,37370,13:09:38.092697
33.918394,148680,37178,13:09:38.092697
33.920252,148272,37367,13:09:38.092697
33.922108,147039,37215,13:09:38.092697
33.923965,148749,37213,13:09:38.092697
33.925825,148923,37379,13:09:38.092697
33.927681,148056,37215,13:09:38.092697
33.929538,147699,37156,13:09:38.092697
33.931394,148517,37320,13:09:38.092697
33.933255,148545,36750,13:09:38.092697
33.935111,148397,37142,13:09:38.092697
33.936967,147755,37420,13:09:38.092697
33.938828,148744,37053,13:09:38.092697
33.940698,148251,37497,13:09:38.092697
33.942568,148758,37245,13:09:38.092697
33.944425,148775,37262,13:09:38.092697
33.946281,149441,37347,13:09:38.092697
33.948139,149142,37461,13:09:38.092697
33.949996,149351,37584,13:09:38.092697
33.951854,149607,37234,13:09:38.092697
33.953711,149582,37440,13:09:38.092697
33.955575,149576,37293,13:09:38.138895
33.957437,149575,37574,13:09:38.138895
33.959302,149763,37568,13:09:38.138895
33.961224,149486,37521,13:09:38.138895
33.96308,149602,37486,13:09:38.138895
33.964937,149494,37541,13:09:38.138895
33.966797,149653,37654,13:09:38.138895
33.968653,149135,37421,13:09:38.138895
33.970512,148630,37290,13:09:38.138895
33.972368,149163,37292,13:09:38.138895
33.97423,148638,37429,13:09:38.138895
33.976087,149228,37088,13:09:38.138895
33.977944,147952,37429,13:09:38.138895
33.979807,147404,37249,13:09:38.138895
33.981664,148769,37148,13:09:38.138895
33.983524,147999,37301,13:09:38.138895
33.985387,148372,37166,13:09:38.138895
33.987244,147860,37213,13:09:38.138895
33.989113,147077,37192,13:09:38.139893
33.991012,146544,36996,13:09:38.139893
33.992878,147967,36995,13:09:38.139893
33.994736,148133,37292,13:09:38.139893
33.996616,148231,37064,13:09:38.139893
33.998475,148172,37097,13:09:38.139893
34.000331,148036,37586,13:09:38.139893
34.002194,147926,37061,13:09:38.139893
34.00405,148004,37331,13:09:38.139893
34.00591,147758,36906,13:09:38.156892
34.007773,147515,36827,13:09:38.156892
34.009637,147552,37092,13:09:38.156892
34.011543,146935,36869,13:09:38.156892
34.013402,146981,36910,13:09:38.156892
34.01526,146872,37176,13:09:38.156892
34.017118,146491,36775,13:09:38.156892
34.018977,146281,36680,13:09:38.156892
34.020841,145862,36482,13:09:38.156892
34.022697,145728,36612,13:09:38.156892
34.024554,145401,36485,13:09:38.156892
34.026412,144383,36401,13:09:38.156892
34.028268,144780,36496,13:09:38.156892
34.030125,144486,36466,13:09:38.156892
34.031981,144048,36554,13:09:38.156892
34.033838,143737,36390,13:09:38.156892
34.035694,142804,35874,13:09:38.156892
34.037551,143156,36100,13:09:38.156892
34.039411,142479,36112,13:09:38.156892
34.041267,143258,36458,13:09:38.156892
34.043133,142012,36037,13:09:38.156892
34.045008,143169,36244,13:09:38.156892
34.046866,142949,36077,13:09:38.156892
34.048724,142984,35929,13:09:38.156892
34.050581,143101,36064,13:09:38.156892
34.052437,143299,36054,13:09:38.156892
34.054294,143462,36040,13:09:38.156892
34.056158,143622,36448,13:09:38.208625
34.058018,144078,36424,13:09:38.208625
34.059884,144323,36362,13:09:38.208625
34.061775,144312,36390,13:09:38.208625
34.063631,144416,36392,13:09:38.208625
34.065488,144438,36385,13:09:38.208625
34.067346,144296,36519,13:09:38.208625
34.069205,144588,36497,13:09:38.208625
34.071063,144309,36268,13:09:38.208625
34.072919,144403,36480,13:09:38.208625
34.07478,144036,36042,13:09:38.208625
34.076636,144415,36396,13:09:38.208625
34.078492,143676,36103,13:09:38.208625
34.080351,143601,36181,13:09:38.208625
34.082207,143384,36483,13:09:38.208625
34.084065,143166,36260,13:09:38.208625
34.085922,143116,36162,13:09:38.208625
34.087782,142610,36004,13:09:38.208625
34.089641,142803,36107,13:09:38.208625
34.091507,142371,35915,13:09:38.208625
34.093363,142010,35928,13:09:38.208625
34.09522,141829,36046,13:09:38.208625
34.097078,141733,35773,13:09:38.208625
34.098934,141474,35532,13:09:38.208625
34.100793,141159,35842,13:09:38.208625
34.102651,140882,35657,13:09:38.208625
34.104508,140660,35531,13:09:38.256870
34.106372,139680,35510,13:09:38.256870
34.10824,139567,35443,13:09:38.256870
34.110103,139656,35431,13:09:38.256870
34.112005,138656,35163,13:09:38.256870
34.113861,138740,35276,13:09:38.256870
34.11572,138161,35162,13:09:38.256870
34.117576,137357,34956,13:09:38.256870
34.119432,136740,34641,13:09:38.256870
34.121291,136383,34636,13:09:38.256870
34.123151,135764,34436,13:09:38.256870
34.12501,135094,34538,13:09:38.256870
34.126866,134347,34265,13:09:38.256870
34.128732,133836,33981,13:09:38.256870
34.130589,133452,34088,13:09:38.256870
34.132444,132525,34014,13:09:38.256870
34.134301,132084,33880,13:09:38.256870
34.136158,131605,33594,13:09:38.256870
34.138016,131000,33465,13:09:38.256870
34.139875,130367,33290,13:09:38.256870
34.141731,129975,33227,13:09:38.256870
34.143589,129302,33216,13:09:38.256870
34.145453,128840,33133,13:09:38.256870
34.14731,128291,32906,13:09:38.256870
34.149166,128038,32567,13:09:38.256870
34.151025,127342,32704,13:09:38.256870
34.152885,126782,32547,13:09:38.256870
34.154758,126146,32607,13:09:38.306471
34.156626,125769,32295,13:09:38.306471
34.158484,124998,32490,13:09:38.306471
34.160402,124337,32122,13:09:38.306471
34.162263,123775,31994,13:09:38.307477
34.164119,123002,31621,13:09:38.307477
34.165975,122057,31533,13:09:38.307477
34.167834,121569,31293,13:09:38.307477
34.169692,120668,31388,13:09:38.307477
34.171549,119689,30815,13:09:38.307477
34.173405,119144,30798,13:09:38.307477
34.175263,118206,30668,13:09:38.307477
34.17712,117267,30462,13:09:38.307477
34.178976,116462,30289,13:09:38.307477
34.180834,115813,30251,13:09:38.307477
34.182691,114956,29981,13:09:38.307477
34.184549,114201,29985,13:09:38.307477
34.186412,113499,29563,13:09:38.307477
34.188268,112688,29534,13:09:38.307477
34.190124,112238,29397,13:09:38.307477
34.191983,111545,29301,13:09:38.307477
34.193845,110954,29084,13:09:38.307477
34.195701,110322,29083,13:09:38.307477
34.19756,109947,28812,13:09:38.307477
34.199416,109433,29022,13:09:38.307477
34.201275,109215,28877,13:09:38.307477
34.203131,108863,28799,13:09:38.307477
34.204989,108446,28686,13:09:38.356971
34.206864,107811,28593,13:09:38.356971
34.208723,107574,28542,13:09:38.356971
34.210633,107339,28221,13:09:38.356971
34.212522,106999,28229,13:09:38.356971
34.214384,106755,28247,13:09:38.356971
34.216241,106464,28267,13:09:38.356971
34.218098,105803,28052,13:09:38.356971
34.219956,105487,27850,13:09:38.356971
34.221812,104915,27646,13:09:38.356971
34.223669,104685,27815,13:09:38.356971
34.225525,104233,27664,13:09:38.356971
34.227381,103405,27499,13:09:38.356971
34.229238,102991,27356,13:09:38.356971
34.231094,102649,27472,13:09:38.356971
34.232955,102513,27407,13:09:38.356971
34.234811,102210,27293,13:09:38.356971
34.236667,101649,27214,13:09:38.356971
34.238526,101606,27138,13:09:38.356971
34.240382,101069,26941,13:09:38.356971
34.242241,100802,27109,13:09:38.356971
34.244097,100543,27017,13:09:38.356971
34.245957,100607,26791,13:09:38.356971
34.247816,100250,26873,13:09:38.356971
34.249682,100253,26972,13:09:38.356971
34.251538,100008,26704,13:09:38.356971
34.253395,99734,27017,13:09:38.356971
34.255253,99712,27023,13:09:38.408904
34.257124,99536,26600,13:09:38.408904
34.258984,99230,26773,13:09:38.408904
34.260876,98685,26610,13:09:38.408904
34.262735,98584,26715,13:09:38.408904
34.264597,98370,26658,13:09:38.408904
34.266453,97933,26466,13:09:38.408904
34.26831,97343,26149,13:09:38.408904
34.270168,96697,26204,13:09:38.408904
34.272024,96438,26150,13:09:38.408904
34.273883,95528,26129,13:09:38.408904
34.275739,94869,25870,13:09:38.408904
34.277596,94055,25609,13:09:38.408904
34.279452,93595,25564,13:09:38.408904
34.281317,92522,24915,13:09:38.408904
34.283175,91713,25006,13:09:38.408904
34.285031,90873,24987,13:09:38.408904
34.286889,89707,24568,13:09:38.408904
34.288746,88632,24211,13:09:38.408904
34.290602,87999,24293,13:09:38.408904
34.292461,86752,23878,13:09:38.408904
34.294317,85625,23584,13:09:38.408904
34.296177,84377,23140,13:09:38.408904
34.298034,83051,22931,13:09:38.408904
34.2999,82068,22673,13:09:38.408904
34.301758,80510,22294,13:09:38.408904
34.303615,79508,22279,13:09:38.408904
34.305479,78134,21723,13:09:38.458807
34.307344,77111,21468,13:09:38.458807
34.309212,75782,21208,13:09:38.458807
34.311118,74819,21025,13:09:38.458807
34.312978,74122,20972,13:09:38.458807
34.314835,72903,20545,13:09:38.458807
34.316691,72045,20495,13:09:38.458807
34.318552,70938,19921,13:09:38.458807
34.32041,70028,19809,13:09:38.458807
34.322276,69311,19747,13:09:38.458807
34.324133,68474,19387,13:09:38.458807
34.325989,67947,19355,13:09:38.458807
34.327847,67257,19230,13:09:38.458807
34.329704,66728,19092,13:09:38.458807
34.33156,66226,19242,13:09:38.458807
34.333419,65433,18791,13:09:38.458807
34.335275,64942,18799,13:09:38.458807
34.337131,64681,18646,13:09:38.458807
34.338988,63995,18563,13:09:38.458807
34.340854,63576,18452,13:09:38.458807
34.34271,63367,18212,13:09:38.458807
34.344567,62734,18385,13:09:38.458807
34.346425,62568,18372,13:09:38.458807
34.348282,62595,18434,13:09:38.458807
34.350138,62196,18238,13:09:38.458807
34.351994,62388,18099,13:09:38.458807
34.353851,61955,18123,13:09:38.458807
34.355713,62169,17962,13:09:38.506941
34.357581,62097,18268,13:09:38.506941
34.359445,61893,17975,13:09:38.506941
34.361372,61909,18021,13:09:38.506941
34.363235,61893,18122,13:09:38.506941
34.365093,61923,18440,13:09:38.506941
34.366949,61697,18120,13:09:38.506941
34.368807,61412,18210,13:09:38.506941
34.370664,61023,17890,13:09:38.506941
34.37252,60644,17781,13:09:38.506941
34.374379,60186,17656,13:09:38.506941
34.376235,59878,17519,13:09:38.506941
34.378091,59674,17739,13:09:38.506941
34.379948,59008,17256,13:09:38.506941
34.381812,58620,17269,13:09:38.506941
34.383668,57910,17496,13:09:38.506941
34.385525,57453,17095,13:09:38.506941
34.387383,56755,16983,13:09:38.506941
34.38924,56063,16639,13:09:38.506941
34.391098,55452,16421,13:09:38.506941
34.392954,54471,16244,13:09:38.506941
34.394811,53643,16188,13:09:38.506941
34.396669,52653,15841,13:09:38.506941
34.398533,51807,15755,13:09:38.506941
34.40039,50665,15126,13:09:38.506941
34.402246,49681,15101,13:09:38.506941
34.404105,48901,14976,13:09:38.506941
34.405969,47797,14485,13:09:38.558001
34.407829,46881,14571,13:09:38.558001
34.409691,45975,14179,13:09:38.558001
34.411586,44593,13784,13:09:38.558001
34.41346,44184,13644,13:09:38.558001
34.415319,43683,13696,13:09:38.558001
34.417181,42589,13422,13:09:38.558001
34.419037,42110,13498,13:09:38.558001
34.420894,41580,13128,13:09:38.558001
34.422752,41264,13174,13:09:38.558001
34.424608,40772,13290,13:09:38.558001
34.426465,40359,13177,13:09:38.558001
34.428323,40029,12863,13:09:38.558001
34.43018,39710,12964,13:09:38.558001
34.432038,39278,12673,13:09:38.558001
34.433894,38900,12741,13:09:38.558001
34.435759,38926,12692,13:09:38.558001
34.437615,38433,12521,13:09:38.558001
34.439471,37939,12458,13:09:38.558001
34.44133,37840,12457,13:09:38.558001
34.443186,37501,12417,13:09:38.558001
34.445043,37112,12197,13:09:38.558001
34.446899,36958,12384,13:09:38.558001
34.448755,36441,12156,13:09:38.558001
34.450612,35995,11965,13:09:38.558001
34.452468,35898,12156,13:09:38.558001
34.45433,35637,11876,13:09:38.558001
34.456195,35854,11873,13:09:38.606310
34.458055,35325,12030,13:09:38.606310
34.459931,35290,11729,13:09:38.606310
34.461824,34975,11862,13:09:38.606310
34.463686,35233,11753,13:09:38.606310
34.465542,35141,11808,13:09:38.607317
34.467403,35001,11715,13:09:38.607317
34.469261,34662,11835,13:09:38.607317
34.471127,34696,11680,13:09:38.607317
34.472984,34664,11644,13:09:38.607317
34.47484,34216,11302,13:09:38.607317
34.476699,33693,11201,13:09:38.607317
34.478555,33263,11382,13:09:38.607317
34.480411,33003,11004,13:09:38.607317
34.48227,32376,11048,13:09:38.607317
34.484126,31631,10802,13:09:38.607317
34.485982,31222,10690,13:09:38.607317
34.487839,30673,10662,13:09:38.607317
34.489699,29847,10487,13:09:38.607317
34.491556,29240,10170,13:09:38.607317
34.493412,28803,10034,13:09:38.607317
34.495272,28160,10075,13:09:38.607317
34.497129,27625,9924,13:09:38.607317
34.498987,26840,9877,13:09:38.607317
34.500846,26281,9728,13:09:38.607317
34.502702,26007,9547,13:09:38.607317
34.504558,25480,9420,13:09:38.658276
34.506433,25254,9319,13:09:38.658276
34.508293,24710,9189,13:09:38.658276
34.510169,24297,9371,13:09:38.658276
34.512073,23890,8976,13:09:38.658276
34.513934,23535,8728,13:09:38.658276
34.515792,23208,8819,13:09:38.658276
34.517651,23021,8885,13:09:38.658276
34.519507,22668,8728,13:09:38.658276
34.521363,22522,8683,13:09:38.658276
34.523222,22367,8495,13:09:38.658276
34.525082,22031,8516,13:09:38.658276
34.526941,21669,8311,13:09:38.658276
34.528799,21264,8424,13:09:38.658276
34.530663,20940,8350,13:09:38.658276
34.53252,20534,7774,13:09:38.658276
34.534378,20089,8123,13:09:38.658276
34.536236,19760,8003,13:09:38.658276
34.538093,18938,7752,13:09:38.658276
34.539951,18497,8031,13:09:38.658276
34.541807,18580,7884,13:09:38.658276
34.543664,17871,7657,13:09:38.658276
34.54552,17509,7293,13:09:38.658276
34.547384,17086,7302,13:09:38.658276
34.549241,16634,7253,13:09:38.658276
34.551097,16496,7365,13:09:38.658276
34.552956,15943,6956,13:09:38.658276
34.554812,15693,6872,13:09:38.707867
34.556682,15456,7120,13:09:38.707867
34.558557,14952,6813,13:09:38.707867
34.560454,15037,6859,13:09:38.707867
34.562341,14921,6743,13:09:38.708858
34.564199,14360,6564,13:09:38.708858
34.566056,14111,6817,13:09:38.708858
34.567914,13960,6651,13:09:38.708858
34.569773,13392,6495,13:09:38.708858
34.571631,13124,6585,13:09:38.708858
34.573489,13385,6403,13:09:38.708858
34.575346,12914,6261,13:09:38.708858
34.577206,12931,6299,13:09:38.708858
34.579062,12462,6323,13:09:38.708858
34.580921,12742,6259,13:09:38.708858
34.582777,12459,6284,13:09:38.708858
34.584634,12136,6143,13:09:38.708858
34.586492,12244,6320,13:09:38.708858
34.588352,12501,6106,13:09:38.708858
34.590211,12226,6033,13:09:38.708858
34.592067,12306,6395,13:09:38.708858
34.593933,12253,6217,13:09:38.708858
34.595792,12475,6142,13:09:38.708858
34.597649,12212,6103,13:09:38.708858
34.599507,12612,6052,13:09:38.708858
34.601363,12536,6001,13:09:38.708858
34.603225,12507,6160,13:09:38.708858
34.6051,12154,6246,13:09:38.756851
34.606979,12454,6265,13:09:38.756851
34.60884,12183,5974,13:09:38.756851
34.61073,12209,5920,13:09:38.756851
34.612591,12226,6115,13:09:38.756851
34.614449,12113,5995,13:09:38.756851
34.616315,11862,6147,13:09:38.756851
34.618172,11805,6103,13:09:38.756851
34.620028,11761,5889,13:09:38.756851
34.621887,11574,5690,13:09:38.756851
34.623743,11692,6085,13:09:38.759872
34.625599,11388,5846,13:09:38.759872
34.627456,11185,6061,13:09:38.759872
34.629312,11477,5702,13:09:38.759872
34.631169,10948,5488,13:09:38.759872
34.633025,11166,5826,13:09:38.759872
34.634881,10951,5704,13:09:38.759872
34.636738,10748,5628,13:09:38.759872
34.638594,10369,5604,13:09:38.759872
34.640452,10337,5792,13:09:38.759872
34.642309,10131,5466,13:09:38.759872
34.644167,9994,5480,13:09:38.759872
34.646024,9944,5505,13:09:38.759872
34.647886,9911,5365,13:09:38.759872
34.649744,9547,5708,13:09:38.759872
34.651601,9541,5328,13:09:38.759872
34.653463,9393,5237,13:09:38.759872
34.65532,9345,5294,13:09:38.810497
34.657184,9074,5202,13:09:38.810497
34.659044,8560,5219,13:09:38.810497
34.660952,8375,5275,13:09:38.810497
34.662888,8303,5342,13:09:38.810497
34.664747,8152,4999,13:09:38.810497
34.666607,8004,5078,13:09:38.810497
34.668466,7931,5260,13:09:38.810497
34.670322,7994,4893,13:09:38.810497
34.672188,7944,4927,13:09:38.810497
34.674045,7708,4754,13:09:38.810497
34.675901,7532,4752,13:09:38.810497
34.677759,7266,4785,13:09:38.810497
34.679616,7096,4977,13:09:38.810497
34.681474,7288,4800,13:09:38.810497
34.683331,7375,4537,13:09:38.810497
34.685187,7085,4646,13:09:38.810497
34.687045,6855,4721,13:09:38.810497
34.688909,6431,4746,13:09:38.810497
34.690766,6331,4431,13:09:38.810497
34.692622,6605,4668,13:09:38.810497
34.694481,6433,4634,13:09:38.810497
34.696337,6308,4583,13:09:38.810497
34.698194,6393,4656,13:09:38.810497
34.70005,6607,4667,13:09:38.810497
34.701906,6148,4605,13:09:38.810497
34.703763,6051,4353,13:09:38.810497
34.705633,6060,4519,13:09:38.857049
34.707495,6006,4209,13:09:38.857049
34.709358,5920,4681,13:09:38.857049
34.711266,6059,4726,13:09:38.857049
34.713126,6345,4343,13:09:38.857049
34.715019,5355,4356,13:09:38.857049
34.716881,6129,4749,13:09:38.857049
34.718737,6248,4307,13:09:38.857049
34.720594,6035,4341,13:09:38.857049
34.722452,6092,4477,13:09:38.857049
34.724308,6150,4532,13:09:38.857049
34.726165,6203,4461,13:09:38.857049
34.728023,5968,3916,13:09:38.857049
34.72988,6022,4448,13:09:38.857049
34.731738,5850,4406,13:09:38.858060
34.733594,5587,4087,13:09:38.858060
34.735459,5605,4281,13:09:38.858060
34.737315,5885,4209,13:09:38.858060
34.739171,5757,4071,13:09:38.858060
34.74103,5738,4257,13:09:38.858060
34.742886,5891,4147,13:09:38.858060
34.744743,5653,4335,13:09:38.858060
34.746599,5446,4019,13:09:38.858060
34.748455,5319,4089,13:09:38.858060
34.750312,5359,3742,13:09:38.858060
34.752169,5421,4169,13:09:38.858060
34.75403,5337,4197,13:09:38.858060
34.755891,5468,4021,13:09:38.913735
34.757751,5158,4056,13:09:38.913735
34.759615,4985,3661,13:09:38.913735
34.761552,4963,4064,13:09:38.913735
34.76341,5253,4068,13:09:38.913735
34.765266,5102,3848,13:09:38.913735
34.767123,5050,3941,13:09:38.913735
34.768981,4716,3851,13:09:38.913735
34.770838,4704,3770,13:09:38.913735
34.772694,4628,3948,13:09:38.913735
34.77455,4939,3874,13:09:38.913735
34.776411,4617,3926,13:09:38.913735
34.778267,4673,3802,13:09:38.913735
34.780124,4354,3712,13:09:38.913735
34.781982,4385,3638,13:09:38.913735
34.783838,4537,3710,13:09:38.913735
34.785697,4184,3519,13:09:38.913735
34.787553,4243,3766,13:09:38.913735
34.789409,4622,3785,13:09:38.913735
34.791266,4071,3495,13:09:38.913735
34.793125,4038,3777,13:09:38.913735
34.794987,4209,3690,13:09:38.913735
34.796843,4067,3662,13:09:38.913735
34.798701,4004,3466,13:09:38.913735
34.800558,4056,3579,13:09:38.913735
34.802414,4043,3536,13:09:38.913735
34.804273,3542,3361,13:09:38.913735
34.806135,3964,3412,13:09:38.956170
34.807995,3922,3707,13:09:38.956170
34.809873,3113,3893,13:09:38.956170
34.811776,4220,4344,13:09:38.956170
34.81364,3364,3052,13:09:38.956170
34.815498,2369,3495,13:09:38.956170
34.817359,3610,3982,13:09:38.957168
34.819215,3567,3769,13:09:38.957168
34.821072,2642,3220,13:09:38.957168
34.82293,2723,3955,13:09:38.957168
34.824786,3882,4657,13:09:38.957168
34.826645,4698,4418,13:09:38.957168
34.828501,2729,3137,13:09:38.957168
34.830364,2330,4463,13:09:38.957168
34.83222,4366,4426,13:09:38.957168
34.834076,2703,3295,13:09:38.957168
34.835935,2082,3873,13:09:38.957168
34.837793,3952,4713,13:09:38.957168
34.839651,4071,3657,13:09:38.957168
34.841508,2501,3553,13:09:38.957168
34.843364,3183,4716,13:09:38.957168
34.845221,4365,4556,13:09:38.957168
34.847084,2778,3300,13:09:38.957168
34.848941,2767,4130,13:09:38.957168
34.8508,3836,4763,13:09:38.957168
34.852658,3253,3518,13:09:38.957168
34.854514,2033,3443,13:09:39.007435
34.856383,3359,4511,13:09:39.007435
34.858243,4213,4029,13:09:39.007435
34.860127,2844,3298,13:09:39.007435
34.862024,2710,4280,13:09:39.007435
34.863882,4305,4403,13:09:39.007435
34.865741,3096,3523,13:09:39.007435
34.867599,2425,3894,13:09:39.007435
34.869455,3848,4507,13:09:39.007435
34.871316,3932,3491,13:09:39.007435
34.873172,2230,3358,13:09:39.007435
34.875028,3372,4490,13:09:39.007435
34.876887,4140,4156,13:09:39.007435
34.878743,3132,3545,13:09:39.007435
34.880601,2512,4235,13:09:39.007435
34.882458,3962,4550,13:09:39.007435
34.884318,3374,3612,13:09:39.007435
34.886177,2635,3639,13:09:39.007435
34.888043,3840,4516,13:09:39.007435
34.889899,4248,3993,13:09:39.007435
34.891756,3024,3485,13:09:39.007435
34.893614,3654,4283,13:09:39.007435
34.89547,4846,4583,13:09:39.007435
34.897327,4150,3666,13:09:39.007435
34.899185,3446,4060,13:09:39.007435
34.901042,4619,4692,13:09:39.007435
34.9029,4598,4003,13:09:39.007435
34.904756,3526,3387,13:09:39.060234
34.906637,4429,4450,13:09:39.060234
34.908498,5048,4249,13:09:39.060234
34.910407,4254,3652,13:09:39.060234
34.912281,3979,4434,13:09:39.060234
34.914138,5062,4583,13:09:39.060234
34.915997,4772,3666,13:09:39.060234
34.917855,3678,3894,13:09:39.060234
34.919711,4850,4201,13:09:39.060234
34.921567,4984,3923,13:09:39.060234
34.923424,3890,3711,13:09:39.060234
34.92528,4244,3983,13:09:39.060234
34.927139,4929,4098,13:09:39.060234
34.929002,4283,3733,13:09:39.060234
34.930861,3604,3838,13:09:39.060234
34.932718,4845,4483,13:09:39.060234
34.934576,4607,3822,13:09:39.060234
34.936432,3816,3957,13:09:39.060234
34.938289,4012,4149,13:09:39.060234
34.940147,4398,4214,13:09:39.060234
34.942004,3812,3660,13:09:39.060234
34.943862,3657,4055,13:09:39.060234
34.945718,4706,4255,13:09:39.060234
34.947581,4330,3899,13:09:39.060234
34.949437,3547,3786,13:09:39.060234
34.951293,4262,4356,13:09:39.060234
34.953152,4706,4077,13:09:39.060234
34.955008,3665,3628,13:09:39.110218
34.956883,3546,4210,13:09:39.110218
34.958743,4438,4418,13:09:39.110218
34.960651,3916,3806,13:09:39.110218
34.962513,3364,3952,13:09:39.110218
34.964416,3732,4265,13:09:39.110218
34.966272,4146,3867,13:09:39.110218
34.968132,3453,3615,13:09:39.110218
34.969989,3800,4301,13:09:39.110218
34.971847,4376,4115,13:09:39.110218
34.973704,3542,3772,13:09:39.110218
34.97556,3379,3989,13:09:39.110218
34.977418,4227,4058,13:09:39.110218
34.979275,3956,3754,13:09:39.110218
34.981135,3695,3958,13:09:39.110218
34.982991,3895,4272,13:09:39.110218
34.984854,4415,4116,13:09:39.110218
34.98671,3800,3852,13:09:39.110218
34.988567,3793,4024,13:09:39.110218
34.990423,4410,3931,13:09:39.110218
34.992281,3729,3842,13:09:39.110218
34.99414,3633,3906,13:09:39.110218
34.995996,4581,4449,13:09:39.110218
34.997862,4213,4017,13:09:39.110218
34.999719,3820,4125,13:09:39.110218
35.001575,4252,4168,13:09:39.110218
35.003434,4540,4464,13:09:39.110218
35.00529,3949,3975,13:09:39.161991
35.007158,3937,4253,13:09:39.161991
35.009019,4280,4065,13:09:39.161991
35.010925,3849,4002,13:09:39.161991
35.012789,3699,3833,13:09:39.161991
35.014659,3579,4231,13:09:39.162989
35.016536,4272,4032,13:09:39.162989
35.018396,3877,3965,13:09:39.162989
35.020253,3877,4165,13:09:39.162989
35.022111,4367,4146,13:09:39.162989
35.023967,3631,3877,13:09:39.162989
35.025828,3677,4080,13:09:39.162989
35.027684,4171,4105,13:09:39.162989
35.02954,3851,4150,13:09:39.162989
35.031399,3506,4104,13:09:39.162989
35.033255,3867,4325,13:09:39.162989
35.035114,3967,4010,13:09:39.162989
35.03697,3664,4063,13:09:39.162989
35.03883,3851,3855,13:09:39.162989
35.040689,3836,4188,13:09:39.162989
35.042555,3652,4019,13:09:39.162989
35.044411,3633,3855,13:09:39.162989
35.046268,3880,4154,13:09:39.162989
35.048126,3662,4202,13:09:39.162989
35.049983,3519,4135,13:09:39.162989
35.051839,3332,4155,13:09:39.162989
35.053697,3833,4281,13:09:39.162989
35.055558,3536,3964,13:09:39.212237
35.057418,3183,3943,13:09:39.212237
35.059278,3758,4311,13:09:39.212237
35.061193,3097,3933,13:09:39.212237
35.063053,3251,3912,13:09:39.212237
35.064909,2966,4348,13:09:39.212237
35.066772,1849,3970,13:09:39.212237
35.068656,3191,4209,13:09:39.212237
35.070514,3136,4004,13:09:39.212237
35.072379,3313,4101,13:09:39.212237
35.074235,3466,3926,13:09:39.212237
35.076094,3182,4174,13:09:39.212237
35.07795,3534,4164,13:09:39.212237
35.079806,3382,4066,13:09:39.212237
35.081665,3156,4148,13:09:39.212237
35.083523,3277,4366,13:09:39.212237
35.085381,3131,4228,13:09:39.212237
35.087238,3206,3994,13:09:39.213236
35.089104,3146,4190,13:09:39.213236
35.090961,3382,4310,13:09:39.213236
35.092817,3290,4010,13:09:39.213236
35.094675,3119,3952,13:09:39.213236
35.096532,2956,4455,13:09:39.213236
35.09839,3356,4037,13:09:39.213236
35.100246,3106,4094,13:09:39.213236
35.102103,3216,4171,13:09:39.213236
35.103961,3406,4086,13:09:39.213236
35.105824,3425,3946,13:09:39.266029
35.107684,3066,4124,13:09:39.266029
35.109548,3425,4327,13:09:39.266029
35.111463,2805,4063,13:09:39.266029
35.113321,3089,4246,13:09:39.266029
35.115181,2830,4187,13:09:39.266029
35.11704,2028,3978,13:09:39.266029
35.118896,3102,4077,13:09:39.266029
35.120758,2957,4536,13:09:39.266029
35.122643,3537,4264,13:09:39.266029
35.124499,3456,4039,13:09:39.266029
35.126357,3197,4051,13:09:39.266029
35.128214,3269,4191,13:09:39.266029
35.130072,3521,4188,13:09:39.266029
35.13193,2813,4073,13:09:39.266029
35.133797,3072,4011,13:09:39.266029
35.135653,3195,4010,13:09:39.266029
35.13751,3248,4154,13:09:39.266029
35.139368,3023,3969,13:09:39.266029
35.141224,3417,4408,13:09:39.266029
35.143081,3492,4296,13:09:39.266029
35.144939,3215,4209,13:09:39.266029
35.146801,2990,4259,13:09:39.266029
35.14866,3241,3987,13:09:39.266029
35.150516,3171,3871,13:09:39.266029
35.152375,3189,4233,13:09:39.266029
35.154231,3368,4144,13:09:39.266029
35.156095,3280,4057,13:09:39.315817
35.157956,3238,4127,13:09:39.315817
35.159818,3703,4121,13:09:39.315817
35.16171,3223,3983,13:09:39.315817
35.163569,2987,3899,13:09:39.315817
35.165432,2848,3944,13:09:39.315817
35.16729,2786,4275,13:09:39.315817
35.169168,2630,4322,13:09:39.315817
35.171042,3099,3844,13:09:39.315817
35.1729,3417,4219,13:09:39.316828
35.174757,3318,4188,13:09:39.316828
35.176613,3123,4176,13:09:39.316828
35.17847,3359,4260,13:09:39.316828
35.180328,3279,3886,13:09:39.316828
35.182184,3220,4128,13:09:39.316828
35.184041,3092,4312,13:09:39.316828
35.185897,3009,4397,13:09:39.316828
35.187754,3297,4013,13:09:39.316828
35.18961,3206,4136,13:09:39.316828
35.191466,3478,3985,13:09:39.316828
35.193327,3360,4108,13:09:39.316828
35.195183,3164,3977,13:09:39.316828
35.19704,3366,3815,13:09:39.316828
35.198898,3240,4408,13:09:39.316828
35.200754,3283,4090,13:09:39.316828
35.202613,2906,4349,13:09:39.316828
35.204469,3234,4394,13:09:39.367224
35.206341,3163,4178,13:09:39.367224
35.208202,3221,4019,13:09:39.367224
35.210078,3382,4365,13:09:39.367224
35.211982,3345,4247,13:09:39.367224
35.213839,3158,4170,13:09:39.367224
35.215695,3174,4296,13:09:39.367224
35.217563,3052,4279,13:09:39.367224
35.21942,1603,4127,13:09:39.367224
35.22128,3075,4161,13:09:39.367224
35.223136,3457,4129,13:09:39.367224
35.224993,3080,4060,13:09:39.367224
35.226879,3080,4317,13:09:39.367224
35.228736,3129,4506,13:09:39.367224
35.230594,3146,4200,13:09:39.367224
35.23245,3180,4348,13:09:39.367224
35.234307,3277,4145,13:09:39.367224
35.236165,3083,4281,13:09:39.367224
35.238026,3145,4435,13:09:39.367224
35.239884,3089,4173,13:09:39.367224
35.24174,3325,4193,13:09:39.367224
35.243599,3331,4201,13:09:39.367224
35.245455,3121,4079,13:09:39.367224
35.247311,3094,4213,13:09:39.367224
35.24917,3383,4431,13:09:39.367224
35.251026,3351,4243,13:09:39.367224
35.252883,2918,4069,13:09:39.367224
35.254739,3226,4306,13:09:39.417929
35.256609,3396,3940,13:09:39.417929
35.25847,3215,4139,13:09:39.417929
35.26038,2950,4320,13:09:39.417929
35.262242,3089,4228,13:09:39.417929
35.264099,3335,3916,13:09:39.417929
35.265955,3322,4287,13:09:39.417929
35.267813,3526,4210,13:09:39.417929
35.26967,3213,4195,13:09:39.417929
35.27153,2939,4176,13:09:39.417929
35.273387,3077,4357,13:09:39.417929
35.275251,3431,4313,13:09:39.417929
35.277107,3488,4078,13:09:39.417929
35.278964,3193,4228,13:09:39.417929
35.280822,3407,4357,13:09:39.417929
35.282678,3584,4146,13:09:39.417929
35.284537,3568,4250,13:09:39.417929
35.286393,3582,4172,13:09:39.417929
35.28825,3204,4401,13:09:39.417929
35.290108,3373,4141,13:09:39.417929
35.291965,2850,4055,13:09:39.417929
35.293827,3337,4523,13:09:39.417929
35.295683,3362,4248,13:09:39.417929
35.297541,3320,4307,13:09:39.417929
35.299398,3337,4407,13:09:39.417929
35.301254,3032,4326,13:09:39.417929
35.303111,2919,4103,13:09:39.417929
35.304969,3153,4226,13:09:39.468993
35.306839,3251,4151,13:09:39.468993
35.3087,3013,4216,13:09:39.468993
35.310608,3124,4455,13:09:39.468993
35.312472,2967,4318,13:09:39.468993
35.314329,3047,4198,13:09:39.468993
35.316187,2932,4398,13:09:39.468993
35.318043,3107,4250,13:09:39.468993
35.319906,3305,4287,13:09:39.468993
35.321767,-185,4287,13:09:39.468993
35.323678,2990,4039,13:09:39.468993
35.325539,3272,4395,13:09:39.468993
35.327397,3312,4200,13:09:39.468993
35.329255,3113,4007,13:09:39.468993
35.331118,3109,4395,13:09:39.468993
35.332974,3330,4129,13:09:39.468993
35.334832,3193,4339,13:09:39.468993
35.336689,3160,4189,13:09:39.468993
35.338545,3392,4314,13:09:39.468993
35.340404,3199,4373,13:09:39.468993
35.342264,2886,4217,13:09:39.468993
35.344122,3100,4257,13:09:39.468993
35.345979,3067,4155,13:09:39.469991
35.347845,3047,4107,13:09:39.469991
35.349701,3163,4229,13:09:39.469991
35.351558,3135,4158,13:09:39.469991
35.353416,3225,4037,13:09:39.469991
35.355273,3229,4153,13:09:39.519783
35.357137,3159,4229,13:09:39.519783
35.358997,2961,4321,13:09:39.519783
35.360904,2917,4075,13:09:39.519783
35.362762,3324,4028,13:09:39.519783
35.364618,3058,4356,13:09:39.519783
35.366477,3046,4395,13:09:39.519783
35.368335,3134,4189,13:09:39.519783
35.370191,3226,4371,13:09:39.519783
35.37205,2849,4413,13:09:39.519783
35.37391,1221,4300,13:09:39.521079
35.37579,2961,4404,13:09:39.521079
35.377647,2969,4221,13:09:39.521079
35.379503,3191,4289,13:09:39.521079
35.381361,3319,3977,13:09:39.521079
35.383223,3189,4292,13:09:39.521079
35.38508,3268,4187,13:09:39.521079
35.386937,3315,4393,13:09:39.521079
35.388805,3005,4293,13:09:39.521079
35.390661,3080,4131,13:09:39.521079
35.392518,3185,4273,13:09:39.521079
35.394378,3315,4283,13:09:39.521079
35.396234,3139,4412,13:09:39.521079
35.398093,2989,4583,13:09:39.521079
35.399949,3242,4254,13:09:39.521079
35.401806,3181,4435,13:09:39.521079
35.403664,3450,4149,13:09:39.521079
35.405525,3318,4331,13:09:39.574723
35.407391,3106,4358,13:09:39.574723
35.409253,3181,4307,13:09:39.574723
35.411163,2936,4272,13:09:39.574723
35.413026,3277,4166,13:09:39.574723
35.414884,3048,4431,13:09:39.574723
35.416742,2703,4643,13:09:39.574723
35.418599,3096,4611,13:09:39.574723
35.420455,2593,4340,13:09:39.574723
35.422316,3257,4399,13:09:39.574723
35.424174,-417,4421,13:09:39.574723
35.42604,3205,4326,13:09:39.574723
35.427899,3128,3948,13:09:39.574723
35.429763,2857,4556,13:09:39.574723
35.431649,3235,4266,13:09:39.574723
35.433506,3028,4389,13:09:39.574723
35.435364,3346,4186,13:09:39.574723
35.43722,3020,4484,13:09:39.574723
35.439081,3340,4343,13:09:39.574723
35.440937,3137,4434,13:09:39.574723
35.442796,3209,4322,13:09:39.574723
35.444654,3348,4335,13:09:39.574723
35.44651,3230,4333,13:09:39.574723
35.448369,3225,4613,13:09:39.574723
35.450225,3089,4241,13:09:39.574723
35.452083,3126,4227,13:09:39.574723
35.453942,2883,4500,13:09:39.574723
35.455817,3115,4349,13:09:39.622915
35.457678,3119,4346,13:09:39.622915
35.459544,3198,4530,13:09:39.622915
35.461452,3246,4405,13:09:39.622915
35.463309,3172,4510,13:09:39.622915
35.46517,3080,4385,13:09:39.622915
35.467032,2744,4529,13:09:39.622915
35.46889,2955,4415,13:09:39.622915
35.470747,3025,4345,13:09:39.622915
35.472605,3229,4394,13:09:39.622915
35.474464,3072,4190,13:09:39.622915
35.476324,3175,4307,13:09:39.622915
35.478181,-42,4468,13:09:39.622915
35.480047,3505,4284,13:09:39.622915
35.481903,3263,4441,13:09:39.622915
35.483762,3125,4690,13:09:39.622915
35.48562,3269,4457,13:09:39.622915
35.487476,3075,4273,13:09:39.622915
35.489335,3344,4318,13:09:39.622915
35.491191,3387,4192,13:09:39.622915
35.493047,3372,4230,13:09:39.622915
35.494904,3321,4324,13:09:39.622915
35.496767,2967,4444,13:09:39.622915
35.498624,3037,4367,13:09:39.622915
35.500481,3039,4370,13:09:39.622915
35.502339,3268,4387,13:09:39.622915
35.504196,3236,4400,13:09:39.622915
35.506068,3171,4569,13:09:39.675404
35.507928,3311,4519,13:09:39.675404
35.509797,3156,4546,13:09:39.675404
35.511691,3051,4375,13:09:39.675404
35.513547,3482,4316,13:09:39.675404
35.515404,3198,4446,13:09:39.675404
35.517266,3084,4285,13:09:39.675404
35.519122,2562,4446,13:09:39.675404
35.520981,2817,4543,13:09:39.675404
35.522837,2753,4366,13:09:39.675404
35.5247,2915,4649,13:09:39.675404
35.526558,740,4116,13:09:39.675404
35.528416,3385,4350,13:09:39.675404
35.530275,3186,4476,13:09:39.675404
35.532131,3188,4280,13:09:39.675404
35.533997,3091,4531,13:09:39.675404
35.535878,3174,4177,13:09:39.675404
35.537735,3460,4420,13:09:39.675404
35.539593,3048,4461,13:09:39.675404
35.541449,3192,4354,13:09:39.675404
35.543317,3329,4421,13:09:39.675404
35.545174,3385,4590,13:09:39.675404
35.54703,3451,4479,13:09:39.675404
35.548888,3195,4471,13:09:39.675404
35.550745,3081,4598,13:09:39.675404
35.552601,3370,4320,13:09:39.675404
35.554458,3210,4418,13:09:39.726042
35.556318,3406,4263,13:09:39.726042
35.558178,3384,4456,13:09:39.726042
35.560058,3443,4384,13:09:39.726042
35.561945,3141,4755,13:09:39.726042
35.563803,3484,4306,13:09:39.726042
35.56566,3202,4535,13:09:39.726042
35.567518,3403,4381,13:09:39.726042
35.569378,3262,4601,13:09:39.726042
35.571237,3409,4259,13:09:39.726042
35.573093,2503,4404,13:09:39.726042
35.574951,3251,4372,13:09:39.726042
35.576808,3358,4377,13:09:39.726042
35.578664,2560,4635,13:09:39.726042
35.580529,3403,4604,13:09:39.726042
35.582385,3143,4305,13:09:39.726042
35.584243,3302,4560,13:09:39.726042
35.5861,3624,4193,13:09:39.726042
35.587956,3492,4444,13:09:39.726042
35.589812,3052,4524,13:09:39.726042
35.591672,3541,4486,13:09:39.726042
35.593529,3685,4393,13:09:39.726042
35.595386,3373,4238,13:09:39.726042
35.597244,3387,4380,13:09:39.726042
35.5991,3405,4293,13:09:39.726042
35.600957,3150,4782,13:09:39.726042
35.602813,3343,4512,13:09:39.726042
35.60467,3153,4597,13:09:39.777595
35.60654,3166,4348,13:09:39.777595
35.6084,3457,4608,13:09:39.777595
35.6103,3499,4728,13:09:39.777595
35.612169,3283,4618,13:09:39.777595
35.614027,2941,4410,13:09:39.777595
35.615888,3256,4262,13:09:39.777595
35.617746,3503,4490,13:09:39.777595
35.619602,2684,4282,13:09:39.777595
35.621461,2666,4589,13:09:39.777595
35.623317,3145,4483,13:09:39.777595
35.625173,3523,4600,13:09:39.777595
35.627036,3412,4637,13:09:39.777595
35.628921,809,4402,13:09:39.777595
35.63079,3272,4247,13:09:39.777595
35.632647,3587,4519,13:09:39.777595
35.634505,3393,4610,13:09:39.777595
35.636362,3459,4574,13:09:39.777595
35.638222,3180,4455,13:09:39.777595
35.640078,3179,4644,13:09:39.777595
35.641935,3362,4338,13:09:39.777595
35.643793,3483,4448,13:09:39.777595
35.645649,3399,4256,13:09:39.777595
35.647506,3287,4731,13:09:39.777595
35.649362,3350,4326,13:09:39.777595
35.651219,3604,4275,13:09:39.777595
35.653075,3420,4308,13:09:39.777595
35.654931,3104,4326,13:09:39.827578
35.656798,3219,4259,13:09:39.827578
35.658658,3297,4216,13:09:39.827578
35.66058,3351,4378,13:09:39.827578
35.662441,3153,4717,13:09:39.827578
35.664297,3340,4396,13:09:39.827578
35.666153,3542,4409,13:09:39.827578
35.66801,3328,4222,13:09:39.827578
35.669868,3512,4623,13:09:39.827578
35.671727,3479,4477,13:09:39.827578
35.67359,2168,4382,13:09:39.827578
35.675449,3272,4492,13:09:39.827578
35.677306,3177,4503,13:09:39.827578
35.679164,3349,4321,13:09:39.827578
35.681036,1364,4626,13:09:39.827578
35.682903,3312,4595,13:09:39.827578
35.684765,3650,4450,13:09:39.827578
35.686621,3357,4324,13:09:39.827578
35.68848,3283,4424,13:09:39.827578
35.690336,3391,4380,13:09:39.827578
35.692193,3409,4530,13:09:39.827578
35.694051,3441,4620,13:09:39.827578
35.69591,3486,4319,13:09:39.827578
35.697768,3560,4654,13:09:39.827578
35.699624,3405,4589,13:09:39.827578
35.701486,3379,4471,13:09:39.827578
35.703343,3226,4594,13:09:39.827578
35.705199,3328,4383,13:09:39.880473
35.70707,3345,4616,13:09:39.881464
35.70893,3471,4469,13:09:39.881464
35.710818,3423,4392,13:09:39.881464
35.712676,3630,4288,13:09:39.881464
35.714536,3002,4436,13:09:39.881464
35.716397,3103,4625,13:09:39.881464
35.718256,3598,4379,13:09:39.881464
35.720114,3329,4223,13:09:39.881464
35.72197,3521,4475,13:09:39.881464
35.723827,3003,4552,13:09:39.881464
35.725685,2925,4740,13:09:39.881464
35.727545,3594,4455,13:09:39.881464
35.729414,3513,4415,13:09:39.881464
35.73127,632,4527,13:09:39.881464
35.733129,3530,4381,13:09:39.881464
35.734985,3541,4353,13:09:39.881464
35.736842,3562,4711,13:09:39.881464
35.738703,3377,4417,13:09:39.881464
35.740588,3389,4384,13:09:39.881464
35.74245,3414,4499,13:09:39.881464
35.744307,3696,4541,13:09:39.881464
35.746163,3312,4259,13:09:39.881464
35.748021,3523,4475,13:09:39.881464
35.74988,3305,4266,13:09:39.881464
35.751738,3622,4556,13:09:39.881464
35.753595,3425,4426,13:09:39.881464
35.755453,3346,4450,13:09:39.929916
35.757315,3378,4362,13:09:39.929916
35.759176,3678,4730,13:09:39.929916
35.76109,3229,4278,13:09:39.929916
35.762992,3417,4707,13:09:39.929916
35.764849,3541,4413,13:09:39.929916
35.766707,3303,4495,13:09:39.929916
35.768565,3411,4390,13:09:39.929916
35.770424,3538,4622,13:09:39.929916
35.77228,3379,4704,13:09:39.929916
35.774136,3234,4568,13:09:39.929916
35.775995,3355,4586,13:09:39.929916
35.777853,2816,4316,13:09:39.929916
35.779711,3464,4600,13:09:39.929916
35.781568,3558,4553,13:09:39.929916
35.783424,3446,4925,13:09:39.929916
35.785285,1073,4616,13:09:39.929916
35.787191,3616,4691,13:09:39.929916
35.789049,3457,4607,13:09:39.929916
35.790906,3439,4514,13:09:39.929916
35.792764,3625,4452,13:09:39.929916
35.794622,3346,4455,13:09:39.929916
35.79648,3495,4449,13:09:39.929916
35.798337,3358,4373,13:09:39.929916
35.800193,3147,4456,13:09:39.929916
35.802058,3641,4686,13:09:39.929916
35.803914,3526,4543,13:09:39.929916
35.805775,3287,4333,13:09:39.982397
35.807641,3504,4374,13:09:39.982397
35.809505,3643,4520,13:09:39.982397
35.811415,3291,4359,13:09:39.982397
35.813274,3444,4566,13:09:39.982397
35.815132,3509,4510,13:09:39.982397
35.816991,3226,4607,13:09:39.982397
35.818847,3176,4621,13:09:39.982397
35.820705,2590,4613,13:09:39.982397
35.822562,3324,4577,13:09:39.982397
35.824418,3572,4755,13:09:39.982397
35.826276,2917,4421,13:09:39.982397
35.828133,2139,4696,13:09:39.982397
35.829991,2639,4657,13:09:39.982397
35.831852,3358,4665,13:09:39.982397
35.833708,265,4492,13:09:39.982397
35.835566,3281,4572,13:09:39.982397
35.837426,3681,4358,13:09:39.982397
35.839283,3503,4442,13:09:39.982397
35.841139,3550,4580,13:09:39.982397
35.842998,3264,4659,13:09:39.982397
35.844856,3528,4458,13:09:39.982397
35.846713,3654,4465,13:09:39.982397
35.848571,3166,4496,13:09:39.982397
35.850427,3238,4247,13:09:39.982397
35.852286,3214,4203,13:09:39.982397
35.854142,3449,4854,13:09:39.982397
35.856032,3467,4563,13:09:40.040464
35.857895,3519,4346,13:09:40.040464
35.859757,3514,4715,13:09:40.040464
35.861641,3560,4778,13:09:40.040464
35.863498,3478,4381,13:09:40.040464
35.865356,3359,4425,13:09:40.040464
35.867215,3126,4501,13:09:40.040464
35.869071,3215,4377,13:09:40.040464
35.870929,3515,4729,13:09:40.040464
35.872786,3504,4489,13:09:40.040464
35.874652,3659,4656,13:09:40.040464
35.876508,2638,4720,13:09:40.040464
35.878365,3081,4715,13:09:40.040464
35.880223,3623,4569,13:09:40.040464
35.88208,2648,4390,13:09:40.040464
35.883938,2662,4388,13:09:40.040464
35.885796,1513,4541,13:09:40.040464
35.887681,2993,4649,13:09:40.040464
35.889539,3596,4738,13:09:40.040464
35.891395,3576,4796,13:09:40.040464
35.893254,3203,4755,13:09:40.040464
35.89511,3476,4358,13:09:40.040464
35.896972,3612,4575,13:09:40.040464
35.898829,3518,4459,13:09:40.040464
35.900686,3358,4625,13:09:40.040464
35.902546,3383,4489,13:09:40.040464
35.904402,3231,4308,13:09:40.088119
35.906268,3404,4639,13:09:40.088119
35.908129,3412,4608,13:09:40.088119
35.909997,3352,4563,13:09:40.088119
35.911883,3191,4693,13:09:40.088119
35.913742,3630,4485,13:09:40.088119
35.915604,3013,4752,13:09:40.088119
35.917463,3367,4644,13:09:40.088119
35.919319,3090,4632,13:09:40.089116
35.921177,3532,4874,13:09:40.089116
35.92304,3490,4390,13:09:40.089116
35.924898,3438,4610,13:09:40.089116
35.926754,3768,4660,13:09:40.089116
35.928611,2892,4481,13:09:40.089116
35.930469,2801,4559,13:09:40.089116
35.932331,3538,4907,13:09:40.089116
35.934192,2853,4505,13:09:40.089116
35.936048,3409,4316,13:09:40.089116
35.937913,3437,4324,13:09:40.089116
35.939771,3460,4571,13:09:40.089116
35.941627,3622,4401,13:09:40.089116
35.943486,2518,4470,13:09:40.089116
35.945344,3452,4584,13:09:40.089116
35.947203,3323,4680,13:09:40.089116
35.949059,3449,4420,13:09:40.089116
35.950919,3417,4615,13:09:40.089116
35.952776,3382,4528,13:09:40.089116
35.954632,3471,4576,13:09:40.135453
35.956508,3392,4368,13:09:40.135453
35.958369,3622,4466,13:09:40.135453
35.960263,3474,4583,13:09:40.135453
35.962135,3333,4610,13:09:40.135453
35.963992,3492,4583,13:09:40.135453
35.96585,3410,4650,13:09:40.135453
35.967706,3077,4745,13:09:40.135453
35.969565,3307,4623,13:09:40.135453
35.971423,3440,4599,13:09:40.135453
35.97328,3459,4287,13:09:40.135453
35.97514,2678,4278,13:09:40.135453
35.976996,3322,4509,13:09:40.135453
35.978855,2619,4620,13:09:40.135453
35.980711,3007,4506,13:09:40.135453
35.982567,2830,4219,13:09:40.135453
35.984436,2640,4375,13:09:40.135453
35.986292,2359,4591,13:09:40.135453
35.988151,735,4517,13:09:40.135453
35.990049,3024,4317,13:09:40.135453
35.991905,3397,4456,13:09:40.135453
35.993766,3433,4714,13:09:40.135453
35.995622,3379,4500,13:09:40.135453
35.997478,3469,4641,13:09:40.135453
35.999335,3221,4564,13:09:40.135453
36.001191,3350,4706,13:09:40.135453
36.003047,3373,4578,13:09:40.135453
36.004904,3164,4695,13:09:40.186855
36.00677,3109,4589,13:09:40.186855
36.008631,3383,4649,13:09:40.188872
36.010531,3359,4194,13:09:40.188872
36.012389,3209,4696,13:09:40.188872
36.014249,3270,4480,13:09:40.188872
36.016106,3193,4736,13:09:40.188872
36.017962,3409,4605,13:09:40.188872
36.019821,3247,4762,13:09:40.188872
36.021677,3117,4673,13:09:40.188872
36.023533,2645,4740,13:09:40.188872
36.02539,3095,4609,13:09:40.188872
36.027246,3097,4406,13:09:40.188872
36.029106,2336,4599,13:09:40.188872
36.030963,2767,4761,13:09:40.188872
36.032827,3182,4674,13:09:40.188872
36.034684,3344,4500,13:09:40.188872
36.036547,2790,4662,13:09:40.188872
36.038408,2666,4887,13:09:40.188872
36.040269,3403,4472,13:09:40.188872
36.042127,3319,4560,13:09:40.188872
36.043983,3278,4401,13:09:40.188872
36.04584,3280,4534,13:09:40.188872
36.047698,3013,4655,13:09:40.188872
36.049556,3213,4514,13:09:40.188872
36.051415,3124,4525,13:09:40.188872
36.053271,3342,4644,13:09:40.188872
36.055138,3285,4548,13:09:40.244853
36.057014,3135,4725,13:09:40.244853
36.05888,3354,4565,13:09:40.244853
36.060776,2993,4482,13:09:40.244853
36.062637,3306,4472,13:09:40.244853
36.064493,3236,4291,13:09:40.244853
36.06635,3264,4429,13:09:40.244853
36.068206,2572,4546,13:09:40.244853
36.070062,2643,4698,13:09:40.244853
36.071919,3316,4672,13:09:40.244853
36.073779,2537,4407,13:09:40.244853
36.075635,3556,4447,13:09:40.244853
36.077492,2652,4465,13:09:40.244853
36.07935,2484,4516,13:09:40.244853
36.081206,3412,4616,13:09:40.244853
36.083065,2437,4600,13:09:40.244853
36.084923,2781,4551,13:09:40.244853
36.086782,3377,4484,13:09:40.244853
36.08864,3150,4676,13:09:40.244853
36.090506,-898,4629,13:09:40.244853
36.092374,2969,4489,13:09:40.244853
36.094249,3323,4377,13:09:40.244853
36.096105,3212,4531,13:09:40.244853
36.097964,3203,4735,13:09:40.244853
36.09983,3251,4285,13:09:40.244853
36.101686,3134,4690,13:09:40.244853
36.103543,3249,4426,13:09:40.244853
36.105401,3358,4645,13:09:40.289069
36.107269,3393,4612,13:09:40.289069
36.10913,3325,4331,13:09:40.289069
36.111024,3313,4546,13:09:40.289069
36.11288,3027,4570,13:09:40.289069
36.114745,2510,4453,13:09:40.289069
36.116601,2953,4718,13:09:40.289069
36.118458,3256,4418,13:09:40.289069
36.120316,3245,4484,13:09:40.289069
36.122172,3552,4523,13:09:40.289069
36.124029,3330,4492,13:09:40.289069
36.125885,3318,4348,13:09:40.289069
36.127741,3237,4359,13:09:40.289069
36.129598,3118,4535,13:09:40.289069
36.131456,3347,4590,13:09:40.289069
36.133315,3278,4274,13:09:40.289069
36.135171,3143,4419,13:09:40.289069
36.137029,3302,4596,13:09:40.289069
36.13889,3081,4497,13:09:40.289069
36.140754,2843,4390,13:09:40.289069
36.142626,3015,4690,13:09:40.289069
36.144483,3173,4402,13:09:40.289069
36.146341,3310,4455,13:09:40.289069
36.148198,729,4643,13:09:40.289069
36.150068,3053,4359,13:09:40.289069
36.151926,3247,4530,13:09:40.289069
36.153785,3103,4495,13:09:40.289069
36.155647,3492,4375,13:09:40.306976
36.157507,3222,4569,13:09:40.306976
36.159371,3100,4501,13:09:40.306976
36.161288,2669,4805,13:09:40.306976
36.163144,3110,4460,13:09:40.306976
36.165003,3195,4621,13:09:40.306976
36.166861,3202,4235,13:09:40.306976
36.168717,3082,4676,13:09:40.306976
36.170576,2307,4198,13:09:40.306976
36.172434,2408,4422,13:09:40.306976
36.174291,2512,4321,13:09:40.306976
36.176147,3431,4548,13:09:40.306976
36.178009,2844,4540,13:09:40.306976
36.179868,3035,4466,13:09:40.306976
36.181724,2998,4457,13:09:40.306976
36.183582,2592,4612,13:09:40.306976
36.185441,3167,4749,13:09:40.306976
36.187299,3328,4584,13:09:40.306976
36.189161,3270,4503,13:09:40.306976
36.191018,2755,4608,13:09:40.306976
36.192878,507,4350,13:09:40.306976
36.194772,3196,4387,13:09:40.306976
36.196633,3403,4479,13:09:40.306976
36.198489,3100,4553,13:09:40.306976
36.200346,3132,4734,13:09:40.306976
36.202204,3143,4402,13:09:40.306976
36.20406,3045,4245,13:09:40.306976
36.205923,3335,4733,13:09:40.356414
36.207787,3322,4473,13:09:40.356414
36.209651,3593,4359,13:09:40.356414
36.211554,3240,4551,13:09:40.356414
36.21341,3059,4465,13:09:40.356414
36.215268,3310,4304,13:09:40.356414
36.217125,3055,4210,13:09:40.356414
36.218983,3210,4429,13:09:40.356414
36.220843,3283,4389,13:09:40.356414
36.222707,3269,4260,13:09:40.356414
36.224564,3211,4437,13:09:40.356414
36.226421,3392,4415,13:09:40.356414
36.228279,3180,4359,13:09:40.356414
36.230135,3280,4534,13:09:40.356414
36.231992,3222,4347,13:09:40.356414
36.233848,2979,4357,13:09:40.356414
36.235705,3147,4332,13:09:40.356414
36.237561,3193,4467,13:09:40.356414
36.239417,3260,4456,13:09:40.356414
36.24128,3244,4426,13:09:40.356414
36.243136,3123,4608,13:09:40.357406
36.244992,3325,4322,13:09:40.357406
36.246853,3259,4392,13:09:40.357406
36.248735,3209,4450,13:09:40.357406
36.250591,2970,4575,13:09:40.357406
36.252449,3264,4233,13:09:40.357406
36.254306,3062,4392,13:09:40.357406
36.256171,3275,4417,13:09:40.408907
36.258031,3613,4412,13:09:40.408907
36.2599,3133,4625,13:09:40.408907
36.261807,3065,4450,13:09:40.408907
36.263666,3169,4383,13:09:40.408907
36.265522,2985,4456,13:09:40.408907
36.267379,3271,4240,13:09:40.408907
36.269237,3186,4212,13:09:40.408907
36.271093,3284,4531,13:09:40.408907
36.27295,3134,4652,13:09:40.408907
36.274808,3229,4261,13:09:40.408907
36.276665,3282,4615,13:09:40.408907
36.278523,3320,4534,13:09:40.408907
36.280379,3286,4247,13:09:40.408907
36.282244,3067,4397,13:09:40.408907
36.2841,3048,4511,13:09:40.408907
36.285956,3378,4237,13:09:40.408907
36.287815,3432,4362,13:09:40.408907
36.289671,3198,4422,13:09:40.408907
36.291528,3489,4433,13:09:40.408907
36.293384,3114,4389,13:09:40.408907
36.29524,3472,4597,13:09:40.408907
36.297097,3089,4500,13:09:40.408907
36.298952,3177,4585,13:09:40.408907
36.300809,3134,4293,13:09:40.408907
36.302666,3067,4373,13:09:40.408907
36.304524,3225,4468,13:09:40.408907
36.306393,3126,4251,13:09:40.458539
36.308261,3083,4476,13:09:40.458539
36.310132,3477,4469,13:09:40.458539
36.312037,3571,4437,13:09:40.458539
36.313894,3448,4329,13:09:40.458539
36.315752,3131,4382,13:09:40.458539
36.317612,3292,4467,13:09:40.458539
36.319469,3151,4208,13:09:40.458539
36.321325,3109,4247,13:09:40.458539
36.323184,3113,4543,13:09:40.458539
36.32504,3329,4449,13:09:40.458539
36.326896,3340,4638,13:09:40.458539
36.328753,3299,4466,13:09:40.458539
36.330609,3282,4132,13:09:40.458539
36.332466,3185,4273,13:09:40.458539
36.334322,3297,4500,13:09:40.458539
36.336184,3018,4437,13:09:40.459528
36.338041,3063,4437,13:09:40.459528
36.339897,2987,4472,13:09:40.459528
36.341757,3479,4582,13:09:40.459528
36.343614,3496,4335,13:09:40.459528
36.34547,3190,4249,13:09:40.459528
36.347327,3619,4508,13:09:40.459528
36.349185,3212,4278,13:09:40.459528
36.351043,3201,4523,13:09:40.459528
36.3529,3153,4257,13:09:40.459528
36.354761,3070,4558,13:09:40.506993
36.356642,3478,4437,13:09:40.506993
36.358501,3543,4553,13:09:40.506993
36.360397,3368,4415,13:09:40.506993
36.362275,3460,4453,13:09:40.506993
36.364134,3283,4339,13:09:40.506993
36.36599,3065,4331,13:09:40.506993
36.367846,3031,4390,13:09:40.506993
36.369705,3290,4519,13:09:40.506993
36.371567,3188,4601,13:09:40.506993
36.373426,3230,4130,13:09:40.506993
36.375282,3228,4350,13:09:40.506993
36.377148,3267,4386,13:09:40.506993
36.379005,3243,4492,13:09:40.506993
36.380861,3566,4630,13:09:40.506993
36.382719,3103,4504,13:09:40.506993
36.384576,3175,4521,13:09:40.506993
36.386434,3207,4320,13:09:40.506993
36.388291,3216,4327,13:09:40.506993
36.390147,3260,4313,13:09:40.506993
36.392005,3043,4324,13:09:40.506993
36.393869,3342,4551,13:09:40.506993
36.395726,3457,4556,13:09:40.506993
36.397582,3460,4118,13:09:40.506993
36.399441,3119,4434,13:09:40.506993
36.401297,3355,4077,13:09:40.506993
36.403154,3165,4365,13:09:40.506993
36.40501,3409,4397,13:09:40.556812
36.40688,3182,4139,13:09:40.556812
36.408741,3104,4644,13:09:40.556812
36.410633,3457,4681,13:09:40.556812
36.412517,3134,4368,13:09:40.556812
36.414378,3059,4413,13:09:40.556812
36.416234,3112,4459,13:09:40.556812
36.41809,3345,4431,13:09:40.556812
36.419947,3307,4432,13:09:40.556812
36.421805,3234,4253,13:09:40.556812
36.423664,3047,4485,13:09:40.556812
36.42552,2975,4198,13:09:40.556812
36.427378,3228,4395,13:09:40.556812
36.429235,3270,4671,13:09:40.556812
36.431095,3832,4803,13:09:40.556812
36.432951,3567,4321,13:09:40.556812
36.434808,3133,4328,13:09:40.556812
36.436666,3289,4223,13:09:40.556812
36.438523,3081,4148,13:09:40.556812
36.440379,2571,4066,13:09:40.556812
36.442235,3099,4644,13:09:40.556812
36.444092,3393,4352,13:09:40.556812
36.445956,3100,4296,13:09:40.556812
36.447815,3430,4612,13:09:40.556812
36.449673,3711,4668,13:09:40.556812
36.451529,3513,4698,13:09:40.556812
36.453388,3622,4203,13:09:40.556812
36.455244,3030,4233,13:09:40.606399
36.457112,3198,4210,13:09:40.607400
36.458973,2958,4159,13:09:40.607400
36.460889,2758,4373,13:09:40.607400
36.462747,3287,4607,13:09:40.607400
36.464603,3495,4431,13:09:40.607400
36.466463,3475,4360,13:09:40.607400
36.46832,3690,4513,13:09:40.607400
36.470177,3693,4615,13:09:40.607400
36.472035,3063,4257,13:09:40.607400
36.473891,2951,4247,13:09:40.607400
36.475748,2981,4137,13:09:40.607400
36.477604,2732,3838,13:09:40.607400
36.47946,2976,4532,13:09:40.607400
36.481317,3538,4410,13:09:40.607400
36.483173,3524,4479,13:09:40.607400
36.485034,4186,5015,13:09:40.607400
36.48689,3914,4336,13:09:40.607400
36.488746,3446,4391,13:09:40.607400
36.490605,3086,4597,13:09:40.607400
36.492461,3138,4028,13:09:40.607400
36.49432,2253,3825,13:09:40.607400
36.496176,2059,4012,13:09:40.607400
36.498036,2766,3958,13:09:40.607400
36.499895,2768,4316,13:09:40.607400
36.501761,3309,4426,13:09:40.607400
36.503617,4105,4834,13:09:40.607400
36.505476,4799,4914,13:09:40.656846
36.507342,3974,4616,13:09:40.656846
36.509202,3760,4767,13:09:40.656846
36.511135,3286,4402,13:09:40.656846
36.512995,2736,3745,13:09:40.656846
36.514853,2485,4120,13:09:40.657836
36.51671,2518,4194,13:09:40.657836
36.518568,2792,4204,13:09:40.657836
36.520424,3231,4330,13:09:40.657836
36.522283,3369,4502,13:09:40.657836
36.524139,3978,4629,13:09:40.657836
36.526,4119,4715,13:09:40.657836
36.527856,3856,4393,13:09:40.657836
36.529712,3467,4538,13:09:40.657836
36.531571,3425,4329,13:09:40.657836
36.533427,3075,4248,13:09:40.657836
36.535285,2859,4314,13:09:40.657836
36.537142,3184,4299,13:09:40.657836
36.538998,3013,4134,13:09:40.657836
36.540855,3379,4467,13:09:40.657836
36.54272,3338,4461,13:09:40.657836
36.544577,3433,4719,13:09:40.657836
36.546434,3116,4604,13:09:40.657836
36.548292,3630,4263,13:09:40.657836
36.550148,3621,4416,13:09:40.657836
36.552005,3066,4253,13:09:40.657836
36.553861,3253,4470,13:09:40.657836
36.555726,3405,4433,13:09:40.706796
36.557606,2968,4410,13:09:40.706796
36.559468,3306,4536,13:09:40.706796
36.561398,3289,4319,13:09:40.706796
36.563261,3416,4293,13:09:40.706796
36.565117,3338,4138,13:09:40.706796
36.566973,2962,4297,13:09:40.706796
36.568834,3063,4589,13:09:40.706796
36.570692,3345,4332,13:09:40.706796
36.572549,3303,4414,13:09:40.706796
36.574405,3468,4279,13:09:40.706796
36.576263,3622,4582,13:09:40.706796
36.57812,3428,4277,13:09:40.706796
36.579976,3409,4655,13:09:40.706796
36.581832,3392,4411,13:09:40.706796
36.583689,3295,4458,13:09:40.706796
36.585545,3291,4445,13:09:40.706796
36.587402,3511,4420,13:09:40.706796
36.589264,3409,4419,13:09:40.706796
36.59112,3485,4292,13:09:40.706796
36.592977,3410,4902,13:09:40.706796
36.594835,3625,4528,13:09:40.706796
36.596692,3482,4222,13:09:40.706796
36.59855,3303,4720,13:09:40.706796
36.600406,3338,4366,13:09:40.706796
36.602265,3297,4504,13:09:40.706796
36.604131,3279,4339,13:09:40.707797
36.606011,3363,4608,13:09:40.756845
36.607872,3596,4274,13:09:40.756845
36.609738,3470,4491,13:09:40.756845
36.611652,3326,4410,13:09:40.756845
36.613509,3490,4205,13:09:40.756845
36.615365,2950,4350,13:09:40.756845
36.617223,3156,4268,13:09:40.756845
36.61908,3139,4473,13:09:40.756845
36.620936,3366,4156,13:09:40.756845
36.622794,3444,4507,13:09:40.756845
36.624651,3541,4399,13:09:40.756845
36.626509,3296,4489,13:09:40.756845
36.628366,3480,4755,13:09:40.756845
36.630228,3508,4500,13:09:40.756845
36.632084,3250,4378,13:09:40.756845
36.633941,3238,4252,13:09:40.756845
36.635799,3137,4299,13:09:40.756845
36.637655,3076,4423,13:09:40.756845
36.639514,3337,4288,13:09:40.756845
36.64137,3452,4177,13:09:40.756845
36.643227,3412,4487,13:09:40.756845
36.645085,3691,4345,13:09:40.756845
36.646949,3173,4514,13:09:40.756845
36.648812,3435,4753,13:09:40.756845
36.65067,3232,4360,13:09:40.756845
36.652532,3091,4332,13:09:40.756845
36.654389,3320,4373,13:09:40.756845
36.656253,3352,4290,13:09:40.806723
36.658116,3369,4227,13:09:40.806723
36.659992,3377,4647,13:09:40.806723
36.661896,3334,4801,13:09:40.806723
36.663754,3332,4497,13:09:40.806723
36.665611,3567,4699,13:09:40.806723
36.667469,3398,4521,13:09:40.806723
36.669326,3524,4225,13:09:40.806723
36.671188,3360,4387,13:09:40.806723
36.673044,3410,4249,13:09:40.806723
36.674901,3770,4384,13:09:40.806723
36.676759,3395,4278,13:09:40.806723
36.678615,3403,4292,13:09:40.806723
36.680472,3468,4393,13:09:40.806723
36.682328,3384,4482,13:09:40.806723
36.684185,3459,4410,13:09:40.806723
36.686041,3630,4342,13:09:40.806723
36.687898,3145,4482,13:09:40.806723
36.68976,3360,4243,13:09:40.806723
36.691616,3381,4583,13:09:40.806723
36.693474,3627,4454,13:09:40.806723
36.695331,3363,4538,13:09:40.806723
36.697187,3428,4370,13:09:40.806723
36.699046,3207,4386,13:09:40.806723
36.700904,3474,4757,13:09:40.806723
36.702762,3332,4533,13:09:40.806723
36.704619,3222,4547,13:09:40.857760
36.706493,3417,4554,13:09:40.857760
36.708353,3559,4564,13:09:40.857760
36.710265,3595,4658,13:09:40.857760
36.712138,3577,4552,13:09:40.857760
36.713994,3582,4582,13:09:40.857760
36.715853,3257,4734,13:09:40.857760
36.717711,3444,4500,13:09:40.857760
36.719567,3271,4456,13:09:40.857760
36.721426,3304,4283,13:09:40.857760
36.723282,3195,4286,13:09:40.857760
36.725142,3227,4265,13:09:40.857760
36.727001,3329,4403,13:09:40.857760
36.728867,3552,4527,13:09:40.857760
36.730724,3565,4380,13:09:40.857760
36.73258,3362,4479,13:09:40.857760
36.734438,3421,4649,13:09:40.857760
36.736295,3371,4314,13:09:40.857760
36.738151,3085,4555,13:09:40.857760
36.740009,3351,4591,13:09:40.857760
36.741868,3772,4386,13:09:40.857760
36.743724,3280,4142,13:09:40.857760
36.745581,3132,4565,13:09:40.857760
36.747444,3849,4499,13:09:40.857760
36.749301,3332,4495,13:09:40.857760
36.751158,3174,4490,13:09:40.857760
36.75302,3629,4797,13:09:40.857760
36.754876,3504,4540,13:09:40.910025
36.756747,2991,4393,13:09:40.910025
36.758607,3234,4763,13:09:40.910025
36.760511,3687,4491,13:09:40.910025
36.762389,2829,4353,13:09:40.910025
36.764256,3429,4637,13:09:40.910025
36.766112,3613,4660,13:09:40.910025
36.767971,3677,4536,13:09:40.910025
36.769827,3454,4523,13:09:40.910025
36.771685,3530,4563,13:09:40.910025
36.773542,3466,4436,13:09:40.910025
36.7754,3174,4453,13:09:40.910025
36.777257,3044,4456,13:09:40.910025
36.779113,3575,4506,13:09:40.910025
36.780971,3557,4671,13:09:40.910025
36.782832,3170,4333,13:09:40.910025
36.78469,3309,4464,13:09:40.910025
36.786546,3532,4898,13:09:40.910025
36.788409,3241,4358,13:09:40.910025
36.790265,3372,4488,13:09:40.910025
36.792124,3584,4509,13:09:40.910025
36.793986,3251,4227,13:09:40.910025
36.795844,3294,4436,13:09:40.910025
36.797703,3496,4481,13:09:40.910025
36.799559,3524,4653,13:09:40.910025
36.801415,3254,4589,13:09:40.910025
36.803274,3558,4880,13:09:40.910025
36.805132,3561,4495,13:09:40.963627
36.807018,3046,4529,13:09:40.963627
36.808879,3269,4345,13:09:40.963627
36.810807,3619,4565,13:09:40.963627
36.812669,3354,4331,13:09:40.963627
36.814526,3385,4556,13:09:40.963627
36.816386,3651,4333,13:09:40.963627
36.818242,3535,4625,13:09:40.963627
36.820099,3276,4551,13:09:40.963627
36.821959,3595,4550,13:09:40.963627
36.823816,3634,4674,13:09:40.964625
36.825674,3305,4638,13:09:40.964625
36.82753,3429,4570,13:09:40.964625
36.829387,3341,4562,13:09:40.964625
36.831245,3187,4368,13:09:40.964625
36.833105,3234,4405,13:09:40.964625
36.834964,3493,4807,13:09:40.964625
36.83682,3720,4559,13:09:40.964625
36.838687,3499,4458,13:09:40.964625
36.840543,3477,4792,13:09:40.964625
36.842399,3264,4581,13:09:40.964625
36.844258,3321,4502,13:09:40.964625
36.846114,3383,4339,13:09:40.964625
36.84797,3422,4675,13:09:40.964625
36.849827,3061,4737,13:09:40.964625
36.851683,3230,4375,13:09:40.964625
36.85354,3592,4442,13:09:40.964625
36.855406,3571,4670,13:09:41.006799
36.857278,3435,4486,13:09:41.007790
36.859149,3485,4468,13:09:41.007790
36.861069,3488,4650,13:09:41.007790
36.862931,3377,4431,13:09:41.007790
36.86479,2735,4562,13:09:41.007790
36.866652,3452,4690,13:09:41.007790
36.868508,3206,4556,13:09:41.007790
36.870365,3326,4496,13:09:41.007790
36.872223,3392,4727,13:09:41.007790
36.874079,3553,4528,13:09:41.007790
36.875938,3435,4418,13:09:41.007790
36.877796,3464,4677,13:09:41.007790
36.879655,3354,4709,13:09:41.007790
36.881513,3425,4520,13:09:41.007790
36.883379,3139,4636,13:09:41.007790
36.885236,3460,4243,13:09:41.007790
36.887092,3566,4679,13:09:41.007790
36.88895,3523,4427,13:09:41.007790
36.890807,3412,4498,13:09:41.007790
36.892663,3701,4567,13:09:41.007790
36.894522,3319,4357,13:09:41.007790
36.896378,3171,4446,13:09:41.007790
36.898234,3449,4589,13:09:41.007790
36.900091,3670,4543,13:09:41.007790
36.901957,3303,4598,13:09:41.007790
36.903813,3366,4511,13:09:41.007790
36.905678,3232,4474,13:09:41.056466
36.907546,3175,4435,13:09:41.056466
36.909408,3569,4640,13:09:41.056466
36.911342,3418,4489,13:09:41.056466
36.913263,3560,4362,13:09:41.056466
36.915119,3297,4547,13:09:41.056466
36.916975,3432,4524,13:09:41.056466
36.918834,3182,4680,13:09:41.056466
36.92069,3284,4642,13:09:41.056466
36.922549,3313,4353,13:09:41.056466
36.924405,3277,4697,13:09:41.056466
36.926265,3575,4551,13:09:41.056466
36.928122,3716,4451,13:09:41.056466
36.929978,3657,4557,13:09:41.056466
36.931836,3771,4641,13:09:41.056466
36.933693,3468,4806,13:09:41.056466
36.935551,3248,4325,13:09:41.056466
36.937408,3547,4469,13:09:41.056466
36.939264,3121,4678,13:09:41.056466
36.941122,3471,4578,13:09:41.056466
36.942986,3307,4743,13:09:41.056466
36.944845,3720,4723,13:09:41.056466
36.946702,3474,4578,13:09:41.056466
36.94856,3356,4596,13:09:41.056466
36.950416,3423,4548,13:09:41.056466
36.952273,3367,4138,13:09:41.056466
36.954131,3464,4556,13:09:41.057465
36.956001,3295,4841,13:09:41.107550
36.95787,3501,4575,13:09:41.107550
36.959734,3109,4539,13:09:41.107550
36.961654,3401,4471,13:09:41.107550
36.963513,3488,4461,13:09:41.107550
36.965373,3347,4644,13:09:41.107550
36.967233,3274,4875,13:09:41.107550
36.969092,3513,4579,13:09:41.107550
36.970956,3664,4451,13:09:41.107550
36.972818,3114,4548,13:09:41.107550
36.974675,3355,4838,13:09:41.107550
36.976531,3671,4508,13:09:41.107550
36.978388,3187,4453,13:09:41.107550
36.980244,3603,4531,13:09:41.107550
36.982102,3344,4667,13:09:41.107550
36.983963,3679,4710,13:09:41.107550
36.985825,3401,4647,13:09:41.107550
36.987682,3337,4805,13:09:41.107550
36.989544,3635,4681,13:09:41.107550
36.991402,3490,4532,13:09:41.107550
36.993259,3282,4649,13:09:41.107550
36.995119,3370,4656,13:09:41.108547
36.996975,3424,4800,13:09:41.108547
36.998834,3783,4587,13:09:41.108547
37.00069,3409,4683,13:09:41.108547
37.002547,3502,4542,13:09:41.108547
37.004405,3556,4755,13:09:41.108547
37.006267,3031,4613,13:09:41.159617
37.008128,3452,4743,13:09:41.159617
37.010012,3662,4630,13:09:41.159617
37.011917,2764,4378,13:09:41.159617
37.013774,3293,4828,13:09:41.159617
37.015631,3427,4633,13:09:41.159617
37.017489,3417,4715,13:09:41.159617
37.019346,3614,4599,13:09:41.159617
37.021202,3432,4680,13:09:41.159617
37.023058,3565,4753,13:09:41.159617
37.024915,3681,4824,13:09:41.159617
37.026771,3352,4499,13:09:41.159617
37.028628,3595,4523,13:09:41.159617
37.030488,3624,4576,13:09:41.160613
37.032344,3143,4293,13:09:41.160613
37.034201,2946,4742,13:09:41.160613
37.036059,3521,4649,13:09:41.160613
37.037915,3395,4573,13:09:41.160613
37.039774,3617,4811,13:09:41.160613
37.04163,3941,4816,13:09:41.160613
37.043491,3311,4272,13:09:41.160613
37.045349,3312,4823,13:09:41.160613
37.047215,3673,4608,13:09:41.160613
37.049072,3385,4495,13:09:41.160613
37.050928,3392,4444,13:09:41.160613
37.052786,3539,4709,13:09:41.160613
37.054643,3198,4504,13:09:41.211494
37.056511,3209,4762,13:09:41.211494
37.058372,3503,4791,13:09:41.211494
37.060266,3544,4743,13:09:41.211494
37.062181,3077,4688,13:09:41.211494
37.064044,3725,4871,13:09:41.211494
37.065901,3356,4723,13:09:41.211494
37.067763,3564,5042,13:09:41.211494
37.069619,3737,4422,13:09:41.211494
37.071476,3494,4525,13:09:41.211494
37.073334,3488,4679,13:09:41.211494
37.075196,3489,4333,13:09:41.211494
37.077055,3282,4359,13:09:41.211494
37.078911,3408,4556,13:09:41.211494
37.080778,3819,4705,13:09:41.211494
37.082634,3241,4759,13:09:41.211494
37.08449,3611,4710,13:09:41.211494
37.086349,3847,4751,13:09:41.211494
37.088205,3401,4430,13:09:41.211494
37.090062,3514,4737,13:09:41.211494
37.091918,3503,4529,13:09:41.211494
37.093774,3317,4307,13:09:41.211494
37.095631,3245,4807,13:09:41.211494
37.097488,3576,4715,13:09:41.211494
37.09935,3702,4339,13:09:41.211494
37.101206,3574,4800,13:09:41.211494
37.103064,3547,4570,13:09:41.211494
37.104921,3577,4527,13:09:41.262135
37.106785,3627,4463,13:09:41.262135
37.108645,3433,4180,13:09:41.262135
37.110552,3381,4661,13:09:41.262135
37.112412,3457,4466,13:09:41.262135
37.114276,2885,4425,13:09:41.262135
37.116175,3237,4702,13:09:41.262135
37.118031,3849,4567,13:09:41.262135
37.119887,3312,4639,13:09:41.262135
37.121746,3242,4694,13:09:41.262135
37.123604,3703,4609,13:09:41.262135
37.12546,3400,4445,13:09:41.262135
37.127323,3250,4673,13:09:41.262135
37.129179,3574,4839,13:09:41.262135
37.131038,3406,4423,13:09:41.262135
37.132894,3304,4396,13:09:41.262135
37.13475,3295,4476,13:09:41.262135
37.136609,3462,4687,13:09:41.262135
37.138466,3443,4528,13:09:41.262135
37.140323,3538,4628,13:09:41.263125
37.14218,3248,4394,13:09:41.263125
37.144042,3720,4716,13:09:41.263125
37.145899,3287,4392,13:09:41.263125
37.147755,3265,4611,13:09:41.263125
37.149615,3792,4579,13:09:41.263125
37.151472,3576,4732,13:09:41.263125
37.15333,3644,4549,13:09:41.263125
37.155187,3696,4518,13:09:41.314526
37.157057,3778,4349,13:09:41.314526
37.158917,3321,4338,13:09:41.314526
37.160814,3094,4580,13:09:41.314526
37.162676,3488,4705,13:09:41.314526
37.164532,3446,4875,13:09:41.314526
37.166391,3289,4646,13:09:41.314526
37.168249,3589,4724,13:09:41.314526
37.170105,3886,4720,13:09:41.314526
37.171962,3674,4524,13:09:41.314526
37.173818,3428,4681,13:09:41.314526
37.175682,3524,4247,13:09:41.314526
37.177539,3668,4129,13:09:41.314526
37.179395,3126,4392,13:09:41.314526
37.181254,3455,4477,13:09:41.314526
37.18311,3551,4251,13:09:41.314526
37.184966,3487,4277,13:09:41.314526
37.186825,3696,4327,13:09:41.314526
37.188681,3789,4464,13:09:41.314526
37.19054,3355,4597,13:09:41.314526
37.192403,3528,4654,13:09:41.314526
37.19426,3710,4772,13:09:41.314526
37.196117,3625,4347,13:09:41.314526
37.197975,3139,4338,13:09:41.314526
37.199833,3534,4421,13:09:41.314526
37.20169,3716,4573,13:09:41.314526
37.203548,3587,4586,13:09:41.315531
37.205405,3305,4272,13:09:41.370196
37.207279,3601,4574,13:09:41.370196
37.209139,3565,4824,13:09:41.370196
37.211051,3585,4423,13:09:41.370196
37.212908,3532,4580,13:09:41.370196
37.214768,3698,4566,13:09:41.370196
37.216644,3281,4345,13:09:41.370196
37.21851,337,4269,13:09:41.370196
37.220375,3674,4607,13:09:41.370196
37.222232,3596,4452,13:09:41.370196
37.224088,3420,4365,13:09:41.370196
37.225946,3794,4835,13:09:41.370196
37.227803,3441,4427,13:09:41.370196
37.229659,3155,4296,13:09:41.370196
37.231517,3515,4624,13:09:41.370196
37.233378,3665,4512,13:09:41.370196
37.235236,3231,4163,13:09:41.370196
37.237093,3113,4619,13:09:41.370196
37.238953,3760,4492,13:09:41.370196
37.240809,3819,4604,13:09:41.370196
37.242666,3482,4454,13:09:41.370196
37.244524,3721,4493,13:09:41.370196
37.246381,3570,4264,13:09:41.370196
37.248237,3364,4609,13:09:41.370196
37.250093,3297,4449,13:09:41.370196
37.25195,3574,4652,13:09:41.370196
37.253806,3754,4446,13:09:41.370196
37.255673,3581,4306,13:09:41.416005
37.257537,3876,4548,13:09:41.416005
37.259398,3710,4514,13:09:41.416992
37.261297,3453,4265,13:09:41.416992
37.26316,3376,4647,13:09:41.416992
37.265018,3836,4437,13:09:41.416992
37.266876,3266,4322,13:09:41.416992
37.268735,3358,4738,13:09:41.416992
37.270597,3679,4717,13:09:41.416992
37.272456,3432,4426,13:09:41.416992
37.274359,2780,4705,13:09:41.416992
37.27622,3478,4531,13:09:41.416992
37.278076,3737,4349,13:09:41.416992
37.279933,3620,4839,13:09:41.416992
37.281791,3703,4752,13:09:41.416992
37.283654,3449,4495,13:09:41.416992
37.285512,3227,4124,13:09:41.416992
37.287368,3600,4611,13:09:41.416992
37.289229,3823,4778,13:09:41.416992
37.291085,3821,4620,13:09:41.416992
37.292941,3761,4661,13:09:41.416992
37.2948,3856,4443,13:09:41.416992
37.296656,3378,4281,13:09:41.416992
37.298515,3501,4601,13:09:41.416992
37.300373,3562,4581,13:09:41.416992
37.302231,3459,4561,13:09:41.416992
37.30409,3232,4433,13:09:41.416992
37.305954,3426,4545,13:09:41.467725
37.307816,3557,4682,13:09:41.467725
37.309679,3687,4538,13:09:41.467725
37.311585,3399,4422,13:09:41.467725
37.313444,3720,4858,13:09:41.467725
37.315302,3321,4252,13:09:41.467725
37.31716,3112,4456,13:09:41.467725
37.319036,3334,4631,13:09:41.467725
37.320901,2081,4484,13:09:41.467725
37.322759,3424,4522,13:09:41.467725
37.324615,3595,4501,13:09:41.467725
37.326474,3482,4362,13:09:41.467725
37.32833,3421,4285,13:09:41.467725
37.330195,3187,4556,13:09:41.467725
37.332051,3455,4634,13:09:41.467725
37.333907,3699,4402,13:09:41.467725
37.335766,3858,4567,13:09:41.467725
37.337622,3548,4777,13:09:41.467725
37.33948,3533,4692,13:09:41.467725
37.341337,3592,4498,13:09:41.467725
37.343193,3550,4372,13:09:41.467725
37.345052,3659,4833,13:09:41.467725
37.346915,3895,4462,13:09:41.467725
37.348774,3701,4638,13:09:41.467725
37.350631,3668,4431,13:09:41.467725
37.352489,3921,4466,13:09:41.467725
37.354345,3699,4440,13:09:41.468734
37.356214,3449,4485,13:09:41.517417
37.358074,3813,4486,13:09:41.517417
37.359954,3762,4363,13:09:41.517417
37.361843,3524,4502,13:09:41.517417
37.363699,3638,4611,13:09:41.517417
37.365563,3632,4584,13:09:41.517417
37.367425,3163,4047,13:09:41.517417
37.369296,2496,4574,13:09:41.517417
37.371168,3636,4747,13:09:41.517417
37.373027,3779,4316,13:09:41.517417
37.374911,3729,4191,13:09:41.517417
37.37677,3730,4774,13:09:41.517417
37.378626,3514,4499,13:09:41.517417
37.380486,3357,4255,13:09:41.517417
37.382345,3412,4693,13:09:41.517417
37.384211,3577,4509,13:09:41.517417
37.386067,3629,4422,13:09:41.517417
37.387924,3734,4489,13:09:41.517417
37.389784,3695,4954,13:09:41.517417
37.391641,3527,4135,13:09:41.517417
37.393497,3621,4724,13:09:41.517417
37.395355,3632,4580,13:09:41.517417
37.397212,3679,4570,13:09:41.517417
37.399068,3154,4450,13:09:41.517417
37.400925,3686,4707,13:09:41.517417
37.402789,3743,4392,13:09:41.517417
37.404645,3351,4370,13:09:41.577082
37.40652,3460,4513,13:09:41.577082
37.40838,3928,4628,13:09:41.577082
37.410274,3483,4451,13:09:41.577082
37.412147,3360,4446,13:09:41.577082
37.414007,3481,4630,13:09:41.577082
37.415865,3391,4444,13:09:41.577082
37.417724,3217,4533,13:09:41.577082
37.41958,2035,4449,13:09:41.577082
37.421438,525,4624,13:09:41.577082
37.423335,3517,4649,13:09:41.577082
37.425191,3535,4619,13:09:41.577082
37.427047,3613,4523,13:09:41.577082
37.428904,3765,4541,13:09:41.577082
37.430762,3452,4454,13:09:41.577082
37.432619,3675,4887,13:09:41.577082
37.434475,3708,4797,13:09:41.577082
37.436333,3417,4567,13:09:41.577082
37.43819,3624,4584,13:09:41.577082
37.440048,3748,4908,13:09:41.577082
37.441904,3686,4607,13:09:41.577082
37.443763,3541,4723,13:09:41.577082
37.445621,3965,4575,13:09:41.577082
37.447481,3797,4579,13:09:41.577082
37.449338,3353,4628,13:09:41.577082
37.451194,3603,4565,13:09:41.577082
37.453053,3461,4526,13:09:41.577082
37.454909,3399,4609,13:09:41.622883
37.456777,3335,4333,13:09:41.622883
37.458638,3667,4460,13:09:41.622883
37.460554,3658,4398,13:09:41.622883
37.462412,3313,4600,13:09:41.622883
37.464271,3508,4910,13:09:41.622883
37.466129,3475,4573,13:09:41.622883
37.467985,3443,4399,13:09:41.622883
37.469846,3332,4395,13:09:41.622883
37.471702,3603,4632,13:09:41.622883
37.473559,3611,4459,13:09:41.622883
37.475415,3716,4856,13:09:41.622883
37.477273,3613,4601,13:09:41.622883
37.47913,3158,4392,13:09:41.622883
37.48099,3496,4565,13:09:41.622883
37.482846,3627,4621,13:09:41.622883
37.484707,3784,4543,13:09:41.622883
37.486563,3618,4724,13:09:41.622883
37.48842,3543,4490,13:09:41.622883
37.490278,3744,4742,13:09:41.622883
37.492134,3455,4238,13:09:41.622883
37.493993,3338,4718,13:09:41.622883
37.495849,3847,4496,13:09:41.622883
37.497706,3675,4536,13:09:41.622883
37.499562,3588,4488,13:09:41.622883
37.501427,3475,4613,13:09:41.622883
37.503285,3759,4981,13:09:41.622883
37.505141,3519,4455,13:09:41.670457
37.507025,3384,4791,13:09:41.670457
37.508886,3610,4616,13:09:41.670457
37.51078,3485,4436,13:09:41.670457
37.512638,3492,4859,13:09:41.670457
37.514497,3626,4642,13:09:41.670457
37.516355,3131,4310,13:09:41.670457
37.518211,2727,4753,13:09:41.670457
37.520075,3048,4775,13:09:41.670457
37.521932,3551,4654,13:09:41.670457
37.523789,3526,4446,13:09:41.670457
37.525647,2995,4874,13:09:41.670457
37.527515,3615,4368,13:09:41.670457
37.529387,3525,4542,13:09:41.670457
37.53125,3746,4721,13:09:41.670457
37.533106,3525,4499,13:09:41.670457
37.534965,3641,4463,13:09:41.670457
37.536823,3572,4661,13:09:41.670457
37.538679,3528,4609,13:09:41.670457
37.540538,3394,4738,13:09:41.670457
37.542395,3616,4386,13:09:41.670457
37.544253,3493,4715,13:09:41.670457
37.546109,3473,4590,13:09:41.670457
37.547971,3810,4671,13:09:41.670457
37.549828,3821,4517,13:09:41.670457
37.551684,3611,4682,13:09:41.670457
37.553542,3719,4785,13:09:41.670457
37.555399,3529,4428,13:09:41.725418
37.557271,3604,4801,13:09:41.725418
37.559132,3818,4601,13:09:41.725418
37.561034,3443,4860,13:09:41.725418
37.56289,3451,4755,13:09:41.725418
37.564747,3217,4560,13:09:41.725418
37.566605,3258,4546,13:09:41.725418
37.568461,3195,4516,13:09:41.725418
37.570318,3307,4629,13:09:41.725418
37.57218,3583,4378,13:09:41.725418
37.574037,2035,4524,13:09:41.725418
37.575899,3451,4714,13:09:41.725418
37.577755,3801,4723,13:09:41.725418
37.579613,3780,4752,13:09:41.725418
37.58147,3568,4732,13:09:41.725418
37.583327,3603,4782,13:09:41.725418
37.585185,3876,4614,13:09:41.725418
37.587041,3649,4683,13:09:41.725418
37.588899,4056,4893,13:09:41.725418
37.590756,3912,4906,13:09:41.725418
37.592612,3694,4765,13:09:41.725418
37.594469,3603,4746,13:09:41.725418
37.596332,3556,4535,13:09:41.725418
37.598189,3476,4576,13:09:41.725418
37.600046,3305,4834,13:09:41.725418
37.601904,3362,4744,13:09:41.725418
37.60376,3756,4670,13:09:41.725418
37.605619,3728,4805,13:09:41.775237
37.607485,3580,4691,13:09:41.775237
37.609348,3669,4933,13:09:41.775237
37.611268,3387,4715,13:09:41.775237
37.613124,3568,4646,13:09:41.775237
37.614982,3604,4648,13:09:41.775237
37.616841,2994,4754,13:09:41.775237
37.618697,3549,4635,13:09:41.775237
37.620553,3529,4835,13:09:41.775237
37.62241,3888,4715,13:09:41.775237
37.624266,3823,4624,13:09:41.775237
37.626125,3563,4559,13:09:41.775237
37.627986,3671,5034,13:09:41.775237
37.629875,1801,4735,13:09:41.779338
37.631732,3280,4541,13:09:41.779338
37.633588,3476,4585,13:09:41.779338
37.635449,3707,4871,13:09:41.779338
37.637307,3319,4606,13:09:41.779338
37.639163,3507,4618,13:09:41.779338
37.64102,4013,4828,13:09:41.779338
37.64288,3818,4680,13:09:41.779338
37.644738,3445,4509,13:09:41.779338
37.646595,3471,4944,13:09:41.779338
37.648453,3567,4775,13:09:41.779338
37.650309,3516,4463,13:09:41.779338
37.652168,3273,4749,13:09:41.779338
37.654024,3784,5124,13:09:41.779338
37.655883,3805,4679,13:09:41.826759
37.657745,3667,4593,13:09:41.826759
37.659612,3851,4963,13:09:41.826759
37.661523,3874,4489,13:09:41.826759
37.66338,3104,4412,13:09:41.826759
37.665236,3571,4856,13:09:41.826759
37.667095,3975,4862,13:09:41.826759
37.668951,3598,4514,13:09:41.826759
37.670809,3450,4926,13:09:41.826759
37.672668,3579,4888,13:09:41.826759
37.674531,3664,4695,13:09:41.826759
37.676416,3443,4644,13:09:41.826759
37.678277,-28,4868,13:09:41.826759
37.680143,3766,4785,13:09:41.826759
37.682003,3505,4710,13:09:41.826759
37.68386,3420,4660,13:09:41.827778
37.685718,3910,4802,13:09:41.827778
37.687575,3496,4918,13:09:41.827778
37.689431,3453,4768,13:09:41.827778
37.691287,3763,4676,13:09:41.827778
37.693146,3473,4681,13:09:41.827778
37.695002,3668,4714,13:09:41.827778
37.696858,3397,4763,13:09:41.827778
37.698715,3731,4373,13:09:41.827778
37.700571,3760,4641,13:09:41.827778
37.702428,3651,4780,13:09:41.827778
37.704284,3667,4982,13:09:41.827778
37.706156,3757,4747,13:09:41.876629
37.708017,3723,4874,13:09:41.876629
37.709894,3798,4981,13:09:41.876629
37.711799,3508,4599,13:09:41.876629
37.713655,3456,4756,13:09:41.876629
37.715512,3782,4831,13:09:41.876629
37.71737,3182,4889,13:09:41.876629
37.719227,3700,4752,13:09:41.876629
37.721085,3595,4585,13:09:41.876629
37.722941,3254,4785,13:09:41.876629
37.724802,3408,4669,13:09:41.876629
37.726658,3097,4735,13:09:41.876629
37.728538,3516,4877,13:09:41.876629
37.730397,356,4785,13:09:41.876629
37.732261,3715,4716,13:09:41.876629
37.734123,3438,4706,13:09:41.876629
37.73598,3888,4517,13:09:41.876629
37.737836,3620,4714,13:09:41.876629
37.739695,3321,4612,13:09:41.876629
37.741551,3664,4917,13:09:41.876629
37.743409,3786,4886,13:09:41.877423
37.745266,3578,4644,13:09:41.877423
37.747122,3471,4684,13:09:41.877423
37.748978,3846,4690,13:09:41.877423
37.750844,3594,4512,13:09:41.877423
37.752701,3404,4457,13:09:41.877423
37.754558,3713,4840,13:09:41.928219
37.756422,3900,4622,13:09:41.928219
37.758282,3630,4699,13:09:41.928219
37.760172,3588,4813,13:09:41.928219
37.762039,3526,4861,13:09:41.928219
37.763899,3786,4882,13:09:41.928219
37.76576,3726,4782,13:09:41.928219
37.767616,3962,4933,13:09:41.928219
37.769472,3812,4581,13:09:41.928219
37.771331,3647,4684,13:09:41.928219
37.773187,3098,4569,13:09:41.928219
37.775046,3977,4715,13:09:41.928219
37.776911,3605,4759,13:09:41.928219
37.778768,3056,5013,13:09:41.928219
37.780631,2759,4815,13:09:41.928219
37.78249,3527,4765,13:09:41.928219
37.784347,3701,4820,13:09:41.928219
37.786222,3486,4987,13:09:41.928219
37.78809,3793,4830,13:09:41.928219
37.789946,3422,4748,13:09:41.928219
37.791804,3553,4733,13:09:41.928219
37.793661,3671,4662,13:09:41.928219
37.795518,3703,4711,13:09:41.928219
37.797384,3735,4724,13:09:41.928219
37.79924,3586,4851,13:09:41.928219
37.801097,3591,4814,13:09:41.928219
37.802955,3625,4844,13:09:41.928219
37.804812,3609,4993,13:09:41.978218
37.806682,3504,4672,13:09:41.978218
37.808542,3458,5092,13:09:41.978218
37.810438,3516,4670,13:09:41.978218
37.812305,3514,4894,13:09:41.978218
37.814163,3243,4703,13:09:41.978218
37.816022,3556,5055,13:09:41.978218
37.817878,3643,4949,13:09:41.978218
37.819734,3645,4894,13:09:41.978218
37.821593,3726,4975,13:09:41.978218
37.823449,3287,4700,13:09:41.978218
37.825305,2832,4680,13:09:41.978218
37.827162,3746,4636,13:09:41.978218
37.829028,3655,4897,13:09:41.978218
37.830886,1071,4760,13:09:41.978218
37.832744,3677,4877,13:09:41.978218
37.834601,3958,4996,13:09:41.978218
37.836458,3731,4955,13:09:41.978218
37.838316,3780,4653,13:09:41.979233
37.840172,3687,4775,13:09:41.979233
37.842029,3737,4864,13:09:41.979233
37.843885,3774,4825,13:09:41.979233
37.845749,3731,4909,13:09:41.979233
37.847606,3602,4866,13:09:41.979233
37.849462,3632,4923,13:09:41.979233
37.851321,3552,4945,13:09:41.979233
37.853177,3624,4703,13:09:41.979233
37.855033,3534,4916,13:09:42.037233
37.856906,3688,4917,13:09:42.037233
37.858766,3610,5023,13:09:42.037233
37.86067,3438,4692,13:09:42.037233
37.862529,3777,4744,13:09:42.037233
37.864385,3675,4736,13:09:42.037233
37.866247,3637,4605,13:09:42.037233
37.868104,3091,4691,13:09:42.037233
37.869962,3054,4847,13:09:42.037233
37.871819,3340,4646,13:09:42.037233
37.873677,2984,4775,13:09:42.037233
37.875535,3607,5114,13:09:42.037233
37.877393,3521,4966,13:09:42.037233
37.879254,2663,4657,13:09:42.037233
37.881122,3314,5024,13:09:42.037233
37.882999,1869,4786,13:09:42.037233
37.884857,3932,4675,13:09:42.037233
37.886717,3309,4695,13:09:42.037233
37.888576,3912,4881,13:09:42.038234
37.890432,3803,4695,13:09:42.038234
37.892299,3340,4921,13:09:42.038234
37.894155,3812,4855,13:09:42.038234
37.896011,4088,4953,13:09:42.038234
37.897874,3639,4642,13:09:42.038234
37.89973,3317,4832,13:09:42.038234
37.901588,3977,4813,13:09:42.038234
37.903444,3933,4662,13:09:42.038234
37.905301,3406,4707,13:09:42.093428
37.907172,3667,5107,13:09:42.093428
37.909032,3953,5019,13:09:42.093428
37.910942,3372,4630,13:09:42.093428
37.912802,3411,4799,13:09:42.093428
37.914659,3590,4835,13:09:42.093428
37.916517,3316,4848,13:09:42.093428
37.918378,3358,4547,13:09:42.093428
37.920236,4025,5017,13:09:42.093428
37.922092,4116,4845,13:09:42.093428
37.923949,3672,4573,13:09:42.093428
37.925807,3031,4964,13:09:42.093428
37.927667,3639,5048,13:09:42.093428
37.929524,3508,4858,13:09:42.093428
37.93138,2715,4736,13:09:42.093428
37.933263,3290,5012,13:09:42.093428
37.935122,1507,4796,13:09:42.093428
37.936991,3665,4680,13:09:42.093428
37.938848,3593,4940,13:09:42.093428
37.940704,3985,4779,13:09:42.093428
37.942562,3641,4869,13:09:42.093428
37.944419,3414,4838,13:09:42.093428
37.946275,3757,5093,13:09:42.093428
37.948134,3645,4642,13:09:42.093428
37.94999,3682,4749,13:09:42.093428
37.951848,3733,4736,13:09:42.093428
37.953705,3853,4764,13:09:42.093428
37.955569,3623,4739,13:09:42.131540
37.957435,3550,4870,13:09:42.131540
37.959297,3757,4877,13:09:42.131540
37.961206,3396,4664,13:09:42.131540
37.963062,3622,4595,13:09:42.131540
37.964919,3509,4911,13:09:42.131540
37.966777,3473,4873,13:09:42.131540
37.968635,3388,4860,13:09:42.131540
37.970494,3273,4947,13:09:42.131540
37.97235,3854,4772,13:09:42.131540
37.974217,3759,4658,13:09:42.131540
37.976073,2374,4743,13:09:42.131540
37.977929,3747,4865,13:09:42.131540
37.979788,3343,4887,13:09:42.131540
37.98165,2769,4804,13:09:42.131540
37.983509,3609,4899,13:09:42.131540
37.985373,3968,4662,13:09:42.131540
37.987229,3750,4769,13:09:42.131540
37.989088,3651,4973,13:09:42.131540
37.990954,3475,4811,13:09:42.131540
37.992836,3366,4889,13:09:42.131540
37.994699,3393,4812,13:09:42.131540
37.996555,3693,4628,13:09:42.131540
37.998411,3743,4755,13:09:42.131540
38.00027,3412,4978,13:09:42.131540
38.002128,3949,4915,13:09:42.132546
38.003985,4140,4911,13:09:42.132546
38.005845,3773,4706,13:09:42.190025
38.007707,3802,4929,13:09:42.190025
38.009569,3925,4761,13:09:42.190025
38.011496,3485,4792,13:09:42.190025
38.01338,3303,4739,13:09:42.190025
38.015246,3835,4737,13:09:42.190025
38.017103,3492,4591,13:09:42.190025
38.018963,3617,4776,13:09:42.190025
38.020819,3064,4966,13:09:42.190025
38.022676,3564,5205,13:09:42.190025
38.024532,3753,4803,13:09:42.190025
38.026391,3779,5088,13:09:42.190025
38.028247,3531,5102,13:09:42.190025
38.030105,2901,4677,13:09:42.190025
38.031962,2943,4802,13:09:42.190025
38.033824,2992,4858,13:09:42.190025
38.035681,1418,4855,13:09:42.190025
38.037573,3525,4699,13:09:42.190025
38.039429,3714,4783,13:09:42.190025
38.041286,3883,4644,13:09:42.190025
38.043148,3740,5029,13:09:42.190025
38.045004,3811,4849,13:09:42.190025
38.046861,3648,4800,13:09:42.190025
38.048719,3792,4910,13:09:42.190025
38.050576,3813,4946,13:09:42.190025
38.052432,3653,4981,13:09:42.190025
38.054288,3606,5336,13:09:42.190025
38.056153,3588,4695,13:09:42.237729
38.058013,3855,4810,13:09:42.237729
38.059883,3682,5141,13:09:42.237729
38.061772,3740,4869,13:09:42.237729
38.063628,3638,4916,13:09:42.237729
38.065484,3494,4880,13:09:42.237729
38.067343,3743,4740,13:09:42.237729
38.069201,3599,4818,13:09:42.237729
38.071059,3006,4730,13:09:42.237729
38.072916,3000,4918,13:09:42.239728
38.074782,2987,4746,13:09:42.239728
38.076639,3757,4836,13:09:42.239728
38.078497,3368,4937,13:09:42.239728
38.080355,3765,4788,13:09:42.239728
38.082212,3110,4813,13:09:42.239728
38.084071,3222,4574,13:09:42.239728
38.085928,3653,4787,13:09:42.239728
38.087785,3672,4813,13:09:42.239728
38.089641,3506,5150,13:09:42.239728
38.091503,3645,4852,13:09:42.239728
38.09336,2622,4937,13:09:42.239728
38.095218,3776,4826,13:09:42.239728
38.097077,3616,5183,13:09:42.239728
38.098933,3962,5113,13:09:42.239728
38.100789,3735,4775,13:09:42.239728
38.102648,3715,5042,13:09:42.239728
38.104504,3640,4897,13:09:42.286298
38.106377,3724,4615,13:09:42.286298
38.108237,3669,4734,13:09:42.287486
38.110115,3721,4871,13:09:42.287486
38.112002,3566,4855,13:09:42.287486
38.11386,3738,4786,13:09:42.287486
38.115718,3708,4785,13:09:42.287486
38.117575,3705,4970,13:09:42.287486
38.119431,3774,4621,13:09:42.287486
38.121289,3196,5185,13:09:42.287486
38.123147,3101,4839,13:09:42.287486
38.125006,3033,4829,13:09:42.287486
38.126865,2782,4820,13:09:42.287486
38.128729,3731,4781,13:09:42.287486
38.130585,3676,4896,13:09:42.289490
38.132442,3819,4779,13:09:42.289490
38.1343,3498,4620,13:09:42.289490
38.136156,3791,4463,13:09:42.289490
38.138013,3637,4812,13:09:42.289490
38.139869,1128,4824,13:09:42.289490
38.141759,3880,4925,13:09:42.289490
38.143618,3790,5011,13:09:42.289490
38.145474,3696,4778,13:09:42.289490
38.147333,3640,4991,13:09:42.289490
38.149189,3563,4759,13:09:42.289490
38.151049,3772,4721,13:09:42.289490
38.152906,3628,4864,13:09:42.289490
38.154762,3690,5151,13:09:42.338458
38.156634,3632,4939,13:09:42.338458
38.158495,3892,4676,13:09:42.338458
38.160408,3459,4897,13:09:42.338458
38.162271,3517,4976,13:09:42.338458
38.164128,3527,4610,13:09:42.338458
38.165986,3545,4830,13:09:42.338458
38.167844,3481,4737,13:09:42.338458
38.169701,3604,4669,13:09:42.338458
38.171559,3337,4931,13:09:42.338458
38.173421,3631,4996,13:09:42.338458
38.175278,3758,4733,13:09:42.338458
38.177134,2945,4620,13:09:42.338458
38.178993,2866,4879,13:09:42.338458
38.180849,3563,4988,13:09:42.338458
38.182705,2845,4827,13:09:42.338458
38.184564,3460,4891,13:09:42.338458
38.186428,2804,4692,13:09:42.338458
38.188287,3293,4765,13:09:42.338458
38.190146,1036,4908,13:09:42.338458
38.192009,3447,4754,13:09:42.338458
38.19387,3871,4834,13:09:42.338458
38.195732,3675,4836,13:09:42.338458
38.197588,3633,4684,13:09:42.338458
38.199444,3600,4978,13:09:42.339450
38.201303,3816,4994,13:09:42.339450
38.20316,3833,4884,13:09:42.340448
38.205016,3481,4806,13:09:42.388472
38.206882,3690,4848,13:09:42.388472
38.208743,3651,4822,13:09:42.388472
38.210649,3424,4779,13:09:42.388472
38.212509,3408,4839,13:09:42.388472
38.214367,3559,4911,13:09:42.388472
38.216228,3151,4801,13:09:42.388472
38.218084,3750,5050,13:09:42.388472
38.219943,3220,4883,13:09:42.388472
38.221801,3440,4755,13:09:42.388472
38.223658,3657,5297,13:09:42.388472
38.225516,3817,5070,13:09:42.388472
38.227376,3278,4875,13:09:42.388472
38.229235,3176,4957,13:09:42.388472
38.231095,3009,5158,13:09:42.388472
38.232958,3802,5026,13:09:42.388472
38.234814,3755,4740,13:09:42.388472
38.23667,3218,4875,13:09:42.388472
38.238529,3540,5066,13:09:42.388472
38.240421,3375,4799,13:09:42.388472
38.242281,1305,4887,13:09:42.388472
38.244146,4024,5059,13:09:42.388472
38.246002,3374,4584,13:09:42.388472
38.247866,3729,4830,13:09:42.388472
38.249723,3139,4741,13:09:42.388472
38.251583,3466,4823,13:09:42.388472
38.25344,3439,4685,13:09:42.388472
38.255296,3506,4574,13:09:42.441687
38.257158,3618,4951,13:09:42.441687
38.259019,3551,5087,13:09:42.441687
38.260929,3134,4987,13:09:42.441687
38.262787,3550,4836,13:09:42.441687
38.264644,3394,4995,13:09:42.441687
38.266502,3435,5038,13:09:42.441687
38.268358,3493,4766,13:09:42.441687
38.270217,2896,4921,13:09:42.441687
38.272073,3587,5096,13:09:42.442687
38.273929,3777,4928,13:09:42.442687
38.275788,3053,4856,13:09:42.442687
38.27765,3003,5039,13:09:42.442687
38.279507,3229,5152,13:09:42.442687
38.281365,3103,5072,13:09:42.442687
38.283223,3451,4938,13:09:42.442687
38.28508,2946,5019,13:09:42.442687
38.286936,3442,4696,13:09:42.442687
38.288794,3411,4681,13:09:42.442687
38.290665,2362,4898,13:09:42.442687
38.29254,125,5072,13:09:42.442687
38.294403,3489,4903,13:09:42.442687
38.296262,3811,5118,13:09:42.442687
38.29812,3590,4857,13:09:42.442687
38.299976,3757,4759,13:09:42.442687
38.301835,3480,4832,13:09:42.442687
38.303691,3697,4935,13:09:42.442687
38.305553,3311,4577,13:09:42.456849
38.307418,3561,4892,13:09:42.456849
38.309278,3806,5054,13:09:42.456849
38.311186,3404,4990,13:09:42.456849
38.313049,3186,4918,13:09:42.456849
38.314905,2910,4920,13:09:42.456849
38.316763,3823,4998,13:09:42.456849
38.31862,2533,4701,13:09:42.456849
38.320476,3183,4983,13:09:42.456849
38.322333,3612,4852,13:09:42.456849
38.324193,2708,4908,13:09:42.456849
38.326049,3400,4796,13:09:42.456849
38.327906,3591,4888,13:09:42.456849
38.329764,3053,4674,13:09:42.456849
38.33162,2874,4632,13:09:42.456849
38.333479,3776,5122,13:09:42.456849
38.335335,3147,4621,13:09:42.456849
38.337196,3120,4504,13:09:42.456849
38.339054,3412,4894,13:09:42.456849
38.34092,3933,4982,13:09:42.456849
38.342779,3762,4938,13:09:42.456849
38.344635,3323,4933,13:09:42.456849
38.346495,807,5017,13:09:42.456849
38.348359,3929,4926,13:09:42.456849
38.350244,3396,4784,13:09:42.456849
38.3521,3407,4936,13:09:42.456849
38.353957,3911,4708,13:09:42.456849
38.355823,3435,4930,13:09:42.507802
38.357683,3070,5028,13:09:42.507802
38.359546,3735,4975,13:09:42.507802
38.361444,3670,4783,13:09:42.507802
38.363302,3406,4695,13:09:42.507802
38.365161,3632,4912,13:09:42.507802
38.367017,3879,4957,13:09:42.507802
38.368874,3338,4692,13:09:42.507802
38.370732,3417,5024,13:09:42.507802
38.372588,3851,4856,13:09:42.508798
38.374449,3374,4793,13:09:42.508798
38.376307,3133,4766,13:09:42.508798
38.378163,4094,5033,13:09:42.508798
38.38002,3915,4725,13:09:42.508798
38.381879,3291,4767,13:09:42.508798
38.383736,3630,5097,13:09:42.508798
38.385593,3758,5065,13:09:42.508798
38.387451,3344,4561,13:09:42.508798
38.389308,3348,4945,13:09:42.508798
38.391164,3968,4906,13:09:42.508798
38.393022,3781,4669,13:09:42.508798
38.394879,3364,4857,13:09:42.508798
38.396737,3795,4861,13:09:42.508798
38.398593,3494,4796,13:09:42.508798
38.400456,3222,4831,13:09:42.508798
38.402312,3786,5266,13:09:42.508798
38.404169,4209,4890,13:09:42.508798
38.406037,3232,4610,13:09:42.557249
38.407897,3117,4983,13:09:42.557249
38.409773,3794,5174,13:09:42.557249
38.41169,3636,4513,13:09:42.557249
38.413556,3151,4777,13:09:42.557249
38.415414,3724,5146,13:09:42.557249
38.417271,4367,4871,13:09:42.557249
38.419127,3305,4485,13:09:42.557249
38.420986,3290,4991,13:09:42.557249
38.422847,3942,5032,13:09:42.557249
38.424706,3539,4413,13:09:42.557249
38.426563,2927,4600,13:09:42.557249
38.428429,3834,4959,13:09:42.557249
38.430285,3527,4667,13:09:42.557249
38.432142,3215,4673,13:09:42.557249
38.434,3565,5230,13:09:42.557249
38.435857,3827,4858,13:09:42.557249
38.437713,3469,4864,13:09:42.557249
38.439569,3415,4958,13:09:42.557249
38.441426,3999,5213,13:09:42.557249
38.443282,3643,4370,13:09:42.557249
38.445139,2818,4380,13:09:42.557249
38.446999,3723,5392,13:09:42.557249
38.448855,3976,5177,13:09:42.557249
38.450714,3259,4730,13:09:42.557249
38.45257,3472,5235,13:09:42.557249
38.454426,4308,4965,13:09:42.557249
38.456307,3098,4577,13:09:42.607029
38.458167,3161,4842,13:09:42.607029
38.46003,3869,5182,13:09:42.607029
38.461953,3395,4985,13:09:42.607029
38.46381,3281,4938,13:09:42.607029
38.465668,3445,5449,13:09:42.607029
38.467525,3850,4859,13:09:42.607029
38.469389,3377,4777,13:09:42.607029
38.471245,3679,5055,13:09:42.607029
38.473102,3927,4927,13:09:42.607029
38.47496,3515,4699,13:09:42.607029
38.476816,3135,4808,13:09:42.607029
38.478675,3974,4973,13:09:42.607029
38.480531,3756,4921,13:09:42.607029
38.482388,3351,4504,13:09:42.607029
38.484246,3497,5061,13:09:42.607029
38.486108,4083,5000,13:09:42.607029
38.487965,3491,4759,13:09:42.607029
38.489823,3425,4823,13:09:42.607029
38.491681,3887,5079,13:09:42.607029
38.493544,3726,4746,13:09:42.607029
38.4954,3336,4815,13:09:42.607029
38.497261,3640,5044,13:09:42.607029
38.499117,3678,4730,13:09:42.607029
38.501007,3127,4620,13:09:42.607029
38.50287,3389,5135,13:09:42.607029
38.504738,3964,5046,13:09:42.657043
38.506606,3626,4614,13:09:42.657043
38.508467,3445,5162,13:09:42.657043
38.510373,3555,4959,13:09:42.657043
38.512237,3726,4719,13:09:42.657043
38.514094,3337,4821,13:09:42.657043
38.51595,3458,4811,13:09:42.657043
38.517806,3879,4988,13:09:42.657043
38.519671,3699,4609,13:09:42.657043
38.521527,3309,4895,13:09:42.657043
38.523383,3734,5087,13:09:42.657043
38.525242,3575,4885,13:09:42.657043
38.527098,3283,4859,13:09:42.657043
38.528955,3739,4998,13:09:42.657043
38.530811,3948,4652,13:09:42.657043
38.532667,3530,4664,13:09:42.657043
38.534524,3674,5032,13:09:42.657043
38.536381,3686,4921,13:09:42.657043
38.538242,3385,4780,13:09:42.657043
38.540099,3529,4794,13:09:42.657043
38.541959,3723,5096,13:09:42.657043
38.543816,3426,4849,13:09:42.657043
38.545672,3539,4927,13:09:42.657043
38.54753,3612,4929,13:09:42.657043
38.549387,3650,4782,13:09:42.657043
38.551245,3237,4944,13:09:42.657043
38.553101,3501,4784,13:09:42.657043
38.554962,3875,5087,13:09:42.706877
38.556826,3566,4593,13:09:42.706877
38.55869,3507,4651,13:09:42.706877
38.560598,3564,5101,13:09:42.706877
38.562493,3521,4957,13:09:42.706877
38.56435,3535,4826,13:09:42.706877
38.566212,3634,4998,13:09:42.706877
38.568068,3732,4855,13:09:42.706877
38.569926,3515,4783,13:09:42.706877
38.571785,3497,5005,13:09:42.706877
38.573641,3740,4895,13:09:42.706877
38.575499,3358,4737,13:09:42.706877
38.577359,3393,4720,13:09:42.706877
38.579216,3505,4912,13:09:42.706877
38.581073,3713,4796,13:09:42.706877
38.582935,3793,4987,13:09:42.706877
38.584793,3374,4906,13:09:42.707893
38.58665,3651,4887,13:09:42.707893
38.588508,3577,4867,13:09:42.707893
38.590364,3597,4705,13:09:42.707893
38.592223,3761,5029,13:09:42.707893
38.594079,3694,4808,13:09:42.707893
38.595944,3769,5037,13:09:42.707893
38.597804,3431,4562,13:09:42.707893
38.599661,3607,4923,13:09:42.707893
38.601521,3509,4926,13:09:42.707893
38.603379,3666,5077,13:09:42.707893
38.605243,3676,4804,13:09:42.758014
38.607114,3611,4653,13:09:42.758014
38.608974,3327,4850,13:09:42.758014
38.610874,3643,5069,13:09:42.758014
38.612735,3746,4841,13:09:42.758014
38.614591,3494,4916,13:09:42.758014
38.616449,3495,5082,13:09:42.758014
38.618309,3693,4888,13:09:42.758014
38.620166,3719,5054,13:09:42.758014
38.622022,3493,4972,13:09:42.758014
38.623881,3482,4899,13:09:42.758014
38.625737,3674,4919,13:09:42.758014
38.627594,3507,5026,13:09:42.758014
38.62945,3583,4990,13:09:42.758014
38.631306,3672,4815,13:09:42.758014
38.633163,3516,4833,13:09:42.758014
38.635019,3680,5159,13:09:42.758014
38.636879,3545,4993,13:09:42.758014
38.638736,3221,4937,13:09:42.758014
38.640592,3712,5236,13:09:42.758014
38.642451,3603,5041,13:09:42.758014
38.644307,3674,4732,13:09:42.758014
38.646165,3541,4982,13:09:42.758014
38.648022,3940,4971,13:09:42.758014
38.649882,3508,4874,13:09:42.758014
38.651741,3620,4591,13:09:42.758014
38.653607,3581,4837,13:09:42.758014
38.655465,3583,4852,13:09:42.806954
38.657327,3245,4619,13:09:42.806954
38.659198,3685,4886,13:09:42.806954
38.66112,3458,5047,13:09:42.806954
38.662982,3810,5030,13:09:42.806954
38.664841,3544,4853,13:09:42.806954
38.666697,3395,4676,13:09:42.806954
38.668554,3637,5003,13:09:42.806954
38.670412,3854,4875,13:09:42.806954
38.672268,3538,4738,13:09:42.806954
38.674125,3063,4721,13:09:42.806954
38.675981,3828,4872,13:09:42.806954
38.677845,3924,4862,13:09:42.806954
38.679702,3399,4958,13:09:42.806954
38.681558,3191,4770,13:09:42.806954
38.683417,3731,5004,13:09:42.806954
38.685273,3525,4792,13:09:42.806954
38.687131,3675,4705,13:09:42.806954
38.688988,3645,5133,13:09:42.806954
38.690846,3747,5000,13:09:42.806954
38.692702,3444,4906,13:09:42.806954
38.694566,3670,4844,13:09:42.806954
38.696423,3793,4838,13:09:42.807953
38.698284,3384,4605,13:09:42.807953
38.700148,3542,4872,13:09:42.807953
38.702004,3651,5078,13:09:42.810955
38.703861,3701,4859,13:09:42.810955
38.705725,3378,4834,13:09:42.860948
38.707601,3469,5158,13:09:42.860948
38.709464,3592,5007,13:09:42.860948
38.711398,3301,4549,13:09:42.860948
38.713254,3524,4890,13:09:42.860948
38.715115,3708,4731,13:09:42.860948
38.716971,3626,4866,13:09:42.860948
38.718827,3503,4769,13:09:42.860948
38.720686,3542,5175,13:09:42.860948
38.722547,3550,4949,13:09:42.860948
38.724406,3403,4840,13:09:42.860948
38.726263,3622,5211,13:09:42.860948
38.728129,3719,4945,13:09:42.860948
38.729985,3429,4871,13:09:42.860948
38.731844,3621,4845,13:09:42.860948
38.733702,3523,5058,13:09:42.860948
38.735559,3323,5039,13:09:42.860948
38.737417,3618,4987,13:09:42.860948
38.739273,3841,4796,13:09:42.860948
38.74113,3532,4691,13:09:42.860948
38.742988,3488,4823,13:09:42.860948
38.744849,3663,5074,13:09:42.860948
38.746707,3554,4825,13:09:42.860948
38.748563,3469,4922,13:09:42.860948
38.750422,3602,4958,13:09:42.860948
38.752278,3726,5034,13:09:42.860948
38.754134,3573,5134,13:09:42.860948
38.755999,3500,4868,13:09:42.906719
38.757859,3733,4950,13:09:42.906719
38.759723,3760,5163,13:09:42.906719
38.761623,3285,4697,13:09:42.906719
38.763497,3420,5077,13:09:42.906719
38.765354,3657,5358,13:09:42.906719
38.767211,3492,4889,13:09:42.906719
38.769069,3478,4772,13:09:42.906719
38.770925,3420,5033,13:09:42.906719
38.772784,3301,4734,13:09:42.906719
38.774642,3650,4816,13:09:42.906719
38.776498,3564,4775,13:09:42.906719
38.778357,3455,5038,13:09:42.906719
38.780213,3680,4759,13:09:42.906719
38.782076,3434,5062,13:09:42.906719
38.783932,3634,4682,13:09:42.906719
38.785788,3625,4720,13:09:42.906719
38.787647,3534,4791,13:09:42.906719
38.789503,3715,4886,13:09:42.906719
38.791361,3470,4787,13:09:42.906719
38.793218,3511,5171,13:09:42.906719
38.795074,3446,5195,13:09:42.906719
38.796933,3482,4819,13:09:42.906719
38.798795,3652,4781,13:09:42.906719
38.800663,3629,4757,13:09:42.906719
38.80252,3974,4821,13:09:42.906719
38.80438,3630,4922,13:09:42.907909
38.806246,3513,4758,13:09:42.957189
38.808109,3394,4940,13:09:42.957189
38.809989,3813,4940,13:09:42.957189
38.811871,3483,4792,13:09:42.957189
38.813728,3577,4661,13:09:42.957189
38.815584,3417,4810,13:09:42.957189
38.817443,3825,4921,13:09:42.957189
38.819301,3744,4914,13:09:42.957189
38.821157,3811,4881,13:09:42.957189
38.823016,3782,4997,13:09:42.957189
38.824876,3549,5163,13:09:42.957189
38.826732,3677,4962,13:09:42.957189
38.828591,3512,4951,13:09:42.957189
38.830449,3502,4974,13:09:42.957189
38.832307,3452,4914,13:09:42.957189
38.834164,3573,4894,13:09:42.957189
38.836022,3460,4603,13:09:42.957189
38.837879,3470,4614,13:09:42.957189
38.839735,3551,4732,13:09:42.957189
38.841593,3712,4898,13:09:42.957189
38.84345,3624,4773,13:09:42.957189
38.845308,3867,4674,13:09:42.957189
38.847164,3628,4845,13:09:42.957189
38.849021,3523,4776,13:09:42.957189
38.850877,3618,4929,13:09:42.957189
38.852741,3406,4776,13:09:42.958194
38.854598,3518,4999,13:09:43.008663
38.856464,3587,4925,13:09:43.008663
38.858331,3648,5076,13:09:43.008663
38.860218,3279,4717,13:09:43.008663
38.862141,3168,4913,13:09:43.008663
38.864001,3672,4639,13:09:43.008663
38.86586,3508,5028,13:09:43.008663
38.867726,3365,4782,13:09:43.008663
38.869582,3593,5079,13:09:43.008663
38.871439,3688,4927,13:09:43.008663
38.873297,3851,5042,13:09:43.008663
38.875154,3696,4790,13:09:43.008663
38.87701,3643,4829,13:09:43.008663
38.87887,3780,4789,13:09:43.008663
38.880727,3730,4845,13:09:43.008663
38.882587,3605,4888,13:09:43.008663
38.884444,3371,4638,13:09:43.008663
38.886304,3560,5059,13:09:43.008663
38.88816,3264,4865,13:09:43.008663
38.890017,3623,4926,13:09:43.008663
38.891875,3745,5079,13:09:43.008663
38.893731,3605,4951,13:09:43.008663
38.895588,3854,5021,13:09:43.008663
38.897444,4013,4942,13:09:43.008663
38.899302,3582,4851,13:09:43.008663
38.901161,3586,4868,13:09:43.008663
38.903024,3640,4876,13:09:43.008663
38.904881,3682,4570,13:09:43.057137
38.906764,3432,4867,13:09:43.057137
38.908624,3873,4847,13:09:43.057137
38.91051,3809,4897,13:09:43.057137
38.912397,3229,5208,13:09:43.057137
38.914255,3499,4896,13:09:43.057137
38.916111,3495,4747,13:09:43.057137
38.917968,3654,5056,13:09:43.057137
38.919826,3694,4839,13:09:43.057137
38.921683,3580,5005,13:09:43.057137
38.923539,3826,4622,13:09:43.057137
38.925395,3678,5026,13:09:43.057137
38.927256,3781,4913,13:09:43.057137
38.929112,3505,4763,13:09:43.057137
38.930968,3484,5035,13:09:43.057137
38.932827,3577,4878,13:09:43.057137
38.934683,3729,4734,13:09:43.057137
38.936542,3582,5203,13:09:43.057137
38.938398,3698,4808,13:09:43.057137
38.940258,3434,4779,13:09:43.057137
38.942117,3489,4899,13:09:43.057137
38.943974,3562,4892,13:09:43.057137
38.945835,3633,4941,13:09:43.057137
38.947692,4007,4839,13:09:43.057137
38.94955,3573,4845,13:09:43.057137
38.951407,3486,4738,13:09:43.057137
38.953263,3885,4719,13:09:43.057137
38.955121,3650,5013,13:09:43.110318
38.95699,3549,4874,13:09:43.110318
38.95885,3636,4935,13:09:43.110318
38.960746,3622,4660,13:09:43.110318
38.962621,3927,4960,13:09:43.110318
38.964481,3598,4919,13:09:43.110318
38.966337,3484,5058,13:09:43.110318
38.968196,3638,4830,13:09:43.110318
38.970052,3743,4949,13:09:43.110318
38.971908,3828,4739,13:09:43.110318
38.973765,3680,4838,13:09:43.110318
38.975627,3707,4694,13:09:43.110318
38.977486,3950,5025,13:09:43.110318
38.979342,3713,4692,13:09:43.110318
38.981208,3799,4685,13:09:43.110318
38.983065,3735,4968,13:09:43.110318
38.984924,3783,4945,13:09:43.110318
38.986781,3754,4833,13:09:43.110318
38.988638,3659,4809,13:09:43.110318
38.990496,3826,4677,13:09:43.110318
38.992353,3654,4658,13:09:43.110318
38.994209,3720,5005,13:09:43.110318
38.996065,3707,4740,13:09:43.110318
38.997929,3623,4884,13:09:43.110318
38.999786,3665,4497,13:09:43.110318
39.001642,3811,4937,13:09:43.110318
39.003501,3621,4982,13:09:43.110318
39.005359,3586,4758,13:09:43.156603
39.00723,3828,4765,13:09:43.156603
39.009092,3568,4890,13:09:43.156603
39.010992,3716,4811,13:09:43.156603
39.012854,3861,4654,13:09:43.156603
39.014717,3263,5138,13:09:43.156603
39.016593,3747,4852,13:09:43.156603
39.018452,3775,4973,13:09:43.156603
39.020308,3611,4712,13:09:43.156603
39.022168,3473,4893,13:09:43.156603
39.024025,3630,4747,13:09:43.156603
39.025881,3911,4910,13:09:43.156603
39.027739,3656,4723,13:09:43.156603
39.029596,3728,4970,13:09:43.156603
39.031452,3521,4845,13:09:43.156603
39.033309,3589,4730,13:09:43.156603
39.035165,3648,4783,13:09:43.156603
39.037021,3713,5009,13:09:43.156603
39.038878,3750,4744,13:09:43.156603
39.040738,3853,4663,13:09:43.156603
39.042595,3904,4957,13:09:43.156603
39.044453,3748,5024,13:09:43.156603
39.046309,3632,4899,13:09:43.156603
39.048166,3825,4807,13:09:43.156603
39.050024,3378,4917,13:09:43.156603
39.051884,3730,4666,13:09:43.156603
39.053743,3609,4858,13:09:43.156603
39.055605,3846,4785,13:09:43.206731
39.057466,3443,5133,13:09:43.206731
39.059328,3604,4939,13:09:43.206731
39.061243,3340,4583,13:09:43.206731
39.063126,3781,5088,13:09:43.206731
39.064983,3814,4901,13:09:43.206731
39.066839,3661,4845,13:09:43.206731
39.068697,3943,5041,13:09:43.206731
39.070554,3547,4663,13:09:43.206731
39.072412,3434,4656,13:09:43.206731
39.074269,3845,4734,13:09:43.206731
39.076125,3760,4564,13:09:43.206731
39.077983,3721,4698,13:09:43.206731
39.079847,3711,4780,13:09:43.206731
39.081704,3918,4900,13:09:43.206731
39.08356,3594,4727,13:09:43.206731
39.085419,3699,5089,13:09:43.206731
39.087275,3757,5057,13:09:43.206731
39.089131,3783,4673,13:09:43.206731
39.090988,3870,4665,13:09:43.212911
39.092844,3639,4775,13:09:43.212911
39.094701,3797,4867,13:09:43.212911
39.096557,3764,4926,13:09:43.212911
39.098419,3537,4844,13:09:43.212911
39.100276,3747,4708,13:09:43.212911
39.102132,3715,4651,13:09:43.212911
39.103992,3716,4842,13:09:43.212911
39.105855,3787,4742,13:09:43.257699
39.107719,3730,4763,13:09:43.257699
39.109581,3682,4842,13:09:43.257699
39.111509,3537,4806,13:09:43.257699
39.11339,3657,4797,13:09:43.257699
39.115248,3719,4693,13:09:43.257699
39.117108,3330,4821,13:09:43.257699
39.118993,3632,5034,13:09:43.257699
39.120849,3696,4690,13:09:43.257699
39.122708,3593,4857,13:09:43.257699
39.124564,3712,4886,13:09:43.257699
39.12642,3972,4887,13:09:43.257699
39.128279,4107,4912,13:09:43.257699
39.130139,3800,4698,13:09:43.257699
39.131997,3731,4844,13:09:43.257699
39.133856,3773,4696,13:09:43.257699
39.13572,3710,4676,13:09:43.257699
39.137576,3643,4727,13:09:43.257699
39.139433,3846,4795,13:09:43.257699
39.141291,3996,4792,13:09:43.257699
39.143148,3747,4666,13:09:43.257699
39.145006,3733,4803,13:09:43.257699
39.146864,3873,4827,13:09:43.257699
39.148725,3779,4650,13:09:43.257699
39.150581,3826,4631,13:09:43.257699
39.152441,3645,4663,13:09:43.257699
39.154298,3689,4551,13:09:43.257699
39.156162,4067,4460,13:09:43.309076
39.158024,3979,4580,13:09:43.309076
39.159891,3961,4710,13:09:43.309076
39.161777,3294,4530,13:09:43.309076
39.163633,3946,4744,13:09:43.309076
39.16549,3813,4688,13:09:43.309076
39.167356,3786,4944,13:09:43.309076
39.169213,3885,4812,13:09:43.309076
39.171069,3955,4774,13:09:43.309076
39.172927,3712,4567,13:09:43.309076
39.174784,3918,4717,13:09:43.309076
39.17664,3759,4757,13:09:43.309076
39.178496,3910,4584,13:09:43.309076
39.180353,3610,4952,13:09:43.309076
39.182209,3359,4658,13:09:43.309076
39.184066,3732,4598,13:09:43.309076
39.185926,3543,4703,13:09:43.309076
39.187784,3655,4535,13:09:43.309076
39.189643,3712,4829,13:09:43.309076
39.191499,3733,4527,13:09:43.309076
39.193355,3591,4861,13:09:43.309076
39.195214,4047,4564,13:09:43.309076
39.197072,3830,4748,13:09:43.309076
39.19893,3860,4498,13:09:43.309076
39.200787,3732,4526,13:09:43.309076
39.202653,3563,4787,13:09:43.309076
39.20451,3879,4751,13:09:43.360355
39.206376,3766,4689,13:09:43.360355
39.208236,3830,4672,13:09:43.360355
39.210118,3798,4606,13:09:43.360355
39.211999,3653,4661,13:09:43.360355
39.213863,3853,4539,13:09:43.360355
39.21572,3808,4570,13:09:43.360355
39.217578,3967,4410,13:09:43.360355
39.219438,3742,4603,13:09:43.360355
39.221321,3620,4457,13:09:43.360355
39.223179,3820,4857,13:09:43.360355
39.225036,3914,4694,13:09:43.360355
39.226894,3949,4613,13:09:43.360355
39.22875,3825,4599,13:09:43.360355
39.230608,3649,4423,13:09:43.360355
39.232465,3740,4731,13:09:43.360355
39.234321,3703,4919,13:09:43.360355
39.23618,3775,4629,13:09:43.360355
39.238036,3778,4620,13:09:43.360355
39.239894,3627,4577,13:09:43.360355
39.241753,3795,4425,13:09:43.360355
39.243613,3766,4909,13:09:43.360355
39.245469,3548,4565,13:09:43.360355
39.247326,3530,4563,13:09:43.360355
39.249184,3944,4625,13:09:43.360355
39.25104,4012,4924,13:09:43.360355
39.252897,3771,4583,13:09:43.360355
39.254753,3880,4563,13:09:43.414132
39.256616,3822,4736,13:09:43.414132
39.258476,4027,4628,13:09:43.414132
39.260384,3878,4653,13:09:43.414132
39.262252,3694,4665,13:09:43.414132
39.264111,3693,4584,13:09:43.414132
39.265971,3939,4431,13:09:43.414132
39.26783,3855,4750,13:09:43.414132
39.269686,3742,4346,13:09:43.414132
39.271542,3943,4484,13:09:43.414132
39.273399,4148,4744,13:09:43.414132
39.275257,4035,4705,13:09:43.414132
39.277113,3734,4814,13:09:43.415122
39.27897,3665,4618,13:09:43.415122
39.280832,3669,4579,13:09:43.415122
39.282689,3756,4399,13:09:43.415122
39.284547,3687,4524,13:09:43.415122
39.286403,3736,4583,13:09:43.415122
39.28826,3396,4538,13:09:43.415122
39.290118,3874,4671,13:09:43.415122
39.291974,3799,4517,13:09:43.415122
39.293831,3690,4664,13:09:43.415122
39.295687,3852,4821,13:09:43.415122
39.29755,3720,4615,13:09:43.415122
39.299406,3783,4451,13:09:43.415122
39.301262,3941,4833,13:09:43.415122
39.303121,3965,4438,13:09:43.415122
39.304977,3759,4612,13:09:43.463782
39.306847,3747,4487,13:09:43.463782
39.308708,3741,4636,13:09:43.463782
39.310616,3491,4757,13:09:43.463782
39.312472,3604,4642,13:09:43.463782
39.314334,3593,4648,13:09:43.463782
39.316223,3819,4535,13:09:43.463782
39.318081,3604,4542,13:09:43.463782
39.319942,3703,4614,13:09:43.463782
39.321804,3752,4492,13:09:43.463782
39.32366,3552,4599,13:09:43.463782
39.325523,3503,4553,13:09:43.463782
39.327379,3555,4425,13:09:43.463782
39.329236,3711,4490,13:09:43.463782
39.331094,3649,4791,13:09:43.463782
39.33295,3777,4742,13:09:43.463782
39.334809,3845,4833,13:09:43.463782
39.336665,3845,4525,13:09:43.463782
39.338527,3628,4632,13:09:43.463782
39.340384,3568,4711,13:09:43.463782
39.342241,3715,4639,13:09:43.463782
39.344103,3784,4593,13:09:43.463782
39.345959,3614,4632,13:09:43.463782
39.347817,3764,4692,13:09:43.463782
39.349674,3915,4634,13:09:43.463782
39.35153,3979,4414,13:09:43.463782
39.353388,3982,4567,13:09:43.464789
39.355248,3719,4539,13:09:43.513368
39.357115,3730,4417,13:09:43.513368
39.358976,3942,4656,13:09:43.513368
39.360876,3377,4566,13:09:43.513368
39.362734,3324,4162,13:09:43.513368
39.364592,3963,4654,13:09:43.513368
39.366461,3327,4657,13:09:43.513368
39.368339,2307,4754,13:09:43.513368
39.370195,3632,4511,13:09:43.513368
39.372054,3971,4510,13:09:43.513368
39.37391,3618,4679,13:09:43.513368
39.375769,3761,4376,13:09:43.513368
39.377625,3756,4370,13:09:43.513368
39.379485,3779,4401,13:09:43.513368
39.381344,3417,4488,13:09:43.513368
39.38321,3713,4373,13:09:43.513368
39.385066,3946,4580,13:09:43.513368
39.386923,3893,4605,13:09:43.513368
39.388781,3859,4682,13:09:43.513368
39.390638,3724,4529,13:09:43.513368
39.392494,3725,4605,13:09:43.513368
39.394352,3845,4526,13:09:43.513368
39.396209,3721,4404,13:09:43.513368
39.398067,3705,4383,13:09:43.513368
39.399923,3739,4512,13:09:43.513368
39.401788,3660,4574,13:09:43.513368
39.403644,3535,4665,13:09:43.513368
39.405503,3772,4372,13:09:43.566058
39.407371,3657,4263,13:09:43.566058
39.409231,3774,4349,13:09:43.566058
39.411131,3130,4411,13:09:43.566058
39.412994,3622,4358,13:09:43.566058
39.414854,3353,4358,13:09:43.566058
39.416722,3632,4522,13:09:43.566058
39.418593,3456,4458,13:09:43.566058
39.420465,3874,4427,13:09:43.566058
39.422327,3729,4398,13:09:43.566058
39.424184,3768,4441,13:09:43.566058
39.426042,4016,4494,13:09:43.566058
39.427899,3624,4427,13:09:43.566058
39.429759,3659,4630,13:09:43.566058
39.431615,3615,4390,13:09:43.566058
39.433472,3604,4431,13:09:43.566058
39.43533,3593,4600,13:09:43.566058
39.437186,3692,4621,13:09:43.566058
39.439045,3907,4461,13:09:43.566058
39.440901,3744,4600,13:09:43.566058
39.442758,3655,4539,13:09:43.566058
39.444616,3791,4537,13:09:43.566058
39.44648,4081,4359,13:09:43.566058
39.448337,3842,4503,13:09:43.566058
39.450193,3662,4388,13:09:43.566058
39.452051,3667,4415,13:09:43.566058
39.453908,3849,4584,13:09:43.566058
39.455772,3695,4409,13:09:43.616938
39.457635,3779,4586,13:09:43.616938
39.459498,3911,4601,13:09:43.616938
39.461407,3591,4449,13:09:43.616938
39.463263,3660,4675,13:09:43.616938
39.465128,3372,4775,13:09:43.616938
39.466984,3804,4480,13:09:43.616938
39.468841,3872,4553,13:09:43.616938
39.470699,2910,4563,13:09:43.616938
39.472555,3875,4507,13:09:43.617939
39.474412,3824,4401,13:09:43.617939
39.47627,3717,4552,13:09:43.617939
39.478127,3791,4654,13:09:43.617939
39.479985,3820,4502,13:09:43.617939
39.481843,3931,4469,13:09:43.617939
39.48371,3772,4321,13:09:43.617939
39.485568,3564,4440,13:09:43.617939
39.487426,3656,4599,13:09:43.617939
39.489287,3694,4503,13:09:43.617939
39.491143,3616,4403,13:09:43.617939
39.493001,3769,4565,13:09:43.617939
39.494858,3625,4445,13:09:43.617939
39.496714,3921,4525,13:09:43.617939
39.498573,3794,4592,13:09:43.617939
39.500435,3762,4567,13:09:43.617939
39.502293,3587,4548,13:09:43.617939
39.50415,3640,4420,13:09:43.617939
39.50603,3933,4687,13:09:43.669440
39.50789,3495,4449,13:09:43.669440
39.509756,3867,4377,13:09:43.669440
39.511673,3463,4533,13:09:43.669440
39.513529,3820,4749,13:09:43.669440
39.515388,3773,4642,13:09:43.669440
39.517247,3472,4527,13:09:43.669440
39.519108,3471,4586,13:09:43.669440
39.520989,1176,4472,13:09:43.669440
39.522853,3694,4467,13:09:43.669440
39.524709,3780,4535,13:09:43.669440
39.52657,3546,4420,13:09:43.669440
39.528426,3843,4254,13:09:43.669440
39.530284,3691,4684,13:09:43.669440
39.532141,4036,4436,13:09:43.669440
39.533997,3831,4607,13:09:43.669440
39.535856,3869,4449,13:09:43.669440
39.537722,3612,4486,13:09:43.669440
39.539578,3747,4531,13:09:43.669440
39.541435,3638,4650,13:09:43.669440
39.543293,3639,4564,13:09:43.669440
39.545149,3860,4581,13:09:43.669440
39.547006,3656,4595,13:09:43.669440
39.548866,3481,4405,13:09:43.669440
39.550723,3742,4698,13:09:43.669440
39.552579,3716,4689,13:09:43.669440
39.554435,3812,4599,13:09:43.719270
39.556306,3601,4381,13:09:43.719270
39.558166,3693,4349,13:09:43.719270
39.56005,3497,4485,13:09:43.719270
39.561937,3190,4436,13:09:43.719270
39.563795,3624,4563,13:09:43.719270
39.565651,3755,4772,13:09:43.719270
39.567508,3340,4422,13:09:43.720261
39.569366,3388,4519,13:09:43.720261
39.571224,3722,4677,13:09:43.720261
39.573086,1557,4325,13:09:43.720261
39.574979,3711,4597,13:09:43.720261
39.576835,3699,4420,13:09:43.720261
39.578692,3613,4744,13:09:43.720261
39.580548,3430,4821,13:09:43.720261
39.582405,3913,4655,13:09:43.720261
39.584265,3671,4842,13:09:43.720261
39.586121,3763,4566,13:09:43.720261
39.587978,3828,4601,13:09:43.720261
39.589836,3716,4807,13:09:43.720261
39.591692,3872,4504,13:09:43.722269
39.593551,3573,4458,13:09:43.722269
39.595407,3463,4389,13:09:43.722269
39.597268,3425,4624,13:09:43.722269
39.599126,3638,4677,13:09:43.722269
39.600992,3749,4615,13:09:43.725269
39.602849,3826,4709,13:09:43.725269
39.604705,3456,4591,13:09:43.773873
39.606567,3705,4417,13:09:43.773873
39.608428,3627,4581,13:09:43.773873
39.610326,3921,4799,13:09:43.773873
39.612194,3639,4454,13:09:43.773873
39.614051,3708,4480,13:09:43.773873
39.615911,3547,4473,13:09:43.773873
39.617769,3714,4633,13:09:43.773873
39.619627,3013,4545,13:09:43.773873
39.621488,3205,4862,13:09:43.773873
39.623352,3062,4753,13:09:43.773873
39.625211,3847,4597,13:09:43.773873
39.627093,3820,4592,13:09:43.773873
39.628949,3627,4752,13:09:43.773873
39.630808,3774,4364,13:09:43.773873
39.632664,3547,4766,13:09:43.773873
39.634525,3859,4808,13:09:43.773873
39.636381,3428,4622,13:09:43.773873
39.638237,3747,4620,13:09:43.773873
39.640096,3891,4458,13:09:43.773873
39.641956,3748,4406,13:09:43.773873
39.643814,3643,4664,13:09:43.773873
39.645671,3681,4514,13:09:43.773873
39.647533,3731,4508,13:09:43.773873
39.64939,3762,4526,13:09:43.773873
39.651246,3796,4655,13:09:43.773873
39.653104,3825,4619,13:09:43.773873
39.654961,3727,4704,13:09:43.821933
39.656825,3729,4622,13:09:43.821933
39.658685,3789,4597,13:09:43.821933
39.660599,3874,4584,13:09:43.821933
39.66246,3754,4688,13:09:43.821933
39.664316,3719,4593,13:09:43.821933
39.666181,3443,4561,13:09:43.821933
39.668037,3645,4337,13:09:43.821933
39.669893,3419,4413,13:09:43.821933
39.671752,2866,4286,13:09:43.821933
39.673616,3262,4916,13:09:43.821933
39.675486,3800,4641,13:09:43.821933
39.677343,2023,4634,13:09:43.821933
39.679213,3504,4474,13:09:43.821933
39.681072,3575,4765,13:09:43.821933
39.682928,3910,4499,13:09:43.821933
39.684784,3796,4504,13:09:43.821933
39.686641,3738,4710,13:09:43.821933
39.688501,3789,4516,13:09:43.821933
39.690357,3705,4505,13:09:43.821933
39.692214,3523,4380,13:09:43.821933
39.694072,3822,4628,13:09:43.821933
39.695929,3820,4874,13:09:43.821933
39.697785,3600,4499,13:09:43.822939
39.699641,3684,4523,13:09:43.822939
39.701498,3750,4792,13:09:43.822939
39.703354,3700,4649,13:09:43.822939
39.705211,3524,4503,13:09:43.873226
39.707079,3701,4546,13:09:43.873226
39.708939,3785,4415,13:09:43.873226
39.710853,3377,4519,13:09:43.873226
39.712712,3965,4736,13:09:43.873226
39.714568,3485,4609,13:09:43.873226
39.716427,3697,4703,13:09:43.873226
39.718287,3719,4821,13:09:43.873226
39.720145,3815,4755,13:09:43.873226
39.722004,3887,4885,13:09:43.873226
39.723878,3452,4546,13:09:43.873226
39.725736,1075,4461,13:09:43.873226
39.727595,3301,4453,13:09:43.873226
39.729459,3387,4655,13:09:43.873226
39.731317,3829,4791,13:09:43.873226
39.733202,3737,4450,13:09:43.873226
39.73506,3652,4589,13:09:43.873226
39.736917,3962,4886,13:09:43.873226
39.738777,3975,4644,13:09:43.873226
39.740633,3811,4574,13:09:43.873226
39.74249,3803,4752,13:09:43.873226
39.744348,3612,4515,13:09:43.873226
39.746205,3429,4469,13:09:43.873226
39.748063,4209,5748,13:09:43.873226
39.749919,4311,3987,13:09:43.873226
39.75178,2624,4299,13:09:43.873226
39.753638,2841,4268,13:09:43.873226
39.755504,4291,5259,13:09:43.926772
39.757371,3791,4428,13:09:43.926772
39.759233,3520,4090,13:09:43.926772
39.761152,3444,5121,13:09:43.926772
39.763016,4237,5044,13:09:43.926772
39.764876,3650,4364,13:09:43.926772
39.766734,3077,4926,13:09:43.926772
39.768591,4250,5135,13:09:43.926772
39.770449,3378,4036,13:09:43.926772
39.772308,2318,4312,13:09:43.926772
39.774164,4260,5381,13:09:43.926772
39.776022,3466,4813,13:09:43.926772
39.777883,1817,4324,13:09:43.926772
39.779743,4074,5232,13:09:43.926772
39.781599,5213,4955,13:09:43.926772
39.783456,3059,3788,13:09:43.926772
39.785314,2818,5208,13:09:43.926772
39.787171,6404,5377,13:09:43.926772
39.789027,2168,3181,13:09:43.926772
39.790883,2251,3955,13:09:43.926772
39.79274,3319,5289,13:09:43.926772
39.794596,4486,4279,13:09:43.926772
39.796453,2369,4226,13:09:43.926772
39.798313,3440,4999,13:09:43.926772
39.800169,4721,5161,13:09:43.926772
39.802028,3572,4376,13:09:43.926772
39.803884,3067,4583,13:09:43.926772
39.805751,3886,5365,13:09:43.975124
39.807615,4267,4562,13:09:43.975124
39.809477,1961,3725,13:09:43.975124
39.811381,3013,5323,13:09:43.975124
39.813238,4931,5350,13:09:43.975124
39.815093,2990,4002,13:09:43.975124
39.816951,2858,5213,13:09:43.981129
39.818811,5581,5911,13:09:43.981129
39.820669,2934,3858,13:09:43.981129
39.822526,2118,4017,13:09:43.981129
39.824389,3124,5777,13:09:43.981129
39.826254,4726,4540,13:09:43.981129
39.828131,-568,3782,13:09:43.981129
39.830003,3045,5314,13:09:43.981129
39.83186,5787,5540,13:09:43.981129
39.833716,3908,4066,13:09:43.981129
39.835574,2812,4631,13:09:43.981129
39.837431,4699,5492,13:09:43.981129
39.839289,3814,4248,13:09:43.981129
39.841145,1782,3901,13:09:43.981129
39.843006,4107,5954,13:09:43.981129
39.844864,5060,4250,13:09:43.981129
39.846721,1843,3497,13:09:43.981129
39.848579,2668,4907,13:09:43.981129
39.850435,5840,5892,13:09:43.981129
39.852294,3599,3607,13:09:43.981129
39.85415,2000,4125,13:09:43.981129
39.856013,5080,6649,13:09:44.033950
39.857875,5385,4244,13:09:44.033950
39.859739,1355,3573,13:09:44.033950
39.861647,2837,5316,13:09:44.033950
39.863504,5180,5440,13:09:44.033950
39.865362,2715,3415,13:09:44.033950
39.867223,1846,4857,13:09:44.033950
39.869079,5026,6101,13:09:44.033950
39.870937,4468,5330,13:09:44.033950
39.872796,3161,3186,13:09:44.033950
39.874656,1422,4669,13:09:44.033950
39.876515,4852,4656,13:09:44.033950
39.878381,661,3127,13:09:44.033950
39.880273,1517,4814,13:09:44.033950
39.882129,5655,6574,13:09:44.033950
39.883986,5660,6334,13:09:44.033950
39.885844,8118,4352,13:09:44.033950
39.887705,-206,3474,13:09:44.033950
39.889561,4570,4890,13:09:44.033950
39.891417,729,2267,13:09:44.033950
39.893276,254,3842,13:09:44.033950
39.895132,4306,6591,13:09:44.033950
39.896989,11101,6544,13:09:44.033950
39.898847,1486,2859,13:09:44.033950
39.900703,3219,6589,13:09:44.033950
39.902562,6227,4706,13:09:44.033950
39.904418,853,3871,13:09:44.078162
39.906285,2894,4156,13:09:44.078162
39.908145,3115,4658,13:09:44.078162
39.910019,3836,4130,13:09:44.078162
39.911908,2764,4896,13:09:44.078162
39.913766,4887,5410,13:09:44.078162
39.915622,4717,5171,13:09:44.078162
39.917481,4349,4837,13:09:44.078162
39.91934,3481,4571,13:09:44.078162
39.9212,3356,4814,13:09:44.078162
39.923056,2888,4094,13:09:44.078162
39.924914,2056,4181,13:09:44.078162
39.926771,2355,4845,13:09:44.078162
39.928631,3383,4775,13:09:44.078162
39.930492,3966,5248,13:09:44.078162
39.932348,4659,5257,13:09:44.078162
39.934206,4297,5350,13:09:44.078162
39.936095,2039,5190,13:09:44.078162
39.937957,3561,4290,13:09:44.078162
39.939817,2595,3951,13:09:44.078162
39.941674,2594,4548,13:09:44.078162
39.943532,3577,5017,13:09:44.078162
39.945388,4195,4921,13:09:44.078162
39.947251,4275,5136,13:09:44.078162
39.949107,4345,5093,13:09:44.078162
39.950964,4151,5105,13:09:44.078162
39.952826,4211,4927,13:09:44.078162
39.954682,3540,4696,13:09:44.128520
39.956555,3200,4674,13:09:44.128520
39.958415,2960,4621,13:09:44.128520
39.960313,3498,4653,13:09:44.128520
39.96218,3430,4808,13:09:44.128520
39.964036,3343,5095,13:09:44.128520
39.965894,4245,4940,13:09:44.128520
39.967753,4159,4950,13:09:44.128520
39.96961,3107,4452,13:09:44.128520
39.971472,3303,4585,13:09:44.128520
39.973328,3041,4883,13:09:44.128520
39.975186,3710,4526,13:09:44.128520
39.977043,3199,4928,13:09:44.128520
39.978899,4072,4802,13:09:44.128520
39.980773,3718,4704,13:09:44.128520
39.982654,699,4694,13:09:44.128520
39.98454,3590,4729,13:09:44.128520
39.986404,3994,4900,13:09:44.128520
39.988261,3795,4787,13:09:44.128520
39.990121,3309,4453,13:09:44.128520
39.991978,3910,4586,13:09:44.129511
39.993836,3228,4504,13:09:44.129511
39.995692,3558,4584,13:09:44.129511
39.997549,3988,4780,13:09:44.129511
39.999407,3843,4699,13:09:44.129511
40.001267,4048,4874,13:09:44.129511
40.003126,4020,4731,13:09:44.129511
40.004982,4064,4733,13:09:44.181105
40.006849,3890,4766,13:09:44.181105
40.008709,3853,4767,13:09:44.181105
40.010623,3789,4693,13:09:44.181105
40.012482,3650,4607,13:09:44.181105
40.014338,3366,4757,13:09:44.181105
40.016194,3760,4741,13:09:44.181105
40.018053,3510,4756,13:09:44.181105
40.019915,3957,4638,13:09:44.181105
40.021774,3732,4803,13:09:44.181105
40.02363,4143,4809,13:09:44.181105
40.025496,3294,4565,13:09:44.181105
40.027353,3727,4753,13:09:44.181105
40.02921,3846,4923,13:09:44.181105
40.031069,3502,4729,13:09:44.181105
40.032952,1039,4761,13:09:44.181105
40.034814,3842,4804,13:09:44.181105
40.036674,3875,4718,13:09:44.181105
40.038531,3541,4859,13:09:44.181105
40.040389,3750,4700,13:09:44.181105
40.042246,3921,4908,13:09:44.181105
40.044102,3700,4692,13:09:44.181105
40.045958,3812,4622,13:09:44.181105
40.047817,4287,5105,13:09:44.181105
40.049675,4197,4963,13:09:44.181105
40.051541,3996,4924,13:09:44.181105
40.053398,4047,5309,13:09:44.181105
40.055254,4516,5025,13:09:44.232401
40.057123,3734,4933,13:09:44.232401
40.058983,3655,4845,13:09:44.232401
40.060913,3852,5116,13:09:44.232401
40.062773,3648,4767,13:09:44.232401
40.06463,3566,4777,13:09:44.232401
40.06649,3508,4678,13:09:44.232401
40.068349,3900,4833,13:09:44.232401
40.070205,3806,4873,13:09:44.232401
40.072061,3847,4918,13:09:44.232401
40.073924,3114,4785,13:09:44.232401
40.075788,3454,4743,13:09:44.232401
40.077649,2178,4601,13:09:44.232401
40.079513,3566,4985,13:09:44.232401
40.081371,3776,4856,13:09:44.232401
40.083228,3537,4661,13:09:44.232401
40.085086,362,4655,13:09:44.232401
40.086972,3862,4667,13:09:44.232401
40.088837,3460,4682,13:09:44.232401
40.090693,3550,4636,13:09:44.232401
40.092549,3740,4978,13:09:44.232401
40.094408,3971,4754,13:09:44.232401
40.096264,3858,4894,13:09:44.232401
40.098121,3793,4656,13:09:44.232401
40.099979,3726,4892,13:09:44.232401
40.101835,3685,4915,13:09:44.232401
40.103694,3704,4979,13:09:44.232401
40.105552,3897,4850,13:09:44.284798
40.107423,3626,4804,13:09:44.284798
40.109283,3583,4636,13:09:44.284798
40.111185,3352,5046,13:09:44.284798
40.113047,3735,4724,13:09:44.284798
40.114904,3750,4848,13:09:44.284798
40.116764,3735,4792,13:09:44.284798
40.118623,3941,4706,13:09:44.284798
40.120485,3048,4842,13:09:44.284798
40.122343,3047,4719,13:09:44.284798
40.1242,4130,4910,13:09:44.284798
40.126062,3484,4616,13:09:44.284798
40.127918,3768,4907,13:09:44.284798
40.129775,3959,4979,13:09:44.284798
40.131633,2599,5205,13:09:44.284798
40.133496,3672,4801,13:09:44.284798
40.135354,1184,4984,13:09:44.284798
40.137212,3802,4809,13:09:44.284798
40.139069,3778,4685,13:09:44.284798
40.140927,3725,4695,13:09:44.284798
40.142784,3821,5001,13:09:44.284798
40.144642,3847,4682,13:09:44.284798
40.146498,3830,4672,13:09:44.284798
40.148357,3865,4850,13:09:44.284798
40.150213,3917,4936,13:09:44.284798
40.152069,3486,4971,13:09:44.284798
40.153928,3822,5122,13:09:44.284798
40.15579,3791,4854,13:09:44.336030
40.157655,3896,4966,13:09:44.336030
40.159517,4211,4880,13:09:44.336030
40.161409,3639,4854,13:09:44.336030
40.16327,3925,4969,13:09:44.336030
40.165126,3917,4710,13:09:44.336030
40.166984,3482,4775,13:09:44.336030
40.168843,3587,4816,13:09:44.336030
40.170699,2821,4764,13:09:44.336030
40.172558,3420,4614,13:09:44.336030
40.174418,3289,4743,13:09:44.336030
40.176274,3518,4797,13:09:44.336030
40.178131,3511,4934,13:09:44.337047
40.179991,3177,4716,13:09:44.337047
40.181847,3477,4540,13:09:44.337047
40.183704,2882,4569,13:09:44.337047
40.185576,3461,4991,13:09:44.337047
40.187456,1818,4807,13:09:44.337047
40.189315,3709,4734,13:09:44.337047
40.191171,3719,4868,13:09:44.337047
40.193028,3560,4724,13:09:44.337047
40.194886,3685,4473,13:09:44.337047
40.196742,3637,4602,13:09:44.337047
40.198601,3661,4585,13:09:44.337047
40.200457,3521,4602,13:09:44.337047
40.20232,3582,4666,13:09:44.337047
40.204176,3787,4656,13:09:44.337047
40.206043,3674,4593,13:09:44.388178
40.207905,3633,4485,13:09:44.388178
40.209771,3741,4705,13:09:44.388178
40.211669,3572,4744,13:09:44.388178
40.213528,3667,4381,13:09:44.388178
40.215386,3703,4920,13:09:44.388178
40.217244,3328,4926,13:09:44.388178
40.219101,3495,4671,13:09:44.388178
40.220967,3132,4757,13:09:44.388178
40.222824,3836,4645,13:09:44.388178
40.22468,3560,4747,13:09:44.388178
40.226538,3543,4532,13:09:44.388178
40.228395,3929,4774,13:09:44.388178
40.230253,3236,4713,13:09:44.388178
40.23211,3740,4510,13:09:44.388178
40.233967,3774,4700,13:09:44.388178
40.235828,2496,4558,13:09:44.388178
40.237688,3531,4688,13:09:44.388178
40.239551,3320,4729,13:09:44.388178
40.241407,3637,4777,13:09:44.388178
40.24327,3827,4713,13:09:44.388178
40.245155,3793,4736,13:09:44.388178
40.247021,3988,4548,13:09:44.388178
40.248879,3904,4634,13:09:44.388178
40.250735,3809,4721,13:09:44.388178
40.252596,3718,4625,13:09:44.388178
40.254452,3751,4603,13:09:44.388178
40.256323,3994,4833,13:09:44.436203
40.258185,3725,4742,13:09:44.436203
40.260076,3830,4944,13:09:44.436203
40.262019,3754,4708,13:09:44.436203
40.263881,3646,4636,13:09:44.436203
40.26574,3971,4610,13:09:44.436203
40.267596,3478,4798,13:09:44.436203
40.269455,3043,4717,13:09:44.437215
40.271321,3078,4721,13:09:44.437215
40.273177,3940,4804,13:09:44.437215
40.275034,4073,4888,13:09:44.437215
40.276892,3091,4711,13:09:44.437215
40.278748,3794,4795,13:09:44.437215
40.280605,3832,4425,13:09:44.437215
40.282463,3686,4611,13:09:44.437215
40.28432,3616,4732,13:09:44.437215
40.286178,3778,4626,13:09:44.437215
40.288034,2980,4770,13:09:44.437215
40.289897,3750,4743,13:09:44.437215
40.291753,3301,4844,13:09:44.437215
40.293641,3750,4680,13:09:44.437215
40.2955,3694,4670,13:09:44.437215
40.297356,3899,4739,13:09:44.437215
40.299223,3960,4749,13:09:44.437215
40.301079,4024,4629,13:09:44.437215
40.302935,3885,4942,13:09:44.437215
40.304794,3889,4697,13:09:44.488508
40.306662,3988,4551,13:09:44.488508
40.308523,3904,4760,13:09:44.488508
40.310421,3880,4762,13:09:44.488508
40.312289,3606,4762,13:09:44.488508
40.314147,3748,4577,13:09:44.488508
40.316004,3884,4811,13:09:44.488508
40.31787,3173,4638,13:09:44.488508
40.319727,3970,4717,13:09:44.488508
40.321583,3771,4906,13:09:44.488508
40.323441,2587,4755,13:09:44.488508
40.325298,3620,4753,13:09:44.488508
40.327156,3791,4864,13:09:44.488508
40.329013,3723,4791,13:09:44.488508
40.330871,2938,4572,13:09:44.488508
40.332727,3726,4847,13:09:44.488508
40.334591,3036,4666,13:09:44.488508
40.33645,3511,4734,13:09:44.488508
40.338308,3378,4754,13:09:44.488508
40.340174,474,4380,13:09:44.488508
40.342035,3768,4695,13:09:44.488508
40.343892,3858,4651,13:09:44.488508
40.34575,3849,4527,13:09:44.488508
40.347606,3779,4854,13:09:44.488508
40.349463,3546,4761,13:09:44.488508
40.351319,3671,4736,13:09:44.488508
40.353178,3941,4637,13:09:44.488508
40.355036,3694,4586,13:09:44.546034
40.356916,3632,4506,13:09:44.546034
40.358777,3815,4666,13:09:44.546034
40.360669,3784,4757,13:09:44.546034
40.362529,3907,4764,13:09:44.546034
40.364388,3688,4538,13:09:44.546034
40.366244,3750,4959,13:09:44.546034
40.3681,3696,4744,13:09:44.546034
40.369963,3229,4723,13:09:44.546034
40.371825,2836,4660,13:09:44.546034
40.373684,3868,4611,13:09:44.546034
40.37555,3046,4523,13:09:44.546034
40.377406,3071,4651,13:09:44.546034
40.379265,3496,4827,13:09:44.546034
40.381123,3982,4473,13:09:44.546034
40.382981,3375,4639,13:09:44.546034
40.384838,3891,4838,13:09:44.546034
40.386696,3893,4693,13:09:44.546034
40.388553,3580,4765,13:09:44.546034
40.390417,3220,4546,13:09:44.546034
40.392285,358,4604,13:09:44.546034
40.394152,3769,4505,13:09:44.546034
40.39601,3891,4474,13:09:44.546034
40.39787,3749,4502,13:09:44.547034
40.399729,3702,4603,13:09:44.547034
40.401585,3824,4694,13:09:44.547034
40.403451,3915,4868,13:09:44.547034
40.405308,3804,4658,13:09:44.556675
40.407185,3941,4450,13:09:44.556675
40.409045,3737,4598,13:09:44.556675
40.410941,3456,4602,13:09:44.556675
40.412799,3526,4762,13:09:44.556675
40.414658,3701,4768,13:09:44.556675
40.416518,3609,4585,13:09:44.556675
40.418378,3853,4599,13:09:44.556675
40.420235,3743,4558,13:09:44.556675
40.422099,3440,4640,13:09:44.556675
40.423955,2887,4585,13:09:44.556675
40.425812,3878,4882,13:09:44.556675
40.42767,3739,4609,13:09:44.556675
40.429527,3422,4532,13:09:44.556675
40.431385,3748,4709,13:09:44.556675
40.433243,3113,4624,13:09:44.556675
40.4351,3913,4733,13:09:44.556675
40.436956,3788,4543,13:09:44.556675
40.43882,4003,4674,13:09:44.556675
40.440685,3816,4914,13:09:44.556675
40.442541,3852,4639,13:09:44.556675
40.444402,3673,4974,13:09:44.556675
40.44626,3817,4839,13:09:44.556675
40.448117,3557,4704,13:09:44.556675
40.450002,1131,4610,13:09:44.556675
40.451871,3920,4559,13:09:44.556675
40.453735,3549,4632,13:09:44.556675
40.455596,3840,4432,13:09:44.607477
40.457459,3555,4545,13:09:44.607477
40.459322,3898,4668,13:09:44.607477
40.461243,3415,4903,13:09:44.607477
40.463099,3673,4659,13:09:44.607477
40.464957,3594,4652,13:09:44.607477
40.466814,3896,4676,13:09:44.607477
40.468672,3839,4428,13:09:44.607477
40.470529,3795,4833,13:09:44.607477
40.472391,4065,5138,13:09:44.609472
40.474249,4084,4870,13:09:44.609472
40.476106,3969,4713,13:09:44.609472
40.477966,4259,5101,13:09:44.609472
40.479825,4214,5003,13:09:44.609472
40.481683,4042,4720,13:09:44.609472
40.483539,4065,5022,13:09:44.609472
40.485396,4288,4867,13:09:44.609472
40.487254,4064,4608,13:09:44.609472
40.489112,4163,4815,13:09:44.609472
40.490971,4215,5001,13:09:44.609472
40.492828,4282,4499,13:09:44.609472
40.49471,4077,4869,13:09:44.609472
40.496568,4180,5093,13:09:44.609472
40.498427,3928,5096,13:09:44.609472
40.500285,3973,4795,13:09:44.609472
40.502141,3932,4602,13:09:44.609472
40.503999,3909,4729,13:09:44.609472
40.50586,3788,4645,13:09:44.656595
40.507724,3968,4829,13:09:44.656595
40.509588,4269,4711,13:09:44.656595
40.511499,3726,4480,13:09:44.656595
40.513355,3517,4456,13:09:44.656595
40.515213,3441,4572,13:09:44.656595
40.517075,3688,4474,13:09:44.656595
40.518932,3555,4393,13:09:44.656595
40.520789,3558,4821,13:09:44.656595
40.522647,3930,4728,13:09:44.656595
40.524503,3758,4605,13:09:44.656595
40.52636,3603,4396,13:09:44.656595
40.528216,3434,4290,13:09:44.656595
40.530073,3246,4384,13:09:44.656595
40.531929,3076,4201,13:09:44.656595
40.533785,3011,4146,13:09:44.656595
40.535646,3087,4455,13:09:44.656595
40.537502,3284,4665,13:09:44.656595
40.539358,3936,4583,13:09:44.656595
40.541217,3825,4626,13:09:44.656595
40.543073,3776,4575,13:09:44.656595
40.544932,3586,4495,13:09:44.656595
40.546788,3638,4419,13:09:44.656595
40.548648,3282,4377,13:09:44.656595
40.550507,3164,4625,13:09:44.656595
40.552375,3570,4606,13:09:44.656595
40.554259,4204,4926,13:09:44.656595
40.556124,4197,4997,13:09:44.706655
40.557984,4603,5000,13:09:44.706655
40.559853,3945,4577,13:09:44.706655
40.561755,3537,4602,13:09:44.706655
40.563617,3508,4779,13:09:44.706655
40.565473,3913,4415,13:09:44.706655
40.56733,3831,4365,13:09:44.706655
40.569188,3452,4332,13:09:44.706655
40.571045,3788,4873,13:09:44.706655
40.572903,3780,4696,13:09:44.706655
40.574761,3984,4833,13:09:44.706655
40.57662,3944,5043,13:09:44.706655
40.578478,4148,4781,13:09:44.706655
40.580335,3750,4383,13:09:44.706655
40.582195,3076,4395,13:09:44.706655
40.584051,3489,4784,13:09:44.706655
40.58591,3640,4714,13:09:44.706655
40.587766,3284,4425,13:09:44.706655
40.589622,3611,4869,13:09:44.707663
40.591481,3967,5061,13:09:44.707663
40.593341,3873,4743,13:09:44.707663
40.595199,4000,4705,13:09:44.707663
40.597056,3839,4764,13:09:44.707663
40.598922,3830,4820,13:09:44.707663
40.600781,3563,4569,13:09:44.707663
40.602637,3342,4693,13:09:44.707663
40.604495,3743,4647,13:09:44.707663
40.606354,3699,4697,13:09:44.756619
40.608214,3645,4423,13:09:44.756619
40.610104,3946,4726,13:09:44.756619
40.611995,3673,4671,13:09:44.756619
40.613853,3807,4687,13:09:44.756619
40.615709,3821,4573,13:09:44.756619
40.61757,4025,4739,13:09:44.756619
40.619426,3647,4444,13:09:44.756619
40.621283,3761,4822,13:09:44.756619
40.623141,3791,4548,13:09:44.756619
40.624997,3874,4796,13:09:44.756619
40.626856,3991,4694,13:09:44.756619
40.628712,4067,4721,13:09:44.756619
40.630568,3697,4898,13:09:44.756619
40.632425,3780,4579,13:09:44.756619
40.634291,3538,4507,13:09:44.756619
40.636148,3313,4661,13:09:44.756619
40.638004,3605,4721,13:09:44.756619
40.639862,3468,4697,13:09:44.756619
40.641719,3609,4694,13:09:44.756619
40.643576,3782,4887,13:09:44.756619
40.645449,3957,4700,13:09:44.756619
40.647306,3670,4696,13:09:44.756619
40.649162,3751,4670,13:09:44.756619
40.651021,3683,4582,13:09:44.756619
40.652879,3644,4430,13:09:44.756619
40.654735,3588,4710,13:09:44.807765
40.656603,3707,4945,13:09:44.807765
40.658462,3761,4800,13:09:44.807765
40.660373,3697,4798,13:09:44.807765
40.662239,3843,4877,13:09:44.807765
40.664097,3846,4843,13:09:44.807765
40.665953,3751,4813,13:09:44.807765
40.667812,3794,4599,13:09:44.807765
40.669668,3489,4784,13:09:44.807765
40.671527,3566,4866,13:09:44.807765
40.673383,3515,4446,13:09:44.807765
40.67524,3739,4481,13:09:44.807765
40.677102,3851,4593,13:09:44.807765
40.678958,4013,4477,13:09:44.807765
40.680816,3581,4751,13:09:44.807765
40.682673,3822,4754,13:09:44.807765
40.684529,3692,4907,13:09:44.807765
40.686388,3648,4694,13:09:44.807765
40.688246,3621,4698,13:09:44.807765
40.690104,3566,4692,13:09:44.807765
40.691961,3645,4748,13:09:44.807765
40.693821,3799,4664,13:09:44.807765
40.695677,3595,4625,13:09:44.807765
40.697534,3784,4721,13:09:44.807765
40.699392,3729,4713,13:09:44.807765
40.701249,3729,4728,13:09:44.807765
40.703107,3503,4792,13:09:44.807765
40.704963,3608,4684,13:09:44.857166
40.70683,3865,4921,13:09:44.857166
40.708692,3625,4814,13:09:44.857166
40.7106,3616,4910,13:09:44.857166
40.712488,3668,4690,13:09:44.857166
40.714347,3615,4922,13:09:44.857166
40.716209,3883,4732,13:09:44.857166
40.718066,3768,4636,13:09:44.857166
40.719922,3710,4873,13:09:44.857166
40.72178,3794,4833,13:09:44.857166
40.723637,3447,4726,13:09:44.857166
40.725493,3627,4576,13:09:44.857166
40.727352,3736,4739,13:09:44.857166
40.729208,3768,4753,13:09:44.857166
40.731066,3843,4970,13:09:44.857166
40.732923,3544,4707,13:09:44.857166
40.734787,3571,4584,13:09:44.857166
40.736643,4037,4783,13:09:44.857166
40.7385,3402,4564,13:09:44.857166
40.740358,3749,4794,13:09:44.857166
40.742215,3597,4715,13:09:44.857166
40.744071,3615,4855,13:09:44.860159
40.745927,3420,4694,13:09:44.860159
40.747784,3397,4764,13:09:44.860159
40.74964,3783,4551,13:09:44.860159
40.751497,3597,4664,13:09:44.860159
40.753391,3664,4632,13:09:44.860159
40.755247,3606,4888,13:09:44.906567
40.757112,3739,4481,13:09:44.906567
40.758972,3682,4877,13:09:44.906567
40.760899,3879,4636,13:09:44.906567
40.76276,3750,4623,13:09:44.906567
40.764619,3686,4856,13:09:44.906567
40.766474,3972,4715,13:09:44.906567
40.768332,3761,4982,13:09:44.906567
40.770188,3801,4652,13:09:44.906567
40.772046,3640,4736,13:09:44.906567
40.773903,3877,4804,13:09:44.906567
40.775761,3611,4705,13:09:44.906567
40.777619,3553,4776,13:09:44.906567
40.779479,3551,4881,13:09:44.906567
40.781336,3865,4514,13:09:44.906567
40.783193,3747,4603,13:09:44.906567
40.785051,3681,4850,13:09:44.906567
40.786907,3758,4755,13:09:44.906567
40.788764,3728,4697,13:09:44.906567
40.79062,3741,4590,13:09:44.906567
40.792477,3851,4533,13:09:44.906567
40.794333,3539,4702,13:09:44.906567
40.796189,3494,4620,13:09:44.906567
40.79805,3817,4738,13:09:44.906567
40.799906,3843,4535,13:09:44.906567
40.801766,3666,4629,13:09:44.906567
40.803655,3838,4586,13:09:44.906567
40.805513,3589,4649,13:09:44.956653
40.807379,3702,4609,13:09:44.956653
40.809241,3687,4333,13:09:44.956653
40.811148,3533,4716,13:09:44.956653
40.813006,3922,4885,13:09:44.956653
40.814865,3664,4541,13:09:44.956653
40.816721,3791,4569,13:09:44.956653
40.81858,3697,4687,13:09:44.956653
40.820438,3722,4599,13:09:44.956653
40.822294,3996,5013,13:09:44.956653
40.824151,3661,4387,13:09:44.956653
40.826009,3609,4684,13:09:44.956653
40.827867,3930,4565,13:09:44.956653
40.829724,3785,4527,13:09:44.956653
40.831582,3822,4705,13:09:44.956653
40.833438,3970,4673,13:09:44.956653
40.835295,3616,4643,13:09:44.956653
40.837151,3733,4726,13:09:44.956653
40.839016,3972,4521,13:09:44.956653
40.840876,3838,4807,13:09:44.956653
40.842736,3902,4566,13:09:44.956653
40.844597,3814,4656,13:09:44.956653
40.846453,3800,4863,13:09:44.956653
40.848311,3869,4480,13:09:44.956653
40.85017,3528,4714,13:09:44.956653
40.852026,3686,4649,13:09:44.956653
40.853885,3581,4707,13:09:44.956653
40.855749,3792,4473,13:09:45.006546
40.857613,3590,4709,13:09:45.006546
40.859474,3876,4704,13:09:45.006546
40.861397,3225,4707,13:09:45.006546
40.863268,3579,4286,13:09:45.006546
40.865124,3803,4748,13:09:45.006546
40.866987,3805,4851,13:09:45.006546
40.868845,3656,4677,13:09:45.006546
40.870702,3858,4835,13:09:45.006546
40.87256,3675,4601,13:09:45.006546
40.874416,3695,4863,13:09:45.006546
40.876275,3827,4779,13:09:45.006546
40.878131,3713,4601,13:09:45.006546
40.879988,3827,4823,13:09:45.006546
40.881846,3553,4612,13:09:45.006546
40.883708,4008,4734,13:09:45.006546
40.885565,3841,4545,13:09:45.006546
40.887421,3795,4716,13:09:45.006546
40.889279,3490,4755,13:09:45.006546
40.891136,3887,4675,13:09:45.006546
40.892992,3719,4607,13:09:45.006546
40.894853,3715,4439,13:09:45.006546
40.896709,3670,4712,13:09:45.006546
40.898565,3749,4583,13:09:45.006546
40.900422,3747,4632,13:09:45.006546
40.902286,3620,4481,13:09:45.006546
40.904142,3897,4730,13:09:45.006546
40.906019,3700,4776,13:09:45.056135
40.907879,3645,4609,13:09:45.056135
40.909747,3753,4659,13:09:45.056135
40.911656,3616,4678,13:09:45.056135
40.913514,3537,4572,13:09:45.056135
40.91537,3753,4645,13:09:45.057140
40.917229,3864,4732,13:09:45.057140
40.919085,3690,4779,13:09:45.057140
40.920944,3944,4769,13:09:45.057140
40.922804,3914,4581,13:09:45.057140
40.924667,3670,4748,13:09:45.057140
40.926525,3692,4513,13:09:45.057140
40.928381,3780,4585,13:09:45.057140
40.930239,3969,4662,13:09:45.057140
40.932096,3893,4496,13:09:45.057140
40.933952,3556,4489,13:09:45.057140
40.935811,3861,4400,13:09:45.057140
40.937667,3889,4495,13:09:45.057140
40.939523,3571,4740,13:09:45.057140
40.94138,3713,4730,13:09:45.057140
40.943244,3655,4756,13:09:45.057140
40.9451,3885,4590,13:09:45.057140
40.946957,3717,4574,13:09:45.057140
40.948815,3646,4732,13:09:45.057140
40.950672,3736,4594,13:09:45.057140
40.952534,3906,4619,13:09:45.057140
40.95439,3517,4612,13:09:45.057140
40.956251,4012,4756,13:09:45.109060
40.958113,3775,4551,13:09:45.109060
40.959989,3523,4858,13:09:45.109060
40.961904,3483,4668,13:09:45.109060
40.963762,3887,4868,13:09:45.109060
40.965626,3761,4630,13:09:45.109060
40.967483,3737,4860,13:09:45.109060
40.969339,3639,4862,13:09:45.109060
40.971197,3601,4944,13:09:45.109060
40.973054,3768,4650,13:09:45.109060
40.97491,3748,4426,13:09:45.109060
40.976769,3808,4704,13:09:45.109060
40.978625,3697,4586,13:09:45.109060
40.980483,3786,4618,13:09:45.109060
40.98234,3828,4660,13:09:45.109060
40.984208,3645,4713,13:09:45.109060
40.986066,3795,4663,13:09:45.109060
40.987924,3802,4602,13:09:45.109060
40.989785,3749,4731,13:09:45.109060
40.991646,3804,4377,13:09:45.109060
40.993504,3893,4819,13:09:45.109060
40.99536,3704,4864,13:09:45.109060
40.997217,3830,4683,13:09:45.109060
40.999075,3619,4622,13:09:45.109060
41.000933,3810,4392,13:09:45.109060
41.002792,3689,4709,13:09:45.109060
41.00465,4056,4625,13:09:45.159169
41.006556,3636,4687,13:09:45.159169
41.008417,3676,4618,13:09:45.159169
41.010307,3909,4773,13:09:45.159169
41.012177,3696,4566,13:09:45.159169
41.014034,3807,4847,13:09:45.159169
41.01589,3837,4747,13:09:45.159169
41.017748,3741,4919,13:09:45.159169
41.019605,3889,4519,13:09:45.159169
41.021463,3863,4810,13:09:45.159169
41.02332,3802,4603,13:09:45.159169
41.025176,3668,4917,13:09:45.159169
41.027032,3755,4786,13:09:45.159169
41.028896,3578,4669,13:09:45.159169
41.030753,3720,4681,13:09:45.159169
41.03261,3888,4754,13:09:45.159169
41.034468,3650,4703,13:09:45.159169
41.036324,3879,4735,13:09:45.159169
41.038181,3825,4851,13:09:45.159169
41.040037,3909,4638,13:09:45.159169
41.041894,3717,4417,13:09:45.159169
41.04375,3901,4765,13:09:45.159169
41.045606,3957,4724,13:09:45.159169
41.047467,3946,4777,13:09:45.159169
41.049323,3797,5054,13:09:45.159169
41.051179,3633,4716,13:09:45.159169
41.053038,3898,4917,13:09:45.159169
41.054894,3693,4411,13:09:45.206787
41.056759,4034,4470,13:09:45.206787
41.058619,3617,4559,13:09:45.206787
41.060532,3657,4586,13:09:45.206787
41.062389,3672,4517,13:09:45.206787
41.064266,3393,4839,13:09:45.206787
41.066122,3770,4749,13:09:45.206787
41.067979,3908,4774,13:09:45.206787
41.069835,3775,4908,13:09:45.206787
41.071693,3953,4645,13:09:45.206787
41.07355,3690,4641,13:09:45.206787
41.075406,3796,4971,13:09:45.206787
41.077262,3828,4868,13:09:45.206787
41.079119,3928,4840,13:09:45.206787
41.080975,3955,4743,13:09:45.206787
41.082842,3804,4521,13:09:45.206787
41.084698,3948,4713,13:09:45.206787
41.086554,3629,4681,13:09:45.206787
41.088413,3625,4859,13:09:45.206787
41.090269,3745,4746,13:09:45.206787
41.092126,4076,4517,13:09:45.206787
41.093984,3934,4624,13:09:45.206787
41.09584,3832,4608,13:09:45.206787
41.097699,3616,4774,13:09:45.206787
41.099555,3786,4877,13:09:45.206787
41.101419,3786,4631,13:09:45.206787
41.103276,3703,4643,13:09:45.206787
41.105132,4001,5077,13:09:45.261406
41.106997,3760,4823,13:09:45.261406
41.108857,3636,4988,13:09:45.261406
41.110763,3512,4660,13:09:45.261406
41.112622,3865,4814,13:09:45.261406
41.114479,4047,4568,13:09:45.261406
41.116336,3643,4861,13:09:45.261406
41.118193,3938,4653,13:09:45.261406
41.120051,3638,4751,13:09:45.261406
41.121907,3956,4641,13:09:45.261406
41.123764,3757,4855,13:09:45.261406
41.125622,3707,4897,13:09:45.261406
41.127479,3915,4788,13:09:45.261406
41.129337,3917,4624,13:09:45.261406
41.131193,3802,4633,13:09:45.261406
41.133056,3732,4735,13:09:45.261406
41.134912,3643,4438,13:09:45.261406
41.136769,3772,4805,13:09:45.261406
41.138627,3790,4847,13:09:45.261406
41.140483,3784,4485,13:09:45.261406
41.142342,3783,4645,13:09:45.261406
41.144198,3591,4816,13:09:45.261406
41.146054,3741,4540,13:09:45.261406
41.147911,3724,4702,13:09:45.261406
41.14977,3879,4655,13:09:45.261406
41.151628,3577,4626,13:09:45.261406
41.153484,3834,4950,13:09:45.261406
41.155342,3900,4680,13:09:45.308780
41.157205,3848,4818,13:09:45.308780
41.159065,3604,5039,13:09:45.308780
41.160959,3839,4561,13:09:45.308780
41.162818,3835,4640,13:09:45.308780
41.164684,3920,4761,13:09:45.308780
41.16657,3968,4904,13:09:45.308780
41.168432,3726,4824,13:09:45.308780
41.170289,3800,4728,13:09:45.308780
41.172146,3866,4756,13:09:45.308780
41.174008,3476,4613,13:09:45.308780
41.175866,3659,4783,13:09:45.308780
41.177723,3484,4645,13:09:45.308780
41.179581,3520,4891,13:09:45.308780
41.181438,3699,4741,13:09:45.308780
41.183296,3687,4878,13:09:45.308780
41.185152,3657,5016,13:09:45.308780
41.187009,3920,4846,13:09:45.308780
41.188869,3917,4439,13:09:45.308780
41.190734,3704,4703,13:09:45.308780
41.192592,3884,4794,13:09:45.308780
41.194449,3803,4745,13:09:45.308780
41.196309,3668,4450,13:09:45.308780
41.198165,3861,4569,13:09:45.308780
41.200021,3694,4379,13:09:45.308780
41.20188,3765,4693,13:09:45.308780
41.203736,3879,4496,13:09:45.308780
41.205599,3688,4656,13:09:45.356828
41.207463,3726,4594,13:09:45.356828
41.209325,4019,4476,13:09:45.356828
41.211261,3844,4705,13:09:45.356828
41.213122,3859,4477,13:09:45.356828
41.214982,3780,4270,13:09:45.356828
41.21684,3697,4539,13:09:45.356828
41.218706,3843,4658,13:09:45.356828
41.220563,3705,4714,13:09:45.356828
41.22242,3868,4574,13:09:45.356828
41.224278,3710,4738,13:09:45.356828
41.226134,3838,4583,13:09:45.356828
41.227991,3502,4685,13:09:45.356828
41.229847,3830,4550,13:09:45.356828
41.231704,3827,4309,13:09:45.356828
41.23356,3917,4579,13:09:45.356828
41.235416,3764,4684,13:09:45.356828
41.237277,3742,4763,13:09:45.357820
41.239133,4098,4346,13:09:45.357820
41.240989,3780,4518,13:09:45.357820
41.242848,3823,4655,13:09:45.357820
41.244704,3798,4763,13:09:45.357820
41.246563,3854,4414,13:09:45.357820
41.248419,3777,4719,13:09:45.357820
41.250279,3731,4511,13:09:45.357820
41.252138,3690,4754,13:09:45.357820
41.254004,4053,4882,13:09:45.357820
41.255864,3550,4479,13:09:45.409013
41.257729,3782,4768,13:09:45.409013
41.259596,3988,4631,13:09:45.409013
41.261513,3336,4927,13:09:45.409013
41.263374,3607,4573,13:09:45.409013
41.265234,3703,4727,13:09:45.409013
41.26709,3731,4856,13:09:45.409013
41.268947,3778,4419,13:09:45.409013
41.270805,3608,4566,13:09:45.409013
41.272662,3943,4295,13:09:45.409013
41.27452,3734,4553,13:09:45.409013
41.276378,4034,4500,13:09:45.409013
41.278243,3665,4876,13:09:45.409013
41.280099,3749,4780,13:09:45.409013
41.281955,3805,4760,13:09:45.409013
41.283814,3708,4519,13:09:45.409013
41.28567,3843,4691,13:09:45.409013
41.287529,3718,4537,13:09:45.409013
41.289385,3610,4267,13:09:45.409013
41.291241,4158,4601,13:09:45.409013
41.293098,3773,4330,13:09:45.409013
41.294956,3588,4559,13:09:45.409013
41.29682,3761,4509,13:09:45.409013
41.298677,4085,4427,13:09:45.409013
41.300535,3625,4801,13:09:45.409013
41.302392,3847,4539,13:09:45.409013
41.304248,3874,4519,13:09:45.409013
41.306112,4000,4574,13:09:45.460561
41.307973,3896,4738,13:09:45.460561
41.309839,3979,4715,13:09:45.460561
41.311725,3576,4455,13:09:45.460561
41.313592,3322,4667,13:09:45.460561
41.315464,3387,4555,13:09:45.460561
41.31732,3837,4452,13:09:45.460561
41.319179,3710,4605,13:09:45.460561
41.321035,3594,4503,13:09:45.460561
41.322892,3834,4643,13:09:45.460561
41.32475,3794,4414,13:09:45.468568
41.326607,3780,4808,13:09:45.468568
41.328465,3824,4503,13:09:45.468568
41.330321,3858,4402,13:09:45.468568
41.332183,3705,4536,13:09:45.468568
41.33404,3919,4697,13:09:45.468568
41.335896,3805,4579,13:09:45.468568
41.337755,3865,4757,13:09:45.468568
41.339611,3623,4619,13:09:45.468568
41.341469,3951,4651,13:09:45.468568
41.343326,3875,4455,13:09:45.468568
41.345184,3481,4551,13:09:45.468568
41.347042,3994,4775,13:09:45.468568
41.348899,3529,4429,13:09:45.468568
41.350759,3732,4575,13:09:45.468568
41.352616,3632,4502,13:09:45.468568
41.354474,3796,4607,13:09:45.468568
41.356338,3668,4598,13:09:45.510913
41.358199,3913,4681,13:09:45.510913
41.360082,3856,4772,13:09:45.510913
41.362011,3417,4516,13:09:45.510913
41.363882,3827,4690,13:09:45.510913
41.365744,3580,4545,13:09:45.510913
41.3676,3597,4550,13:09:45.510913
41.36946,3812,4744,13:09:45.510913
41.371321,3782,4495,13:09:45.510913
41.373205,3744,4614,13:09:45.510913
41.375067,4093,4620,13:09:45.510913
41.376924,3976,4648,13:09:45.510913
41.378786,4006,4757,13:09:45.510913
41.380642,3924,4630,13:09:45.510913
41.382499,3853,4763,13:09:45.510913
41.384355,3939,4520,13:09:45.510913
41.386214,3968,4655,13:09:45.510913
41.388072,3942,4456,13:09:45.510913
41.389928,3780,4609,13:09:45.510913
41.391789,3692,4270,13:09:45.510913
41.393645,3667,4817,13:09:45.510913
41.395502,3721,4617,13:09:45.510913
41.39736,3843,4780,13:09:45.510913
41.399216,3584,4515,13:09:45.510913
41.401075,3667,4782,13:09:45.510913
41.402931,3568,4592,13:09:45.510913
41.404791,3858,4721,13:09:45.561352
41.406656,3775,4507,13:09:45.561352
41.408515,3908,5023,13:09:45.561352
41.410414,3630,4467,13:09:45.561352
41.412275,3698,4746,13:09:45.561352
41.414135,3852,4807,13:09:45.561352
41.415995,3235,4738,13:09:45.561352
41.417854,3792,4856,13:09:45.561352
41.41971,3643,4911,13:09:45.561352
41.421567,3681,4682,13:09:45.561352
41.423431,3838,4689,13:09:45.561352
41.425287,3648,4626,13:09:45.561352
41.427144,3808,4625,13:09:45.561352
41.429002,3741,4748,13:09:45.561352
41.430858,3849,4685,13:09:45.561352
41.432715,3927,4706,13:09:45.561352
41.434571,3691,4770,13:09:45.561352
41.436428,3661,4584,13:09:45.561352
41.438284,3784,4828,13:09:45.561352
41.440141,3968,4867,13:09:45.561352
41.442001,3705,4816,13:09:45.561352
41.443857,3864,4725,13:09:45.561352
41.445716,3564,4779,13:09:45.561352
41.447572,3663,4597,13:09:45.561352
41.449428,3808,4646,13:09:45.561352
41.451287,3932,4684,13:09:45.561352
41.453147,3726,5016,13:09:45.561352
41.455005,3661,4669,13:09:45.616277
41.456876,3861,4654,13:09:45.616277
41.458738,3814,4760,13:09:45.616277
41.460644,3761,4516,13:09:45.616277
41.462501,3673,4704,13:09:45.616277
41.464363,3903,4613,13:09:45.616277
41.466227,2627,5032,13:09:45.616277
41.468112,3709,4676,13:09:45.616277
41.469974,3792,4758,13:09:45.616277
41.47183,3862,4603,13:09:45.616277
41.473689,3704,4641,13:09:45.616277
41.475545,3630,4694,13:09:45.616277
41.477402,3703,4849,13:09:45.616277
41.47926,4017,4514,13:09:45.616277
41.481119,3658,4698,13:09:45.616277
41.482977,3686,4543,13:09:45.616277
41.484835,3883,4740,13:09:45.616277
41.486701,3796,4712,13:09:45.616277
41.488558,3793,4676,13:09:45.616277
41.490414,3701,4667,13:09:45.616277
41.492273,3716,4785,13:09:45.616277
41.494129,3867,4640,13:09:45.616277
41.495987,4019,4716,13:09:45.616277
41.497846,3734,4740,13:09:45.616277
41.499702,3942,4680,13:09:45.616277
41.50156,3573,4652,13:09:45.616277
41.503421,3934,4618,13:09:45.616277
41.505277,3950,4764,13:09:45.665121
41.50714,3517,4713,13:09:45.665121
41.509002,3763,4501,13:09:45.665121
41.510906,3390,4682,13:09:45.665121
41.512763,3578,4681,13:09:45.670119
41.514621,3781,4550,13:09:45.670119
41.51648,3915,5050,13:09:45.670119
41.518338,3659,4822,13:09:45.670119
41.520194,3920,4652,13:09:45.670119
41.522051,3961,4606,13:09:45.670119
41.523909,3818,4496,13:09:45.670119
41.525765,3892,4551,13:09:45.670119
41.527624,3662,4854,13:09:45.670119
41.52948,3912,4794,13:09:45.670119
41.531336,3726,4628,13:09:45.670119
41.533193,3860,4783,13:09:45.670119
41.535056,3774,4508,13:09:45.670119
41.536914,3697,4493,13:09:45.670119
41.538772,3669,4667,13:09:45.670119
41.54063,3552,4782,13:09:45.670119
41.542487,3908,4801,13:09:45.670119
41.544343,3779,4880,13:09:45.670119
41.546201,3886,4909,13:09:45.670119
41.548058,3838,4671,13:09:45.670119
41.549916,3790,4688,13:09:45.670119
41.551773,3961,4672,13:09:45.670119
41.553633,3870,4545,13:09:45.670119
41.555493,3896,4709,13:09:45.717168
41.557366,3704,4431,13:09:45.717168
41.559226,3855,4605,13:09:45.717168
41.561132,3188,4741,13:09:45.717168
41.562989,3549,4661,13:09:45.717168
41.564845,3499,4796,13:09:45.717168
41.566706,3770,4873,13:09:45.717168
41.568591,3748,4833,13:09:45.717168
41.57046,3941,4498,13:09:45.717168
41.572316,3721,4689,13:09:45.717168
41.574177,3766,4811,13:09:45.717168
41.576033,3897,4727,13:09:45.717168
41.577889,3759,4753,13:09:45.717168
41.579746,4000,4744,13:09:45.717168
41.581606,3702,4986,13:09:45.717168
41.583463,3735,4420,13:09:45.717168
41.585319,3818,4745,13:09:45.717168
41.587177,3886,4641,13:09:45.717168
41.589034,3734,4599,13:09:45.717168
41.59089,3697,4745,13:09:45.717168
41.592746,3844,4931,13:09:45.717168
41.594603,4012,4749,13:09:45.717168
41.596459,3888,4873,13:09:45.717168
41.598316,3774,4988,13:09:45.717168
41.600176,4060,4925,13:09:45.717168
41.602032,3881,4788,13:09:45.718175
41.603891,3904,4833,13:09:45.718175
41.605749,3694,4592,13:09:45.774809
41.60761,3628,4726,13:09:45.774809
41.609472,3812,4795,13:09:45.774809
41.611386,3355,4993,13:09:45.774809
41.613242,3894,4788,13:09:45.774809
41.615099,3924,4691,13:09:45.774809
41.616955,3885,4696,13:09:45.774809
41.618815,3737,4824,13:09:45.774809
41.620714,2920,4728,13:09:45.774809
41.622576,3914,4652,13:09:45.774809
41.624435,3759,4788,13:09:45.774809
41.626298,3619,4721,13:09:45.774809
41.628155,3953,4705,13:09:45.774809
41.630012,3986,4618,13:09:45.774809
41.63187,3751,4629,13:09:45.774809
41.633726,3758,4746,13:09:45.774809
41.635583,3814,5188,13:09:45.774809
41.637439,3737,4967,13:09:45.774809
41.639296,3966,4666,13:09:45.774809
41.641152,3666,4749,13:09:45.774809
41.643008,3748,4780,13:09:45.774809
41.644869,3762,4777,13:09:45.775816
41.646725,4070,4743,13:09:45.775816
41.648581,4005,4848,13:09:45.775816
41.65044,3885,4752,13:09:45.775816
41.652296,3825,4736,13:09:45.775816
41.654155,3903,4848,13:09:45.776815
41.656019,3794,4818,13:09:45.819844
41.657881,4031,4653,13:09:45.819844
41.659745,3960,4570,13:09:45.819844
41.661634,3680,4761,13:09:45.819844
41.663494,3658,4664,13:09:45.819844
41.665351,3721,4791,13:09:45.819844
41.667207,3763,4937,13:09:45.819844
41.669068,3957,4818,13:09:45.819844
41.670929,3968,4609,13:09:45.819844
41.672788,3976,4626,13:09:45.819844
41.674647,3923,4557,13:09:45.819844
41.676511,3872,4866,13:09:45.819844
41.678403,2607,4949,13:09:45.819844
41.680267,3691,4823,13:09:45.819844
41.682126,3776,4614,13:09:45.819844
41.683982,4333,4719,13:09:45.819844
41.685845,3846,4746,13:09:45.819844
41.687701,3978,4837,13:09:45.819844
41.689558,4029,4875,13:09:45.819844
41.691418,3931,4418,13:09:45.819844
41.693274,3865,4771,13:09:45.819844
41.695133,4053,4516,13:09:45.819844
41.696989,4062,4774,13:09:45.819844
41.698845,3928,4754,13:09:45.819844
41.700704,3802,4654,13:09:45.819844
41.702564,3875,4911,13:09:45.819844
41.704422,3655,4946,13:09:45.819844
41.706289,3812,4731,13:09:45.869183
41.708145,3796,4567,13:09:45.869183
41.710025,3823,4728,13:09:45.869183
41.711936,3840,4832,13:09:45.869183
41.7138,3896,4821,13:09:45.869183
41.715656,3737,4681,13:09:45.869183
41.717513,3982,4640,13:09:45.869183
41.719373,3813,4894,13:09:45.869183
41.72123,2996,4677,13:09:45.869183
41.723088,3794,4867,13:09:45.869183
41.724953,2921,4461,13:09:45.869183
41.726833,3599,5068,13:09:45.869183
41.728693,3953,4759,13:09:45.869183
41.730549,3978,4935,13:09:45.869183
41.732408,4099,4732,13:09:45.869183
41.734264,4030,4730,13:09:45.869183
41.736126,3819,4898,13:09:45.869183
41.737985,4053,4877,13:09:45.869183
41.739851,3854,4747,13:09:45.869183
41.741708,4081,4735,13:09:45.869183
41.743564,4022,4855,13:09:45.869183
41.745422,3848,4744,13:09:45.869183
41.747279,3936,4778,13:09:45.869183
41.749135,3987,4388,13:09:45.869183
41.750992,3672,4698,13:09:45.869183
41.752848,3782,4512,13:09:45.869183
41.754704,3834,4769,13:09:45.923810
41.756573,4137,4886,13:09:45.923810
41.758439,3997,4923,13:09:45.923810
41.76034,3936,5030,13:09:45.923810
41.76221,3769,5011,13:09:45.923810
41.764068,3896,4733,13:09:45.923810
41.765924,3633,4782,13:09:45.923810
41.767783,3744,4697,13:09:45.923810
41.769642,3132,4730,13:09:45.923810
41.771499,3223,4745,13:09:45.923810
41.773358,99,4624,13:09:45.923810
41.775222,3809,4674,13:09:45.923810
41.777081,3857,4845,13:09:45.923810
41.778939,3760,4662,13:09:45.923810
41.780797,3824,4597,13:09:45.923810
41.78266,3719,4782,13:09:45.923810
41.784516,4132,4492,13:09:45.923810
41.786374,3893,4749,13:09:45.923810
41.788231,3741,4861,13:09:45.923810
41.790087,3954,4883,13:09:45.923810
41.791946,3916,4877,13:09:45.923810
41.793806,3875,4532,13:09:45.923810
41.795664,3796,4831,13:09:45.923810
41.797521,4004,4843,13:09:45.923810
41.799381,4156,4973,13:09:45.923810
41.801237,3784,4887,13:09:45.923810
41.803094,3838,4795,13:09:45.923810
41.804952,3823,4666,13:09:45.975450
41.806821,3751,4756,13:09:45.975450
41.808681,3670,4801,13:09:45.975450
41.810593,3665,4766,13:09:45.975450
41.812454,3559,4823,13:09:45.975450
41.814312,3838,4513,13:09:45.975450
41.816168,3534,4907,13:09:45.975450
41.818029,3412,4681,13:09:45.975450
41.819887,3891,4872,13:09:45.975450
41.821743,3092,4745,13:09:45.975450
41.823602,3845,5032,13:09:45.975450
41.825462,1616,4681,13:09:45.975450
41.827342,3692,4690,13:09:45.975450
41.829199,4030,4835,13:09:45.975450
41.831055,3976,4652,13:09:45.975450
41.832914,3674,4651,13:09:45.975450
41.834772,3941,5000,13:09:45.975450
41.83663,3827,4658,13:09:45.975450
41.838487,3889,4625,13:09:45.975450
41.840347,4122,4522,13:09:45.975450
41.842203,3871,4774,13:09:45.975450
41.84406,4045,4530,13:09:45.975450
41.845918,3919,4825,13:09:45.975450
41.847775,4100,4778,13:09:45.975450
41.849631,3937,4461,13:09:45.976450
41.851487,3946,4676,13:09:45.976450
41.853344,4038,4883,13:09:45.976450
41.8552,3946,4850,13:09:46.027619
41.857076,3957,4540,13:09:46.027619
41.858935,3624,4615,13:09:46.027619
41.860825,3644,4897,13:09:46.027619
41.862682,3731,4554,13:09:46.027619
41.86454,3586,4815,13:09:46.027619
41.8664,3183,4560,13:09:46.027619
41.868259,3739,4719,13:09:46.027619
41.870115,3577,4649,13:09:46.027619
41.871981,3552,4814,13:09:46.027619
41.873844,3544,4666,13:09:46.027619
41.875702,3178,5031,13:09:46.027619
41.877566,3894,4940,13:09:46.027619
41.879424,3872,4722,13:09:46.027619
41.881317,3992,4685,13:09:46.027619
41.883175,3820,4938,13:09:46.027619
41.885039,3982,4804,13:09:46.027619
41.886896,3800,4789,13:09:46.027619
41.888753,3865,4717,13:09:46.027619
41.890611,3712,4625,13:09:46.027619
41.892467,4032,4578,13:09:46.027619
41.894324,3912,4531,13:09:46.027619
41.89618,3816,4557,13:09:46.027619
41.898036,3728,4409,13:09:46.029632
41.899893,3892,4667,13:09:46.029632
41.901751,3935,5045,13:09:46.029632
41.903618,3879,4584,13:09:46.029632
41.905476,3687,4645,13:09:46.074038
41.907348,3784,4748,13:09:46.074038
41.909207,3991,4428,13:09:46.074038
41.911103,3239,4888,13:09:46.074038
41.912959,3822,4589,13:09:46.074038
41.914818,3953,4951,13:09:46.074038
41.916675,3513,4512,13:09:46.074038
41.918532,3523,4731,13:09:46.074038
41.920389,3194,4835,13:09:46.075054
41.922247,2981,4574,13:09:46.075054
41.924104,3743,4623,13:09:46.075054
41.925962,3213,4738,13:09:46.075054
41.927838,4335,4971,13:09:46.075054
41.929695,3984,4701,13:09:46.075054
41.931553,800,4654,13:09:46.075054
41.933419,3885,4829,13:09:46.075054
41.935276,4137,4805,13:09:46.075054
41.937134,4151,4881,13:09:46.075054
41.938994,4005,4667,13:09:46.075054
41.940853,3784,4701,13:09:46.075054
41.942709,3712,4624,13:09:46.075054
41.944576,4041,4762,13:09:46.075054
41.946432,3732,4752,13:09:46.075054
41.948289,3915,4821,13:09:46.075054
41.950147,3840,4651,13:09:46.075054
41.952003,3897,4643,13:09:46.075054
41.953862,3917,4769,13:09:46.075054
41.95572,3845,4528,13:09:46.125371
41.957584,3858,4400,13:09:46.125371
41.959446,3945,4538,13:09:46.125371
41.961349,3410,4542,13:09:46.125371
41.963207,3761,4700,13:09:46.125371
41.965064,3921,4746,13:09:46.125371
41.96692,3838,4875,13:09:46.125371
41.968778,3946,4754,13:09:46.125371
41.970635,3704,4605,13:09:46.125371
41.972493,3965,4570,13:09:46.125371
41.974354,3886,4599,13:09:46.125371
41.97622,3131,4637,13:09:46.125371
41.97808,2084,4846,13:09:46.125371
41.979944,4103,4777,13:09:46.125371
41.981807,3990,4643,13:09:46.125371
41.983665,3930,4523,13:09:46.125371
41.985556,3999,4743,13:09:46.125371
41.987412,3958,4671,13:09:46.125371
41.989269,4098,4529,13:09:46.125371
41.991127,4003,4380,13:09:46.125371
41.992983,4047,4559,13:09:46.125371
41.994842,3842,4812,13:09:46.125371
41.996698,3808,4657,13:09:46.125371
41.998554,4085,4657,13:09:46.126260
42.000413,3818,4620,13:09:46.126260
42.002269,3756,4585,13:09:46.126260
42.004126,3799,4654,13:09:46.126260
42.005996,4039,4428,13:09:46.179198
42.007858,3834,4549,13:09:46.179198
42.009722,3985,4730,13:09:46.179198
42.011621,3691,4609,13:09:46.179198
42.013481,3738,4339,13:09:46.179198
42.015338,3664,4416,13:09:46.179198
42.017194,3618,4656,13:09:46.179198
42.019052,3631,4797,13:09:46.179198
42.020912,4077,4784,13:09:46.179198
42.022771,3213,4553,13:09:46.179198
42.024628,3774,4834,13:09:46.179198
42.026494,2843,4635,13:09:46.179198
42.02835,3459,5038,13:09:46.179198
42.030207,2545,4505,13:09:46.179198
42.032065,3766,4723,13:09:46.179198
42.033921,3808,4536,13:09:46.179198
42.035778,3907,4474,13:09:46.179198
42.037634,4052,4564,13:09:46.179198
42.039491,4006,4708,13:09:46.179198
42.041347,3948,4838,13:09:46.179198
42.043204,3977,4663,13:09:46.179198
42.045066,4087,4716,13:09:46.179198
42.046922,3791,4689,13:09:46.179198
42.04878,4055,4669,13:09:46.179198
42.050637,3977,4469,13:09:46.179198
42.052493,3906,4821,13:09:46.179198
42.054352,3881,4545,13:09:46.179198
42.056216,3828,4718,13:09:46.231088
42.058076,3780,4568,13:09:46.231088
42.059948,3970,4888,13:09:46.231088
42.061831,3516,4743,13:09:46.231088
42.063691,3850,4537,13:09:46.231088
42.065548,3486,4709,13:09:46.233079
42.067406,3624,4623,13:09:46.233079
42.069262,3956,4454,13:09:46.233079
42.071125,3715,4804,13:09:46.233079
42.072983,3438,4462,13:09:46.233079
42.074849,3233,4706,13:09:46.233079
42.076706,3897,4604,13:09:46.233079
42.078568,3225,4601,13:09:46.233079
42.080454,3130,4999,13:09:46.233079
42.082321,3831,4546,13:09:46.233079
42.084182,4025,4585,13:09:46.233079
42.086044,3858,4527,13:09:46.233079
42.0879,4004,4836,13:09:46.234089
42.089764,3788,4971,13:09:46.234089
42.091621,3891,4792,13:09:46.234089
42.093477,4024,4598,13:09:46.234089
42.095335,4105,4860,13:09:46.234089
42.097192,3879,4934,13:09:46.234089
42.099048,3871,4623,13:09:46.234089
42.100905,4043,4597,13:09:46.234089
42.102763,3662,4637,13:09:46.234089
42.104619,3960,4711,13:09:46.280111
42.106491,3637,4469,13:09:46.280111
42.10835,4417,4630,13:09:46.280111
42.110252,4043,4616,13:09:46.280111
42.112123,3759,4779,13:09:46.280111
42.113981,4071,4468,13:09:46.280111
42.115837,3886,4500,13:09:46.280111
42.117696,3589,4525,13:09:46.280111
42.119556,3692,4772,13:09:46.280111
42.121413,3665,4573,13:09:46.280111
42.123271,3235,4435,13:09:46.281120
42.125132,3235,4835,13:09:46.281120
42.12699,3963,4864,13:09:46.281120
42.128846,3545,4568,13:09:46.281120
42.130708,3845,4635,13:09:46.281120
42.132599,329,4650,13:09:46.282119
42.134464,3924,4709,13:09:46.282119
42.136323,3758,4613,13:09:46.282119
42.13818,3808,4705,13:09:46.282119
42.140046,3889,4780,13:09:46.282119
42.141903,3865,4794,13:09:46.282119
42.143761,3804,4688,13:09:46.282119
42.145619,4150,4637,13:09:46.282119
42.147476,4179,4573,13:09:46.282119
42.149334,3848,4680,13:09:46.282119
42.151191,3769,4780,13:09:46.282119
42.153047,3931,4839,13:09:46.282119
42.154903,3956,4595,13:09:46.330373
42.156767,3968,4765,13:09:46.330373
42.158626,3954,4585,13:09:46.330373
42.160534,3885,4378,13:09:46.330373
42.162395,3903,4883,13:09:46.330373
42.164255,3622,4965,13:09:46.330373
42.166111,3483,4814,13:09:46.330373
42.16797,3354,4779,13:09:46.330373
42.169826,3828,4813,13:09:46.330373
42.171683,4035,4537,13:09:46.330373
42.173539,3993,4624,13:09:46.330373
42.175397,3530,4995,13:09:46.330373
42.177256,4173,5078,13:09:46.330373
42.179113,3890,4833,13:09:46.330373
42.180976,3607,4731,13:09:46.330373
42.182835,3728,5025,13:09:46.330373
42.184693,1908,4706,13:09:46.330373
42.186552,3801,4567,13:09:46.330373
42.188411,4044,4636,13:09:46.330373
42.190276,3702,4663,13:09:46.330373
42.192159,3741,4957,13:09:46.330373
42.194015,3995,4802,13:09:46.330373
42.195875,3882,4752,13:09:46.330373
42.197735,3886,4728,13:09:46.330373
42.199592,4018,4551,13:09:46.330373
42.201449,4043,4760,13:09:46.330373
42.203317,3855,4855,13:09:46.330373
42.205173,3898,4803,13:09:46.382048
42.207039,3950,4507,13:09:46.382048
42.2089,4004,4810,13:09:46.382048
42.210816,3942,4875,13:09:46.382048
42.212672,3813,4642,13:09:46.382048
42.214531,3799,4693,13:09:46.382048
42.216387,3881,4875,13:09:46.382048
42.218244,3492,4742,13:09:46.382048
42.2201,3972,4648,13:09:46.382048
42.221964,3915,4935,13:09:46.382048
42.223823,3883,4772,13:09:46.382048
42.22568,2990,4736,13:09:46.382048
42.227538,3251,4781,13:09:46.382048
42.229394,3489,4877,13:09:46.382048
42.231254,3926,4512,13:09:46.382048
42.233111,3883,4993,13:09:46.382048
42.234981,2363,4818,13:09:46.382048
42.236867,3836,4854,13:09:46.382048
42.238724,3820,4770,13:09:46.382048
42.240582,3967,4963,13:09:46.382048
42.242438,4036,4672,13:09:46.382048
42.244295,3999,4787,13:09:46.382048
42.246153,4149,4779,13:09:46.382048
42.24801,4211,4540,13:09:46.382048
42.249868,4059,4668,13:09:46.382048
42.251724,3956,4499,13:09:46.382048
42.253583,3807,4600,13:09:46.382048
42.255441,3980,4710,13:09:46.433151
42.257302,3834,4567,13:09:46.433151
42.259164,3799,4692,13:09:46.433151
42.26106,3684,4649,13:09:46.433151
42.262925,3898,4600,13:09:46.433151
42.264783,3454,4519,13:09:46.433151
42.266639,3209,4862,13:09:46.433151
42.2685,3480,4743,13:09:46.433151
42.270356,3491,4707,13:09:46.433151
42.272214,4010,4657,13:09:46.433151
42.274071,3853,4850,13:09:46.433151
42.275927,3680,4871,13:09:46.433151
42.277784,3845,4808,13:09:46.433151
42.279644,2875,5039,13:09:46.433151
42.2815,3943,4704,13:09:46.433151
42.283359,3378,4894,13:09:46.433151
42.285251,1354,4456,13:09:46.433151
42.287113,3959,5057,13:09:46.433151
42.288974,3925,4681,13:09:46.433151
42.290832,4068,4759,13:09:46.433151
42.292689,3944,4800,13:09:46.434056
42.294551,4143,4662,13:09:46.434056
42.296407,3825,4662,13:09:46.434056
42.298264,3790,4796,13:09:46.434056
42.300122,3743,4464,13:09:46.434056
42.301979,3930,4593,13:09:46.434056
42.303837,4249,4810,13:09:46.434056
42.305695,3937,4724,13:09:46.484854
42.307558,4060,4730,13:09:46.484854
42.309419,3956,4551,13:09:46.484854
42.311332,3727,4678,13:09:46.484854
42.313191,3609,4549,13:09:46.484854
42.315047,3933,4727,13:09:46.484854
42.316903,4048,4508,13:09:46.484854
42.318762,3915,4809,13:09:46.484854
42.320618,3534,4762,13:09:46.484854
42.322477,3219,4650,13:09:46.484854
42.324333,3790,4721,13:09:46.484854
42.326193,4258,4551,13:09:46.484854
42.32805,3018,4676,13:09:46.484854
42.329906,3624,4765,13:09:46.484854
42.331766,3879,4728,13:09:46.484854
42.333623,3797,4699,13:09:46.484854
42.335481,3870,4401,13:09:46.484854
42.337339,-182,4935,13:09:46.484854
42.339227,3474,4534,13:09:46.484854
42.341092,3955,4687,13:09:46.484854
42.342949,3712,4531,13:09:46.484854
42.344807,3940,4744,13:09:46.484854
42.346663,3655,4973,13:09:46.484854
42.34852,4145,4552,13:09:46.484854
42.350378,3924,4507,13:09:46.484854
42.352238,3959,4562,13:09:46.484854
42.354095,3857,4728,13:09:46.484854
42.355973,3925,4472,13:09:46.538293
42.357838,3992,4593,13:09:46.538293
42.359701,3868,4627,13:09:46.538293
42.361614,3532,4695,13:09:46.538293
42.363472,3847,4490,13:09:46.538293
42.365329,3555,4796,13:09:46.538293
42.367185,3751,4742,13:09:46.538293
42.369043,3013,4580,13:09:46.538293
42.3709,3416,4804,13:09:46.538293
42.372756,3920,4837,13:09:46.538293
42.374613,4115,4785,13:09:46.538293
42.376477,3985,4684,13:09:46.538293
42.378333,3957,4535,13:09:46.538293
42.38019,3955,4873,13:09:46.538293
42.382048,3963,4727,13:09:46.538293
42.383905,3414,4653,13:09:46.538293
42.385767,3386,4591,13:09:46.538293
42.387623,3965,4981,13:09:46.538293
42.389482,3442,4556,13:09:46.538293
42.391338,4015,4810,13:09:46.538293
42.393197,3541,4655,13:09:46.538293
42.395055,3715,4587,13:09:46.538293
42.396911,3899,4592,13:09:46.538293
42.39877,3767,4678,13:09:46.538293
42.400626,4032,4595,13:09:46.538293
42.402482,3750,4479,13:09:46.538293
42.404341,4072,4717,13:09:46.538293
42.406217,4002,4728,13:09:46.586042
42.408077,3920,4504,13:09:46.586042
42.409952,3912,4786,13:09:46.586042
42.411827,3708,4742,13:09:46.586042
42.413684,3821,4633,13:09:46.586042
42.415543,3698,4577,13:09:46.586042
42.417401,3438,4685,13:09:46.586042
42.419258,3988,4683,13:09:46.586042
42.421114,3431,4873,13:09:46.586042
42.422972,3546,4679,13:09:46.586042
42.424832,3927,4767,13:09:46.586042
42.426689,3987,4780,13:09:46.586042
42.428545,3712,4668,13:09:46.586042
42.430406,3940,4924,13:09:46.586042
42.432262,3185,4884,13:09:46.586042
42.434119,3853,4730,13:09:46.586042
42.435977,3767,4841,13:09:46.586042
42.437835,4199,4685,13:09:46.586042
42.439714,3612,4666,13:09:46.586042
42.44158,1795,4741,13:09:46.594045
42.443436,3982,4744,13:09:46.594045
42.445295,4070,4867,13:09:46.594045
42.447152,4007,4612,13:09:46.594045
42.44901,3939,4601,13:09:46.594045
42.450866,3904,4622,13:09:46.594045
42.452728,3788,4668,13:09:46.594045
42.454585,3796,4679,13:09:46.637987
42.456452,4044,4455,13:09:46.637987
42.458311,3932,4597,13:09:46.637987
42.460209,4056,4510,13:09:46.638992
42.462146,3619,4711,13:09:46.638992
42.464006,3764,4662,13:09:46.638992
42.465864,3372,4722,13:09:46.638992
42.467727,3971,4804,13:09:46.638992
42.469587,4021,4690,13:09:46.638992
42.471444,3909,4554,13:09:46.638992
42.473302,3871,4465,13:09:46.638992
42.475158,3807,4320,13:09:46.638992
42.477017,3429,4654,13:09:46.638992
42.478875,3206,4703,13:09:46.638992
42.480732,4172,4613,13:09:46.638992
42.48259,3842,4506,13:09:46.638992
42.484448,3460,4567,13:09:46.638992
42.486307,3377,4631,13:09:46.638992
42.488169,2971,4735,13:09:46.638992
42.490031,3320,4813,13:09:46.638992
42.491894,3695,4446,13:09:46.638992
42.49375,4057,4547,13:09:46.638992
42.495614,3925,4519,13:09:46.638992
42.497507,3355,4546,13:09:46.638992
42.499363,3801,4634,13:09:46.638992
42.501221,3792,4590,13:09:46.638992
42.503087,3889,4540,13:09:46.638992
42.504944,3776,4616,13:09:46.688419
42.506809,4001,4732,13:09:46.688419
42.508671,3829,4521,13:09:46.688419
42.510577,4010,4553,13:09:46.688419
42.512435,3755,4820,13:09:46.688419
42.514294,4055,4579,13:09:46.688419
42.516152,3166,4567,13:09:46.688419
42.518015,3578,4495,13:09:46.688419
42.519875,3826,4560,13:09:46.688419
42.521735,3326,4600,13:09:46.688419
42.523592,3913,4541,13:09:46.688419
42.525449,3204,4518,13:09:46.688419
42.527308,4042,4561,13:09:46.688419
42.529165,3859,4555,13:09:46.688419
42.531021,3765,4751,13:09:46.688419
42.53288,4091,4619,13:09:46.688419
42.534736,3191,4516,13:09:46.688419
42.536592,3894,4603,13:09:46.688419
42.538449,4054,4593,13:09:46.688419
42.540313,3813,4618,13:09:46.688419
42.54217,584,4647,13:09:46.688419
42.544055,4098,4644,13:09:46.688419
42.545912,3828,4523,13:09:46.688419
42.547769,3881,4628,13:09:46.688419
42.549631,3980,4534,13:09:46.688419
42.551487,3862,4335,13:09:46.688419
42.553344,3820,4545,13:09:46.688419
42.555202,3932,4376,13:09:46.706728
42.55707,3873,4637,13:09:46.706728
42.558933,3975,4309,13:09:46.706728
42.560829,3461,4745,13:09:46.706728
42.562694,3578,4485,13:09:46.706728
42.564554,3671,4297,13:09:46.706728
42.56641,3374,4439,13:09:46.706728
42.568268,3998,4580,13:09:46.706728
42.570125,4014,4590,13:09:46.706728
42.571981,3791,4432,13:09:46.706728
42.57384,2597,4411,13:09:46.706728
42.575696,4145,4575,13:09:46.706728
42.577554,3602,4697,13:09:46.706728
42.579411,3857,4791,13:09:46.706728
42.581273,3911,4681,13:09:46.706728
42.58313,3867,4759,13:09:46.706728
42.584986,3652,4499,13:09:46.706728
42.586844,3079,4593,13:09:46.706728
42.588703,3001,4719,13:09:46.706728
42.590567,4017,4467,13:09:46.706728
42.592449,1276,4526,13:09:46.706728
42.594311,3851,4449,13:09:46.706728
42.59617,3923,4537,13:09:46.706728
42.598026,3867,4385,13:09:46.706728
42.599885,3629,4532,13:09:46.706728
42.601741,3832,4562,13:09:46.706728
42.603598,3884,4457,13:09:46.706728
42.605456,4014,4590,13:09:46.756211
42.607324,3916,4690,13:09:46.756211
42.609185,3863,4389,13:09:46.757199
42.611084,3515,4402,13:09:46.757199
42.612953,3915,4592,13:09:46.757199
42.614812,3980,4351,13:09:46.757199
42.616668,3958,4846,13:09:46.757199
42.618526,4042,4478,13:09:46.757199
42.620383,3784,4705,13:09:46.757199
42.622239,4021,4501,13:09:46.757199
42.624098,3903,4870,13:09:46.757199
42.625957,3874,4612,13:09:46.757199
42.627818,3880,4474,13:09:46.757199
42.629675,3655,4547,13:09:46.757199
42.631533,3748,4502,13:09:46.757199
42.633389,4010,4563,13:09:46.757199
42.635246,3976,4521,13:09:46.757199
42.637102,4018,4622,13:09:46.757199
42.638959,3881,4476,13:09:46.757199
42.640815,3986,4334,13:09:46.757199
42.642671,3918,4501,13:09:46.757199
42.644534,4048,4475,13:09:46.757199
42.64639,3870,4415,13:09:46.757199
42.648247,3672,4656,13:09:46.757199
42.650105,3694,4408,13:09:46.757199
42.651961,3970,4561,13:09:46.757199
42.65382,3735,4587,13:09:46.757199
42.655682,3814,4580,13:09:46.806618
42.657544,4029,4600,13:09:46.806618
42.659407,4008,4331,13:09:46.806618
42.661321,3609,4273,13:09:46.806618
42.663183,3707,4473,13:09:46.806618
42.66504,3734,4696,13:09:46.806618
42.666896,3667,4584,13:09:46.806618
42.668754,4100,4456,13:09:46.806618
42.670611,3664,4628,13:09:46.806618
42.672469,3853,4756,13:09:46.806618
42.674326,3692,4616,13:09:46.806618
42.676186,3811,4529,13:09:46.806618
42.678042,4042,4721,13:09:46.806618
42.679899,3787,4674,13:09:46.806618
42.681761,3834,4703,13:09:46.806618
42.683617,3860,4668,13:09:46.806618
42.685476,3930,4459,13:09:46.806618
42.687332,3719,4464,13:09:46.806618
42.689189,3909,4498,13:09:46.806618
42.691048,3697,4549,13:09:46.806618
42.692907,3727,4630,13:09:46.806618
42.694764,3832,4395,13:09:46.806618
42.69662,3779,4515,13:09:46.806618
42.698479,3840,4549,13:09:46.806618
42.700335,3920,4703,13:09:46.806618
42.702191,3705,4564,13:09:46.806618
42.70405,3842,4518,13:09:46.806618
42.705912,3826,4640,13:09:46.856112
42.707774,3924,4682,13:09:46.856112
42.709639,3792,4354,13:09:46.856112
42.711562,3984,4508,13:09:46.856112
42.713429,3974,4417,13:09:46.856112
42.715286,3906,4373,13:09:46.856112
42.717144,3965,4708,13:09:46.856112
42.719002,3850,4581,13:09:46.856112
42.720859,3904,4537,13:09:46.856112
42.722719,3697,4778,13:09:46.856112
42.724575,3896,4544,13:09:46.857019
42.726434,4125,4634,13:09:46.857019
42.72829,3716,4556,13:09:46.857019
42.730147,3755,4573,13:09:46.857019
42.732005,3915,4722,13:09:46.857019
42.733865,3880,4465,13:09:46.857019
42.735724,4147,4851,13:09:46.857019
42.73758,3699,4665,13:09:46.857019
42.739449,3859,4476,13:09:46.857019
42.741307,3853,4450,13:09:46.857019
42.743162,3925,4721,13:09:46.857019
42.745019,3924,4545,13:09:46.857019
42.746876,4066,4646,13:09:46.857019
42.748732,4035,4664,13:09:46.857019
42.750589,3955,4766,13:09:46.857019
42.752444,4123,4543,13:09:46.857019
42.754301,3846,4732,13:09:46.857019
42.756167,3835,4716,13:09:46.907305
42.758026,3859,4608,13:09:46.907305
42.75989,3949,4803,13:09:46.907305
42.761779,4044,4879,13:09:46.907305
42.763635,3926,4600,13:09:46.907305
42.765492,4089,4583,13:09:46.907305
42.76735,3873,4526,13:09:46.907305
42.769206,3764,4803,13:09:46.908306
42.771065,4113,4568,13:09:46.908306
42.772921,3627,4549,13:09:46.908306
42.774777,4039,4510,13:09:46.908306
42.776636,3956,4815,13:09:46.908306
42.778492,3861,4866,13:09:46.908306
42.780348,3985,4352,13:09:46.908306
42.782205,3726,4652,13:09:46.908306
42.784069,3736,4611,13:09:46.909304
42.785926,4113,4594,13:09:46.909304
42.787784,3790,4521,13:09:46.909304
42.789642,3994,4647,13:09:46.909304
42.791499,3786,4711,13:09:46.909304
42.793357,3692,4903,13:09:46.909304
42.795219,3939,4499,13:09:46.909304
42.797076,3912,4501,13:09:46.909304
42.798932,4004,4602,13:09:46.909304
42.800789,3905,4653,13:09:46.909304
42.802647,4088,4852,13:09:46.909304
42.804503,3962,4789,13:09:46.956787
42.806366,3827,4841,13:09:46.956787
42.808232,3486,4519,13:09:46.956787
42.810097,3844,4482,13:09:46.956787
42.812002,3437,4586,13:09:46.956787
42.813859,4094,4378,13:09:46.956787
42.815717,3886,4854,13:09:46.956787
42.817576,4089,4601,13:09:46.956787
42.819437,3853,4541,13:09:46.956787
42.821294,3817,4782,13:09:46.956787
42.823151,3942,4557,13:09:46.956787
42.825009,3779,4759,13:09:46.956787
42.826867,3881,4672,13:09:46.956787
42.828724,3689,4730,13:09:46.956787
42.830582,3931,4753,13:09:46.956787
42.832439,3975,4490,13:09:46.956787
42.834297,3837,4623,13:09:46.956787
42.836153,3800,4749,13:09:46.956787
42.838016,3776,4674,13:09:46.956787
42.839876,3904,4651,13:09:46.956787
42.841735,4056,4733,13:09:46.956787
42.843597,4076,4857,13:09:46.956787
42.845453,3824,4661,13:09:46.956787
42.847312,3768,4750,13:09:46.956787
42.849168,3869,4621,13:09:46.956787
42.851024,3841,4683,13:09:46.956787
42.852894,3956,4330,13:09:46.956787
42.854761,4030,4417,13:09:47.006345
42.856625,3912,4570,13:09:47.006345
42.858486,3828,4828,13:09:47.006345
42.86041,3846,4878,13:09:47.006345
42.86227,4039,4882,13:09:47.006345
42.864127,3861,4693,13:09:47.006345
42.865987,4060,4574,13:09:47.006345
42.867845,4104,4482,13:09:47.006345
42.869702,4103,4729,13:09:47.006345
42.87156,3631,4684,13:09:47.006345
42.873416,4011,4801,13:09:47.006345
42.875275,3908,4503,13:09:47.006345
42.877131,4099,4679,13:09:47.006345
42.878988,3926,4585,13:09:47.006345
42.880846,3960,4662,13:09:47.006345
42.882707,3831,4914,13:09:47.006345
42.884565,3784,4754,13:09:47.006345
42.886421,3901,4639,13:09:47.006345
42.88828,3780,4649,13:09:47.006345
42.890136,3815,4493,13:09:47.006345
42.891992,3993,4797,13:09:47.006345
42.893851,4173,4527,13:09:47.006345
42.895707,3823,4419,13:09:47.006345
42.897571,4225,4676,13:09:47.006345
42.899428,3830,4563,13:09:47.006345
42.901286,3753,4632,13:09:47.006345
42.903143,3900,4802,13:09:47.006345
42.904999,3827,4669,13:09:47.056604
42.906867,3985,4511,13:09:47.056604
42.908728,3935,4669,13:09:47.056604
42.91063,3939,4762,13:09:47.056604
42.912516,4100,4810,13:09:47.056604
42.914373,3847,4781,13:09:47.056604
42.916231,4014,4834,13:09:47.056604
42.918087,3837,4674,13:09:47.056604
42.919944,3957,4475,13:09:47.056604
42.921804,3843,4864,13:09:47.056604
42.923666,3989,4853,13:09:47.056604
42.925523,4032,4698,13:09:47.056604
42.927379,4002,4668,13:09:47.056604
42.929238,4004,4555,13:09:47.056604
42.931094,4105,4528,13:09:47.056604
42.93295,4081,4811,13:09:47.056604
42.934807,3688,4736,13:09:47.056604
42.936663,3876,4853,13:09:47.056604
42.93852,3803,4618,13:09:47.056604
42.940378,4050,4618,13:09:47.056604
42.942244,3930,4569,13:09:47.056604
42.944101,3947,4584,13:09:47.056604
42.945957,4047,4604,13:09:47.056604
42.947815,4028,4964,13:09:47.056604
42.949672,4083,4884,13:09:47.056604
42.951528,4097,4334,13:09:47.056604
42.953385,3971,4805,13:09:47.056604
42.955241,3930,4789,13:09:47.107564
42.957107,4062,4697,13:09:47.107564
42.958969,4137,4646,13:09:47.107564
42.960864,3371,4769,13:09:47.107564
42.962722,4213,4551,13:09:47.107564
42.964579,3843,4610,13:09:47.107564
42.966437,3867,4843,13:09:47.107564
42.968297,4044,4718,13:09:47.107564
42.970156,3754,4808,13:09:47.107564
42.972012,3901,4714,13:09:47.107564
42.973876,4173,4599,13:09:47.107564
42.975735,4143,4798,13:09:47.107564
42.977591,4050,4696,13:09:47.107564
42.979449,4133,4719,13:09:47.107564
42.981306,3785,4752,13:09:47.107564
42.983162,4044,4720,13:09:47.107564
42.985019,3826,4916,13:09:47.107564
42.986877,4044,4592,13:09:47.107564
42.988734,4122,4730,13:09:47.107564
42.990599,3871,4846,13:09:47.107564
42.992456,3960,4825,13:09:47.107564
42.994313,4065,4706,13:09:47.107564
42.996171,4151,4683,13:09:47.107564
42.998027,4076,4695,13:09:47.107564
42.999888,3966,4778,13:09:47.107564
43.001746,3854,4572,13:09:47.107564
43.003603,3807,4768,13:09:47.107564
43.005463,3935,4575,13:09:47.159718
43.007361,3892,4677,13:09:47.159718
43.009221,3890,4679,13:09:47.159718
43.011135,3767,4513,13:09:47.159718
43.013014,3818,4637,13:09:47.159718
43.014874,4035,4624,13:09:47.159718
43.016733,4040,4761,13:09:47.159718
43.018589,3924,4721,13:09:47.159718
43.020449,3867,4759,13:09:47.159718
43.022306,3676,4621,13:09:47.159718
43.024162,3883,4506,13:09:47.159718
43.026019,3887,4659,13:09:47.159718
43.027875,4113,4597,13:09:47.159718
43.029733,3958,4680,13:09:47.159718
43.03159,3989,4580,13:09:47.159718
43.033449,4138,4532,13:09:47.159718
43.035306,3956,4777,13:09:47.159718
43.037163,3930,4837,13:09:47.159718
43.039021,3741,4425,13:09:47.159718
43.040882,4006,4669,13:09:47.159718
43.04274,3877,4905,13:09:47.159718
43.044596,3769,4650,13:09:47.159718
43.046455,4167,4727,13:09:47.159718
43.048311,3977,4558,13:09:47.159718
43.050167,3859,4630,13:09:47.159718
43.052026,3887,4781,13:09:47.159718
43.053882,3845,4624,13:09:47.159718
43.055741,3880,4651,13:09:47.206137
43.057617,3944,4566,13:09:47.206137
43.059481,3975,4770,13:09:47.206137
43.061405,3793,4694,13:09:47.206137
43.063268,3917,4482,13:09:47.206137
43.06513,3953,4563,13:09:47.206137
43.066988,4136,4825,13:09:47.206137
43.068854,4143,4823,13:09:47.206137
43.070711,4019,4759,13:09:47.206137
43.072567,4133,4450,13:09:47.206137
43.074426,3910,4550,13:09:47.206137
43.076282,4031,4604,13:09:47.206137
43.078139,4212,4856,13:09:47.206137
43.079995,3918,4694,13:09:47.206137
43.081853,4093,4521,13:09:47.206137
43.083712,3732,4618,13:09:47.206137
43.085568,3876,4906,13:09:47.206137
43.087432,3991,4757,13:09:47.206137
43.089289,4106,4828,13:09:47.206137
43.091145,4078,4763,13:09:47.206137
43.093004,4016,4529,13:09:47.206137
43.09486,4262,4827,13:09:47.206137
43.096716,3929,4401,13:09:47.206137
43.098573,4245,4656,13:09:47.206137
43.100429,3729,4558,13:09:47.206137
43.102287,3973,4875,13:09:47.206137
43.104154,3434,4532,13:09:47.206137
43.106044,3848,4441,13:09:47.256577
43.107904,3966,4676,13:09:47.256577
43.109767,4109,4761,13:09:47.256577
43.111681,3837,4747,13:09:47.256577
43.113537,4170,4607,13:09:47.256577
43.1154,4221,4285,13:09:47.256577
43.117256,3701,4860,13:09:47.256577
43.119113,4069,4610,13:09:47.256577
43.120971,3943,4741,13:09:47.256577
43.122827,3974,4684,13:09:47.256577
43.124685,4042,4566,13:09:47.256577
43.126542,4091,4735,13:09:47.256577
43.1284,3961,4540,13:09:47.256577
43.130259,3876,4706,13:09:47.256577
43.132124,4014,4673,13:09:47.256577
43.133981,3995,4460,13:09:47.256577
43.135838,3668,4423,13:09:47.256577
43.137696,3969,4590,13:09:47.256577
43.139552,4109,4674,13:09:47.256577
43.141409,3869,4505,13:09:47.256577
43.143265,4000,4412,13:09:47.256577
43.145122,3942,4478,13:09:47.256577
43.146978,3901,4679,13:09:47.256577
43.148834,4108,4559,13:09:47.256577
43.150695,3979,4728,13:09:47.256577
43.152551,4086,4476,13:09:47.256577
43.154407,4074,4808,13:09:47.256577
43.156272,4051,4419,13:09:47.308907
43.15813,3799,4863,13:09:47.308907
43.160008,3979,4722,13:09:47.308907
43.161905,3767,4569,13:09:47.308907
43.163768,3718,4628,13:09:47.308907
43.165625,3847,4524,13:09:47.308907
43.167482,3850,4639,13:09:47.308907
43.169344,3826,4442,13:09:47.308907
43.171201,3895,4712,13:09:47.308907
43.173057,3889,4700,13:09:47.308907
43.174917,3796,4674,13:09:47.308907
43.176774,4060,4438,13:09:47.308907
43.178632,4095,4753,13:09:47.308907
43.180488,3787,4473,13:09:47.308907
43.182345,3798,4632,13:09:47.308907
43.184203,4032,4715,13:09:47.308907
43.18606,4133,4586,13:09:47.308907
43.18792,4084,4773,13:09:47.308907
43.189776,4149,4723,13:09:47.308907
43.191635,3895,4389,13:09:47.308907
43.193491,3809,4592,13:09:47.308907
43.195348,3975,4508,13:09:47.308907
43.197206,3884,4521,13:09:47.308907
43.199066,3952,4677,13:09:47.308907
43.200925,3794,4341,13:09:47.308907
43.202783,3870,4584,13:09:47.308907
43.204655,3884,4539,13:09:47.359255
43.206522,4004,4547,13:09:47.359255
43.208381,3774,4564,13:09:47.359255
43.210304,4093,4476,13:09:47.359255
43.212169,3960,4595,13:09:47.359255
43.214029,3903,4388,13:09:47.359255
43.215891,4033,4622,13:09:47.359255
43.217748,4115,4603,13:09:47.359255
43.219606,4060,4727,13:09:47.359255
43.221462,4222,4670,13:09:47.359255
43.223319,3983,4436,13:09:47.359255
43.225177,4007,4603,13:09:47.359255
43.227038,3791,4666,13:09:47.359255
43.228896,4105,4770,13:09:47.359255
43.230752,4070,4433,13:09:47.359255
43.232613,4018,4532,13:09:47.359255
43.234469,3845,4631,13:09:47.359255
43.236326,3669,4645,13:09:47.359255
43.238184,4065,4474,13:09:47.359255
43.24004,3943,4611,13:09:47.359255
43.241899,3881,4695,13:09:47.359255
43.243755,3780,4537,13:09:47.359255
43.245615,4063,4425,13:09:47.359255
43.247474,3984,4398,13:09:47.359255
43.24934,4172,4473,13:09:47.359255
43.251196,4051,4376,13:09:47.359255
43.253053,3970,4339,13:09:47.359255
43.254911,3864,4292,13:09:47.411620
43.256786,3702,4888,13:09:47.411620
43.258652,4001,4721,13:09:47.411620
43.26056,3963,4640,13:09:47.411620
43.262444,3807,4442,13:09:47.411620
43.264301,3965,4426,13:09:47.411620
43.266159,4294,4503,13:09:47.411620
43.268015,3985,4348,13:09:47.411620
43.269876,4087,4526,13:09:47.411620
43.271732,3862,4519,13:09:47.411620
43.273589,3777,4463,13:09:47.411620
43.275444,4121,4797,13:09:47.411620
43.277302,4023,4644,13:09:47.411620
43.279162,3950,4643,13:09:47.411620
43.281018,3770,4605,13:09:47.411620
43.282876,3938,4523,13:09:47.411620
43.284733,3872,4624,13:09:47.411620
43.286589,3977,4324,13:09:47.411620
43.288449,4047,4701,13:09:47.411620
43.290308,3871,4303,13:09:47.411620
43.292166,4051,4710,13:09:47.411620
43.294023,4183,4495,13:09:47.411620
43.295891,4090,4391,13:09:47.411620
43.297747,3981,4505,13:09:47.411620
43.299604,3606,4491,13:09:47.411620
43.301462,3925,4595,13:09:47.411620
43.303318,4111,4433,13:09:47.411620
43.305177,3974,4514,13:09:47.456526
43.307041,3919,4832,13:09:47.456526
43.308902,3749,4352,13:09:47.456526
43.310824,3929,4711,13:09:47.456526
43.312694,3696,4615,13:09:47.456526
43.314552,3982,4626,13:09:47.456526
43.316415,4066,4467,13:09:47.456526
43.318272,4034,4531,13:09:47.456526
43.320129,3796,4512,13:09:47.456526
43.321986,3961,4489,13:09:47.456526
43.323844,3914,4554,13:09:47.456526
43.325701,3974,4417,13:09:47.456526
43.327557,3831,4447,13:09:47.456526
43.329415,3921,4360,13:09:47.456526
43.331272,3908,4448,13:09:47.456526
43.333128,3820,4589,13:09:47.456526
43.334984,3909,4604,13:09:47.456526
43.336849,4180,4606,13:09:47.456526
43.338705,3991,4526,13:09:47.456526
43.340562,3780,4517,13:09:47.456526
43.34242,4203,4649,13:09:47.456526
43.344276,3842,4409,13:09:47.456526
43.346133,3957,4559,13:09:47.456526
43.347989,4006,4283,13:09:47.456526
43.349845,3945,4562,13:09:47.456526
43.351702,3744,4865,13:09:47.456526
43.353559,3914,4784,13:09:47.456526
43.355421,4123,4437,13:09:47.506675
43.357291,3893,4724,13:09:47.506675
43.359154,3937,4405,13:09:47.506675
43.361062,3882,4561,13:09:47.506675
43.36293,3966,4524,13:09:47.506675
43.364788,4163,4621,13:09:47.506675
43.366644,3993,4663,13:09:47.506675
43.368501,4108,4153,13:09:47.506675
43.370359,3920,4549,13:09:47.506675
43.372217,4123,4695,13:09:47.506675
43.374074,3940,4285,13:09:47.506675
43.37593,4092,4737,13:09:47.506675
43.377789,3930,4717,13:09:47.506675
43.379645,3948,4558,13:09:47.506675
43.381501,3810,4410,13:09:47.506675
43.383358,3802,4688,13:09:47.506675
43.385214,3880,4587,13:09:47.506675
43.38707,4004,4520,13:09:47.506675
43.388927,4062,4431,13:09:47.506675
43.390789,4162,4663,13:09:47.506675
43.392646,3971,4645,13:09:47.506675
43.394502,3886,4488,13:09:47.506675
43.396362,4189,4480,13:09:47.506675
43.398219,3984,4450,13:09:47.506675
43.400075,4228,4468,13:09:47.506675
43.401931,3941,4455,13:09:47.506675
43.40379,4068,4452,13:09:47.506675
43.40566,3911,4505,13:09:47.559131
43.407522,3920,4512,13:09:47.559131
43.409387,3938,4813,13:09:47.559131
43.411307,3603,4662,13:09:47.559131
43.413163,3824,4454,13:09:47.559131
43.415026,4115,4423,13:09:47.559131
43.416882,4026,4623,13:09:47.559131
43.41874,4148,4610,13:09:47.559131
43.420597,3934,4457,13:09:47.559131
43.422453,4118,4628,13:09:47.559131
43.424312,4014,4454,13:09:47.559131
43.426172,3984,4528,13:09:47.559131
43.42803,4062,4676,13:09:47.559131
43.429887,3748,4251,13:09:47.559131
43.431753,3959,4429,13:09:47.559131
43.433609,4012,4509,13:09:47.559131
43.435466,3892,4488,13:09:47.559131
43.437324,4080,4491,13:09:47.559131
43.439181,3963,4462,13:09:47.559131
43.441039,4193,4383,13:09:47.559131
43.442895,4009,4562,13:09:47.559131
43.444752,4214,4437,13:09:47.559131
43.44661,3982,4525,13:09:47.559131
43.448467,3852,4645,13:09:47.559131
43.450331,4078,4452,13:09:47.559131
43.452187,3809,4726,13:09:47.559131
43.454046,4049,4592,13:09:47.559131
43.455914,3702,4770,13:09:47.609622
43.457778,3997,4523,13:09:47.609622
43.45964,4093,4577,13:09:47.609622
43.461555,3789,4438,13:09:47.609622
43.463451,3634,4476,13:09:47.609622
43.465309,3785,4492,13:09:47.609622
43.467166,4001,4655,13:09:47.609622
43.469024,3958,4410,13:09:47.609622
43.47088,4104,4649,13:09:47.609622
43.472737,4199,4404,13:09:47.609622
43.474595,3878,4393,13:09:47.609622
43.476455,3966,4295,13:09:47.609622
43.478314,3884,4526,13:09:47.609622
43.48017,3783,4458,13:09:47.609622
43.482037,4100,4439,13:09:47.609622
43.483893,3931,4297,13:09:47.609622
43.485752,4118,4353,13:09:47.609622
43.48761,4047,4620,13:09:47.609622
43.489466,4069,4725,13:09:47.609622
43.491324,3767,4707,13:09:47.609622
43.493181,3965,4619,13:09:47.609622
43.495037,4136,4637,13:09:47.610621
43.496894,4178,4521,13:09:47.612624
43.498757,4011,4662,13:09:47.612624
43.500614,3754,4367,13:09:47.613622
43.502471,3987,4564,13:09:47.613622
43.504329,4303,4452,13:09:47.614624
43.506191,3776,4486,13:09:47.664169
43.508052,3974,4692,13:09:47.664169
43.509924,4089,4287,13:09:47.664169
43.511822,3662,4426,13:09:47.664169
43.513729,3562,4456,13:09:47.664169
43.515591,4097,4585,13:09:47.664169
43.517449,4050,4460,13:09:47.664169
43.519312,4074,4432,13:09:47.664169
43.521168,3791,4471,13:09:47.664169
43.523024,3796,4471,13:09:47.664169
43.524883,4064,4129,13:09:47.664169
43.526739,3853,4264,13:09:47.664169
43.528595,3856,4571,13:09:47.664169
43.530452,3920,4585,13:09:47.664169
43.532314,3928,4562,13:09:47.664169
43.534171,3881,4472,13:09:47.664169
43.536027,3916,4639,13:09:47.664169
43.537887,4203,4588,13:09:47.664169
43.539744,3907,4601,13:09:47.664169
43.5416,4160,4545,13:09:47.664169
43.543456,4029,4287,13:09:47.664169
43.545315,4119,4456,13:09:47.664169
43.547173,4163,4535,13:09:47.664169
43.54903,4125,4467,13:09:47.664169
43.55089,3739,4470,13:09:47.664169
43.552746,3922,4408,13:09:47.664169
43.554605,4239,4436,13:09:47.721355
43.556465,3961,4290,13:09:47.721355
43.558325,4049,4551,13:09:47.721355
43.560223,4312,4487,13:09:47.721355
43.56209,4142,4541,13:09:47.721355
43.563954,4014,4568,13:09:47.721355
43.565811,3978,4556,13:09:47.721355
43.567698,3732,4312,13:09:47.721355
43.569569,4189,4561,13:09:47.721355
43.571425,3995,4485,13:09:47.721355
43.573288,3937,4788,13:09:47.721355
43.575146,3880,4303,13:09:47.721355
43.577012,4057,4463,13:09:47.721355
43.578871,3986,4509,13:09:47.721355
43.580727,3836,4538,13:09:47.721355
43.582586,4167,4699,13:09:47.721355
43.584442,3795,4380,13:09:47.721355
43.586298,4233,4334,13:09:47.721355
43.588157,3905,4484,13:09:47.722354
43.590013,3982,4507,13:09:47.722354
43.591872,4209,4634,13:09:47.722354
43.593728,4085,4619,13:09:47.722354
43.59559,3858,4391,13:09:47.722354
43.597449,3818,4384,13:09:47.723347
43.59931,4143,4432,13:09:47.723347
43.601171,3915,4457,13:09:47.723347
43.603028,3846,4478,13:09:47.723347
43.604886,3821,4186,13:09:47.764622
43.606755,4044,4575,13:09:47.764622
43.608615,3960,4066,13:09:47.764622
43.610529,4099,4419,13:09:47.764622
43.612437,3948,4438,13:09:47.764622
43.614296,3811,4513,13:09:47.764622
43.616162,3234,4472,13:09:47.764622
43.618018,3942,4253,13:09:47.764622
43.619877,3968,4320,13:09:47.764622
43.621735,3985,4500,13:09:47.764622
43.623591,3775,4403,13:09:47.764622
43.625458,2894,4492,13:09:47.764622
43.62735,3791,4551,13:09:47.764622
43.629214,4034,4439,13:09:47.764622
43.631071,3952,4453,13:09:47.764622
43.632927,3808,4502,13:09:47.764622
43.634786,3829,4457,13:09:47.764622
43.636642,4027,4375,13:09:47.764622
43.6385,3887,4709,13:09:47.764622
43.640357,3798,4528,13:09:47.764622
43.642219,4168,4509,13:09:47.764622
43.644075,3798,4518,13:09:47.764622
43.645932,4187,4716,13:09:47.764622
43.647794,4038,4320,13:09:47.764622
43.649651,4050,4194,13:09:47.764622
43.651509,3903,4580,13:09:47.764622
43.653365,4066,4432,13:09:47.764622
43.655222,4051,4533,13:09:47.815198
43.65709,4007,4440,13:09:47.815198
43.65895,3930,4511,13:09:47.815198
43.660857,3714,4642,13:09:47.815198
43.662715,3867,4528,13:09:47.815198
43.664571,3917,4531,13:09:47.815198
43.66643,4040,4618,13:09:47.815198
43.668286,4107,4235,13:09:47.815198
43.670148,4088,4458,13:09:47.815198
43.672005,4074,4549,13:09:47.815198
43.673863,3877,4434,13:09:47.815198
43.675722,4071,4351,13:09:47.815198
43.677579,3842,4519,13:09:47.815198
43.679436,4141,4416,13:09:47.815198
43.681293,4246,4375,13:09:47.815198
43.683151,4137,4528,13:09:47.815198
43.685008,4067,4369,13:09:47.815198
43.686866,3859,4531,13:09:47.815198
43.688724,4151,4308,13:09:47.815198
43.690581,4090,4501,13:09:47.815198
43.692437,4150,4560,13:09:47.815198
43.694293,4074,4500,13:09:47.815198
43.696156,4341,4514,13:09:47.815198
43.698012,4045,4387,13:09:47.815198
43.699871,3936,4290,13:09:47.815198
43.701729,3897,4593,13:09:47.815198
43.703585,4011,4356,13:09:47.815198
43.705444,3947,4532,13:09:47.870787
43.707308,3799,4380,13:09:47.870787
43.70917,4195,4716,13:09:47.870787
43.711077,3713,4292,13:09:47.870787
43.712933,4069,4720,13:09:47.870787
43.714795,4039,4458,13:09:47.870787
43.716652,4036,4623,13:09:47.870787
43.718512,3774,4583,13:09:47.870787
43.720378,4096,4641,13:09:47.870787
43.722235,3939,4633,13:09:47.870787
43.724093,3829,4544,13:09:47.870787
43.725977,3798,4511,13:09:47.870787
43.727836,3914,4434,13:09:47.870787
43.729694,4067,4665,13:09:47.870787
43.73155,4106,4499,13:09:47.870787
43.733409,4000,4524,13:09:47.870787
43.735265,4039,4325,13:09:47.870787
43.737124,3846,4461,13:09:47.870787
43.738982,3906,4367,13:09:47.870787
43.740848,4332,4482,13:09:47.870787
43.742705,3984,4358,13:09:47.870787
43.744561,4101,4409,13:09:47.870787
43.746419,3714,4442,13:09:47.870787
43.748276,4123,4297,13:09:47.870787
43.750132,4016,4522,13:09:47.870787
43.751991,3866,4540,13:09:47.870787
43.753847,3928,4605,13:09:47.870787
43.755709,3955,4481,13:09:47.919121
43.75757,4184,4562,13:09:47.919121
43.759438,4073,4637,13:09:47.920120
43.761344,3610,4567,13:09:47.920120
43.763202,4103,4632,13:09:47.920120
43.765061,4219,4484,13:09:47.920120
43.766919,3922,4356,13:09:47.920120
43.768776,3374,4560,13:09:47.920120
43.770634,4196,4367,13:09:47.920120
43.772492,3314,4596,13:09:47.920120
43.774353,4160,4269,13:09:47.920120
43.776209,3910,4400,13:09:47.920120
43.778073,3971,4270,13:09:47.920120
43.77993,4093,4385,13:09:47.920120
43.781786,3969,4426,13:09:47.920120
43.783644,3878,4420,13:09:47.920120
43.785501,4233,4512,13:09:47.920120
43.787359,4156,4469,13:09:47.920120
43.789216,3976,4568,13:09:47.920120
43.791072,3887,4402,13:09:47.920120
43.79293,4115,4417,13:09:47.920120
43.794794,3981,4628,13:09:47.920120
43.796651,4053,4196,13:09:47.920120
43.798507,4172,4593,13:09:47.920120
43.800366,3835,4380,13:09:47.920120
43.802222,3810,4655,13:09:47.920120
43.804079,3971,4388,13:09:47.920120
43.805949,3893,4792,13:09:47.971771
43.807811,3906,4413,13:09:47.971771
43.809676,4180,4419,13:09:47.971771
43.811568,3748,4349,13:09:47.971771
43.813424,3716,4377,13:09:47.971771
43.815282,3570,4481,13:09:47.971771
43.817139,3735,4382,13:09:47.971771
43.819001,3638,4628,13:09:47.971771
43.820875,3944,4311,13:09:47.971771
43.82274,1542,4292,13:09:47.971771
43.8246,3892,4318,13:09:47.971771
43.826461,4124,4558,13:09:47.971771
43.828317,4043,4233,13:09:47.971771
43.830173,4069,4299,13:09:47.971771
43.83203,4137,4229,13:09:47.971771
43.833886,3967,4389,13:09:47.971771
43.835743,3854,4387,13:09:47.971771
43.837603,4071,4609,13:09:47.971771
43.839459,4230,4590,13:09:47.971771
43.841317,4248,4634,13:09:47.971771
43.843174,3791,4592,13:09:47.971771
43.84503,4182,4335,13:09:47.971771
43.846889,4100,4434,13:09:47.971771
43.848749,4157,4639,13:09:47.971771
43.850607,3952,4637,13:09:47.971771
43.852464,4123,4541,13:09:47.971771
43.85433,3867,4313,13:09:47.975781
43.856192,4133,4714,13:09:48.019766
43.858053,4009,4624,13:09:48.019766
43.859928,4146,4866,13:09:48.019766
43.861839,3787,4514,13:09:48.019766
43.863696,3876,4713,13:09:48.019766
43.865554,4142,4415,13:09:48.019766
43.86741,3308,4386,13:09:48.019766
43.869269,3323,4316,13:09:48.019766
43.871125,3543,4680,13:09:48.019766
43.872999,4209,4691,13:09:48.019766
43.87487,2188,4617,13:09:48.019766
43.876726,4081,4557,13:09:48.019766
43.878582,3947,4368,13:09:48.019766
43.880439,3883,4543,13:09:48.019766
43.882303,4201,4455,13:09:48.020784
43.884159,4138,4519,13:09:48.020784
43.886016,4145,4464,13:09:48.020784
43.887876,4175,4479,13:09:48.020784
43.889733,3886,4265,13:09:48.020784
43.891591,4034,4439,13:09:48.020784
43.893449,3876,4269,13:09:48.020784
43.895306,4164,4522,13:09:48.020784
43.897164,4150,4570,13:09:48.020784
43.899023,3913,4450,13:09:48.020784
43.900881,4126,4414,13:09:48.020784
43.902737,4000,4468,13:09:48.020784
43.904596,4183,4518,13:09:48.020784
43.906462,3998,4474,13:09:48.071788
43.908323,3909,4600,13:09:48.071788
43.910226,3996,4408,13:09:48.071788
43.912093,3837,4396,13:09:48.071788
43.913955,3809,4577,13:09:48.071788
43.915812,4045,4450,13:09:48.071788
43.917671,3820,4226,13:09:48.071788
43.91953,3833,4562,13:09:48.071788
43.921395,3966,4373,13:09:48.071788
43.923257,3309,4661,13:09:48.071788
43.925123,3993,4546,13:09:48.071788
43.926982,3990,4313,13:09:48.071788
43.928846,3949,4679,13:09:48.071788
43.930726,3677,4571,13:09:48.071788
43.932587,3909,4252,13:09:48.071788
43.934444,4078,4677,13:09:48.071788
43.936301,3980,4565,13:09:48.071788
43.93816,4123,4529,13:09:48.071788
43.940016,3917,4645,13:09:48.071788
43.941877,3752,4441,13:09:48.071788
43.943733,4006,4469,13:09:48.071788
43.945589,3965,4450,13:09:48.071788
43.947449,3882,4370,13:09:48.071788
43.949307,3997,4473,13:09:48.071788
43.951164,3972,4406,13:09:48.071788
43.953021,3926,4718,13:09:48.071788
43.954879,3935,4483,13:09:48.123487
43.956753,4012,4655,13:09:48.123487
43.958613,4287,4625,13:09:48.123487
43.960514,3953,4618,13:09:48.123487
43.96238,3736,4502,13:09:48.123487
43.964237,3875,4566,13:09:48.123487
43.966095,3928,4619,13:09:48.123487
43.967959,3905,4318,13:09:48.123487
43.969818,3939,4549,13:09:48.123487
43.971674,4111,4672,13:09:48.123487
43.973537,3674,4626,13:09:48.123487
43.975393,3324,4755,13:09:48.123487
43.977251,4143,4518,13:09:48.123487
43.97911,4055,4654,13:09:48.123487
43.980966,3872,4716,13:09:48.123487
43.982824,3973,4627,13:09:48.123487
43.984687,3929,4598,13:09:48.123487
43.986543,3956,4668,13:09:48.123487
43.988399,3940,4394,13:09:48.123487
43.990265,3883,4344,13:09:48.123487
43.992122,3837,4705,13:09:48.123487
43.993979,4086,4671,13:09:48.123487
43.995837,3939,4665,13:09:48.123487
43.997693,3998,4546,13:09:48.123487
43.99955,3998,4698,13:09:48.123487
44.001406,4129,4707,13:09:48.123487
44.003262,4090,4531,13:09:48.123487
44.005119,4162,4282,13:09:48.176533
44.007001,3920,4380,13:09:48.176533
44.008861,4240,4501,13:09:48.176533
44.010772,3566,4543,13:09:48.176533
44.012628,3992,4612,13:09:48.176533
44.014486,3945,4602,13:09:48.176533
44.016343,3342,4638,13:09:48.176533
44.018199,3675,4678,13:09:48.176533
44.020059,3117,4838,13:09:48.176533
44.021916,3881,4464,13:09:48.176533
44.023781,3625,4552,13:09:48.176533
44.025638,3961,4693,13:09:48.176533
44.027497,1494,4753,13:09:48.176533
44.029355,3908,4892,13:09:48.176533
44.031211,4022,4591,13:09:48.176533
44.033074,3962,4469,13:09:48.176533
44.034958,3631,4532,13:09:48.176533
44.036817,3927,4558,13:09:48.176533
44.038673,3668,4821,13:09:48.176533
44.04053,3959,4799,13:09:48.176533
44.042388,3963,4577,13:09:48.176533
44.044244,3861,4561,13:09:48.176533
44.046102,3987,4724,13:09:48.176533
44.047959,3815,4794,13:09:48.176533
44.049815,3772,4390,13:09:48.176533
44.051671,3894,4691,13:09:48.176533
44.053535,4119,4536,13:09:48.176533
44.055392,3941,4456,13:09:48.233021
44.057255,3708,4542,13:09:48.233021
44.059117,3865,4368,13:09:48.233021
44.061017,3823,4637,13:09:48.233021
44.062875,3672,4936,13:09:48.233021
44.064734,3753,4509,13:09:48.233021
44.066592,3889,4715,13:09:48.233021
44.068451,3539,4729,13:09:48.233021
44.070309,3587,4893,13:09:48.233021
44.072165,3398,4665,13:09:48.233021
44.074024,3207,4519,13:09:48.233021
44.07588,3621,4874,13:09:48.233021
44.077738,217,4677,13:09:48.233021
44.079597,3674,4558,13:09:48.238001
44.081453,3910,4660,13:09:48.238001
44.083312,3945,4699,13:09:48.238001
44.08517,3889,4749,13:09:48.238001
44.087026,3986,4706,13:09:48.238001
44.088883,4064,4666,13:09:48.238001
44.090741,3991,4634,13:09:48.238001
44.092597,3966,4772,13:09:48.238001
44.094454,4129,4595,13:09:48.238001
44.096312,3878,4727,13:09:48.238001
44.098168,3953,4639,13:09:48.238001
44.100027,3821,4880,13:09:48.238001
44.101883,3790,4742,13:09:48.238001
44.103748,4002,4736,13:09:48.238001
44.10561,3846,4561,13:09:48.278094
44.107482,4142,4740,13:09:48.278094
44.109344,4124,4767,13:09:48.278094
44.111255,3673,4976,13:09:48.278094
44.113113,3674,4897,13:09:48.279102
44.114971,3698,4783,13:09:48.279102
44.116828,3898,4595,13:09:48.279102
44.118686,3672,4666,13:09:48.279102
44.120543,3846,4734,13:09:48.279102
44.122401,3620,4661,13:09:48.279102
44.124257,4014,4742,13:09:48.279102
44.126129,3828,4406,13:09:48.279102
44.128009,3676,4765,13:09:48.279102
44.129874,3972,4869,13:09:48.279102
44.131731,3798,4804,13:09:48.279102
44.133613,3899,4838,13:09:48.279102
44.135469,3760,4692,13:09:48.279102
44.137336,3655,4649,13:09:48.279102
44.139192,3876,4650,13:09:48.279102
44.141052,3995,4810,13:09:48.279102
44.142911,3945,4640,13:09:48.279102
44.144767,3963,4727,13:09:48.279102
44.146627,3690,4493,13:09:48.279102
44.148484,3879,4845,13:09:48.279102
44.150342,3840,4730,13:09:48.279102
44.152199,3978,4731,13:09:48.279102
44.154055,3825,4497,13:09:48.280098
44.155917,3940,4740,13:09:48.334224
44.15778,4025,4677,13:09:48.334224
44.159642,3860,4677,13:09:48.334224
44.161546,4050,4834,13:09:48.334224
44.163403,3900,4677,13:09:48.334224
44.165261,3597,4761,13:09:48.334224
44.167117,3577,4591,13:09:48.334224
44.168976,3914,4740,13:09:48.334224
44.170834,4209,5199,13:09:48.334224
44.17269,3884,4679,13:09:48.334224
44.174549,4046,4805,13:09:48.334224
44.176412,3774,4767,13:09:48.334224
44.17827,3891,4845,13:09:48.334224
44.180126,3884,4751,13:09:48.334224
44.181984,3294,4912,13:09:48.334224
44.183884,3739,4760,13:09:48.334224
44.185745,4106,4555,13:09:48.334224
44.187603,4011,4661,13:09:48.334224
44.18946,4060,4545,13:09:48.334224
44.19132,3847,4802,13:09:48.334224
44.193176,3850,4879,13:09:48.334224
44.195033,4027,4802,13:09:48.334224
44.196891,3873,4561,13:09:48.334224
44.198747,3735,4760,13:09:48.334224
44.200606,3796,5014,13:09:48.334224
44.202462,3999,4768,13:09:48.334224
44.204323,3742,4926,13:09:48.334224
44.206193,3970,5067,13:09:48.379616
44.208054,3992,4691,13:09:48.379616
44.209925,3922,4907,13:09:48.379616
44.21182,4179,4675,13:09:48.379616
44.213678,3840,4697,13:09:48.379616
44.215537,3993,4848,13:09:48.379616
44.217393,3730,4635,13:09:48.379616
44.219251,3761,4858,13:09:48.379616
44.221108,3190,4892,13:09:48.379616
44.22297,3385,4694,13:09:48.380604
44.224828,3495,4943,13:09:48.380604
44.226685,3828,4724,13:09:48.380604
44.228547,3649,4799,13:09:48.380604
44.230403,3862,4862,13:09:48.380604
44.232262,3856,4796,13:09:48.380604
44.234118,4066,4816,13:09:48.380604
44.235979,4044,4980,13:09:48.380604
44.237837,1923,4723,13:09:48.380604
44.239699,3799,4732,13:09:48.380604
44.241556,4008,4792,13:09:48.380604
44.243412,3805,4703,13:09:48.380604
44.245272,4036,4832,13:09:48.380604
44.247129,4153,4722,13:09:48.380604
44.248985,3783,4886,13:09:48.380604
44.250846,4078,4771,13:09:48.380604
44.252702,3976,4709,13:09:48.380604
44.25456,3823,4930,13:09:48.380604
44.256429,4162,4724,13:09:48.436515
44.258289,3934,4905,13:09:48.436515
44.260181,4080,4573,13:09:48.436515
44.262058,3785,4946,13:09:48.436515
44.263924,4099,4893,13:09:48.437502
44.265782,3652,4955,13:09:48.437502
44.267641,3392,4819,13:09:48.437502
44.269503,3939,4997,13:09:48.437502
44.271359,4011,4865,13:09:48.437502
44.273218,4026,4801,13:09:48.437502
44.275074,3851,4998,13:09:48.437502
44.27693,4098,4638,13:09:48.437502
44.278789,3163,4833,13:09:48.437502
44.28065,4070,4986,13:09:48.437502
44.282525,3827,5040,13:09:48.437502
44.284388,1316,4920,13:09:48.437502
44.286252,4204,5000,13:09:48.437502
44.288109,3961,4962,13:09:48.437502
44.28997,3930,4809,13:09:48.437502
44.291827,4124,4650,13:09:48.437502
44.293684,3869,4684,13:09:48.437502
44.295548,3993,4587,13:09:48.437502
44.297404,3924,4794,13:09:48.437502
44.299261,3986,4692,13:09:48.437502
44.301119,4103,4680,13:09:48.437502
44.302976,3820,4733,13:09:48.437502
44.304834,4015,4861,13:09:48.483431
44.3067,3992,4716,13:09:48.483431
44.308561,4332,4509,13:09:48.483431
44.310457,4081,4998,13:09:48.483431
44.312319,4240,5000,13:09:48.483431
44.314178,3870,5073,13:09:48.483431
44.316034,3865,4740,13:09:48.483431
44.31789,3729,4663,13:09:48.483431
44.319749,3976,4955,13:09:48.483431
44.321609,4044,5013,13:09:48.483431
44.323467,4119,5023,13:09:48.483431
44.325324,3472,4861,13:09:48.483431
44.32719,3325,4740,13:09:48.483431
44.329046,3939,4816,13:09:48.483431
44.330911,2609,4882,13:09:48.483431
44.332773,3965,4957,13:09:48.483431
44.334651,4018,4826,13:09:48.483431
44.336514,3861,4838,13:09:48.483431
44.338378,3968,5006,13:09:48.483431
44.340236,3996,5306,13:09:48.483431
44.342107,3372,4751,13:09:48.483431
44.343963,3942,4607,13:09:48.483431
44.345822,3979,4969,13:09:48.483431
44.347678,4160,4625,13:09:48.483431
44.349534,3892,4630,13:09:48.483431
44.351393,4047,4598,13:09:48.483431
44.353249,3953,4903,13:09:48.483431
44.355106,3953,4843,13:09:48.531102
44.356972,3963,4947,13:09:48.531102
44.358834,3983,4650,13:09:48.532117
44.36076,3718,4854,13:09:48.533109
44.362617,3919,4947,13:09:48.533109
44.364481,4053,5018,13:09:48.534108
44.366338,3830,4769,13:09:48.534108
44.368198,4124,4853,13:09:48.534108
44.370056,3986,4890,13:09:48.534108
44.371913,3297,4999,13:09:48.534108
44.373773,2626,5002,13:09:48.534108
44.375629,3821,4894,13:09:48.534108
44.377486,3377,5054,13:09:48.534108
44.379342,3393,5055,13:09:48.534108
44.381207,3893,4793,13:09:48.534108
44.383065,3572,4880,13:09:48.534108
44.384921,3832,5000,13:09:48.534108
44.386782,812,4840,13:09:48.534108
44.38864,4215,4981,13:09:48.534108
44.390531,4291,4888,13:09:48.534108
44.392389,4248,4882,13:09:48.535108
44.394245,3945,5089,13:09:48.535108
44.396103,4076,4817,13:09:48.535108
44.39796,4336,4792,13:09:48.535108
44.399816,3998,4744,13:09:48.535108
44.401673,4168,4964,13:09:48.535108
44.403529,4275,4745,13:09:48.535108
44.405385,4036,4925,13:09:48.583627
44.40725,4129,4967,13:09:48.583627
44.40911,4083,4834,13:09:48.583627
44.411014,3978,4981,13:09:48.583627
44.412875,4051,4832,13:09:48.583627
44.414733,4127,4876,13:09:48.583627
44.416589,4198,5016,13:09:48.583627
44.418449,3948,4686,13:09:48.583627
44.420308,4023,4900,13:09:48.583627
44.422166,3980,4982,13:09:48.583627
44.424023,3415,4919,13:09:48.583627
44.425881,3557,4664,13:09:48.583627
44.42774,3451,4812,13:09:48.583627
44.429596,3462,5001,13:09:48.583627
44.431452,4038,4868,13:09:48.583627
44.433311,3971,4886,13:09:48.583627
44.435168,1449,4813,13:09:48.583627
44.437027,4278,4769,13:09:48.583627
44.438884,4194,4773,13:09:48.583627
44.440744,4073,4825,13:09:48.583627
44.442601,4133,4754,13:09:48.583627
44.444457,4044,4853,13:09:48.583627
44.446315,4156,4625,13:09:48.583627
44.448172,4125,4785,13:09:48.583627
44.450028,3963,4963,13:09:48.583627
44.451885,4105,4950,13:09:48.583627
44.453741,3881,4901,13:09:48.583627
44.455605,3985,4912,13:09:48.634080
44.457474,4146,4843,13:09:48.634080
44.459336,4047,4861,13:09:48.634080
44.461244,3830,4973,13:09:48.634080
44.463105,4165,4916,13:09:48.634080
44.464963,4026,4938,13:09:48.634080
44.466819,4161,4849,13:09:48.634080
44.468676,3871,4605,13:09:48.634080
44.470532,4146,4927,13:09:48.634080
44.472388,4183,5037,13:09:48.634080
44.474245,3522,4688,13:09:48.634080
44.476102,3464,4877,13:09:48.634080
44.477964,3406,4860,13:09:48.634080
44.479822,3662,4899,13:09:48.634080
44.481682,3418,4813,13:09:48.634080
44.483539,3476,5005,13:09:48.634080
44.485395,3348,5139,13:09:48.634080
44.487275,3468,5066,13:09:48.634080
44.489146,4335,4817,13:09:48.634080
44.491004,3940,4864,13:09:48.634080
44.49286,4119,4913,13:09:48.634080
44.494717,4099,4980,13:09:48.634080
44.496575,4377,5030,13:09:48.634080
44.498432,4173,4574,13:09:48.634080
44.50029,4322,5004,13:09:48.634080
44.502146,3865,4822,13:09:48.634080
44.504007,4215,4886,13:09:48.634080
44.505865,4090,4807,13:09:48.685551
44.507725,4204,4863,13:09:48.685551
44.509588,3989,4921,13:09:48.685551
44.511498,3924,4837,13:09:48.685551
44.513354,3992,4707,13:09:48.685551
44.515213,4130,4638,13:09:48.685551
44.517071,4153,4771,13:09:48.685551
44.518927,3994,4840,13:09:48.685551
44.520784,4169,5013,13:09:48.685551
44.522642,4059,4790,13:09:48.685551
44.524503,3505,4912,13:09:48.685551
44.526359,2835,5210,13:09:48.685551
44.528217,3860,4655,13:09:48.685551
44.530074,3846,4833,13:09:48.685551
44.531932,4090,4796,13:09:48.685551
44.533789,3915,4876,13:09:48.685551
44.535653,3423,4929,13:09:48.685551
44.537511,3476,5041,13:09:48.685551
44.539369,3926,4966,13:09:48.685551
44.54123,4310,5020,13:09:48.685551
44.543086,4236,4764,13:09:48.685551
44.544985,3700,4812,13:09:48.685551
44.546843,4041,4959,13:09:48.685551
44.548706,4212,5001,13:09:48.685551
44.550564,4240,4914,13:09:48.685551
44.55242,3919,4791,13:09:48.685551
44.554278,4096,4829,13:09:48.685551
44.556141,4208,5028,13:09:48.744991
44.558001,4188,5011,13:09:48.744991
44.559868,4064,4768,13:09:48.744991
44.561758,4070,5008,13:09:48.744991
44.56362,4079,5100,13:09:48.744991
44.565477,3936,5005,13:09:48.744991
44.567333,4043,4938,13:09:48.745857
44.569193,4114,4870,13:09:48.745857
44.57105,3786,4921,13:09:48.745857
44.572908,3556,4992,13:09:48.745857
44.574764,3912,4997,13:09:48.745857
44.576621,2752,4880,13:09:48.745857
44.578477,4103,5076,13:09:48.745857
44.580341,4282,4931,13:09:48.745857
44.582198,3892,4899,13:09:48.745857
44.584054,3508,4838,13:09:48.745857
44.585913,3639,5087,13:09:48.745857
44.587771,4313,4916,13:09:48.745857
44.589627,1365,4869,13:09:48.745857
44.591486,4027,4933,13:09:48.745857
44.593342,4067,5065,13:09:48.745857
44.595199,4181,5021,13:09:48.745857
44.597055,4231,4995,13:09:48.745857
44.598919,4289,5171,13:09:48.745857
44.600778,4313,5024,13:09:48.745857
44.602634,3956,4757,13:09:48.745857
44.604492,4102,5005,13:09:48.745857
44.606357,4265,5019,13:09:48.792945
44.608217,4028,5230,13:09:48.792945
44.6101,4063,4773,13:09:48.792945
44.611985,4231,4927,13:09:48.792945
44.613846,4062,5066,13:09:48.792945
44.615702,4209,4983,13:09:48.792945
44.617567,4079,4922,13:09:48.792945
44.619423,3087,4863,13:09:48.792945
44.62128,4134,4848,13:09:48.792945
44.623138,4233,4882,13:09:48.792945
44.624994,3617,5013,13:09:48.792945
44.626855,3859,4982,13:09:48.792945
44.628711,3801,4884,13:09:48.792945
44.630567,3598,4753,13:09:48.792945
44.632426,3344,4972,13:09:48.792945
44.634287,4167,4971,13:09:48.792945
44.636144,3258,4874,13:09:48.792945
44.638005,4296,4977,13:09:48.792945
44.639891,4029,4957,13:09:48.792945
44.641759,3519,5020,13:09:48.792945
44.643621,4139,4695,13:09:48.792945
44.645478,4182,5003,13:09:48.792945
44.647334,4241,4842,13:09:48.792945
44.649195,1320,4945,13:09:48.792945
44.651055,4328,4758,13:09:48.792945
44.652912,4190,4875,13:09:48.792945
44.654772,4222,4878,13:09:48.806409
44.65664,4113,4672,13:09:48.806409
44.658501,4148,4923,13:09:48.806409
44.660414,4089,4874,13:09:48.806409
44.662273,3906,4958,13:09:48.806409
44.66413,4371,4867,13:09:48.806409
44.665986,3902,5014,13:09:48.806409
44.66785,4133,4968,13:09:48.806409
44.669707,4022,4924,13:09:48.806409
44.671563,3600,5130,13:09:48.806409
44.673423,3612,4994,13:09:48.806409
44.67528,4206,4648,13:09:48.838768
44.677138,3359,4980,13:09:48.838768
44.678995,4142,4730,13:09:48.838768
44.680853,3937,4856,13:09:48.838768
44.682711,4266,4695,13:09:48.840785
44.68457,4252,5047,13:09:48.840785
44.686426,4190,4845,13:09:48.840785
44.688282,3995,5031,13:09:48.840785
44.690141,3860,4867,13:09:48.840785
44.691997,4206,5070,13:09:48.840785
44.693857,1031,4792,13:09:48.840785
44.695748,4053,5120,13:09:48.840785
44.697604,4300,4939,13:09:48.840785
44.699465,3967,5120,13:09:48.840785
44.701321,3978,4738,13:09:48.840785
44.703177,4005,4908,13:09:48.840785
44.705036,4159,4849,13:09:48.856341
44.706906,4448,5155,13:09:48.856341
44.708766,4236,4846,13:09:48.856341
44.710677,3830,4894,13:09:48.856341
44.712575,3971,4787,13:09:48.856341
44.714433,4013,5124,13:09:48.856341
44.71629,3920,4842,13:09:48.856341
44.718146,4364,4864,13:09:48.856341
44.720002,4253,4898,13:09:48.856341
44.721866,4028,4947,13:09:48.856341
44.723723,3971,4857,13:09:48.856341
44.725579,4123,5030,13:09:48.856341
44.727438,4288,5098,13:09:48.856341
44.729294,4287,4984,13:09:48.856341
44.731151,4337,5017,13:09:48.856341
44.733009,3765,5132,13:09:48.856341
44.734867,3557,5304,13:09:48.856341
44.736726,4084,4834,13:09:48.856341
44.738582,3360,5056,13:09:48.856341
44.740444,3562,5117,13:09:48.856341
44.742301,3361,4956,13:09:48.856341
44.744164,3961,5180,13:09:48.856341
44.746026,4061,4949,13:09:48.856341
44.747884,4194,5121,13:09:48.856341
44.749778,3969,4916,13:09:48.856341
44.751634,4196,4883,13:09:48.856341
44.753501,4095,4739,13:09:48.856341
44.755357,3980,4932,13:09:48.908789
44.757222,4237,4929,13:09:48.908789
44.759082,3803,4950,13:09:48.908789
44.760984,3883,5043,13:09:48.908789
44.762841,4095,5019,13:09:48.908789
44.764699,4311,5106,13:09:48.908789
44.766555,4249,5041,13:09:48.908789
44.768416,4127,5020,13:09:48.908789
44.770272,4301,5026,13:09:48.908789
44.772128,3976,5132,13:09:48.908789
44.773987,4168,4911,13:09:48.908789
44.775845,4233,4900,13:09:48.908789
44.777704,4177,4879,13:09:48.908789
44.77956,4293,5048,13:09:48.908789
44.781416,4336,5091,13:09:48.908789
44.783273,4271,4892,13:09:48.908789
44.785136,4023,5153,13:09:48.908789
44.786993,3868,4828,13:09:48.908789
44.78885,4352,4975,13:09:48.908789
44.790708,4069,4813,13:09:48.908789
44.792565,4143,4773,13:09:48.908789
44.794421,3882,4960,13:09:48.908789
44.796277,4310,5066,13:09:48.908789
44.798134,4104,4992,13:09:48.908789
44.79999,4225,4843,13:09:48.908789
44.801846,4231,5210,13:09:48.908789
44.803707,4090,4858,13:09:48.908789
44.805571,3996,5141,13:09:48.956557
44.807445,3957,4905,13:09:48.956557
44.809304,4120,5018,13:09:48.956557
44.81123,4280,5235,13:09:48.956557
44.813095,4074,5095,13:09:48.956557
44.814957,4045,4965,13:09:48.956557
44.816813,4048,4767,13:09:48.956557
44.818671,4386,4952,13:09:48.956557
44.820528,3804,4880,13:09:48.956557
44.822384,4074,5132,13:09:48.956557
44.824243,4141,4960,13:09:48.956557
44.826104,4091,4939,13:09:48.956557
44.827963,3994,4885,13:09:48.956557
44.82982,4387,4770,13:09:48.956557
44.831686,4021,5141,13:09:48.956557
44.833542,4045,4976,13:09:48.956557
44.835399,3999,4859,13:09:48.956557
44.837257,4519,4970,13:09:48.956557
44.839113,4180,4911,13:09:48.956557
44.84097,4164,4956,13:09:48.956557
44.842828,4047,4981,13:09:48.956557
44.844685,4239,4991,13:09:48.956557
44.846541,3988,5142,13:09:48.956557
44.848406,3716,4961,13:09:48.956557
44.850264,4067,4970,13:09:48.956557
44.852122,4067,5059,13:09:48.956557
44.854016,3964,4899,13:09:48.956557
44.855879,4451,5188,13:09:49.006109
44.857739,4344,5165,13:09:49.006109
44.859601,4076,5034,13:09:49.006109
44.861508,4067,4946,13:09:49.006109
44.863364,3789,5121,13:09:49.006109
44.865222,4287,5060,13:09:49.006109
44.867079,4182,5125,13:09:49.006109
44.868937,4118,5014,13:09:49.007101
44.870795,3887,5075,13:09:49.007101
44.872654,4238,4867,13:09:49.007101
44.87451,4181,4940,13:09:49.007101
44.876367,4465,5084,13:09:49.007101
44.878229,4115,5043,13:09:49.007101
44.880085,4083,4861,13:09:49.007101
44.881944,4357,5049,13:09:49.007101
44.883804,3659,5124,13:09:49.007101
44.88566,3959,5323,13:09:49.007101
44.887519,4222,4965,13:09:49.007101
44.889377,3952,5039,13:09:49.007101
44.891236,4262,4960,13:09:49.007101
44.893092,4272,5167,13:09:49.007101
44.894956,4296,5115,13:09:49.007101
44.896813,4381,5000,13:09:49.007101
44.898669,4083,5103,13:09:49.007101
44.900528,4132,5008,13:09:49.007101
44.902384,4085,5272,13:09:49.007101
44.90424,4247,4819,13:09:49.007101
44.906101,3978,4911,13:09:49.057104
44.907961,4323,4825,13:09:49.057104
44.909833,3975,4944,13:09:49.057104
44.911738,4074,5081,13:09:49.057104
44.913604,4306,5172,13:09:49.057104
44.91546,4133,5059,13:09:49.057104
44.917317,4122,4918,13:09:49.057104
44.919175,4076,5232,13:09:49.057104
44.921031,4066,5069,13:09:49.057104
44.922888,4309,4900,13:09:49.057104
44.924744,4101,5107,13:09:49.057104
44.926601,4356,5160,13:09:49.057104
44.928457,4325,4964,13:09:49.057104
44.930314,3839,4839,13:09:49.057104
44.932174,4172,5130,13:09:49.057104
44.93403,3682,4751,13:09:49.057104
44.935889,4115,4940,13:09:49.057104
44.937745,4248,4809,13:09:49.057104
44.939601,4134,5228,13:09:49.057104
44.94146,4210,4900,13:09:49.057104
44.94332,4105,4972,13:09:49.057104
44.945184,4032,4916,13:09:49.057104
44.947041,4183,5185,13:09:49.057104
44.948905,4174,5102,13:09:49.057104
44.950764,4320,5286,13:09:49.057104
44.952622,3965,5167,13:09:49.057104
44.954484,3967,5058,13:09:49.057104
44.956349,4203,4964,13:09:49.107458
44.958209,4010,4894,13:09:49.107458
44.960087,3947,4999,13:09:49.107458
44.961968,4251,4886,13:09:49.107458
44.963826,4094,5014,13:09:49.107458
44.965682,4066,4797,13:09:49.107458
44.967543,3993,5060,13:09:49.107458
44.969399,3972,5000,13:09:49.107458
44.971256,4216,5125,13:09:49.107458
44.973114,4037,5076,13:09:49.107458
44.97497,4162,4944,13:09:49.107458
44.976829,4312,4742,13:09:49.107458
44.978685,4289,5042,13:09:49.107458
44.980545,4230,5094,13:09:49.107458
44.982404,4283,5174,13:09:49.107458
44.98427,4299,4938,13:09:49.107458
44.986126,4187,5083,13:09:49.107458
44.987983,4444,5093,13:09:49.107458
44.989841,3739,5062,13:09:49.107458
44.991698,4365,4811,13:09:49.107458
44.993554,4151,5073,13:09:49.107458
44.995412,4467,4945,13:09:49.107458
44.997269,4132,5095,13:09:49.107458
44.999127,4022,5006,13:09:49.107458
45.000984,4051,4987,13:09:49.107458
45.002848,4275,4850,13:09:49.107458
45.004704,3928,4711,13:09:49.158840
45.006579,4043,5040,13:09:49.158840
45.008444,3563,5111,13:09:49.158840
45.010337,4240,5000,13:09:49.158840
45.012229,4148,5199,13:09:49.158840
45.01409,4344,4979,13:09:49.158840
45.015946,4177,5176,13:09:49.158840
45.017805,4053,4851,13:09:49.158840
45.019661,3946,5060,13:09:49.158840
45.021517,4008,4939,13:09:49.158840
45.023378,4012,5043,13:09:49.158840
45.025238,4139,5270,13:09:49.158840
45.027096,4182,5035,13:09:49.158840
45.028953,4026,4932,13:09:49.158840
45.030819,4276,5066,13:09:49.158840
45.032675,4525,5002,13:09:49.158840
45.034532,4372,5179,13:09:49.158840
45.03639,4356,5148,13:09:49.158840
45.038247,4240,4835,13:09:49.158840
45.040105,4107,5073,13:09:49.158840
45.041961,4170,4779,13:09:49.158840
45.043818,3910,4927,13:09:49.158840
45.045676,4185,4804,13:09:49.158840
45.04754,4020,4887,13:09:49.158840
45.049397,3986,5052,13:09:49.158840
45.051253,4131,5043,13:09:49.158840
45.053112,3996,4982,13:09:49.158840
45.054968,4084,5109,13:09:49.206516
45.056844,3943,4842,13:09:49.206516
45.058705,4191,5310,13:09:49.206516
45.060595,4053,5058,13:09:49.206516
45.062477,4124,5095,13:09:49.206516
45.064336,3966,4768,13:09:49.206516
45.066197,3884,4929,13:09:49.206516
45.068056,4116,5108,13:09:49.206516
45.069913,4306,5042,13:09:49.206516
45.071779,4235,5046,13:09:49.206516
45.073635,3939,4885,13:09:49.206516
45.075492,4169,5021,13:09:49.206516
45.07735,3939,4917,13:09:49.206516
45.079207,4161,4951,13:09:49.206516
45.081063,3888,4833,13:09:49.206516
45.082919,4270,5004,13:09:49.206516
45.084776,4187,4942,13:09:49.207522
45.086632,4114,5063,13:09:49.207522
45.088489,4166,4865,13:09:49.207522
45.090349,4086,5354,13:09:49.207522
45.092205,3932,5165,13:09:49.207522
45.094064,4214,5236,13:09:49.207522
45.09592,4132,5080,13:09:49.207522
45.097776,4067,5096,13:09:49.207522
45.099635,4030,4929,13:09:49.207522
45.101495,3956,5048,13:09:49.207522
45.103353,3944,5232,13:09:49.207522
45.10521,4144,5007,13:09:49.256529
45.107076,4144,5148,13:09:49.256529
45.108937,4292,5079,13:09:49.256529
45.110837,3798,4860,13:09:49.256529
45.112703,4280,4887,13:09:49.256529
45.114559,3954,4887,13:09:49.256529
45.116416,4262,5129,13:09:49.256529
45.118272,4062,4954,13:09:49.256529
45.120134,4390,5196,13:09:49.256529
45.121991,4164,4824,13:09:49.257542
45.123847,4055,5157,13:09:49.257542
45.125706,4192,4832,13:09:49.257542
45.127562,3942,4924,13:09:49.257542
45.129419,4262,5025,13:09:49.257542
45.131275,4087,5015,13:09:49.257542
45.133131,3941,5004,13:09:49.257542
45.134988,4150,4985,13:09:49.257542
45.136846,4062,5149,13:09:49.257542
45.138704,4015,5182,13:09:49.257542
45.140561,4216,5032,13:09:49.257542
45.142417,4041,5175,13:09:49.257542
45.144276,4170,4860,13:09:49.257542
45.146132,4147,5008,13:09:49.257542
45.14799,4290,4982,13:09:49.257542
45.149859,4220,4919,13:09:49.257542
45.151715,4244,5043,13:09:49.257542
45.153573,4077,5365,13:09:49.257542
45.155432,4046,4940,13:09:49.306561
45.157296,4108,4987,13:09:49.306561
45.159156,4229,5128,13:09:49.306561
45.161059,3901,4932,13:09:49.306561
45.162917,4324,4812,13:09:49.306561
45.164773,4319,4916,13:09:49.306561
45.166632,4101,5001,13:09:49.306561
45.168488,4017,4879,13:09:49.306561
45.170346,4081,5090,13:09:49.306561
45.172203,4087,5234,13:09:49.306561
45.174059,4049,4988,13:09:49.306561
45.175918,4390,5038,13:09:49.306561
45.177774,4136,4756,13:09:49.306561
45.179632,4105,5020,13:09:49.306561
45.181489,4215,4956,13:09:49.306561
45.183345,4140,5083,13:09:49.306561
45.185203,3830,5019,13:09:49.306561
45.187067,4175,4992,13:09:49.306561
45.188924,4194,5001,13:09:49.307569
45.190782,3996,5091,13:09:49.307569
45.192641,4074,5007,13:09:49.307569
45.194497,4180,5256,13:09:49.307569
45.196354,4127,5071,13:09:49.307569
45.198212,4119,4856,13:09:49.307569
45.200068,4080,5205,13:09:49.307569
45.201927,4115,4966,13:09:49.307569
45.203785,4082,5034,13:09:49.307569
45.205649,4096,5070,13:09:49.359687
45.207512,4015,5139,13:09:49.359687
45.209373,4168,5093,13:09:49.359687
45.211324,3929,5088,13:09:49.359687
45.213188,4208,5165,13:09:49.359687
45.215048,4099,4981,13:09:49.360599
45.216907,4415,5015,13:09:49.360599
45.218764,4073,5020,13:09:49.360599
45.22063,4331,4977,13:09:49.360599
45.222486,4299,4998,13:09:49.360599
45.224343,4196,4959,13:09:49.360599
45.226201,4022,5154,13:09:49.360599
45.228057,4131,4897,13:09:49.360599
45.229914,4012,5143,13:09:49.360599
45.231772,3967,5073,13:09:49.360599
45.233628,3975,5017,13:09:49.360599
45.235485,3983,5000,13:09:49.360599
45.23735,4239,5146,13:09:49.360599
45.23921,4161,4971,13:09:49.360599
45.241066,4276,5150,13:09:49.360599
45.242924,4441,4990,13:09:49.360599
45.244783,3993,4943,13:09:49.360599
45.246639,4062,5141,13:09:49.360599
45.248497,4064,5051,13:09:49.360599
45.250354,4090,4968,13:09:49.360599
45.252212,4174,5169,13:09:49.360599
45.254069,4058,4982,13:09:49.360599
45.255931,4167,5221,13:09:49.407618
45.257795,4196,4935,13:09:49.407618
45.259701,4026,4923,13:09:49.407618
45.261625,3683,5193,13:09:49.407618
45.26349,4110,5140,13:09:49.407618
45.265346,4189,5208,13:09:49.407618
45.267205,4180,5034,13:09:49.407618
45.269061,4147,5046,13:09:49.407618
45.270921,4082,5205,13:09:49.407618
45.272778,4136,5098,13:09:49.407618
45.274634,4305,4983,13:09:49.407618
45.276497,4592,5210,13:09:49.407618
45.278353,4181,5082,13:09:49.407618
45.280211,4207,5128,13:09:49.407618
45.282068,3974,5244,13:09:49.407618
45.283924,4396,4996,13:09:49.407618
45.285782,4043,5031,13:09:49.407618
45.287642,4399,5009,13:09:49.407618
45.289499,4255,5181,13:09:49.407618
45.291356,4190,5064,13:09:49.407618
45.293218,4132,5118,13:09:49.407618
45.295074,4361,5315,13:09:49.407618
45.296931,4028,4873,13:09:49.407618
45.298789,3965,5225,13:09:49.407618
45.300646,4292,5061,13:09:49.407618
45.302504,4278,5390,13:09:49.407618
45.30436,4217,5195,13:09:49.407618
45.306235,4276,5216,13:09:49.458754
45.308095,4232,5021,13:09:49.458754
45.309971,4315,5349,13:09:49.458754
45.311857,3584,5076,13:09:49.458754
45.313734,4251,5054,13:09:49.458754
45.315592,4316,4832,13:09:49.458754
45.317455,4258,5196,13:09:49.458754
45.319311,4060,5300,13:09:49.458754
45.321169,4412,5079,13:09:49.458754
45.323026,4054,4987,13:09:49.458754
45.324882,4108,5226,13:09:49.458754
45.326741,4271,5212,13:09:49.458754
45.328601,4449,5098,13:09:49.458754
45.330459,4317,5153,13:09:49.458754
45.332316,4068,5141,13:09:49.458754
45.334182,4067,5200,13:09:49.458754
45.336038,4159,5144,13:09:49.458754
45.337895,4025,4981,13:09:49.458754
45.339753,4283,4940,13:09:49.458754
45.34161,4249,5032,13:09:49.458754
45.343468,4275,4879,13:09:49.458754
45.345324,4178,5106,13:09:49.458754
45.347181,4333,5152,13:09:49.458754
45.349039,4108,4901,13:09:49.458754
45.350903,4172,5105,13:09:49.458754
45.35276,4390,5360,13:09:49.458754
45.354624,4302,5181,13:09:49.505950
45.356493,4350,5351,13:09:49.505950
45.358353,4227,5003,13:09:49.505950
45.360271,4128,5185,13:09:49.505950
45.362137,4278,5139,13:09:49.505950
45.363998,3905,5215,13:09:49.505950
45.365856,4191,5138,13:09:49.505950
45.367717,4157,4993,13:09:49.505950
45.369573,4367,5387,13:09:49.505950
45.371431,4105,5133,13:09:49.505950
45.373288,4216,5320,13:09:49.506938
45.37515,4374,5224,13:09:49.506938
45.377008,4235,5116,13:09:49.506938
45.378875,4221,5297,13:09:49.506938
45.380731,4158,4925,13:09:49.506938
45.382588,4196,5219,13:09:49.506938
45.384449,4315,5442,13:09:49.506938
45.386306,4324,5310,13:09:49.506938
45.388163,4450,5034,13:09:49.506938
45.390021,4247,5066,13:09:49.506938
45.391878,4317,5237,13:09:49.506938
45.393736,4054,5277,13:09:49.506938
45.395592,4250,5498,13:09:49.506938
45.397453,4306,5247,13:09:49.506938
45.399309,4295,5035,13:09:49.506938
45.401166,4187,5063,13:09:49.506938
45.403024,4289,5109,13:09:49.506938
45.40488,4379,5175,13:09:49.561534
45.406755,4240,5193,13:09:49.561534
45.408615,4219,4958,13:09:49.561534
45.410525,4358,5190,13:09:49.561534
45.412409,4066,5314,13:09:49.562551
45.414266,4505,5526,13:09:49.562551
45.416122,4280,5093,13:09:49.562551
45.41798,4289,5186,13:09:49.562551
45.419843,4318,4920,13:09:49.562551
45.421701,4483,5014,13:09:49.562551
45.423558,4423,4954,13:09:49.562551
45.425418,4305,5070,13:09:49.562551
45.427274,4347,5175,13:09:49.562551
45.429131,4353,5270,13:09:49.562551
45.430989,4219,5299,13:09:49.562551
45.432845,4279,5231,13:09:49.562551
45.434704,4115,5209,13:09:49.562551
45.43656,4206,5061,13:09:49.562551
45.438421,4313,5333,13:09:49.562551
45.440279,3809,4961,13:09:49.562551
45.442145,4122,4971,13:09:49.562551
45.444002,4156,5084,13:09:49.562551
45.445858,4375,5231,13:09:49.562551
45.447716,4377,5319,13:09:49.562551
45.449573,4221,5362,13:09:49.562551
45.451429,4091,5095,13:09:49.562551
45.453288,4490,5027,13:09:49.562551
45.455144,4123,5125,13:09:49.608326
45.457014,4481,5205,13:09:49.608326
45.458885,4186,5242,13:09:49.608326
45.460793,4359,5401,13:09:49.608326
45.46266,4294,5162,13:09:49.608326
45.464518,4319,5285,13:09:49.608326
45.466382,3952,5079,13:09:49.608326
45.46824,4107,5213,13:09:49.608326
45.470097,4323,5266,13:09:49.608326
45.471955,4354,5065,13:09:49.608326
45.473811,4239,5310,13:09:49.608326
45.475668,4373,5125,13:09:49.608326
45.477524,4210,5329,13:09:49.608326
45.479381,4421,5359,13:09:49.608326
45.481237,4215,5235,13:09:49.608326
45.483094,4284,5050,13:09:49.608326
45.484956,4332,4974,13:09:49.608326
45.486812,4202,5002,13:09:49.608326
45.48867,4285,5082,13:09:49.608326
45.490527,4279,5061,13:09:49.608326
45.492383,4214,5135,13:09:49.608326
45.494242,4217,5101,13:09:49.608326
45.4961,4230,5290,13:09:49.608326
45.497958,4107,5371,13:09:49.608326
45.499815,4386,5423,13:09:49.608326
45.501675,4148,5287,13:09:49.608326
45.503531,4113,5035,13:09:49.608326
45.505388,4364,5300,13:09:49.656673
45.507264,4297,5294,13:09:49.656673
45.509126,4091,4890,13:09:49.656673
45.511026,4267,5426,13:09:49.656673
45.512913,4381,4938,13:09:49.656673
45.514771,4070,5442,13:09:49.656673
45.51663,4187,5148,13:09:49.656673
45.518486,4320,5225,13:09:49.656673
45.520342,4239,5083,13:09:49.656673
45.522201,4069,5029,13:09:49.656673
45.524063,4177,5040,13:09:49.656673
45.52592,4172,5214,13:09:49.656673
45.527776,4013,5208,13:09:49.656673
45.529634,4265,5161,13:09:49.656673
45.531491,4260,5263,13:09:49.656673
45.533347,4091,5066,13:09:49.656673
45.535205,4295,5392,13:09:49.656673
45.537062,4291,5105,13:09:49.656673
45.53892,4394,5073,13:09:49.656673
45.540777,4138,5053,13:09:49.656673
45.542641,3898,5156,13:09:49.656673
45.544497,4322,5462,13:09:49.656673
45.546354,4298,5138,13:09:49.656673
45.548212,4034,5014,13:09:49.656673
45.550068,4100,5098,13:09:49.656673
45.551927,4171,5004,13:09:49.656673
45.553783,4154,5210,13:09:49.656673
45.555651,4324,5036,13:09:49.709705
45.557514,4143,5276,13:09:49.709705
45.559383,4055,5105,13:09:49.709705
45.561308,3936,4966,13:09:49.709705
45.563167,4322,5061,13:09:49.709705
45.565023,4191,5230,13:09:49.709705
45.566881,4088,5296,13:09:49.709705
45.568738,4350,4970,13:09:49.709705
45.570596,4148,5304,13:09:49.709705
45.572453,3993,5162,13:09:49.709705
45.574309,4068,5057,13:09:49.709705
45.576167,3972,5302,13:09:49.709705
45.578024,4083,5212,13:09:49.709705
45.579882,4307,5397,13:09:49.709705
45.581738,4073,5035,13:09:49.709705
45.583599,3990,5250,13:09:49.709705
45.585455,4180,5432,13:09:49.709705
45.587312,4459,5170,13:09:49.709705
45.58917,4245,5323,13:09:49.709705
45.591026,3980,5146,13:09:49.709705
45.592885,4234,5092,13:09:49.709705
45.594741,4178,5130,13:09:49.709705
45.596597,4286,5274,13:09:49.709705
45.598454,3856,5339,13:09:49.709705
45.60032,3936,5192,13:09:49.709705
45.602177,4032,5289,13:09:49.709705
45.604033,4212,5296,13:09:49.709705
45.605897,3940,5269,13:09:49.766537
45.607762,3874,5251,13:09:49.766537
45.609624,4093,5333,13:09:49.766537
45.611518,3786,5323,13:09:49.766537
45.613408,3835,5354,13:09:49.766537
45.615275,4023,5115,13:09:49.766537
45.617133,4135,5343,13:09:49.766537
45.61899,4004,5128,13:09:49.766537
45.620848,4382,5283,13:09:49.766537
45.622704,4276,5242,13:09:49.766537
45.624561,4091,5372,13:09:49.766537
45.626417,3798,5108,13:09:49.766537
45.628274,4009,5321,13:09:49.766537
45.630132,4195,5398,13:09:49.766537
45.631988,4202,5189,13:09:49.766537
45.633847,4061,5180,13:09:49.766537
45.635703,3794,5050,13:09:49.766537
45.637559,4435,5356,13:09:49.766537
45.639416,4136,5341,13:09:49.766537
45.641279,4056,5293,13:09:49.766537
45.643139,3986,5197,13:09:49.766537
45.644995,4091,5154,13:09:49.766537
45.646853,3824,5399,13:09:49.766537
45.64871,3952,5193,13:09:49.766537
45.650566,4062,5178,13:09:49.766537
45.652424,3865,5126,13:09:49.766537
45.654281,4157,5514,13:09:49.766537
45.656149,4135,5428,13:09:49.813799
45.658008,4122,5256,13:09:49.813799
45.659878,4016,5488,13:09:49.813799
45.661771,4064,5339,13:09:49.813799
45.663643,3942,5171,13:09:49.813799
45.665517,3834,5282,13:09:49.813799
45.667374,4072,5424,13:09:49.813799
45.669238,3868,5255,13:09:49.813799
45.67111,3704,5188,13:09:49.813799
45.672966,3993,5319,13:09:49.813799
45.674825,4125,5280,13:09:49.813799
45.676681,3754,5403,13:09:49.813799
45.678537,4033,5380,13:09:49.813799
45.680396,4112,5386,13:09:49.813799
45.682252,4044,5208,13:09:49.813799
45.684111,3930,5266,13:09:49.813799
45.685967,3912,5283,13:09:49.813799
45.687829,3736,5072,13:09:49.813799
45.689686,4003,5038,13:09:49.813799
45.691542,4139,5247,13:09:49.813799
45.6934,4066,5235,13:09:49.813799
45.695257,4280,5281,13:09:49.813799
45.697115,4019,5314,13:09:49.813799
45.698972,4118,5308,13:09:49.813799
45.700828,3925,4989,13:09:49.813799
45.702686,3896,5248,13:09:49.813799
45.704549,4266,5353,13:09:49.862753
45.706411,4246,5051,13:09:49.862753
45.708271,4219,5295,13:09:49.862753
45.710163,3908,5181,13:09:49.862753
45.712042,3767,5391,13:09:49.862753
45.713898,3692,5172,13:09:49.862753
45.715757,4068,5184,13:09:49.862753
45.717643,4178,5179,13:09:49.862753
45.719503,4158,5338,13:09:49.862753
45.721364,3898,5191,13:09:49.862753
45.72322,3816,5328,13:09:49.862753
45.725078,4167,5271,13:09:49.862753
45.726935,4025,5429,13:09:49.862753
45.728797,4022,5498,13:09:49.862753
45.730655,3892,5244,13:09:49.862753
45.732521,3859,5210,13:09:49.862753
45.734378,4021,5193,13:09:49.862753
45.736235,4198,5219,13:09:49.862753
45.738093,3877,5248,13:09:49.862753
45.739949,4253,5318,13:09:49.862753
45.741806,3795,5194,13:09:49.862753
45.743662,4173,5476,13:09:49.862753
45.745518,4117,5192,13:09:49.862753
45.747379,4009,5247,13:09:49.862753
45.749235,3935,5313,13:09:49.862753
45.7511,3731,5372,13:09:49.862753
45.752956,3975,5388,13:09:49.862753
45.754812,4080,5277,13:09:49.914492
45.756685,3968,5285,13:09:49.914492
45.758545,3986,5435,13:09:49.914492
45.760449,4017,4995,13:09:49.914492
45.762313,3833,5321,13:09:49.914492
45.764172,4083,5253,13:09:49.914492
45.76603,3822,5251,13:09:49.914492
45.767891,3787,5296,13:09:49.914492
45.769747,4091,5244,13:09:49.914492
45.771603,4189,5215,13:09:49.914492
45.77346,3971,5207,13:09:49.914492
45.775318,3992,5457,13:09:49.914492
45.777174,3879,5538,13:09:49.914492
45.779033,3990,5262,13:09:49.914492
45.780889,4045,5434,13:09:49.914492
45.782746,4127,5266,13:09:49.914492
45.784604,4112,5298,13:09:49.914492
45.78646,3665,5242,13:09:49.914492
45.788323,4038,5258,13:09:49.914492
45.790179,3869,5138,13:09:49.914492
45.792037,3982,5449,13:09:49.914492
45.793894,3783,5176,13:09:49.914492
45.79575,4138,5061,13:09:49.914492
45.797609,3828,5328,13:09:49.914492
45.79947,3953,5291,13:09:49.914492
45.801329,4073,5406,13:09:49.914492
45.803186,4140,5361,13:09:49.914492
45.805044,4179,5401,13:09:49.966210
45.80693,4060,5462,13:09:49.966210
45.808793,4014,5264,13:09:49.966210
45.81068,4204,5195,13:09:49.966210
45.812583,3862,5259,13:09:49.966210
45.81444,4129,5436,13:09:49.966210
45.816296,3671,5412,13:09:49.966210
45.818172,2509,5210,13:09:49.966210
45.82006,3927,5283,13:09:49.966210
45.821917,4144,5426,13:09:49.966210
45.823773,4218,5245,13:09:49.966210
45.82563,3791,5394,13:09:49.966210
45.827486,4007,5400,13:09:49.966210
45.829348,4046,5185,13:09:49.966210
45.831205,4277,5584,13:09:49.966210
45.833061,4120,5382,13:09:49.966210
45.834921,4039,5408,13:09:49.966210
45.836778,3984,5470,13:09:49.966210
45.838634,4132,5415,13:09:49.966210
45.840491,4237,5283,13:09:49.966210
45.842349,4308,5216,13:09:49.966210
45.844207,3952,5350,13:09:49.966210
45.846064,3941,5603,13:09:49.966210
45.847924,4044,5371,13:09:49.966210
45.849782,4024,5444,13:09:49.966210
45.851641,3942,5285,13:09:49.966210
45.853497,4213,5189,13:09:49.966210
45.855354,4319,5244,13:09:50.017157
45.85722,3933,5352,13:09:50.017157
45.85908,4065,5457,13:09:50.017157
45.860998,3659,5333,13:09:50.017157
45.862855,4365,5235,13:09:50.017157
45.864712,4052,5285,13:09:50.017157
45.866575,3900,5356,13:09:50.017157
45.868434,4062,5336,13:09:50.017157
45.870292,746,5289,13:09:50.017157
45.872151,4260,5278,13:09:50.017157
45.874009,4098,5355,13:09:50.017157
45.875867,4213,5446,13:09:50.017157
45.877724,3769,5088,13:09:50.017157
45.879582,4285,5346,13:09:50.017157
45.881439,4132,5323,13:09:50.017157
45.883299,4039,5511,13:09:50.017157
45.885155,3891,5329,13:09:50.017157
45.887012,4393,5619,13:09:50.017157
45.888874,3966,5296,13:09:50.017157
45.89073,3958,5339,13:09:50.017157
45.892589,4144,5180,13:09:50.017157
45.894444,4009,5366,13:09:50.017157
45.896302,4153,5448,13:09:50.017157
45.89816,4352,5336,13:09:50.017157
45.90002,4174,5308,13:09:50.017157
45.901877,3924,5238,13:09:50.017157
45.903733,4136,5434,13:09:50.017157
45.905595,4195,5205,13:09:50.069276
45.907468,3999,5069,13:09:50.069276
45.90933,3873,5497,13:09:50.069276
45.911234,3510,5392,13:09:50.069276
45.913091,4056,5458,13:09:50.069276
45.914947,4119,5280,13:09:50.069276
45.916805,4145,5475,13:09:50.069276
45.918668,3653,5295,13:09:50.069276
45.920524,1999,5533,13:09:50.069276
45.922428,4076,5640,13:09:50.069276
45.924287,4180,5580,13:09:50.069276
45.926143,4355,5481,13:09:50.069276
45.928001,4257,5295,13:09:50.069276
45.92986,4142,5200,13:09:50.069276
45.931716,4121,5261,13:09:50.069276
45.933582,4253,5298,13:09:50.069276
45.935439,4123,5495,13:09:50.069276
45.937295,4196,5293,13:09:50.069276
45.939154,3973,5225,13:09:50.069276
45.94101,4170,5405,13:09:50.069276
45.942868,4259,5390,13:09:50.069276
45.944725,4062,5384,13:09:50.069276
45.946581,4314,5306,13:09:50.069276
45.948438,4074,5162,13:09:50.069276
45.950303,4239,5151,13:09:50.069276
45.95216,3952,5364,13:09:50.069276
45.954017,4221,5549,13:09:50.069276
45.955881,4292,5485,13:09:50.121413
45.957741,4292,5250,13:09:50.121413
45.959605,4312,5512,13:09:50.121413
45.961504,3879,5151,13:09:50.121413
45.96336,3991,5435,13:09:50.121413
45.965221,3902,5523,13:09:50.121413
45.967077,4355,5013,13:09:50.121413
45.968939,3411,5326,13:09:50.121413
45.970798,3302,5257,13:09:50.121413
45.972654,3369,5412,13:09:50.121413
45.974514,4096,5316,13:09:50.121413
45.976371,4263,5644,13:09:50.121413
45.978227,4102,5523,13:09:50.121413
45.980086,4099,5399,13:09:50.121413
45.981947,4262,5333,13:09:50.121413
45.983806,3941,5328,13:09:50.121413
45.985675,4289,5238,13:09:50.121413
45.987537,4516,5394,13:09:50.121413
45.989395,4127,5362,13:09:50.121413
45.991252,4174,5216,13:09:50.121413
45.993112,4144,5224,13:09:50.121413
45.994968,4231,5529,13:09:50.121413
45.996827,4329,5187,13:09:50.121413
45.998683,4103,5197,13:09:50.121413
46.00054,4096,5212,13:09:50.121413
46.002398,4387,5347,13:09:50.121413
46.004258,4171,5253,13:09:50.121413
46.006129,4250,5274,13:09:50.174008
46.007989,4271,5472,13:09:50.174008
46.009867,4163,4963,13:09:50.174008
46.01176,4130,5528,13:09:50.174008
46.013616,3980,5420,13:09:50.174008
46.015474,4018,5411,13:09:50.174008
46.017331,3995,5287,13:09:50.174008
46.019187,4379,5488,13:09:50.174008
46.021045,3958,5173,13:09:50.174008
46.022919,3052,5317,13:09:50.174008
46.024786,1635,5677,13:09:50.174008
46.026652,4316,5112,13:09:50.174008
46.028509,4166,5235,13:09:50.174008
46.030365,4025,5305,13:09:50.174008
46.032222,4207,5390,13:09:50.174008
46.03408,4434,5389,13:09:50.174008
46.035936,4344,5269,13:09:50.174008
46.037803,4350,5401,13:09:50.174008
46.039659,4202,5363,13:09:50.174008
46.041515,4091,5368,13:09:50.174008
46.043378,4498,5277,13:09:50.174008
46.045234,4201,5269,13:09:50.174008
46.047092,4091,5350,13:09:50.174008
46.048949,4274,5330,13:09:50.174008
46.050807,4276,5379,13:09:50.174008
46.052665,4239,5375,13:09:50.174008
46.054522,4186,5067,13:09:50.223979
46.056394,4127,5225,13:09:50.223979
46.058255,4296,5349,13:09:50.223979
46.06013,4316,5240,13:09:50.223979
46.062003,4226,5285,13:09:50.223979
46.063865,4340,5382,13:09:50.223979
46.065724,4176,5260,13:09:50.223979
46.06758,3881,5292,13:09:50.223979
46.069449,3442,5155,13:09:50.223979
46.071317,3626,5112,13:09:50.223979
46.07318,3405,5663,13:09:50.223979
46.075071,4100,5332,13:09:50.224979
46.076932,4446,5375,13:09:50.224979
46.078794,4455,5067,13:09:50.224979
46.080653,4318,5294,13:09:50.224979
46.082513,4182,5063,13:09:50.224979
46.084371,4367,5310,13:09:50.224979
46.086228,4448,5229,13:09:50.224979
46.088088,4244,5226,13:09:50.224979
46.089944,4253,5293,13:09:50.224979
46.091803,4333,5244,13:09:50.224979
46.093661,4146,5269,13:09:50.224979
46.095518,4378,5409,13:09:50.224979
46.097378,4038,5332,13:09:50.224979
46.099234,4274,5080,13:09:50.224979
46.101091,4372,5347,13:09:50.224979
46.102949,4300,5391,13:09:50.224979
46.104806,4174,5181,13:09:50.280478
46.106672,4217,5393,13:09:50.280478
46.108532,4468,5385,13:09:50.280478
46.110435,4135,5439,13:09:50.280478
46.112297,4118,5289,13:09:50.280478
46.114155,4347,5213,13:09:50.280478
46.116011,4301,4997,13:09:50.280478
46.11787,4074,5297,13:09:50.280478
46.11973,4210,5075,13:09:50.280478
46.121586,3381,5456,13:09:50.280478
46.123445,4216,5298,13:09:50.280478
46.125303,4580,5450,13:09:50.280478
46.127162,4526,5443,13:09:50.280478
46.129024,3758,5359,13:09:50.280478
46.13088,4209,5205,13:09:50.280478
46.132737,4347,5153,13:09:50.280478
46.134595,4541,5032,13:09:50.281485
46.136452,4279,5139,13:09:50.281485
46.13831,4313,5390,13:09:50.281485
46.140166,4459,5325,13:09:50.281485
46.142024,4518,5225,13:09:50.281485
46.143881,4246,5075,13:09:50.281485
46.145737,4352,5252,13:09:50.281485
46.147596,4225,4861,13:09:50.281485
46.149453,4367,5298,13:09:50.281485
46.151312,4230,5618,13:09:50.281485
46.153169,4306,5353,13:09:50.282483
46.155027,4315,5249,13:09:50.324352
46.156903,4608,5435,13:09:50.324352
46.158769,4332,5401,13:09:50.324352
46.160656,4180,5342,13:09:50.324352
46.162514,4032,5090,13:09:50.324352
46.164371,4150,5339,13:09:50.324352
46.166229,4276,5181,13:09:50.324352
46.168086,4345,5152,13:09:50.324352
46.169944,3678,5331,13:09:50.324352
46.171804,3956,5209,13:09:50.324352
46.17367,4252,5365,13:09:50.324352
46.175529,3790,5284,13:09:50.324352
46.177419,4273,5154,13:09:50.324352
46.179275,4395,5186,13:09:50.324352
46.181132,4355,5324,13:09:50.324352
46.182994,4288,5451,13:09:50.324352
46.184858,1246,5406,13:09:50.324352
46.18672,4453,5331,13:09:50.324352
46.188581,4348,5164,13:09:50.324352
46.190438,4373,5171,13:09:50.324352
46.192296,4400,5293,13:09:50.324352
46.194152,4233,5292,13:09:50.324352
46.196009,4145,5048,13:09:50.324352
46.197869,4189,5353,13:09:50.324352
46.199729,4022,5044,13:09:50.324352
46.201588,4422,5175,13:09:50.324352
46.203444,4120,5208,13:09:50.324352
46.20531,4195,5416,13:09:50.375605
46.207177,4609,5050,13:09:50.375605
46.209037,4123,5018,13:09:50.375605
46.210961,3784,5129,13:09:50.375605
46.21282,4295,5397,13:09:50.375605
46.214676,4196,5311,13:09:50.375605
46.216534,3714,5190,13:09:50.375605
46.218391,4159,5085,13:09:50.375605
46.220249,4265,5240,13:09:50.375605
46.222107,3346,5292,13:09:50.375605
46.223968,3597,4967,13:09:50.375605
46.225824,4484,5101,13:09:50.375605
46.22768,3753,5223,13:09:50.375605
46.229585,4137,5173,13:09:50.375605
46.231449,4238,5293,13:09:50.375605
46.233307,4010,5518,13:09:50.375605
46.235166,4234,5001,13:09:50.375605
46.237025,4335,5167,13:09:50.375605
46.238884,4072,5145,13:09:50.375605
46.240741,4457,5166,13:09:50.375605
46.242601,4013,5085,13:09:50.375605
46.244458,4259,5118,13:09:50.375605
46.246314,4508,5254,13:09:50.375605
46.248174,4125,5413,13:09:50.375605
46.250031,4095,5158,13:09:50.375605
46.251887,4176,5158,13:09:50.375605
46.253743,4140,5160,13:09:50.375605
46.255608,4235,5230,13:09:50.429690
46.257468,4148,5013,13:09:50.429690
46.259332,4470,5150,13:09:50.429690
46.261257,3645,5248,13:09:50.429690
46.263113,3796,5331,13:09:50.429690
46.26497,4194,5456,13:09:50.429690
46.266828,3819,5152,13:09:50.429690
46.268684,3435,5059,13:09:50.429690
46.270542,3217,5222,13:09:50.429690
46.272399,3572,5248,13:09:50.429690
46.274257,3903,5365,13:09:50.429690
46.276123,4155,5330,13:09:50.429690
46.277985,3732,5111,13:09:50.429690
46.279845,556,5190,13:09:50.429690
46.281708,4336,4967,13:09:50.429690
46.283567,4123,5042,13:09:50.429690
46.285423,3988,5326,13:09:50.429690
46.28728,4435,5222,13:09:50.429690
46.289138,4073,5185,13:09:50.429690
46.290994,4302,5236,13:09:50.429690
46.292853,4222,5135,13:09:50.429690
46.294709,4151,5079,13:09:50.429690
46.296565,4188,5469,13:09:50.429690
46.298422,4192,5152,13:09:50.429690
46.300286,4008,5077,13:09:50.429690
46.302142,4128,5304,13:09:50.429690
46.303999,3881,5402,13:09:50.429690
46.305861,4106,5102,13:09:50.477113
46.307724,4102,5007,13:09:50.477113
46.309586,4304,5249,13:09:50.477113
46.311488,4093,5239,13:09:50.477113
46.313344,3889,5259,13:09:50.477113
46.315201,3866,5303,13:09:50.477113
46.317057,4087,5391,13:09:50.477113
46.318914,4095,5491,13:09:50.477113
46.320772,4143,5200,13:09:50.478113
46.322628,3885,5518,13:09:50.478113
46.324489,3972,5084,13:09:50.478113
46.326345,3877,5405,13:09:50.478113
46.328201,3612,5092,13:09:50.478113
46.330066,3823,5160,13:09:50.478113
46.33194,932,5371,13:09:50.478113
46.333806,4223,5241,13:09:50.478113
46.335663,4036,5257,13:09:50.478113
46.337521,4228,5010,13:09:50.478113
46.339377,4097,5399,13:09:50.478113
46.341234,4104,5194,13:09:50.478113
46.343096,4180,5275,13:09:50.478113
46.344953,4182,5022,13:09:50.478113
46.346811,4067,5226,13:09:50.478113
46.348667,4137,5113,13:09:50.478113
46.350524,4204,5029,13:09:50.478113
46.352382,4054,5091,13:09:50.478113
46.354241,4321,5364,13:09:50.478113
46.356109,4197,5334,13:09:50.529112
46.357969,3978,4923,13:09:50.529112
46.359841,4176,5436,13:09:50.529112
46.361732,4047,5112,13:09:50.529112
46.36359,4226,5219,13:09:50.529112
46.365449,4015,4986,13:09:50.529112
46.367307,3804,5255,13:09:50.529112
46.369163,4080,4995,13:09:50.529112
46.371021,4396,5280,13:09:50.529112
46.37288,4391,4971,13:09:50.529112
46.374736,4074,5050,13:09:50.529112
46.376593,4043,5269,13:09:50.529112
46.378455,2990,5248,13:09:50.529112
46.38032,3892,5389,13:09:50.529112
46.382205,3320,5208,13:09:50.529112
46.384062,3878,5310,13:09:50.529112
46.385942,4223,5235,13:09:50.529112
46.387804,4112,4990,13:09:50.529112
46.389661,4271,5331,13:09:50.529112
46.391518,4283,5555,13:09:50.529112
46.393379,4117,5303,13:09:50.529112
46.395236,4129,5088,13:09:50.530099
46.397096,4217,5156,13:09:50.530099
46.398953,3994,5008,13:09:50.530099
46.400809,4258,4997,13:09:50.530099
46.402667,3997,5174,13:09:50.530099
46.404524,4026,5383,13:09:50.580115
46.406394,4313,5125,13:09:50.580115
46.408254,4207,5066,13:09:50.580115
46.410126,4266,4987,13:09:50.580115
46.412019,3813,5140,13:09:50.580115
46.413875,4056,5156,13:09:50.580115
46.415734,4127,5220,13:09:50.580115
46.41759,4058,4933,13:09:50.580115
46.419449,3625,5250,13:09:50.580115
46.421307,3396,5112,13:09:50.580115
46.423164,2699,4986,13:09:50.580115
46.425021,3215,5343,13:09:50.580115
46.42688,3672,5117,13:09:50.580115
46.428736,3382,5031,13:09:50.580115
46.430593,3849,5345,13:09:50.580115
46.432478,3225,5319,13:09:50.580115
46.434351,2983,4912,13:09:50.580115
46.436207,4166,5320,13:09:50.581096
46.43807,4089,5186,13:09:50.581096
46.439926,4038,5298,13:09:50.581096
46.441785,4281,5159,13:09:50.581096
46.443643,4086,5038,13:09:50.581096
46.445499,4293,4905,13:09:50.581096
46.447358,4244,5223,13:09:50.581096
46.449214,4174,5352,13:09:50.581096
46.451074,4311,5049,13:09:50.581096
46.452931,4042,5148,13:09:50.581096
46.454788,3967,5292,13:09:50.632552
46.456658,4317,5179,13:09:50.632552
46.458518,4058,5115,13:09:50.632552
46.46043,4107,4911,13:09:50.632552
46.46229,4015,5155,13:09:50.632552
46.464151,3895,5258,13:09:50.632552
46.466011,4192,5152,13:09:50.632552
46.467869,4004,5156,13:09:50.632552
46.46973,4047,5357,13:09:50.632552
46.471586,3532,5162,13:09:50.632552
46.473443,4091,5397,13:09:50.632552
46.475303,4133,5126,13:09:50.632552
46.477159,3914,5127,13:09:50.632552
46.479018,3458,5080,13:09:50.632552
46.480884,3621,5383,13:09:50.632552
46.48274,4187,5052,13:09:50.632552
46.4846,861,5067,13:09:50.632552
46.486459,4251,5294,13:09:50.632552
46.488317,4054,5096,13:09:50.632552
46.490176,4210,5136,13:09:50.632552
46.492062,4236,5135,13:09:50.632552
46.49392,4251,5267,13:09:50.632552
46.495777,4073,5251,13:09:50.632552
46.497635,4708,5116,13:09:50.632552
46.499491,4234,4927,13:09:50.632552
46.501348,4342,5106,13:09:50.632552
46.503204,3924,5306,13:09:50.632552
46.505061,4192,5232,13:09:50.685659
46.506927,4162,5170,13:09:50.685659
46.508787,4498,5193,13:09:50.685659
46.510696,4002,5245,13:09:50.685659
46.512556,4111,4978,13:09:50.685659
46.514414,4461,4767,13:09:50.685659
46.516273,4124,5138,13:09:50.685659
46.518129,3968,5087,13:09:50.685659
46.519995,3380,5111,13:09:50.685659
46.521854,3547,5138,13:09:50.685659
46.52371,3862,5257,13:09:50.685659
46.525568,4101,5230,13:09:50.685659
46.527425,3414,5477,13:09:50.685659
46.529283,3424,5460,13:09:50.685659
46.53114,4181,5124,13:09:50.685659
46.532996,4266,5363,13:09:50.685659
46.534854,4373,5022,13:09:50.685659
46.536716,303,5133,13:09:50.685659
46.538573,4121,4989,13:09:50.685659
46.540429,4176,5316,13:09:50.685659
46.542288,4442,5002,13:09:50.685659
46.544144,4251,5149,13:09:50.685659
46.546001,4189,5108,13:09:50.685659
46.547857,4191,5368,13:09:50.685659
46.549713,4167,5370,13:09:50.685659
46.55157,4302,5263,13:09:50.685659
46.553426,4416,5172,13:09:50.685659
46.555288,4023,5346,13:09:50.736429
46.557159,4213,5300,13:09:50.736429
46.559019,4106,5285,13:09:50.736429
46.560919,3970,5177,13:09:50.736429
46.562778,4343,5282,13:09:50.736429
46.564634,4384,5082,13:09:50.736429
46.566492,4008,5182,13:09:50.736429
46.568351,4266,5321,13:09:50.736429
46.570207,4127,5080,13:09:50.736429
46.572063,4159,5368,13:09:50.736429
46.573922,4012,5304,13:09:50.736429
46.575778,4255,5185,13:09:50.736429
46.577637,3610,5239,13:09:50.736429
46.579495,3884,5122,13:09:50.736429
46.581351,4120,5226,13:09:50.736429
46.583214,4629,5420,13:09:50.737421
46.585075,4696,5162,13:09:50.737421
46.586946,2421,5616,13:09:50.737421
46.588813,5546,5594,13:09:50.737421
46.590671,5709,5638,13:09:50.737421
46.592529,5932,5674,13:09:50.737421
46.594386,6315,5839,13:09:50.737421
46.596252,6427,5633,13:09:50.737421
46.598108,6521,5766,13:09:50.737421
46.599965,6519,5933,13:09:50.737421
46.601825,6882,5905,13:09:50.737421
46.603682,6891,5698,13:09:50.737421
46.60554,7017,6050,13:09:50.791595
46.607402,7383,5969,13:09:50.791595
46.609263,7824,6236,13:09:50.791595
46.611171,7097,5875,13:09:50.791595
46.613027,7192,6339,13:09:50.791595
46.614886,7447,6248,13:09:50.791595
46.616744,7204,6051,13:09:50.791595
46.6186,7890,6267,13:09:50.791595
46.620461,8188,6373,13:09:50.791595
46.622317,7750,6331,13:09:50.791595
46.624175,8261,6440,13:09:50.791595
46.626032,8498,6250,13:09:50.791595
46.627892,8578,6367,13:09:50.791595
46.629749,8447,6454,13:09:50.791595
46.631608,8138,6440,13:09:50.791595
46.633469,8661,6508,13:09:50.791595
46.635326,8681,6496,13:09:50.791595
46.637184,8976,6556,13:09:50.791595
46.639046,6656,6227,13:09:50.791595
46.640925,8587,6326,13:09:50.791595
46.642783,8768,6432,13:09:50.791595
46.644639,8804,6517,13:09:50.791595
46.646496,8753,6335,13:09:50.791595
46.648352,8812,6504,13:09:50.791595
46.650209,8638,6261,13:09:50.791595
46.652065,8456,6427,13:09:50.791595
46.653922,8937,6621,13:09:50.791595
46.655792,8725,6627,13:09:50.836188
46.657652,8708,6230,13:09:50.836188
46.659516,8775,6612,13:09:50.836188
46.661423,8712,6680,13:09:50.836188
46.663279,8448,6272,13:09:50.836188
46.665137,8501,6639,13:09:50.836188
46.666994,8999,6362,13:09:50.836188
46.66885,8997,6586,13:09:50.836188
46.670706,8977,6645,13:09:50.836188
46.672562,7985,6516,13:09:50.836188
46.674419,9342,6465,13:09:50.836188
46.676282,8628,6576,13:09:50.836188
46.67814,8185,6737,13:09:50.836188
46.679996,8285,6306,13:09:50.836188
46.681855,8627,6751,13:09:50.836188
46.683711,8271,6853,13:09:50.837199
46.685569,8883,6748,13:09:50.837199
46.687432,8578,6535,13:09:50.837199
46.689288,8906,6440,13:09:50.837199
46.691151,8924,6707,13:09:50.837199
46.693007,8892,6599,13:09:50.837199
46.694865,8168,6837,13:09:50.837199
46.696728,8709,6590,13:09:50.837199
46.698584,8803,6489,13:09:50.837199
46.700442,8873,6628,13:09:50.837199
46.702299,8947,6457,13:09:50.837199
46.704155,8821,6700,13:09:50.837199
46.706035,9062,6571,13:09:50.895847
46.707896,9390,6487,13:09:50.895847
46.70976,9310,6668,13:09:50.895847
46.711646,8660,6715,13:09:50.895847
46.713503,9085,6830,13:09:50.895847
46.715361,8925,6772,13:09:50.895847
46.717217,8172,6519,13:09:50.895847
46.719076,8208,6430,13:09:50.895847
46.720932,9098,6327,13:09:50.895847
46.722793,8634,6838,13:09:50.895847
46.724649,8716,6366,13:09:50.895847
46.726505,8711,6708,13:09:50.895847
46.728366,8333,6597,13:09:50.895847
46.730222,9224,6644,13:09:50.895847
46.73208,8795,6395,13:09:50.895847
46.733937,8698,6377,13:09:50.895847
46.735795,9159,6577,13:09:50.895847
46.737653,9529,6475,13:09:50.895847
46.739513,8831,6954,13:09:50.895847
46.741414,9046,6468,13:09:50.895847
46.743276,9515,6709,13:09:50.895847
46.745133,9104,6736,13:09:50.895847
46.746991,9259,6522,13:09:50.895847
46.748847,9202,6753,13:09:50.895847
46.750704,9216,6443,13:09:50.895847
46.75256,9184,6438,13:09:50.895847
46.754421,9483,6390,13:09:50.895847
46.756283,9287,6507,13:09:50.939248
46.758143,9075,6691,13:09:50.939248
46.760019,9334,6582,13:09:50.939248
46.761906,9132,6441,13:09:50.939248
46.763762,9026,6597,13:09:50.939248
46.765619,9004,6510,13:09:50.939248
46.767475,9087,6632,13:09:50.939248
46.769335,8685,6381,13:09:50.939248
46.771192,8532,6674,13:09:50.939248
46.77305,9253,6789,13:09:50.939248
46.774908,9393,6399,13:09:50.939248
46.776765,8502,6649,13:09:50.939248
46.778623,8773,6690,13:09:50.939248
46.780485,9152,6501,13:09:50.939248
46.782344,8367,6476,13:09:50.939248
46.7842,9280,6672,13:09:50.939248
46.786063,9242,6574,13:09:50.939248
46.787919,8695,6304,13:09:50.939248
46.789778,8675,6562,13:09:50.939248
46.791636,9191,6614,13:09:50.939248
46.793492,9238,6764,13:09:50.939248
46.79535,9442,6667,13:09:50.939248
46.797207,9394,6416,13:09:50.939248
46.799063,8707,6656,13:09:50.939248
46.800922,9270,6374,13:09:50.939248
46.802783,9576,6524,13:09:50.939248
46.80464,9529,6606,13:09:50.956887
46.806511,9633,6449,13:09:50.956887
46.808373,9863,6555,13:09:50.956887
46.810286,9842,6700,13:09:50.956887
46.812159,9061,6691,13:09:50.956887
46.814018,9734,6573,13:09:50.956887
46.815876,10071,6715,13:09:50.956887
46.817732,9454,6433,13:09:50.956887
46.819591,9822,6629,13:09:50.956887
46.821449,9779,6723,13:09:50.956887
46.823306,9565,6827,13:09:50.956887
46.825162,9615,6390,13:09:50.956887
46.827022,9660,6869,13:09:50.956887
46.828879,9549,6973,13:09:50.956887
46.830735,9429,7099,13:09:50.956887
46.832593,9123,6818,13:09:50.956887
46.83445,9573,6776,13:09:50.956887
46.836306,9248,6961,13:09:50.956887
46.838163,9370,6695,13:09:50.956887
46.840019,9441,7078,13:09:50.956887
46.841903,10272,7154,13:09:50.956887
46.843777,8215,7108,13:09:50.956887
46.845636,10372,7124,13:09:50.956887
46.847492,10250,6845,13:09:50.956887
46.849349,10488,6859,13:09:50.956887
46.851207,10396,6967,13:09:50.956887
46.853066,10504,7150,13:09:50.956887
46.854924,10368,6742,13:09:51.005710
46.856794,10634,6833,13:09:51.005710
46.858656,10495,7045,13:09:51.006725
46.86056,10768,6985,13:09:51.006725
46.862425,10733,6928,13:09:51.006725
46.864283,10672,6936,13:09:51.006725
46.86614,10737,6690,13:09:51.006725
46.867996,10881,7124,13:09:51.006725
46.869856,10755,6811,13:09:51.006725
46.871714,11166,7140,13:09:51.006725
46.873571,11134,7224,13:09:51.006725
46.875427,11375,6810,13:09:51.006725
46.877286,11113,7026,13:09:51.006725
46.879142,11068,7153,13:09:51.006725
46.880999,11309,7152,13:09:51.006725
46.882857,11613,7052,13:09:51.006725
46.884713,11617,7247,13:09:51.006725
46.886572,11454,7090,13:09:51.006725
46.888428,11566,7028,13:09:51.006725
46.890292,11634,7096,13:09:51.006725
46.892151,11707,7183,13:09:51.006725
46.894034,11555,7186,13:09:51.006725
46.895893,11692,7386,13:09:51.006725
46.897754,12044,7171,13:09:51.006725
46.899616,11752,7230,13:09:51.006725
46.901472,11938,7216,13:09:51.006725
46.903329,11919,7310,13:09:51.006725
46.905187,11895,7242,13:09:51.056063
46.907054,12187,7407,13:09:51.056063
46.908914,12184,7179,13:09:51.058075
46.91081,12058,7266,13:09:51.058075
46.912673,12621,7262,13:09:51.058075
46.914531,12404,7373,13:09:51.058075
46.916387,12722,7576,13:09:51.058075
46.918246,12647,7514,13:09:51.058075
46.920102,13114,7314,13:09:51.058075
46.921958,13070,7572,13:09:51.058075
46.923817,13094,7696,13:09:51.058075
46.925673,13281,7502,13:09:51.058075
46.927531,13534,7647,13:09:51.058075
46.929388,13288,7798,13:09:51.058075
46.93125,13624,7612,13:09:51.058075
46.933107,13560,7631,13:09:51.058075
46.934963,13925,7689,13:09:51.058075
46.936823,13923,7704,13:09:51.058075
46.93868,14340,7659,13:09:51.058075
46.940538,14523,7722,13:09:51.058075
46.942394,14683,7603,13:09:51.058075
46.944251,15184,8106,13:09:51.058075
46.946107,15214,8080,13:09:51.058075
46.947964,15143,8297,13:09:51.058075
46.949826,15305,7701,13:09:51.058075
46.951682,15568,8105,13:09:51.058075
46.953541,15774,7900,13:09:51.058075
46.955397,16027,8282,13:09:51.107090
46.957259,16369,8280,13:09:51.107090
46.95912,16344,8304,13:09:51.107090
46.96102,16662,8379,13:09:51.107090
46.962956,16605,8300,13:09:51.107090
46.964818,17062,8458,13:09:51.107090
46.966675,17245,8317,13:09:51.107090
46.968539,17355,8476,13:09:51.107090
46.970395,17748,8320,13:09:51.107090
46.972252,17991,8558,13:09:51.107090
46.97411,18267,8756,13:09:51.107090
46.975966,18845,8886,13:09:51.107090
46.977825,19026,8881,13:09:51.107090
46.979681,19160,8996,13:09:51.107090
46.981543,19800,8859,13:09:51.107090
46.9834,19921,9125,13:09:51.107090
46.985267,20086,9094,13:09:51.107090
46.987125,20328,9031,13:09:51.107090
46.988981,20456,9401,13:09:51.107090
46.990839,21117,9280,13:09:51.107090
46.992696,21478,9333,13:09:51.107090
46.994556,21947,9570,13:09:51.107090
46.996414,21964,9454,13:09:51.107090
46.998271,22269,9330,13:09:51.107090
47.000129,22882,9472,13:09:51.107090
47.001985,23072,9909,13:09:51.107090
47.003846,23494,9740,13:09:51.107090
47.005706,23746,9755,13:09:51.157138
47.007576,23783,10104,13:09:51.157138
47.009436,24128,10226,13:09:51.157138
47.011366,24123,10150,13:09:51.157138
47.013239,24754,10105,13:09:51.157138
47.015096,24940,9969,13:09:51.157138
47.016952,25301,10197,13:09:51.158144
47.01881,25840,10256,13:09:51.158144
47.020667,25956,10023,13:09:51.158144
47.022523,26094,10625,13:09:51.158144
47.024381,26029,10520,13:09:51.158144
47.026238,26388,10354,13:09:51.158144
47.028096,26473,10543,13:09:51.158144
47.029953,26770,10653,13:09:51.158144
47.031817,26925,10683,13:09:51.158144
47.033673,26982,10605,13:09:51.158144
47.03553,27266,10768,13:09:51.158144
47.037388,27587,10547,13:09:51.158144
47.039244,27656,10749,13:09:51.158144
47.041101,27685,10714,13:09:51.158144
47.042957,28079,11004,13:09:51.158144
47.044814,28143,10976,13:09:51.158144
47.04667,28295,10863,13:09:51.158144
47.048527,28438,10874,13:09:51.158144
47.050387,28682,10913,13:09:51.158144
47.052243,28772,10968,13:09:51.158144
47.054101,29106,10905,13:09:51.158144
47.055974,29374,11277,13:09:51.207103
47.057834,29568,11111,13:09:51.207103
47.0597,29805,11158,13:09:51.207103
47.061589,29985,11307,13:09:51.207103
47.063451,30549,11237,13:09:51.207103
47.065307,30308,11538,13:09:51.207103
47.067164,30849,11484,13:09:51.207103
47.069022,31118,11492,13:09:51.207103
47.070878,31258,11594,13:09:51.207103
47.072737,31576,12009,13:09:51.207103
47.074593,31959,11687,13:09:51.207103
47.076449,32409,11926,13:09:51.207103
47.078306,32458,12141,13:09:51.207103
47.080172,32608,12211,13:09:51.207103
47.082029,32743,12231,13:09:51.207103
47.083885,33120,12271,13:09:51.207103
47.085743,33206,12226,13:09:51.208109
47.0876,33344,12284,13:09:51.208109
47.089456,33736,12540,13:09:51.208109
47.091315,33792,12183,13:09:51.208109
47.093171,34192,12227,13:09:51.208109
47.095029,34044,12670,13:09:51.208109
47.09689,34570,12588,13:09:51.208109
47.09875,34674,12460,13:09:51.208109
47.100606,34885,12743,13:09:51.208109
47.102463,35159,12633,13:09:51.208109
47.104321,35341,12987,13:09:51.208109
47.106197,35150,12838,13:09:51.256298
47.108064,35849,12815,13:09:51.256298
47.109928,36021,12935,13:09:51.256298
47.111856,35769,13044,13:09:51.256298
47.113714,36257,13123,13:09:51.256298
47.115571,36516,13334,13:09:51.256298
47.117427,36754,13097,13:09:51.256298
47.119286,37091,13356,13:09:51.256298
47.121142,37182,13455,13:09:51.256298
47.122998,37618,13191,13:09:51.256298
47.124855,37916,13327,13:09:51.256298
47.126715,37807,13359,13:09:51.256298
47.128571,38219,13516,13:09:51.256298
47.130428,38577,13596,13:09:51.256298
47.132286,38698,13501,13:09:51.256298
47.134142,38744,13770,13:09:51.256298
47.136001,38683,13494,13:09:51.256298
47.137857,39338,13719,13:09:51.256298
47.139718,39570,13828,13:09:51.256298
47.141576,39805,13586,13:09:51.256298
47.143442,39833,13650,13:09:51.256298
47.145299,40018,13720,13:09:51.256298
47.147155,40362,14005,13:09:51.256298
47.149013,40799,13922,13:09:51.256298
47.150874,40815,14083,13:09:51.256298
47.15273,41031,13866,13:09:51.257286
47.154588,41286,14056,13:09:51.306455
47.156461,41613,14121,13:09:51.306455
47.158321,41868,14305,13:09:51.306455
47.160219,41764,13909,13:09:51.306455
47.162112,42163,14419,13:09:51.306455
47.16397,42145,14265,13:09:51.306455
47.165826,42554,14227,13:09:51.306455
47.167683,42694,14479,13:09:51.306455
47.169539,43101,14453,13:09:51.306455
47.171396,43075,14524,13:09:51.306455
47.173254,43096,14668,13:09:51.306455
47.17511,43498,14365,13:09:51.306455
47.176968,43597,14762,13:09:51.306455
47.178825,43704,14697,13:09:51.306455
47.180681,43963,14964,13:09:51.306455
47.182538,43638,14703,13:09:51.306455
47.184401,43835,14709,13:09:51.306455
47.186258,44292,14648,13:09:51.306455
47.188115,44216,14614,13:09:51.306455
47.189973,44260,14614,13:09:51.306455
47.191829,44535,14631,13:09:51.306455
47.193686,44603,15005,13:09:51.306455
47.195542,44711,15069,13:09:51.306455
47.197398,44691,14886,13:09:51.306455
47.199263,44818,14875,13:09:51.306455
47.201119,45102,14901,13:09:51.306455
47.20298,44911,14694,13:09:51.306455
47.204836,45126,15085,13:09:51.356445
47.20671,45508,15029,13:09:51.356445
47.208571,45697,15139,13:09:51.356445
47.210473,45981,15069,13:09:51.356445
47.212335,46135,14997,13:09:51.356445
47.214193,46002,15106,13:09:51.356445
47.21605,46327,15122,13:09:51.356445
47.217908,46546,15084,13:09:51.357449
47.219765,46683,15093,13:09:51.357449
47.221627,47171,15350,13:09:51.357449
47.223483,47019,15179,13:09:51.357449
47.22534,47599,15479,13:09:51.357449
47.227198,47620,15473,13:09:51.357449
47.229054,48085,15405,13:09:51.357449
47.230911,48312,15314,13:09:51.357449
47.232767,48480,15590,13:09:51.357449
47.234623,48701,15766,13:09:51.357449
47.23648,49401,15920,13:09:51.357449
47.238337,49479,15709,13:09:51.357449
47.240199,50091,16042,13:09:51.357449
47.242055,50063,16051,13:09:51.357449
47.243913,50500,16190,13:09:51.357449
47.245772,51104,16191,13:09:51.357449
47.247628,51118,16400,13:09:51.357449
47.249484,51516,16332,13:09:51.357449
47.251343,51923,16322,13:09:51.357449
47.253201,51867,16595,13:09:51.357449
47.255057,52419,16575,13:09:51.408101
47.256934,52714,16492,13:09:51.408101
47.258794,53275,16571,13:09:51.408101
47.26069,53171,16692,13:09:51.408101
47.262575,53604,16896,13:09:51.408101
47.264431,53960,16555,13:09:51.408101
47.266287,54129,17026,13:09:51.408101
47.268148,54548,16925,13:09:51.409100
47.270004,54863,16872,13:09:51.409100
47.271862,54827,17112,13:09:51.412100
47.273719,55146,17134,13:09:51.412100
47.275581,55199,17028,13:09:51.412100
47.277439,55600,17004,13:09:51.412100
47.279296,55479,17104,13:09:51.412100
47.281156,55875,17105,13:09:51.412100
47.283013,55826,17398,13:09:51.412100
47.284871,56309,17323,13:09:51.412100
47.286727,56736,17446,13:09:51.412100
47.288584,56553,17607,13:09:51.412100
47.290442,56738,17515,13:09:51.412100
47.292302,56904,17486,13:09:51.412100
47.294161,56936,17350,13:09:51.412100
47.296017,57378,17475,13:09:51.412100
47.297885,57654,17412,13:09:51.412100
47.299742,57502,17569,13:09:51.412100
47.301604,57805,17544,13:09:51.412100
47.303466,57824,17652,13:09:51.412100
47.305323,57774,17687,13:09:51.456398
47.307197,57794,17587,13:09:51.456398
47.309058,58215,17570,13:09:51.456398
47.310978,58601,17649,13:09:51.456398
47.312842,58442,17867,13:09:51.456398
47.314698,58421,17520,13:09:51.456398
47.316555,58776,17739,13:09:51.456398
47.318413,59052,17789,13:09:51.456398
47.320274,59320,17870,13:09:51.456398
47.322132,59747,18121,13:09:51.456398
47.323988,59976,17960,13:09:51.456398
47.325849,60192,18002,13:09:51.456398
47.327705,60617,17895,13:09:51.456398
47.329561,60848,18230,13:09:51.456398
47.33142,60981,18065,13:09:51.456398
47.333276,61139,18647,13:09:51.456398
47.335135,61619,18403,13:09:51.456398
47.336991,61782,18444,13:09:51.456398
47.338851,61870,18138,13:09:51.456398
47.34071,62357,18468,13:09:51.456398
47.342576,62684,18554,13:09:51.456398
47.344432,62628,18344,13:09:51.456398
47.346289,63188,18560,13:09:51.456398
47.348147,63273,18803,13:09:51.456398
47.350003,63619,18532,13:09:51.456398
47.35186,63716,18751,13:09:51.456398
47.35372,64075,18754,13:09:51.456398
47.355626,64454,19033,13:09:51.507137
47.357489,64924,18990,13:09:51.507137
47.359351,65188,18973,13:09:51.507137
47.361251,64968,19122,13:09:51.507137
47.36311,65654,19030,13:09:51.507137
47.364966,66258,19228,13:09:51.507137
47.366824,66547,19167,13:09:51.507137
47.368681,66995,19450,13:09:51.507137
47.370538,67308,19503,13:09:51.507137
47.3724,67857,19850,13:09:51.507137
47.374256,67978,19845,13:09:51.507137
47.376114,68777,19954,13:09:51.507137
47.377971,69131,20131,13:09:51.507137
47.379827,69541,20143,13:09:51.507137
47.381685,69906,20504,13:09:51.507137
47.383544,70408,20028,13:09:51.507137
47.385402,70937,20332,13:09:51.507137
47.387258,71090,20462,13:09:51.507137
47.389119,71627,20353,13:09:51.507137
47.390975,71780,20752,13:09:51.507137
47.392834,72345,20790,13:09:51.507137
47.394692,72797,21001,13:09:51.507137
47.396548,73095,21253,13:09:51.507137
47.398407,73629,21099,13:09:51.507137
47.400263,73685,21081,13:09:51.507137
47.402123,74333,21352,13:09:51.507137
47.403982,74677,21423,13:09:51.507137
47.405846,75115,21697,13:09:51.556386
47.407706,75514,21800,13:09:51.556386
47.40957,75821,21891,13:09:51.556386
47.411486,76045,21839,13:09:51.556386
47.413365,76515,21880,13:09:51.556386
47.415222,77067,21952,13:09:51.556386
47.41708,77329,22182,13:09:51.556386
47.418936,77589,22170,13:09:51.556386
47.420795,77771,22149,13:09:51.556386
47.422653,77968,22402,13:09:51.556386
47.424509,78305,22181,13:09:51.556386
47.426368,78496,22386,13:09:51.556386
47.428224,78631,22476,13:09:51.556386
47.430084,79153,22332,13:09:51.556386
47.431941,79221,22609,13:09:51.556386
47.433797,79396,22732,13:09:51.556386
47.435656,79768,22583,13:09:51.556386
47.437512,80388,22798,13:09:51.556386
47.43937,80498,22913,13:09:51.556386
47.441227,80762,22997,13:09:51.556386
47.443083,80958,23058,13:09:51.556386
47.444941,81047,23089,13:09:51.556386
47.446805,81233,23236,13:09:51.556386
47.448662,81443,23157,13:09:51.556386
47.450519,81661,23082,13:09:51.556386
47.452381,82106,23334,13:09:51.556386
47.454237,82390,23192,13:09:51.556386
47.456102,82440,23529,13:09:51.610064
47.457962,82542,23635,13:09:51.610064
47.459834,82817,23508,13:09:51.610064
47.461723,82930,23817,13:09:51.610064
47.463579,83277,23581,13:09:51.610064
47.465435,83082,23659,13:09:51.610064
47.467294,83451,23740,13:09:51.610064
47.46915,83678,23848,13:09:51.610064
47.471008,84280,23920,13:09:51.610064
47.472867,84379,23939,13:09:51.610064
47.474723,84767,24385,13:09:51.610064
47.476582,85375,24297,13:09:51.610064
47.47844,85738,24509,13:09:51.610064
47.480296,85987,24248,13:09:51.610064
47.482153,85960,24662,13:09:51.610064
47.484011,86607,24620,13:09:51.610064
47.485869,86677,24494,13:09:51.610064
47.487726,86905,24834,13:09:51.610064
47.489584,87277,24635,13:09:51.610064
47.491441,87447,24762,13:09:51.610064
47.493299,87952,24835,13:09:51.610064
47.495155,87962,25068,13:09:51.610064
47.497018,88167,24794,13:09:51.610064
47.498876,88595,24933,13:09:51.610064
47.500733,88758,25022,13:09:51.610064
47.502591,89115,25080,13:09:51.610064
47.504449,89012,24928,13:09:51.661072
47.506312,89398,25178,13:09:51.661072
47.508172,89878,24975,13:09:51.661072
47.510059,90084,25287,13:09:51.661072
47.511958,90329,25205,13:09:51.661072
47.513816,90514,25411,13:09:51.661072
47.515711,91023,25366,13:09:51.661072
47.517569,91303,25517,13:09:51.661072
47.519426,91779,25562,13:09:51.661072
47.521284,92293,25740,13:09:51.661072
47.52314,92402,25935,13:09:51.661072
47.524999,92887,25866,13:09:51.661072
47.526855,93257,25957,13:09:51.661072
47.528711,93831,26043,13:09:51.661072
47.530574,94016,26134,13:09:51.661072
47.53243,94026,26127,13:09:51.661072
47.534289,94502,26229,13:09:51.661072
47.536145,95091,26020,13:09:51.661072
47.538001,95162,26451,13:09:51.661072
47.53986,95674,26439,13:09:51.661072
47.541719,96178,26270,13:09:51.661072
47.543576,96663,26888,13:09:51.661072
47.545433,96820,26530,13:09:51.661072
47.547295,97273,26858,13:09:51.661072
47.549152,97662,27224,13:09:51.661072
47.551008,98077,27323,13:09:51.661072
47.55287,98554,27268,13:09:51.661072
47.554727,99000,27104,13:09:51.712950
47.556591,99549,27492,13:09:51.712950
47.558455,99804,27679,13:09:51.712950
47.560351,100284,27786,13:09:51.712950
47.56226,101298,27666,13:09:51.712950
47.564116,101672,27981,13:09:51.712950
47.565972,102328,28223,13:09:51.712950
47.567833,102897,28108,13:09:51.712950
47.569691,103300,28501,13:09:51.712950
47.57155,104203,28477,13:09:51.712950
47.573406,104559,28660,13:09:51.712950
47.575272,105404,28766,13:09:51.712950
47.577129,105857,28695,13:09:51.712950
47.578985,106231,29018,13:09:51.712950
47.580845,107189,29164,13:09:51.712950
47.582702,107583,29134,13:09:51.712950
47.58456,107888,29193,13:09:51.712950
47.586416,108457,29654,13:09:51.712950
47.588273,108909,29272,13:09:51.712950
47.590129,109404,29758,13:09:51.712950
47.591993,110034,29647,13:09:51.712950
47.59385,110664,29950,13:09:51.712950
47.595706,111166,29954,13:09:51.712950
47.597565,111710,29917,13:09:51.713957
47.599421,112311,30381,13:09:51.713957
47.601277,112816,30490,13:09:51.713957
47.603134,113270,30445,13:09:51.714957
47.60499,113721,30877,13:09:51.756893
47.606855,114252,30939,13:09:51.756893
47.608717,114880,31071,13:09:51.756893
47.610633,115344,31142,13:09:51.756893
47.612513,115778,31371,13:09:51.756893
47.614374,116161,31384,13:09:51.756893
47.616232,116891,31350,13:09:51.756893
47.618094,117690,31385,13:09:51.756893
47.619951,118083,31797,13:09:51.756893
47.621809,119057,31840,13:09:51.756893
47.623666,119635,31982,13:09:51.756893
47.625526,119894,32173,13:09:51.756893
47.627382,120439,32603,13:09:51.756893
47.629239,121080,32304,13:09:51.756893
47.631097,121615,32300,13:09:51.756893
47.632957,122059,32517,13:09:51.756893
47.634816,122592,32870,13:09:51.756893
47.636672,122965,32904,13:09:51.756893
47.638535,123338,32854,13:09:51.756893
47.640391,124206,33016,13:09:51.756893
47.642247,124403,33333,13:09:51.756893
47.644106,125205,33188,13:09:51.756893
47.645962,125451,33670,13:09:51.756893
47.64782,125847,33548,13:09:51.756893
47.649677,126234,33787,13:09:51.756893
47.651539,126921,33937,13:09:51.756893
47.653397,127235,33784,13:09:51.757883
47.655261,127277,33867,13:09:51.808315
47.657126,127529,33924,13:09:51.808315
47.658987,128238,34111,13:09:51.808315
47.660885,127934,34201,13:09:51.808315
47.662767,128861,34121,13:09:51.808315
47.664623,129298,34143,13:09:51.808315
47.666482,129647,34654,13:09:51.808315
47.668338,130127,34352,13:09:51.808315
47.670195,130017,34486,13:09:51.808315
47.672053,130576,34507,13:09:51.808315
47.673911,130976,34741,13:09:51.808315
47.675768,131324,34924,13:09:51.808315
47.677624,131863,34963,13:09:51.808315
47.679482,131753,35114,13:09:51.808315
47.681339,132568,35303,13:09:51.808315
47.683195,132763,35163,13:09:51.808315
47.685054,132813,35388,13:09:51.808315
47.68691,133114,34988,13:09:51.808315
47.688766,133181,35324,13:09:51.808315
47.690623,133554,35354,13:09:51.808315
47.692489,133709,35332,13:09:51.808315
47.694345,134116,35461,13:09:51.808315
47.696202,134313,35323,13:09:51.808315
47.69806,134726,35452,13:09:51.808315
47.699916,134809,35516,13:09:51.808315
47.701773,135242,36043,13:09:51.808315
47.703629,135327,35520,13:09:51.808315
47.705488,135920,35502,13:09:51.859664
47.707352,136262,35792,13:09:51.859664
47.709212,136774,35895,13:09:51.859664
47.711134,136960,36046,13:09:51.859664
47.712999,137473,36135,13:09:51.859664
47.714857,138234,36293,13:09:51.859664
47.716722,139031,36474,13:09:51.859664
47.718578,139502,36724,13:09:51.859664
47.720436,140439,36985,13:09:51.859664
47.722293,140923,36854,13:09:51.859664
47.724149,141849,37196,13:09:51.859664
47.726007,142315,37435,13:09:51.859664
47.727866,142988,37570,13:09:51.859664
47.729724,143859,37908,13:09:51.859664
47.731581,144581,37745,13:09:51.859664
47.733441,145054,38290,13:09:51.859664
47.735297,145773,38012,13:09:51.859664
47.737154,146365,38140,13:09:51.859664
47.739012,146872,38564,13:09:51.859664
47.74087,147353,38548,13:09:51.859664
47.742727,147720,38679,13:09:51.859664
47.744583,148149,38750,13:09:51.859664
47.746444,148650,38818,13:09:51.859664
47.748302,149177,39041,13:09:51.859664
47.750168,149267,39273,13:09:51.859664
47.752025,150038,39083,13:09:51.859664
47.753881,150249,39510,13:09:51.859664
47.755739,150441,39728,13:09:51.910247
47.7576,150761,39563,13:09:51.910247
47.759462,150982,39435,13:09:51.910247
47.761384,151067,39713,13:09:51.910247
47.76325,151368,39869,13:09:51.910247
47.765135,151909,39803,13:09:51.910247
47.766993,152632,39708,13:09:51.910247
47.76885,153085,39959,13:09:51.910247
47.770708,153478,40254,13:09:51.910247
47.772564,153721,40380,13:09:51.910247
47.774421,154072,40384,13:09:51.910247
47.776279,154754,40301,13:09:51.910247
47.77814,155299,40339,13:09:51.910247
47.779998,155831,40640,13:09:51.910247
47.781856,156344,40818,13:09:51.910247
47.783715,157096,40874,13:09:51.910247
47.785571,157508,40995,13:09:51.910247
47.787427,158105,41346,13:09:51.910247
47.789286,158772,41465,13:09:51.910247
47.791142,159502,41560,13:09:51.910247
47.793,160063,41633,13:09:51.910247
47.794857,160621,41780,13:09:51.910247
47.796717,161237,41851,13:09:51.910247
47.798574,161929,42014,13:09:51.910247
47.80043,162497,42229,13:09:51.910247
47.802288,163009,42293,13:09:51.910247
47.804145,163936,42561,13:09:51.910247
47.806013,163985,42676,13:09:51.962436
47.807873,164454,42808,13:09:51.962436
47.809738,164999,42563,13:09:51.962436
47.811621,165189,42788,13:09:51.962436
47.813486,165341,42932,13:09:51.962436
47.815373,165483,42869,13:09:51.963427
47.817229,166155,42980,13:09:51.963427
47.819087,166433,43005,13:09:51.963427
47.82095,166636,43254,13:09:51.963427
47.822808,166837,43091,13:09:51.963427
47.824666,167128,43478,13:09:51.963427
47.826523,167620,43370,13:09:51.963427
47.828379,167752,43317,13:09:51.963427
47.830238,168192,43482,13:09:51.963427
47.832095,168293,43744,13:09:51.963427
47.833952,168927,43644,13:09:51.963427
47.835809,169286,43979,13:09:51.963427
47.837671,169707,43882,13:09:51.963427
47.839527,169865,44202,13:09:51.963427
47.841384,170530,44169,13:09:51.963427
47.843242,170821,44041,13:09:51.964425
47.845099,171143,44259,13:09:51.964425
47.846957,171867,44359,13:09:51.964425
47.848813,171980,44610,13:09:51.964425
47.850672,172429,44617,13:09:51.964425
47.852528,172773,44828,13:09:51.964425
47.854385,173216,44695,13:09:51.965424
47.856249,173557,44711,13:09:52.012516
47.858109,173918,44536,13:09:52.012516
47.859989,174428,45037,13:09:52.012516
47.861892,174439,44972,13:09:52.012516
47.863754,175268,44855,13:09:52.012516
47.865612,175789,45161,13:09:52.012516
47.867482,174441,45445,13:09:52.012516
47.869357,176698,45343,13:09:52.012516
47.871215,177033,45734,13:09:52.012516
47.873072,177693,45683,13:09:52.012516
47.87493,178096,45857,13:09:52.012516
47.876786,178847,46133,13:09:52.012516
47.878645,178903,46333,13:09:52.012516
47.880501,179926,46307,13:09:52.012516
47.882357,180905,46320,13:09:52.012516
47.88422,181569,46786,13:09:52.012516
47.886076,182129,46747,13:09:52.012516
47.887935,182923,47011,13:09:52.012516
47.889793,183824,47262,13:09:52.012516
47.891649,184760,47330,13:09:52.012516
47.893508,185266,47576,13:09:52.012516
47.895365,186484,47932,13:09:52.012516
47.897223,187151,47755,13:09:52.012516
47.899079,187836,48214,13:09:52.012516
47.900941,188740,48468,13:09:52.012516
47.9028,189575,48682,13:09:52.012516
47.904656,190481,48812,13:09:52.066356
47.906522,191332,49097,13:09:52.066356
47.908383,192600,49484,13:09:52.066356
47.910291,193640,49500,13:09:52.066356
47.912157,194327,49879,13:09:52.066356
47.914014,195152,49560,13:09:52.066356
47.915877,196392,50007,13:09:52.066356
47.91777,197130,50181,13:09:52.066356
47.919627,198188,50349,13:09:52.066356
47.921485,199246,50440,13:09:52.066356
47.923341,199806,50783,13:09:52.066356
47.9252,200932,51075,13:09:52.066356
47.927056,201729,51504,13:09:52.066356
47.928919,202536,51607,13:09:52.066356
47.930775,203270,51819,13:09:52.066356
47.932631,204176,51873,13:09:52.066356
47.93449,205257,52067,13:09:52.066356
47.936346,205505,52496,13:09:52.066356
47.938205,206485,52500,13:09:52.066356
47.940061,207341,52510,13:09:52.066356
47.941917,207952,52819,13:09:52.066356
47.943774,208593,52896,13:09:52.066356
47.945639,209310,53174,13:09:52.066356
47.947498,209980,53244,13:09:52.066356
47.949355,210819,53265,13:09:52.066356
47.951213,211683,53910,13:09:52.066356
47.95307,212369,53594,13:09:52.066356
47.954926,213190,53676,13:09:52.116484
47.956796,213859,54158,13:09:52.116484
47.958657,214515,54077,13:09:52.116484
47.960553,215026,54443,13:09:52.116484
47.962411,216012,54514,13:09:52.116484
47.964274,216127,54713,13:09:52.116484
47.966138,217019,54917,13:09:52.116484
47.967998,217884,54950,13:09:52.116484
47.969883,218388,55135,13:09:52.116484
47.971749,219852,55208,13:09:52.116484
47.973611,220547,55456,13:09:52.116484
47.975468,221315,55792,13:09:52.116484
47.977324,222110,55983,13:09:52.116484
47.979182,222697,56254,13:09:52.116484
47.981039,223691,56203,13:09:52.116484
47.982895,224261,56658,13:09:52.116484
47.984757,225300,56818,13:09:52.116484
47.986614,225898,56999,13:09:52.116484
47.988472,227056,57272,13:09:52.116484
47.990329,227820,57413,13:09:52.116484
47.992189,228640,57842,13:09:52.116484
47.994045,229677,57748,13:09:52.116484
47.995902,230422,58144,13:09:52.116484
47.99776,231483,58476,13:09:52.116484
47.999616,232619,58346,13:09:52.116484
48.001473,233387,58721,13:09:52.116484
48.003329,234054,58936,13:09:52.116484
48.005186,234930,58820,13:09:52.173533
48.007054,235618,59379,13:09:52.173533
48.008917,236080,59466,13:09:52.173533
48.010814,236290,59467,13:09:52.173533
48.012671,237740,59815,13:09:52.173533
48.014527,238117,59804,13:09:52.173533
48.016386,238811,59977,13:09:52.173533
48.01825,238948,60338,13:09:52.173533
48.020108,239888,60284,13:09:52.173533
48.021967,240565,60652,13:09:52.173533
48.023825,240966,60704,13:09:52.173533
48.025683,241850,60909,13:09:52.173533
48.02757,242183,60856,13:09:52.173533
48.029428,243053,61033,13:09:52.173533
48.031284,243534,60999,13:09:52.173533
48.033149,244074,61313,13:09:52.173533
48.035005,244615,61397,13:09:52.173533
48.036863,244883,61377,13:09:52.173533
48.038722,245679,61376,13:09:52.173533
48.040578,246399,61790,13:09:52.173533
48.042437,246808,61954,13:09:52.173533
48.044293,247515,62014,13:09:52.173533
48.046149,248261,62488,13:09:52.173533
48.048008,249192,62575,13:09:52.173533
48.049868,249730,62584,13:09:52.173533
48.051725,250815,62841,13:09:52.173533
48.053581,251661,63002,13:09:52.173533
48.055439,252330,63366,13:09:52.218445
48.057302,253089,63433,13:09:52.218445
48.059162,254086,63708,13:09:52.218445
48.061073,255032,64061,13:09:52.218445
48.062984,255879,64386,13:09:52.218445
48.064843,256988,64261,13:09:52.218445
48.066705,257806,64494,13:09:52.218445
48.068561,258709,64868,13:09:52.218445
48.07042,259602,64947,13:09:52.218445
48.072276,260520,65342,13:09:52.219430
48.074132,261316,65314,13:09:52.219430
48.075995,259944,65414,13:09:52.219430
48.077877,263054,65601,13:09:52.219430
48.079736,263854,65992,13:09:52.220456
48.081592,264118,65897,13:09:52.220456
48.083449,264898,66102,13:09:52.220456
48.085307,265371,66116,13:09:52.223472
48.087164,266042,66476,13:09:52.223472
48.089023,266365,66623,13:09:52.223472
48.09088,266848,66592,13:09:52.223472
48.092738,267797,66774,13:09:52.223472
48.094594,267967,66913,13:09:52.223472
48.096451,268756,67248,13:09:52.223472
48.098309,269317,67104,13:09:52.223472
48.100166,269724,67352,13:09:52.223472
48.102024,270397,67403,13:09:52.223472
48.10388,271209,67660,13:09:52.223472
48.105743,271716,67775,13:09:52.271264
48.107609,272467,68076,13:09:52.271264
48.109472,273218,68365,13:09:52.271264
48.111388,273837,68440,13:09:52.271264
48.113244,274662,68509,13:09:52.271264
48.115102,275215,68770,13:09:52.271264
48.116961,276310,68899,13:09:52.271264
48.118817,276839,69110,13:09:52.271264
48.120678,277802,69045,13:09:52.271264
48.12254,276198,69296,13:09:52.271264
48.1244,279341,69303,13:09:52.271264
48.126256,280339,69981,13:09:52.271264
48.128113,280925,69922,13:09:52.271264
48.129973,282009,70334,13:09:52.271264
48.131829,282793,70282,13:09:52.271264
48.133688,283933,70721,13:09:52.271264
48.135544,284817,70815,13:09:52.271264
48.137401,285986,71136,13:09:52.271264
48.139259,286950,71391,13:09:52.271264
48.141119,288215,71647,13:09:52.271264
48.142978,289067,71983,13:09:52.271264
48.144834,289965,72276,13:09:52.271264
48.1467,291171,72396,13:09:52.271264
48.148557,292329,72509,13:09:52.271264
48.150413,293057,72903,13:09:52.271264
48.152271,294264,73132,13:09:52.271264
48.154128,294969,73324,13:09:52.271264
48.156004,296167,73514,13:09:52.320266
48.157864,296889,73762,13:09:52.320266
48.159727,297774,74049,13:09:52.320266
48.161649,298159,73962,13:09:52.320266
48.163505,298951,74246,13:09:52.320266
48.165362,299308,74540,13:09:52.320266
48.16722,299757,74510,13:09:52.320266
48.169082,300856,74595,13:09:52.320266
48.170939,301647,74838,13:09:52.320266
48.172797,300987,75014,13:09:52.320266
48.174655,300124,75048,13:09:52.320266
48.17654,302805,74721,13:09:52.320266
48.178406,302992,75258,13:09:52.320266
48.180262,303200,75024,13:09:52.320266
48.182119,303700,75350,13:09:52.320266
48.183977,303986,75437,13:09:52.320266
48.185835,304325,75437,13:09:52.320266
48.187692,304794,75559,13:09:52.320266
48.18955,305369,75782,13:09:52.320266
48.191406,305861,75870,13:09:52.320266
48.193263,306490,76219,13:09:52.320266
48.195119,307080,76506,13:09:52.320266
48.196984,308246,76541,13:09:52.320266
48.198842,309453,76878,13:09:52.320266
48.200699,310607,77055,13:09:52.320266
48.202557,311680,77343,13:09:52.320266
48.204413,312911,77539,13:09:52.372485
48.206277,314110,78050,13:09:52.372485
48.208138,315096,78171,13:09:52.372485
48.21001,316459,78419,13:09:52.372485
48.211906,317670,78843,13:09:52.372485
48.213763,318664,78933,13:09:52.372485
48.215625,319946,79126,13:09:52.372485
48.217481,321119,79751,13:09:52.372485
48.219338,322298,80035,13:09:52.372485
48.221197,323611,80155,13:09:52.372485
48.223056,324853,80460,13:09:52.372485
48.224915,325695,80536,13:09:52.372485
48.226773,327266,80793,13:09:52.372485
48.228632,328205,81269,13:09:52.372485
48.23049,329673,81421,13:09:52.372485
48.232352,330864,81886,13:09:52.372485
48.234209,331831,81959,13:09:52.372485
48.236065,332860,82306,13:09:52.372485
48.237923,333490,82149,13:09:52.372485
48.239782,333962,82384,13:09:52.372485
48.241638,334635,82615,13:09:52.372485
48.243497,335415,82888,13:09:52.372485
48.245353,335945,82712,13:09:52.372485
48.247209,336771,83137,13:09:52.372485
48.249066,337621,83047,13:09:52.372485
48.25093,338299,83091,13:09:52.372485
48.252788,338693,83510,13:09:52.372485
48.254644,339502,83781,13:09:52.432996
48.256513,340193,83603,13:09:52.432996
48.258373,340886,83778,13:09:52.432996
48.260279,341221,84089,13:09:52.432996
48.262144,341848,84009,13:09:52.432996
48.264002,342541,84195,13:09:52.432996
48.265861,342615,84248,13:09:52.432996
48.267717,343363,84452,13:09:52.432996
48.269577,344223,84764,13:09:52.432996
48.271434,343967,84521,13:09:52.432996
48.27329,344296,84961,13:09:52.432996
48.275149,345254,84913,13:09:52.432996
48.277039,343190,84906,13:09:52.432996
48.278905,345622,84945,13:09:52.432996
48.280763,345782,84956,13:09:52.432996
48.282622,346125,85094,13:09:52.432996
48.284484,346125,85194,13:09:52.432996
48.286341,346328,85255,13:09:52.432996
48.288199,346321,85155,13:09:52.432996
48.290055,346340,85173,13:09:52.432996
48.291912,346400,85469,13:09:52.432996
48.29377,346543,85206,13:09:52.432996
48.295631,346297,84960,13:09:52.432996
48.297489,346353,84924,13:09:52.432996
48.299345,346202,84930,13:09:52.432996
48.301205,346071,85023,13:09:52.432996
48.303062,346307,85152,13:09:52.432996
48.304918,346253,85162,13:09:52.475781
48.306781,346303,85235,13:09:52.476784
48.308641,346228,84914,13:09:52.476784
48.310549,346392,84983,13:09:52.476784
48.312407,346383,85226,13:09:52.476784
48.31427,346710,85144,13:09:52.476784
48.316126,346833,85132,13:09:52.476784
48.317983,345682,85295,13:09:52.476784
48.319841,347394,85394,13:09:52.476784
48.321697,348033,85609,13:09:52.476784
48.323554,348752,85866,13:09:52.476784
48.32542,349044,85791,13:09:52.476784
48.327308,350291,86049,13:09:52.476784
48.329167,350873,86226,13:09:52.476784
48.331025,351451,86519,13:09:52.476784
48.332881,352488,86476,13:09:52.476784
48.33474,352112,86760,13:09:52.476784
48.336608,354187,86870,13:09:52.477778
48.338466,355040,87080,13:09:52.477778
48.340323,355698,87459,13:09:52.477778
48.342181,356377,87508,13:09:52.477778
48.34404,357258,87504,13:09:52.477778
48.345905,357962,87761,13:09:52.477778
48.347762,358386,87917,13:09:52.477778
48.349619,358801,88222,13:09:52.477778
48.351477,359312,88171,13:09:52.477778
48.353333,360036,88179,13:09:52.477778
48.35519,360679,88108,13:09:52.524891
48.357052,361098,88494,13:09:52.524891
48.358913,361613,88763,13:09:52.524891
48.360819,362080,88863,13:09:52.524891
48.362677,363064,88798,13:09:52.524891
48.364533,363527,89024,13:09:52.524891
48.366392,364596,89344,13:09:52.524891
48.36825,365397,89532,13:09:52.524891
48.370109,365663,89544,13:09:52.524891
48.371965,366995,89687,13:09:52.524891
48.373823,366996,90173,13:09:52.524891
48.375684,368067,90170,13:09:52.526894
48.377541,369165,90102,13:09:52.526894
48.379398,368270,90626,13:09:52.526894
48.381283,370754,90817,13:09:52.526894
48.383139,372179,91120,13:09:52.526894
48.384997,373178,91112,13:09:52.526894
48.386864,374577,91407,13:09:52.526894
48.38872,375839,91904,13:09:52.526894
48.390576,377127,92296,13:09:52.526894
48.392435,378563,92618,13:09:52.526894
48.394291,379790,92877,13:09:52.526894
48.396148,381406,93215,13:09:52.526894
48.398006,382620,93297,13:09:52.526894
48.399864,383917,93987,13:09:52.526894
48.401721,385194,94145,13:09:52.526894
48.403577,386464,94225,13:09:52.526894
48.405441,387840,94791,13:09:52.577966
48.407306,388901,95079,13:09:52.577966
48.409166,389780,95055,13:09:52.577966
48.411082,390246,95396,13:09:52.578953
48.412943,391548,95883,13:09:52.578953
48.414801,392441,95881,13:09:52.578953
48.416659,393168,96117,13:09:52.578953
48.418516,394070,96162,13:09:52.578953
48.420374,394667,96534,13:09:52.578953
48.42223,395370,96413,13:09:52.578953
48.424089,396734,97057,13:09:52.578953
48.425946,396796,96826,13:09:52.578953
48.427805,398046,97216,13:09:52.578953
48.429674,397259,97493,13:09:52.578953
48.431552,399491,97229,13:09:52.578953
48.433415,399927,97321,13:09:52.578953
48.435271,400628,97600,13:09:52.578953
48.437127,401085,97647,13:09:52.578953
48.438986,401672,97972,13:09:52.578953
48.440844,402385,98268,13:09:52.578953
48.442702,402813,98314,13:09:52.578953
48.444559,403630,98516,13:09:52.578953
48.446415,404176,98619,13:09:52.578953
48.448274,404951,98881,13:09:52.578953
48.450134,405368,98825,13:09:52.578953
48.45199,405884,99150,13:09:52.578953
48.453847,406516,99184,13:09:52.578953
48.455711,406662,99043,13:09:52.628452
48.457571,407018,99151,13:09:52.628452
48.459433,406830,99114,13:09:52.628452
48.461342,405705,98701,13:09:52.628452
48.463198,405718,99003,13:09:52.628452
48.465059,405990,98952,13:09:52.628452
48.466915,406127,98719,13:09:52.628452
48.468782,405872,99303,13:09:52.628452
48.47064,407162,99259,13:09:52.628452
48.472496,407639,99298,13:09:52.628452
48.474354,406476,99587,13:09:52.628452
48.476211,409288,99813,13:09:52.628452
48.478069,409905,100060,13:09:52.628452
48.479929,410688,100383,13:09:52.628452
48.481808,411882,100453,13:09:52.628452
48.483678,413923,101126,13:09:52.628452
48.485534,414571,101231,13:09:52.628452
48.487391,416203,101536,13:09:52.628452
48.489247,416876,101582,13:09:52.628452
48.491104,418103,101865,13:09:52.628452
48.49296,419058,101977,13:09:52.628452
48.494816,419629,102191,13:09:52.628452
48.496677,420444,102533,13:09:52.628452
48.498533,421691,102458,13:09:52.628452
48.500389,422479,103096,13:09:52.628452
48.502248,423969,103341,13:09:52.628452
48.504104,425059,103665,13:09:52.628452
48.505963,425939,104073,13:09:52.681889
48.507823,427709,104274,13:09:52.681889
48.509685,428693,104520,13:09:52.681889
48.511575,429937,104742,13:09:52.681889
48.513432,431449,104907,13:09:52.681889
48.515288,432673,105589,13:09:52.681889
48.517145,433980,106013,13:09:52.681889
48.519003,435093,105944,13:09:52.681889
48.520861,436550,106140,13:09:52.681889
48.522718,436862,106762,13:09:52.681889
48.524576,438392,106721,13:09:52.681889
48.526432,439791,107306,13:09:52.681889
48.528291,440762,107423,13:09:52.681889
48.530149,441708,107416,13:09:52.681889
48.532006,440509,107711,13:09:52.681889
48.533866,443240,108032,13:09:52.681889
48.535724,444076,107925,13:09:52.681889
48.537583,444866,108315,13:09:52.681889
48.539473,445844,108472,13:09:52.681889
48.541329,446821,108830,13:09:52.681889
48.543188,447374,108839,13:09:52.681889
48.545048,448454,108668,13:09:52.681889
48.546906,449194,109198,13:09:52.681889
48.548763,449917,109496,13:09:52.681889
48.550629,450939,109664,13:09:52.681889
48.552485,452249,109789,13:09:52.681889
48.554342,452708,109844,13:09:52.681889
48.556206,454177,110064,13:09:52.729428
48.558067,454760,110190,13:09:52.729428
48.559933,455419,110520,13:09:52.729428
48.561821,455703,110608,13:09:52.729428
48.563687,456812,110705,13:09:52.729428
48.565544,457322,110952,13:09:52.729428
48.5674,457815,111222,13:09:52.729428
48.569261,458195,111023,13:09:52.729428
48.571117,458502,111175,13:09:52.729428
48.572973,459078,111379,13:09:52.729428
48.574834,459124,111500,13:09:52.729428
48.57669,458831,111256,13:09:52.729428
48.578546,459508,111388,13:09:52.729428
48.580403,459624,111338,13:09:52.729428
48.582265,459922,111612,13:09:52.729428
48.584122,459490,111735,13:09:52.729428
48.58598,457636,111616,13:09:52.729428
48.587838,460270,111689,13:09:52.729428
48.589695,460372,111382,13:09:52.729428
48.591553,460208,111823,13:09:52.729428
48.59341,460139,111530,13:09:52.729428
48.595266,459983,111487,13:09:52.729428
48.597124,460459,111735,13:09:52.729428
48.598985,460091,111710,13:09:52.729428
48.600843,460190,111618,13:09:52.729428
48.602699,459951,111547,13:09:52.729428
48.604558,460023,111717,13:09:52.729428
48.606424,459829,111389,13:09:52.782750
48.608285,459895,111537,13:09:52.782750
48.610178,459747,111461,13:09:52.782750
48.612053,459923,111640,13:09:52.782750
48.613913,459861,111670,13:09:52.782750
48.615772,459965,111508,13:09:52.782750
48.617633,460628,111952,13:09:52.782750
48.619491,461061,111762,13:09:52.782750
48.621347,461035,111865,13:09:52.782750
48.623205,461884,112359,13:09:52.782750
48.625062,461966,112307,13:09:52.782750
48.626918,462837,112503,13:09:52.782750
48.628776,464101,112612,13:09:52.782750
48.630633,464646,112872,13:09:52.782750
48.632495,465893,113274,13:09:52.782750
48.634357,464927,113452,13:09:52.782750
48.63624,467632,113568,13:09:52.782750
48.63812,468156,113540,13:09:52.782750
48.639984,469550,113983,13:09:52.782750
48.641843,470591,114053,13:09:52.782750
48.643699,471778,114520,13:09:52.782750
48.645556,473001,115012,13:09:52.782750
48.647412,474113,115327,13:09:52.782750
48.649269,475356,115347,13:09:52.782750
48.651127,476749,115794,13:09:52.782750
48.652983,477896,116117,13:09:52.782750
48.654841,478923,115907,13:09:52.833477
48.65671,479834,116468,13:09:52.833477
48.65857,480691,116870,13:09:52.833477
48.660469,481650,116817,13:09:52.833477
48.662331,481917,117023,13:09:52.833477
48.664191,482876,117043,13:09:52.833477
48.666049,483408,117304,13:09:52.833477
48.667906,483762,117281,13:09:52.833477
48.669766,484286,117222,13:09:52.833477
48.671623,484607,117271,13:09:52.833477
48.673481,484154,117195,13:09:52.833477
48.675337,484809,117448,13:09:52.833477
48.677194,485082,117432,13:09:52.833477
48.679052,484476,117616,13:09:52.833477
48.680912,485172,117465,13:09:52.833477
48.682771,485248,117418,13:09:52.833477
48.684627,485376,117593,13:09:52.833477
48.686495,483461,117571,13:09:52.833477
48.688356,485470,117620,13:09:52.833477
48.690246,485404,117593,13:09:52.833477
48.692104,485945,117421,13:09:52.833477
48.693961,485676,117861,13:09:52.833477
48.695819,486031,117796,13:09:52.833477
48.697676,486133,117701,13:09:52.833477
48.699532,486683,117851,13:09:52.833477
48.70139,487221,117675,13:09:52.833477
48.703247,487463,118038,13:09:52.833477
48.705105,488003,118017,13:09:52.885297
48.706981,488239,118276,13:09:52.885297
48.708842,488441,118639,13:09:52.885297
48.710736,488536,118781,13:09:52.885297
48.712594,488718,118535,13:09:52.885297
48.714457,489122,118670,13:09:52.885297
48.716313,489676,118990,13:09:52.885297
48.71817,490442,118957,13:09:52.885297
48.720028,489613,118945,13:09:52.885297
48.721886,490817,119189,13:09:52.885297
48.723745,492276,119434,13:09:52.885297
48.725601,492098,119425,13:09:52.885297
48.727461,493264,119672,13:09:52.885297
48.72932,494053,119827,13:09:52.885297
48.731186,493962,119890,13:09:52.885297
48.733043,495180,119975,13:09:52.885297
48.734905,496291,120381,13:09:52.885297
48.736769,495586,120527,13:09:52.885297
48.738632,497899,120632,13:09:52.885297
48.740488,498138,120893,13:09:52.885297
48.742346,498675,120848,13:09:52.885297
48.744203,499483,121098,13:09:52.885297
48.746061,499578,121132,13:09:52.885297
48.747917,500116,121140,13:09:52.885297
48.749774,500365,121472,13:09:52.885297
48.75163,501223,121416,13:09:52.885297
48.753487,501857,121931,13:09:52.885297
48.755347,502677,121780,13:09:52.934139
48.757219,503567,122228,13:09:52.934139
48.759083,504468,122096,13:09:52.934139
48.760988,504807,122340,13:09:52.934139
48.762848,505924,122682,13:09:52.934139
48.764707,506586,122943,13:09:52.934139
48.766563,507808,123176,13:09:52.934139
48.768421,507625,123427,13:09:52.934139
48.770278,509139,123492,13:09:52.934139
48.772145,509777,123827,13:09:52.934139
48.774004,510466,124012,13:09:52.934139
48.775861,510344,124117,13:09:52.934139
48.777719,512013,124399,13:09:52.934139
48.779576,512595,124535,13:09:52.934139
48.781432,512707,124798,13:09:52.934139
48.78329,514156,124644,13:09:52.934139
48.785149,514296,125101,13:09:52.934139
48.787009,515197,125037,13:09:52.934139
48.788881,513418,125188,13:09:52.934139
48.79075,516856,125407,13:09:52.934139
48.792608,517446,125589,13:09:52.934139
48.794465,518212,125760,13:09:52.934139
48.796323,519124,125778,13:09:52.934139
48.798179,519949,126393,13:09:52.934139
48.800041,521088,126676,13:09:52.934139
48.801898,521865,126819,13:09:52.934139
48.803754,522723,126877,13:09:52.934139
48.805617,523830,126919,13:09:52.987842
48.807481,524555,127271,13:09:52.987842
48.809345,525549,127684,13:09:52.987842
48.811252,525626,127713,13:09:52.987842
48.813113,527046,127898,13:09:52.987842
48.81497,528076,128154,13:09:52.987842
48.816827,528559,128073,13:09:52.987842
48.818689,529604,128400,13:09:52.987842
48.820545,530375,128658,13:09:52.987842
48.822402,530838,128745,13:09:52.987842
48.824262,531263,129015,13:09:52.987842
48.82612,532500,129421,13:09:52.987842
48.827979,533314,129588,13:09:52.987842
48.829835,534071,129649,13:09:52.987842
48.831692,535649,129885,13:09:52.987842
48.833548,536445,130236,13:09:52.987842
48.835407,537483,130145,13:09:52.987842
48.837271,536919,130277,13:09:52.987842
48.839133,537108,130462,13:09:52.987842
48.841015,539514,130636,13:09:52.987842
48.842876,540040,130625,13:09:52.987842
48.844739,540856,130818,13:09:52.987842
48.846596,541478,131108,13:09:52.987842
48.848453,541901,131311,13:09:52.987842
48.850311,542136,131277,13:09:52.987842
48.852167,542442,131324,13:09:52.987842
48.854024,543012,131297,13:09:52.987842
48.855888,543279,131375,13:09:53.038363
48.857749,543179,131646,13:09:53.038363
48.859611,543648,131503,13:09:53.038363
48.861517,543471,131480,13:09:53.038363
48.863387,543676,131496,13:09:53.038363
48.865244,543818,131941,13:09:53.038363
48.8671,544155,131719,13:09:53.038363
48.868959,544368,131617,13:09:53.042825
48.870815,544425,131866,13:09:53.042825
48.872671,544980,132051,13:09:53.042825
48.87453,545387,132172,13:09:53.042825
48.876386,545220,132231,13:09:53.042825
48.878242,545692,132260,13:09:53.042825
48.880099,546160,132584,13:09:53.042825
48.881965,547359,132783,13:09:53.042825
48.883822,547708,132738,13:09:53.042825
48.885678,547486,132805,13:09:53.042825
48.887536,548135,132961,13:09:53.042825
48.889393,548818,133192,13:09:53.042825
48.891249,547301,133280,13:09:53.042825
48.893107,550536,133678,13:09:53.042825
48.894964,551029,133483,13:09:53.042825
48.896822,551359,133926,13:09:53.042825
48.898685,552056,133895,13:09:53.042825
48.900543,552643,133961,13:09:53.042825
48.902399,553522,134138,13:09:53.042825
48.904258,554380,134423,13:09:53.042825
48.906124,554882,134713,13:09:53.089325
48.907984,555635,134619,13:09:53.089325
48.90986,556691,135027,13:09:53.089325
48.911769,556947,134972,13:09:53.089325
48.913625,558494,135601,13:09:53.089325
48.915483,559241,135762,13:09:53.089325
48.917342,560192,135925,13:09:53.089325
48.9192,560508,136207,13:09:53.089325
48.921058,561777,136215,13:09:53.089325
48.922925,563264,136688,13:09:53.089325
48.924783,564130,136553,13:09:53.089325
48.926639,564051,136959,13:09:53.089325
48.928498,565628,137120,13:09:53.089325
48.930354,566077,137393,13:09:53.089325
48.932213,566962,137445,13:09:53.089325
48.934069,567636,137844,13:09:53.089325
48.935925,568058,137650,13:09:53.089325
48.937784,568284,137946,13:09:53.089325
48.939645,568594,137983,13:09:53.089325
48.941534,569281,137987,13:09:53.089325
48.943399,568820,138059,13:09:53.089325
48.945255,569798,138188,13:09:53.089325
48.947115,569898,138305,13:09:53.089325
48.948973,569994,138263,13:09:53.089325
48.95083,570029,138274,13:09:53.089325
48.952687,570037,138110,13:09:53.089325
48.954551,570135,138090,13:09:53.089325
48.956417,570120,138136,13:09:53.106330
48.95828,570264,138093,13:09:53.106330
48.960172,570528,138033,13:09:53.106330
48.962056,570424,138318,13:09:53.106330
48.963915,570787,138501,13:09:53.106330
48.965773,571116,138444,13:09:53.106330
48.967629,571668,138625,13:09:53.106330
48.969486,572310,138946,13:09:53.106330
48.971342,572497,138991,13:09:53.106330
48.973206,572353,138844,13:09:53.106330
48.975063,573731,139138,13:09:53.106330
48.976919,573196,139307,13:09:53.106330
48.978777,573493,139479,13:09:53.106330
48.980634,574697,139116,13:09:53.106330
48.982492,575080,139354,13:09:53.106330
48.984349,575522,139606,13:09:53.106330
48.986205,575537,139599,13:09:53.106330
48.988063,576668,140133,13:09:53.106330
48.989927,577319,139982,13:09:53.106330
48.991785,578324,140332,13:09:53.106330
48.993666,575923,140694,13:09:53.106330
48.995529,579786,140886,13:09:53.106330
48.997387,580726,140569,13:09:53.106330
48.999251,581373,141088,13:09:53.106330
49.001108,582417,141051,13:09:53.106330
49.002964,583254,141658,13:09:53.106330
49.004823,584083,141475,13:09:53.156487
49.006687,584665,141889,13:09:53.156487
49.008547,585645,141945,13:09:53.156487
49.010454,586606,142264,13:09:53.158504
49.012334,587632,142790,13:09:53.158504
49.01419,588252,142623,13:09:53.158504
49.016048,589245,142901,13:09:53.158504
49.017908,590218,143250,13:09:53.158504
49.019767,590682,143136,13:09:53.158504
49.021624,591421,143426,13:09:53.158504
49.02349,592226,143527,13:09:53.158504
49.025346,592800,143981,13:09:53.158504
49.027203,593067,143714,13:09:53.158504
49.029061,593942,143964,13:09:53.158504
49.030917,594262,144147,13:09:53.158504
49.032774,594812,144215,13:09:53.158504
49.03463,595091,144178,13:09:53.158504
49.036487,595431,144435,13:09:53.158504
49.038343,595799,144256,13:09:53.158504
49.0402,596008,144468,13:09:53.158504
49.042066,596403,144491,13:09:53.158504
49.043922,596518,144519,13:09:53.158504
49.04578,596671,144417,13:09:53.158504
49.047641,596761,144498,13:09:53.158504
49.049497,596749,144651,13:09:53.158504
49.051355,596791,144524,13:09:53.158504
49.053212,597280,144795,13:09:53.158504
49.05507,597247,144888,13:09:53.207080
49.056943,597672,144693,13:09:53.207080
49.058803,597744,144828,13:09:53.207080
49.060717,597883,144878,13:09:53.207080
49.062577,598140,144924,13:09:53.207080
49.06444,598116,144955,13:09:53.207080
49.066296,598419,145011,13:09:53.207080
49.068153,598668,145045,13:09:53.207080
49.070011,598435,145185,13:09:53.207080
49.071869,598963,145147,13:09:53.207080
49.073728,599342,145310,13:09:53.207080
49.075584,599491,145240,13:09:53.207080
49.077444,599769,145346,13:09:53.207080
49.079303,599971,145395,13:09:53.207080
49.081169,600459,145225,13:09:53.207080
49.083025,600796,145567,13:09:53.207080
49.084882,600867,145285,13:09:53.207080
49.08674,601672,146001,13:09:53.207080
49.088597,602136,146209,13:09:53.207080
49.090453,602119,146014,13:09:53.207080
49.092311,602956,145836,13:09:53.207080
49.094168,602974,146165,13:09:53.207080
49.096026,603688,146396,13:09:53.207080
49.097882,604116,146460,13:09:53.207080
49.099747,604705,146585,13:09:53.207080
49.101603,605166,146726,13:09:53.207080
49.10346,605768,146984,13:09:53.207080
49.105318,606032,147149,13:09:53.256616
49.107182,606537,147012,13:09:53.256616
49.109043,606837,147196,13:09:53.256616
49.110971,607583,147285,13:09:53.256616
49.112829,607961,147151,13:09:53.256616
49.114687,608240,147784,13:09:53.256616
49.116544,608944,147755,13:09:53.256616
49.118404,609027,147568,13:09:53.256616
49.120262,609710,147955,13:09:53.256616
49.122128,610004,147914,13:09:53.256616
49.123985,610246,148085,13:09:53.256616
49.125844,610653,147884,13:09:53.256616
49.127702,611128,148180,13:09:53.256616
49.129558,611447,148126,13:09:53.256616
49.131415,611465,148056,13:09:53.256616
49.133273,611738,148389,13:09:53.257603
49.135129,612164,148383,13:09:53.257603
49.136988,612666,148410,13:09:53.257603
49.138844,612490,148652,13:09:53.257603
49.140707,612546,148444,13:09:53.257603
49.142564,612651,148556,13:09:53.257603
49.144426,612708,148507,13:09:53.257603
49.146288,612993,148773,13:09:53.257603
49.148144,612702,148404,13:09:53.257603
49.150002,612520,148377,13:09:53.257603
49.151859,612258,148700,13:09:53.257603
49.153715,612669,148562,13:09:53.257603
49.155587,612163,148530,13:09:53.306423
49.15746,612631,148404,13:09:53.306423
49.15932,612721,148527,13:09:53.306423
49.16123,612893,148604,13:09:53.306423
49.16315,613407,148870,13:09:53.306423
49.165017,614336,148967,13:09:53.306423
49.166875,614818,149207,13:09:53.306423
49.168735,615747,149419,13:09:53.306423
49.170596,616952,149477,13:09:53.306423
49.172452,617738,149718,13:09:53.306423
49.174311,618891,150018,13:09:53.306423
49.176167,620301,150496,13:09:53.306423
49.178023,621353,150555,13:09:53.306423
49.179882,622315,151002,13:09:53.306423
49.181744,623769,151059,13:09:53.306423
49.183602,624483,151403,13:09:53.306423
49.185459,625826,151887,13:09:53.306423
49.187325,626543,152026,13:09:53.306423
49.189181,627561,152198,13:09:53.306423
49.191038,628699,152583,13:09:53.306423
49.192896,629390,152819,13:09:53.306423
49.194753,630532,153082,13:09:53.306423
49.196611,631230,153160,13:09:53.306423
49.198467,631839,153027,13:09:53.306423
49.200324,632479,153451,13:09:53.306423
49.202182,633146,153534,13:09:53.306423
49.204046,633814,153632,13:09:53.306423
49.205919,634788,153666,13:09:53.359678
49.207779,635256,153937,13:09:53.359678
49.209649,635959,154105,13:09:53.359678
49.21154,636568,154187,13:09:53.359678
49.213396,636983,154225,13:09:53.359678
49.215254,637242,154498,13:09:53.359678
49.217111,637731,154689,13:09:53.359678
49.218969,637886,154576,13:09:53.359678
49.220828,638016,154721,13:09:53.359678
49.222694,637654,154777,13:09:53.359678
49.22455,637946,154685,13:09:53.359678
49.226407,637933,154406,13:09:53.359678
49.228265,637630,154376,13:09:53.359678
49.230122,637714,154377,13:09:53.359678
49.231978,637485,154406,13:09:53.359678
49.233836,637063,154505,13:09:53.359678
49.235693,636895,154635,13:09:53.359678
49.237551,636728,154469,13:09:53.359678
49.239407,636747,154226,13:09:53.359678
49.241272,636585,154214,13:09:53.359678
49.243128,636471,154279,13:09:53.359678
49.244985,637040,154258,13:09:53.359678
49.246845,636940,154520,13:09:53.359678
49.248701,637074,154274,13:09:53.359678
49.25056,637211,154545,13:09:53.359678
49.252416,637498,154587,13:09:53.359678
49.254272,638139,154635,13:09:53.360667
49.256141,638294,154755,13:09:53.406453
49.258001,638590,154803,13:09:53.406453
49.259873,639173,155080,13:09:53.406453
49.261782,639598,154782,13:09:53.406453
49.26364,640079,155097,13:09:53.406453
49.265502,640673,155260,13:09:53.406453
49.267359,641096,155384,13:09:53.406453
49.269217,641664,155455,13:09:53.406453
49.271074,642294,155542,13:09:53.406453
49.27293,642717,155552,13:09:53.406453
49.274788,643489,155943,13:09:53.406453
49.276649,643575,155894,13:09:53.406453
49.278507,644578,156278,13:09:53.407465
49.280363,645132,156515,13:09:53.407465
49.282224,645843,156744,13:09:53.407465
49.28408,646730,156725,13:09:53.407465
49.285937,647721,156830,13:09:53.407465
49.287795,648454,157157,13:09:53.407465
49.289651,649289,157282,13:09:53.407465
49.29151,650030,157694,13:09:53.407465
49.293366,650926,157609,13:09:53.409461
49.295226,651513,158150,13:09:53.409461
49.297085,652604,158014,13:09:53.409461
49.298946,653263,158383,13:09:53.409461
49.300805,653802,158605,13:09:53.409461
49.302662,654775,158757,13:09:53.410460
49.30452,655443,158842,13:09:53.410460
49.306393,655897,159056,13:09:53.456446
49.308253,656476,159246,13:09:53.456446
49.310135,656844,159216,13:09:53.457454
49.312011,657451,159337,13:09:53.457454
49.313876,657968,159218,13:09:53.457454
49.315732,658511,159461,13:09:53.457454
49.317589,658845,159637,13:09:53.457454
49.319449,659225,159935,13:09:53.457454
49.321307,659722,159875,13:09:53.457454
49.323166,660298,160192,13:09:53.457454
49.325022,660320,159824,13:09:53.457454
49.326878,660844,159820,13:09:53.457454
49.328737,660961,160205,13:09:53.457454
49.330595,661260,160346,13:09:53.457454
49.332454,661093,160081,13:09:53.457454
49.33431,661161,160254,13:09:53.457454
49.336176,661528,160071,13:09:53.457454
49.338033,661237,160059,13:09:53.457454
49.339889,661058,160202,13:09:53.457454
49.341747,661193,160228,13:09:53.457454
49.343604,661180,159895,13:09:53.457454
49.345462,660638,159917,13:09:53.457454
49.347319,660526,159998,13:09:53.457454
49.349177,660402,159980,13:09:53.457454
49.351033,659957,160117,13:09:53.457454
49.352897,659834,159725,13:09:53.457454
49.354756,659420,159753,13:09:53.506075
49.35662,658993,159652,13:09:53.506075
49.358483,658744,159446,13:09:53.506075
49.36038,658089,159405,13:09:53.506075
49.362291,657922,159161,13:09:53.506075
49.36415,657676,159323,13:09:53.507071
49.366006,657240,159330,13:09:53.507071
49.367864,657139,159082,13:09:53.507071
49.369723,657169,159103,13:09:53.507071
49.371579,656742,159086,13:09:53.507071
49.373437,656620,158885,13:09:53.507071
49.375294,656329,158994,13:09:53.507071
49.37715,655637,158798,13:09:53.507071
49.379008,655497,158987,13:09:53.507071
49.380869,655618,159003,13:09:53.507071
49.382725,655596,158869,13:09:53.507071
49.384582,654998,158593,13:09:53.507071
49.38644,655352,158866,13:09:53.507071
49.388296,655526,158876,13:09:53.507071
49.390153,655184,158520,13:09:53.507071
49.392011,655206,158898,13:09:53.507071
49.393869,655786,158778,13:09:53.507071
49.395728,655566,159057,13:09:53.507071
49.397584,655843,159220,13:09:53.507071
49.399449,656340,158951,13:09:53.507071
49.401307,656122,158920,13:09:53.507071
49.403162,656589,159145,13:09:53.507071
49.405022,656894,159421,13:09:53.556297
49.406908,657269,159361,13:09:53.556297
49.40877,657656,159449,13:09:53.556297
49.410682,657673,159393,13:09:53.556297
49.412541,658114,159757,13:09:53.556297
49.414399,658681,159653,13:09:53.556297
49.416256,659323,159675,13:09:53.556297
49.418112,659798,159709,13:09:53.556297
49.419968,660125,160215,13:09:53.556297
49.421828,660391,159989,13:09:53.556297
49.423685,660894,160501,13:09:53.556297
49.425541,661331,160210,13:09:53.556297
49.4274,661168,160205,13:09:53.556297
49.429256,661613,160228,13:09:53.556297
49.431113,661425,160402,13:09:53.556297
49.432969,661741,160147,13:09:53.556297
49.434825,661390,160111,13:09:53.556297
49.436682,661540,160360,13:09:53.556297
49.438538,661216,160450,13:09:53.556297
49.4404,661175,160243,13:09:53.556297
49.442257,660899,160227,13:09:53.556297
49.444113,661204,160398,13:09:53.556297
49.445972,660854,160394,13:09:53.556297
49.447828,661250,160183,13:09:53.556297
49.449687,661185,160187,13:09:53.556297
49.451545,661074,160132,13:09:53.556297
49.453403,660787,160344,13:09:53.556297
49.455259,660664,160287,13:09:53.609371
49.457124,660741,160110,13:09:53.609371
49.458984,660393,160114,13:09:53.609371
49.46091,659639,159915,13:09:53.609371
49.462787,660047,160211,13:09:53.609371
49.464643,659350,159741,13:09:53.609371
49.466499,659069,159765,13:09:53.609371
49.468358,658940,159689,13:09:53.609371
49.470214,658717,159645,13:09:53.609371
49.47207,658745,159841,13:09:53.609371
49.473929,658460,159528,13:09:53.609371
49.475785,658587,159679,13:09:53.609371
49.477642,658414,159826,13:09:53.609371
49.479498,658628,159574,13:09:53.609371
49.481364,658745,159764,13:09:53.609371
49.483221,658798,160021,13:09:53.609371
49.485077,659188,159827,13:09:53.609371
49.486935,659416,159681,13:09:53.609371
49.488794,659332,159828,13:09:53.609371
49.490652,659651,159726,13:09:53.609371
49.492509,659666,160059,13:09:53.609371
49.494365,660062,160146,13:09:53.609371
49.496221,660504,160141,13:09:53.609371
49.498085,661156,160280,13:09:53.609371
49.499942,661761,160306,13:09:53.609371
49.501802,662412,160474,13:09:53.609371
49.503667,663040,160699,13:09:53.610323
49.505527,663389,161073,13:09:53.658105
49.507393,664074,161163,13:09:53.658105
49.509252,665283,161320,13:09:53.658105
49.511164,665374,161493,13:09:53.658105
49.51302,665927,161571,13:09:53.658105
49.514877,666526,161368,13:09:53.658105
49.516734,666605,161427,13:09:53.658105
49.518592,667404,162084,13:09:53.659095
49.520449,666834,161362,13:09:53.659095
49.522306,666019,161536,13:09:53.659095
49.524163,667003,162027,13:09:53.659095
49.526019,667489,161461,13:09:53.659095
49.527877,667771,161811,13:09:53.659095
49.529734,667891,162027,13:09:53.659095
49.53159,666562,160805,13:09:53.659095
49.533449,666679,161813,13:09:53.659095
49.535311,668950,162405,13:09:53.659095
49.537167,669484,162290,13:09:53.659095
49.539024,668660,162157,13:09:53.659095
49.540882,669238,162342,13:09:53.659095
49.542738,669864,162446,13:09:53.659095
49.544595,669823,162213,13:09:53.659095
49.546451,670182,162517,13:09:53.659095
49.548308,670856,162469,13:09:53.659095
49.550164,670234,162374,13:09:53.659095
49.55202,670251,162305,13:09:53.659095
49.553885,670423,162554,13:09:53.659095
49.555751,670261,162488,13:09:53.707115
49.557613,670686,162384,13:09:53.707115
49.559481,670858,162415,13:09:53.707115
49.561385,670581,162341,13:09:53.707115
49.563274,670433,162295,13:09:53.707115
49.565131,670090,162239,13:09:53.707115
49.566987,670038,162367,13:09:53.707115
49.568845,670322,162325,13:09:53.707115
49.570702,670416,162329,13:09:53.707115
49.57256,670185,162465,13:09:53.707115
49.574416,670368,162659,13:09:53.707115
49.576279,670226,162356,13:09:53.707115
49.578137,670127,162282,13:09:53.707115
49.580003,669849,162193,13:09:53.707115
49.581862,669542,162124,13:09:53.707115
49.583718,669205,162001,13:09:53.707115
49.585577,669204,162471,13:09:53.707115
49.587433,668525,161817,13:09:53.707115
49.589289,668197,161637,13:09:53.707115
49.591148,668276,161802,13:09:53.707115
49.593004,668041,161538,13:09:53.707115
49.594862,667881,161619,13:09:53.707115
49.596719,667696,161670,13:09:53.707115
49.598581,667251,161627,13:09:53.707115
49.60044,667189,161464,13:09:53.707115
49.602296,667238,161610,13:09:53.707115
49.604154,666989,161832,13:09:53.707115
49.606025,666793,161544,13:09:53.760180
49.607905,666701,161731,13:09:53.760180
49.609769,666337,161287,13:09:53.760180
49.611677,665937,161642,13:09:53.760180
49.613538,666490,161416,13:09:53.760180
49.615394,666686,161364,13:09:53.760180
49.617251,666929,161511,13:09:53.760180
49.619109,666701,161516,13:09:53.760180
49.620967,666796,161583,13:09:53.760180
49.622826,667001,161865,13:09:53.760180
49.624682,667177,161718,13:09:53.760180
49.626545,667412,161584,13:09:53.760180
49.628401,667270,161535,13:09:53.760180
49.630257,667408,161683,13:09:53.760180
49.632116,667840,161877,13:09:53.760180
49.633972,667939,161874,13:09:53.760180
49.63583,668230,162105,13:09:53.760180
49.637687,668146,162221,13:09:53.760180
49.639549,668454,161940,13:09:53.760180
49.641408,669004,162177,13:09:53.760180
49.643273,669142,161980,13:09:53.760180
49.64513,669361,162242,13:09:53.760180
49.646987,669255,162078,13:09:53.760180
49.648845,669447,162274,13:09:53.760180
49.650701,669730,162290,13:09:53.760180
49.652558,669719,162263,13:09:53.760180
49.654414,669745,162250,13:09:53.760180
49.656284,669838,162361,13:09:53.806141
49.658157,669816,162435,13:09:53.806141
49.660018,669821,162290,13:09:53.806141
49.661935,670162,162281,13:09:53.806141
49.663797,670165,162351,13:09:53.806141
49.665656,669807,162161,13:09:53.806141
49.667512,669908,162361,13:09:53.806141
49.669369,669840,162155,13:09:53.806141
49.671225,669836,162236,13:09:53.806141
49.673084,669200,162073,13:09:53.806141
49.67494,669635,162221,13:09:53.806141
49.6768,669520,162147,13:09:53.806141
49.678657,669767,162358,13:09:53.806141
49.680513,669862,162341,13:09:53.806141
49.682373,669843,162202,13:09:53.806141
49.684232,670084,162352,13:09:53.806141
49.686088,669629,162103,13:09:53.806141
49.687945,669775,162270,13:09:53.806141
49.689805,669830,162617,13:09:53.806141
49.691661,669809,162296,13:09:53.807134
49.693518,669747,162456,13:09:53.807134
49.695378,669846,162156,13:09:53.807134
49.697234,669810,161999,13:09:53.807134
49.699093,669652,162168,13:09:53.807134
49.700949,669640,162334,13:09:53.807134
49.70281,669669,162562,13:09:53.807134
49.704666,669669,162559,13:09:53.856054
49.706542,670293,162298,13:09:53.856054
49.708403,670039,162215,13:09:53.856054
49.710312,670678,162580,13:09:53.856054
49.712213,670886,162481,13:09:53.856054
49.714071,671039,162714,13:09:53.856054
49.715928,671236,162519,13:09:53.856054
49.717794,671465,162729,13:09:53.856054
49.71965,671726,162835,13:09:53.856054
49.721507,672095,162974,13:09:53.856054
49.723365,672791,162769,13:09:53.856054
49.725222,673030,163166,13:09:53.856054
49.72708,673079,163041,13:09:53.856054
49.728936,673428,163093,13:09:53.856054
49.730795,673962,163093,13:09:53.856054
49.732653,674171,163314,13:09:53.856054
49.734515,674623,163545,13:09:53.856054
49.736374,675133,163338,13:09:53.856054
49.73823,675267,163595,13:09:53.856054
49.740088,675747,163572,13:09:53.856054
49.741945,675926,163703,13:09:53.856054
49.743803,676454,163802,13:09:53.856054
49.745662,676862,163860,13:09:53.856054
49.747518,676889,164093,13:09:53.856054
49.749378,677368,163982,13:09:53.856054
49.751235,677443,164205,13:09:53.856054
49.753093,677742,164458,13:09:53.856054
49.754949,678079,164092,13:09:53.909639
49.756817,678149,164246,13:09:53.909639
49.758678,678197,164233,13:09:53.909639
49.760594,678354,164092,13:09:53.909639
49.762453,678302,164283,13:09:53.909639
49.764319,678671,164225,13:09:53.909639
49.766199,678294,164130,13:09:53.909639
49.768058,678298,164106,13:09:53.909639
49.769914,678602,164239,13:09:53.909639
49.771772,678547,164325,13:09:53.909639
49.773631,678221,164270,13:09:53.909639
49.775487,678242,164282,13:09:53.909639
49.777345,678099,164023,13:09:53.909639
49.779202,678088,164185,13:09:53.909639
49.781064,677869,164154,13:09:53.909639
49.782921,677749,164190,13:09:53.909639
49.784777,677683,163868,13:09:53.909639
49.786635,677850,163861,13:09:53.909639
49.788492,677531,163983,13:09:53.909639
49.79035,677270,163880,13:09:53.909639
49.792206,677425,163996,13:09:53.909639
49.794063,677125,163791,13:09:53.909639
49.795921,677269,164035,13:09:53.909639
49.797785,676979,164112,13:09:53.909639
49.799642,676960,163815,13:09:53.909639
49.801498,676949,164065,13:09:53.909639
49.803357,677185,164070,13:09:53.909639
49.805213,676805,163760,13:09:53.958197
49.807081,677141,164076,13:09:53.958197
49.808942,677080,163916,13:09:53.958197
49.810834,676592,164048,13:09:53.958197
49.812716,676944,163845,13:09:53.958197
49.814575,676886,164087,13:09:53.958197
49.816433,676902,163802,13:09:53.958197
49.818289,676993,163938,13:09:53.958197
49.820146,676664,163791,13:09:53.958197
49.822004,676990,164044,13:09:53.958197
49.823861,676729,163947,13:09:53.958197
49.825717,676724,164041,13:09:53.958197
49.827575,676611,164004,13:09:53.958197
49.829432,676623,163830,13:09:53.958197
49.83129,676699,163861,13:09:53.958197
49.833146,676554,163827,13:09:53.958197
49.835011,675772,163620,13:09:53.958197
49.836869,674555,163089,13:09:53.958197
49.838726,675290,163836,13:09:53.958197
49.840584,675602,163387,13:09:53.958197
49.84244,674613,162879,13:09:53.958197
49.844299,674675,163602,13:09:53.958197
49.846155,675179,163881,13:09:53.958197
49.848011,674161,162739,13:09:53.958197
49.84987,674031,163369,13:09:53.958197
49.851731,674338,163424,13:09:53.958197
49.853588,673858,162844,13:09:53.958197
49.855451,673510,163284,13:09:54.009380
49.857321,674252,163490,13:09:54.009380
49.859181,674216,163250,13:09:54.009380
49.861088,674429,163361,13:09:54.009380
49.862958,674719,163900,13:09:54.009380
49.864838,675479,163567,13:09:54.009380
49.866695,675421,163468,13:09:54.009380
49.868553,676167,163940,13:09:54.009380
49.870409,677006,163938,13:09:54.009380
49.872268,677201,163957,13:09:54.009380
49.874124,677969,164168,13:09:54.009380
49.87598,678324,164405,13:09:54.009380
49.877837,678634,164207,13:09:54.009380
49.879703,679297,164680,13:09:54.009380
49.881559,679966,164699,13:09:54.009380
49.883416,680281,164825,13:09:54.009380
49.885274,680550,164746,13:09:54.009380
49.887131,680788,164980,13:09:54.009380
49.888987,681166,165095,13:09:54.009380
49.890845,681210,164937,13:09:54.009380
49.892702,681594,165132,13:09:54.009380
49.89456,681491,165155,13:09:54.009380
49.896416,681766,164921,13:09:54.009380
49.898281,681652,164931,13:09:54.009380
49.900137,682081,164762,13:09:54.009380
49.901993,681651,164964,13:09:54.009380
49.903854,681776,165295,13:09:54.009380
49.905716,682230,165232,13:09:54.059304
49.907579,681931,164958,13:09:54.059304
49.90944,681430,164928,13:09:54.059304
49.911357,681637,165153,13:09:54.059304
49.913217,681301,164721,13:09:54.059304
49.915076,680972,164803,13:09:54.059304
49.916938,680623,164771,13:09:54.059304
49.918796,680257,164603,13:09:54.059304
49.920662,680021,164609,13:09:54.060324
49.922519,679426,164367,13:09:54.060324
49.924377,678993,164382,13:09:54.060324
49.926236,678392,164013,13:09:54.060324
49.928092,678166,163949,13:09:54.060324
49.929949,677457,164005,13:09:54.060324
49.931807,677093,163819,13:09:54.060324
49.933663,676544,163817,13:09:54.060324
49.935522,676454,163808,13:09:54.060324
49.937378,676346,163749,13:09:54.060324
49.93924,676300,163737,13:09:54.060324
49.941097,676047,163502,13:09:54.060324
49.942953,675910,163593,13:09:54.060324
49.944814,676368,163962,13:09:54.060324
49.94667,676461,163902,13:09:54.060324
49.948528,676847,163931,13:09:54.060324
49.950385,677510,163875,13:09:54.060324
49.952241,678002,164229,13:09:54.060324
49.954099,678297,164323,13:09:54.060324
49.955972,679234,164734,13:09:54.113971
49.957834,679809,164718,13:09:54.113971
49.959698,680866,164869,13:09:54.113971
49.961597,681560,165137,13:09:54.113971
49.96346,682597,165307,13:09:54.113971
49.965351,683344,165544,13:09:54.113971
49.967212,684654,165827,13:09:54.113971
49.96907,685083,165755,13:09:54.113971
49.970927,685849,165963,13:09:54.113971
49.972785,687120,166490,13:09:54.113971
49.974641,687603,166103,13:09:54.113971
49.976499,688335,166475,13:09:54.113971
49.978356,689255,166884,13:09:54.113971
49.980212,689922,166913,13:09:54.113971
49.982069,690628,167201,13:09:54.113971
49.983932,691545,167483,13:09:54.113971
49.985789,692297,167473,13:09:54.113971
49.987646,693143,167552,13:09:54.113971
49.989504,693930,168036,13:09:54.113971
49.99136,694521,168222,13:09:54.113971
49.993217,695264,168313,13:09:54.113971
49.995073,695874,168306,13:09:54.113971
49.99693,696429,168289,13:09:54.113971
49.998786,697024,168574,13:09:54.113971
50.000642,697508,168500,13:09:54.113971
50.002503,697984,168853,13:09:54.113971
50.004359,698370,169080,13:09:54.113971
50.006219,698667,168962,13:09:54.166944
50.00808,698886,169117,13:09:54.166944
50.00996,698820,169081,13:09:54.166944
50.011846,699066,169012,13:09:54.166944
50.013703,699129,169047,13:09:54.166944
50.015559,698900,169115,13:09:54.166944
50.017437,698465,169090,13:09:54.166944
50.019304,699183,169160,13:09:54.166944
50.021166,699304,169282,13:09:54.166944
50.023024,699276,169166,13:09:54.166944
50.024881,699358,169247,13:09:54.166944
50.026741,699506,169305,13:09:54.166944
50.028597,699360,169208,13:09:54.166944
50.030456,699311,169197,13:09:54.168334
50.032312,699183,169029,13:09:54.168334
50.034169,699261,169019,13:09:54.168334
50.036027,699124,169119,13:09:54.168334
50.037887,699055,168930,13:09:54.168334
50.039746,698915,168924,13:09:54.168334
50.041602,698645,168827,13:09:54.168334
50.043468,698775,169257,13:09:54.168334
50.045325,698577,169063,13:09:54.168334
50.047181,698617,168665,13:09:54.168334
50.049039,698213,168669,13:09:54.168334
50.050896,698130,169071,13:09:54.168334
50.052754,698368,168937,13:09:54.168334
50.054611,698190,169195,13:09:54.217746
50.056477,698112,168930,13:09:54.217746
50.058337,697976,168800,13:09:54.217746
50.060235,698182,168963,13:09:54.217746
50.06211,698306,168934,13:09:54.217746
50.063966,698197,168821,13:09:54.217746
50.065837,698240,169095,13:09:54.217746
50.0677,696874,169049,13:09:54.217746
50.069563,698422,169097,13:09:54.217746
50.071422,698911,169115,13:09:54.217746
50.073278,698929,168963,13:09:54.217746
50.075161,698913,168936,13:09:54.217746
50.077023,699114,169030,13:09:54.217746
50.078879,699315,169048,13:09:54.217746
50.080737,699481,169208,13:09:54.217746
50.082594,699623,169131,13:09:54.217746
50.08445,699887,169114,13:09:54.217746
50.086306,699976,169254,13:09:54.217746
50.088163,700310,169573,13:09:54.217746
50.090019,700446,169523,13:09:54.217746
50.091876,701064,169448,13:09:54.217746
50.093734,701218,169605,13:09:54.217746
50.09559,701596,169926,13:09:54.217746
50.097449,701930,169721,13:09:54.217746
50.099307,702148,169629,13:09:54.217746
50.101163,702327,170045,13:09:54.217746
50.103022,702780,169909,13:09:54.217746
50.104878,703328,169916,13:09:54.266065
50.106754,703247,170146,13:09:54.266065
50.108615,703730,170270,13:09:54.266065
50.110525,703739,170417,13:09:54.266065
50.112385,703819,170261,13:09:54.266065
50.114242,703806,170113,13:09:54.266065
50.116098,704047,170489,13:09:54.266065
50.117956,703925,170186,13:09:54.266065
50.119813,701887,170121,13:09:54.266065
50.121671,703852,170239,13:09:54.266065
50.123527,704152,170071,13:09:54.266065
50.125388,703870,170353,13:09:54.266065
50.127244,703684,170455,13:09:54.266065
50.129101,704097,170508,13:09:54.266065
50.130959,704136,170280,13:09:54.266065
50.132815,703954,170096,13:09:54.266065
50.134674,704447,170288,13:09:54.266065
50.13653,704570,170253,13:09:54.266065
50.138386,704564,170281,13:09:54.266065
50.140245,704586,170274,13:09:54.266065
50.142107,704883,170548,13:09:54.266065
50.143963,704903,170597,13:09:54.266065
50.14582,705086,170761,13:09:54.266065
50.147678,705445,170552,13:09:54.266065
50.149535,705541,170596,13:09:54.266065
50.151391,705630,170763,13:09:54.267083
50.153249,705942,170450,13:09:54.267083
50.155106,706117,170985,13:09:54.317377
50.156976,706192,170824,13:09:54.317377
50.158836,706438,170894,13:09:54.317377
50.160731,706547,170819,13:09:54.317377
50.162593,706572,171055,13:09:54.317377
50.164449,706945,171143,13:09:54.317377
50.166306,707233,171137,13:09:54.317377
50.168168,707704,171107,13:09:54.317377
50.170048,705643,171001,13:09:54.317377
50.171913,708253,171283,13:09:54.317377
50.173773,708437,171373,13:09:54.317377
50.175633,708785,171741,13:09:54.317377
50.17749,709070,171492,13:09:54.317377
50.179346,709182,171458,13:09:54.317377
50.181204,709615,171398,13:09:54.317377
50.183066,709314,171644,13:09:54.317377
50.184923,709682,171715,13:09:54.317377
50.186782,709936,171636,13:09:54.317377
50.18864,709885,171540,13:09:54.317377
50.190496,710104,171608,13:09:54.317377
50.192353,710033,171874,13:09:54.317377
50.194211,710380,171954,13:09:54.317377
50.196067,710172,171913,13:09:54.317377
50.197926,709924,171478,13:09:54.317377
50.199784,710125,171620,13:09:54.317377
50.201644,709991,171749,13:09:54.317377
50.203501,709903,171371,13:09:54.317377
50.205357,709435,171733,13:09:54.370024
50.207228,709197,171734,13:09:54.370024
50.209088,709294,171274,13:09:54.370024
50.211006,708986,171408,13:09:54.370024
50.212866,708863,171425,13:09:54.370024
50.214727,708271,171150,13:09:54.370024
50.216585,708543,171328,13:09:54.370024
50.218442,708405,171196,13:09:54.370024
50.2203,707895,170978,13:09:54.370024
50.222162,707472,171189,13:09:54.370024
50.224042,707344,171142,13:09:54.370024
50.225901,707185,171068,13:09:54.370024
50.227757,707088,170987,13:09:54.370024
50.229616,706604,171037,13:09:54.370024
50.231472,706562,170659,13:09:54.370024
50.233328,705957,171015,13:09:54.370024
50.235187,706226,170950,13:09:54.370024
50.237043,705832,170807,13:09:54.370024
50.238899,706091,170714,13:09:54.370024
50.240756,706011,170773,13:09:54.370024
50.242612,706050,170962,13:09:54.370024
50.244471,706168,170567,13:09:54.370024
50.246336,706147,170969,13:09:54.370024
50.248193,706187,170756,13:09:54.370024
50.25005,706571,170778,13:09:54.370024
50.251908,706707,171059,13:09:54.370024
50.253764,707043,171014,13:09:54.370024
50.255627,707296,171048,13:09:54.422297
50.257489,708068,171145,13:09:54.422297
50.259351,708005,171342,13:09:54.422297
50.261264,708040,171534,13:09:54.422297
50.263122,708906,171459,13:09:54.422297
50.264984,709639,171600,13:09:54.422297
50.266843,709923,171591,13:09:54.422297
50.268699,710094,171711,13:09:54.422297
50.270561,710173,171959,13:09:54.422297
50.27242,711400,171898,13:09:54.422297
50.274278,708878,172269,13:09:54.422297
50.27614,711970,172255,13:09:54.422297
50.277999,712419,172215,13:09:54.422297
50.279857,712688,172215,13:09:54.422297
50.281714,713061,172451,13:09:54.422297
50.28357,713322,172338,13:09:54.422297
50.285428,713321,172344,13:09:54.422297
50.287285,713456,172601,13:09:54.422297
50.289145,713578,172442,13:09:54.422297
50.291001,713451,172446,13:09:54.422297
50.29286,713734,172598,13:09:54.422297
50.294716,713451,172618,13:09:54.422297
50.296572,713755,172581,13:09:54.422297
50.298431,713611,172394,13:09:54.423296
50.300291,713454,172632,13:09:54.423296
50.30215,713352,172408,13:09:54.423296
50.304006,713338,172459,13:09:54.423296
50.305874,713469,172536,13:09:54.472951
50.307741,713096,172639,13:09:54.472951
50.309603,713357,172392,13:09:54.472951
50.311525,712953,172457,13:09:54.472951
50.313403,712607,172393,13:09:54.472951
50.315267,712262,172134,13:09:54.473951
50.317124,712133,172279,13:09:54.473951
50.31898,712014,172308,13:09:54.473951
50.320839,712156,172362,13:09:54.473951
50.322697,711017,172159,13:09:54.473951
50.324591,711815,172129,13:09:54.476951
50.326461,710350,172028,13:09:54.476951
50.328336,711622,172140,13:09:54.476951
50.330192,711520,171906,13:09:54.476951
50.332049,711617,171892,13:09:54.476951
50.333915,711372,171976,13:09:54.476951
50.335771,711385,171943,13:09:54.476951
50.337628,711136,172172,13:09:54.476951
50.339486,711520,172133,13:09:54.476951
50.341343,711539,172163,13:09:54.476951
50.343199,711789,172237,13:09:54.476951
50.345057,711833,172006,13:09:54.476951
50.346914,711813,172341,13:09:54.476951
50.348774,711907,172100,13:09:54.476951
50.35063,712269,172193,13:09:54.476951
50.352493,712479,172333,13:09:54.476951
50.354349,713150,172311,13:09:54.476951
50.356215,713374,172646,13:09:54.524755
50.358076,713471,172382,13:09:54.524755
50.359954,714012,172600,13:09:54.524755
50.36184,714066,173116,13:09:54.524755
50.363699,714157,172769,13:09:54.524755
50.365559,714238,172692,13:09:54.524755
50.367417,714825,173148,13:09:54.524755
50.369274,715673,173046,13:09:54.524755
50.37114,715854,173101,13:09:54.524755
50.373001,715399,173226,13:09:54.524755
50.374856,714014,173149,13:09:54.524755
50.376715,716654,173321,13:09:54.524755
50.378572,716764,173369,13:09:54.524755
50.380432,717333,173610,13:09:54.524755
50.382288,717305,173257,13:09:54.524755
50.384145,717197,173567,13:09:54.524755
50.386003,717685,173595,13:09:54.524755
50.387861,717591,173764,13:09:54.525754
50.389718,717663,173519,13:09:54.525754
50.391574,717335,173596,13:09:54.525754
50.393433,717351,173544,13:09:54.525754
50.395289,717310,173633,13:09:54.525754
50.397145,717277,173639,13:09:54.525754
50.399002,717103,173387,13:09:54.525754
50.400858,717108,173379,13:09:54.526755
50.402714,716957,173142,13:09:54.526755
50.404571,716953,173486,13:09:54.573734
50.406455,716674,173337,13:09:54.573734
50.408316,716450,173325,13:09:54.573734
50.410196,716098,173206,13:09:54.573734
50.412068,716108,173219,13:09:54.573734
50.413925,715627,173103,13:09:54.573734
50.415783,715949,172743,13:09:54.573734
50.417641,715238,172917,13:09:54.573734
50.419502,714351,172782,13:09:54.573734
50.421358,714620,172903,13:09:54.573734
50.423214,714749,172693,13:09:54.573734
50.425079,715028,172871,13:09:54.573734
50.426935,714781,172755,13:09:54.573734
50.428811,712439,172993,13:09:54.573734
50.430694,714491,172710,13:09:54.573734
50.43255,714331,172694,13:09:54.573734
50.43441,714415,172579,13:09:54.573734
50.436267,714209,172926,13:09:54.573734
50.438123,714386,172730,13:09:54.573734
50.439982,714337,172863,13:09:54.573734
50.441838,714160,172688,13:09:54.573734
50.443696,714393,172686,13:09:54.573734
50.445553,713969,172490,13:09:54.573734
50.447409,714518,172917,13:09:54.573734
50.449267,714669,172856,13:09:54.573734
50.451131,715025,172934,13:09:54.573734
50.452988,715096,172810,13:09:54.573734
50.454846,715243,173007,13:09:54.625798
50.456715,715435,172932,13:09:54.625798
50.458575,715582,173161,13:09:54.625798
50.460479,715984,172934,13:09:54.625798
50.462344,716302,173066,13:09:54.625798
50.464204,716691,173417,13:09:54.625798
50.46606,717004,173353,13:09:54.625798
50.467919,717080,173605,13:09:54.625798
50.469779,716809,173457,13:09:54.625798
50.471636,717389,173468,13:09:54.625798
50.473492,717497,173693,13:09:54.625798
50.475354,718033,173686,13:09:54.625798
50.477239,717973,174126,13:09:54.625798
50.479112,718916,173823,13:09:54.626797
50.480969,719284,174066,13:09:54.626797
50.482828,719472,174027,13:09:54.626797
50.484694,719539,173977,13:09:54.626797
50.48655,719796,174227,13:09:54.626797
50.488407,720231,174334,13:09:54.626797
50.490265,720184,174170,13:09:54.626797
50.492121,720430,174141,13:09:54.626797
50.49398,720427,174244,13:09:54.626797
50.495836,720546,174207,13:09:54.626797
50.497693,720686,174135,13:09:54.626797
50.499549,720276,174166,13:09:54.626797
50.501414,720559,174323,13:09:54.626797
50.503272,720463,174317,13:09:54.626797
50.505128,720528,174283,13:09:54.678754
50.507004,720669,174117,13:09:54.678754
50.508865,720433,174190,13:09:54.678754
50.510755,720048,174219,13:09:54.678754
50.512615,720238,174388,13:09:54.678754
50.514472,720377,174070,13:09:54.678754
50.516328,720191,174309,13:09:54.678754
50.518184,719929,173998,13:09:54.678754
50.520041,719333,173995,13:09:54.678754
50.521899,719259,174035,13:09:54.678754
50.523756,719450,173908,13:09:54.678754
50.525614,720179,174085,13:09:54.678754
50.52747,719903,174130,13:09:54.678754
50.529335,719408,174234,13:09:54.678754
50.531217,719660,173883,13:09:54.678754
50.533073,719625,174316,13:09:54.679753
50.534932,719286,173918,13:09:54.679753
50.536788,719488,174006,13:09:54.679753
50.538648,719407,174287,13:09:54.679753
50.540507,719241,173888,13:09:54.679753
50.542373,719253,173901,13:09:54.679753
50.544229,719392,174021,13:09:54.679753
50.546086,718830,174129,13:09:54.679753
50.547944,718471,173374,13:09:54.679753
50.549803,718600,173998,13:09:54.679753
50.551659,718811,173974,13:09:54.679753
50.553517,718783,173857,13:09:54.679753
50.555378,718784,173880,13:09:54.730424
50.557244,719083,174274,13:09:54.730424
50.559104,719167,173715,13:09:54.730424
50.561008,718877,174009,13:09:54.730424
50.562873,719398,173957,13:09:54.730424
50.564729,719254,174083,13:09:54.730424
50.566588,719545,174143,13:09:54.730424
50.568444,719243,174302,13:09:54.730424
50.570302,719345,173986,13:09:54.730424
50.572159,719940,174179,13:09:54.730424
50.574017,719763,174225,13:09:54.730424
50.575875,720027,174344,13:09:54.730424
50.57774,720291,174213,13:09:54.730424
50.579599,717804,174395,13:09:54.730424
50.581458,720569,174232,13:09:54.730424
50.583314,720801,174428,13:09:54.730424
50.585173,720894,174640,13:09:54.730424
50.587059,721079,174510,13:09:54.730424
50.588924,721137,174453,13:09:54.730424
50.590782,720924,174551,13:09:54.730424
50.592638,721128,174716,13:09:54.730424
50.594497,721566,174458,13:09:54.731416
50.596353,721435,174629,13:09:54.731416
50.598212,721668,174686,13:09:54.731416
50.600068,721647,174496,13:09:54.731416
50.601924,721506,174471,13:09:54.731416
50.603783,721402,174332,13:09:54.731416
50.60565,721821,174599,13:09:54.778086
50.607509,721413,174681,13:09:54.778086
50.609372,721475,174312,13:09:54.778086
50.611282,721336,174506,13:09:54.778086
50.61314,721526,174493,13:09:54.778086
50.614997,721539,174353,13:09:54.778086
50.616855,721032,174588,13:09:54.778086
50.618711,721036,174301,13:09:54.778086
50.620568,720334,174630,13:09:54.780091
50.622424,720272,174624,13:09:54.780091
50.624281,720901,174693,13:09:54.780091
50.626141,720443,174490,13:09:54.780091
50.627997,720330,174299,13:09:54.780091
50.629856,719959,174090,13:09:54.780091
50.631712,720709,174175,13:09:54.781092
50.63357,719945,174364,13:09:54.781092
50.635431,718552,174193,13:09:54.781092
50.637287,720263,173995,13:09:54.781092
50.639145,720007,173884,13:09:54.781092
50.641002,719906,174107,13:09:54.781092
50.64287,719663,174010,13:09:54.781092
50.644726,719512,174155,13:09:54.781092
50.646583,719577,174021,13:09:54.781092
50.648441,719452,173993,13:09:54.781092
50.650297,719212,173939,13:09:54.781092
50.652156,719067,174059,13:09:54.781092
50.654012,719171,174218,13:09:54.781092
50.655879,719062,173776,13:09:54.831688
50.657745,718993,173915,13:09:54.831688
50.659607,718639,173882,13:09:54.831688
50.661519,718698,173737,13:09:54.831688
50.663378,718749,174054,13:09:54.831688
50.665237,718370,174036,13:09:54.831688
50.667099,718625,174141,13:09:54.831688
50.668955,718359,174119,13:09:54.831688
50.670813,719176,173904,13:09:54.831688
50.672674,719185,173877,13:09:54.831688
50.67453,719026,173894,13:09:54.831688
50.676388,719048,173893,13:09:54.831688
50.678246,718674,174129,13:09:54.831688
50.680107,719482,174131,13:09:54.831688
50.681987,717478,174223,13:09:54.831688
50.683854,719523,174263,13:09:54.831688
50.685712,719860,174134,13:09:54.831688
50.68757,719989,174371,13:09:54.831688
50.689429,720069,174357,13:09:54.831688
50.691285,720467,174324,13:09:54.831688
50.693152,720394,174375,13:09:54.831688
50.695008,720665,174588,13:09:54.831688
50.696867,721069,174691,13:09:54.831688
50.698725,721155,174462,13:09:54.831688
50.700581,721404,175030,13:09:54.831688
50.702439,721338,174450,13:09:54.831688
50.704296,721816,174570,13:09:54.831688
50.70616,721781,174765,13:09:54.881373
50.708021,722096,174694,13:09:54.881373
50.709893,722153,174757,13:09:54.881373
50.711783,721953,174607,13:09:54.881373
50.713641,722561,174786,13:09:54.881373
50.715498,722717,174754,13:09:54.881373
50.717356,722819,174787,13:09:54.881373
50.719213,722399,174907,13:09:54.881373
50.721071,723390,175161,13:09:54.881373
50.722927,722731,175037,13:09:54.881373
50.724786,722887,174927,13:09:54.881373
50.726642,723516,175301,13:09:54.881373
50.728499,723243,175152,13:09:54.881373
50.730357,723561,175128,13:09:54.881373
50.732213,722810,175024,13:09:54.881373
50.734072,723551,175147,13:09:54.881373
50.735929,719668,174960,13:09:54.881373
50.737822,723329,175041,13:09:54.881373
50.739681,723388,175315,13:09:54.881373
50.741537,723280,174863,13:09:54.881373
50.743395,723497,175044,13:09:54.881373
50.745252,723026,174884,13:09:54.881373
50.747108,722910,174756,13:09:54.881373
50.748965,722616,175297,13:09:54.881373
50.750831,722761,175270,13:09:54.881373
50.752687,722400,175107,13:09:54.881373
50.754544,721923,174551,13:09:54.931875
50.756408,720671,174158,13:09:54.931875
50.758268,720920,174752,13:09:54.931875
50.760165,721113,174301,13:09:54.931875
50.762039,720537,174223,13:09:54.931875
50.763899,720287,174375,13:09:54.931875
50.765756,720022,174327,13:09:54.931875
50.767612,718843,174244,13:09:54.931875
50.769469,719225,174259,13:09:54.931875
50.771329,718811,174378,13:09:54.931875
50.773185,718345,174035,13:09:54.931875
50.775044,718608,173800,13:09:54.931875
50.7769,718410,174117,13:09:54.931875
50.778758,717299,173612,13:09:54.931875
50.780617,717601,173803,13:09:54.931875
50.782477,717572,173826,13:09:54.931875
50.784333,717310,173694,13:09:54.931875
50.786194,715890,173546,13:09:54.934885
50.788056,717069,173889,13:09:54.934885
50.789914,716887,173449,13:09:54.934885
50.791771,716651,173357,13:09:54.934885
50.793629,716737,173387,13:09:54.934885
50.795486,716728,173588,13:09:54.934885
50.797344,716514,173369,13:09:54.934885
50.7992,716609,173661,13:09:54.934885
50.801057,716663,173288,13:09:54.934885
50.802915,716586,173429,13:09:54.934885
50.804776,716653,173667,13:09:54.987524
50.806652,716898,173757,13:09:54.987524
50.808512,717107,173663,13:09:54.987524
50.810413,717162,173662,13:09:54.987524
50.812279,717084,173789,13:09:54.987524
50.814135,717138,173843,13:09:54.987524
50.815993,717445,174230,13:09:54.987524
50.81785,718042,173561,13:09:54.987524
50.819706,717600,173985,13:09:54.987524
50.821565,717756,174038,13:09:54.987524
50.823425,717623,174202,13:09:54.987524
50.825281,718797,173995,13:09:54.987524
50.827138,717628,173978,13:09:54.987524
50.828996,718484,174229,13:09:54.987524
50.830854,719128,174143,13:09:54.987524
50.832711,719356,174330,13:09:54.987524
50.834569,719681,174363,13:09:54.987524
50.836432,717045,174313,13:09:54.987524
50.838316,720302,174375,13:09:54.987524
50.840172,720584,174707,13:09:54.987524
50.842029,720749,174561,13:09:54.987524
50.843887,720979,174450,13:09:54.987524
50.845745,720618,174586,13:09:54.987524
50.847604,721057,174555,13:09:54.987524
50.84946,720858,174491,13:09:54.987524
50.851326,720835,174418,13:09:54.987524
50.853183,721104,174472,13:09:54.987524
50.855039,720658,174468,13:09:55.034456
50.856906,720728,174549,13:09:55.034456
50.858766,720616,174482,13:09:55.034456
50.860658,720397,174375,13:09:55.034456
50.862516,719874,174344,13:09:55.034456
50.864373,719841,174446,13:09:55.034456
50.866235,719461,174307,13:09:55.034456
50.868092,718812,173963,13:09:55.034456
50.86995,718540,174485,13:09:55.034456
50.871806,718269,174160,13:09:55.034456
50.873663,718226,174147,13:09:55.034456
50.875521,717857,174010,13:09:55.034456
50.87738,718098,174037,13:09:55.034456
50.879236,717597,173752,13:09:55.034456
50.881092,718057,173917,13:09:55.034456
50.882951,717301,173715,13:09:55.034456
50.88481,717759,173885,13:09:55.034456
50.886695,717150,173746,13:09:55.034456
50.888552,714502,173813,13:09:55.034456
50.890414,717114,173773,13:09:55.034456
50.892278,716952,173447,13:09:55.034456
50.894136,716631,173591,13:09:55.034456
50.896019,717201,173625,13:09:55.034456
50.897875,716811,173688,13:09:55.034456
50.899732,716605,173528,13:09:55.034456
50.90159,716673,173650,13:09:55.034456
50.903449,716661,173622,13:09:55.034456
50.905307,716727,173528,13:09:55.086870
50.907173,716817,173487,13:09:55.086870
50.909033,716663,173639,13:09:55.086870
50.910926,716449,173452,13:09:55.086870
50.912786,716664,173727,13:09:55.086870
50.914643,716734,173729,13:09:55.086870
50.916501,716787,173672,13:09:55.086870
50.918357,717286,173645,13:09:55.086870
50.920215,717122,173555,13:09:55.086870
50.922072,717152,173939,13:09:55.086870
50.92393,717286,174155,13:09:55.086870
50.925789,718527,174007,13:09:55.086870
50.927654,718540,173872,13:09:55.086870
50.929511,718641,174298,13:09:55.086870
50.931368,718442,174318,13:09:55.086870
50.933226,718685,174156,13:09:55.086870
50.935082,719326,174195,13:09:55.086870
50.936939,719413,174306,13:09:55.086870
50.938797,715720,174179,13:09:55.086870
50.940677,719722,174362,13:09:55.086870
50.942536,719889,174634,13:09:55.086870
50.944392,719894,174537,13:09:55.086870
50.946248,719563,174094,13:09:55.086870
50.948107,719997,174392,13:09:55.086870
50.94997,720026,174474,13:09:55.086870
50.951827,719813,174364,13:09:55.086870
50.953684,720070,174362,13:09:55.086870
50.955548,719867,174413,13:09:55.137364
50.957413,719804,174581,13:09:55.137364
50.959275,719935,174559,13:09:55.137364
50.961193,718993,174322,13:09:55.137364
50.963051,719433,174255,13:09:55.137364
50.964908,719334,173867,13:09:55.137364
50.966764,719264,174248,13:09:55.137364
50.968622,718579,174299,13:09:55.137364
50.970481,718818,174245,13:09:55.137364
50.972337,718700,174056,13:09:55.137364
50.974204,717654,173954,13:09:55.137364
50.976062,717498,174049,13:09:55.137364
50.977919,717327,173963,13:09:55.137364
50.979777,717032,173845,13:09:55.138291
50.981633,717508,173926,13:09:55.138291
50.983491,716609,173786,13:09:55.138291
50.985356,716417,173545,13:09:55.138291
50.987214,717104,173691,13:09:55.138291
50.989073,716644,174008,13:09:55.138291
50.990933,713895,173814,13:09:55.138291
50.992797,716909,173682,13:09:55.138291
50.994658,716601,173630,13:09:55.138291
50.996516,716554,173702,13:09:55.138291
50.998372,716665,173792,13:09:55.138291
51.000229,716467,173607,13:09:55.138291
51.002087,716287,173642,13:09:55.138291
51.003944,716358,173792,13:09:55.138291
51.005814,716392,173560,13:09:55.188532
51.007678,716341,173640,13:09:55.188532
51.009541,716616,173541,13:09:55.188532
51.011444,716234,173823,13:09:55.188532
51.013301,716783,173635,13:09:55.188532
51.015163,716595,173789,13:09:55.188532
51.017022,716751,173795,13:09:55.188532
51.018878,716956,173708,13:09:55.188532
51.020736,717072,173953,13:09:55.188532
51.022593,717356,173783,13:09:55.188532
51.024451,717017,173784,13:09:55.188532
51.026308,716981,173914,13:09:55.188532
51.028164,717130,173949,13:09:55.188532
51.030022,717342,173765,13:09:55.188532
51.031883,718360,173983,13:09:55.188532
51.033739,718422,174559,13:09:55.188532
51.035595,718749,174395,13:09:55.188532
51.037454,717995,174529,13:09:55.188532
51.039311,718843,174588,13:09:55.188532
51.041194,718335,174281,13:09:55.188532
51.043065,719388,174328,13:09:55.188532
51.044921,719508,174357,13:09:55.188532
51.046779,719411,174414,13:09:55.188532
51.048636,719574,174568,13:09:55.188532
51.050492,719719,174311,13:09:55.188532
51.052349,719560,174473,13:09:55.188532
51.054205,719776,174284,13:09:55.188532
51.056069,719558,174360,13:09:55.206702
51.05793,719667,174409,13:09:55.206702
51.059801,719784,174398,13:09:55.206702
51.061702,719318,174045,13:09:55.206702
51.063558,719312,174497,13:09:55.206702
51.065417,718600,174464,13:09:55.206702
51.067273,718935,174637,13:09:55.206702
51.06913,718487,174268,13:09:55.206702
51.070986,718097,174210,13:09:55.206702
51.072844,718193,174222,13:09:55.206702
51.074701,717829,174261,13:09:55.206702
51.076557,717787,174075,13:09:55.206702
51.078415,717302,173816,13:09:55.206702
51.080272,718196,174031,13:09:55.206702
51.082128,717190,174187,13:09:55.206702
51.083987,717625,174127,13:09:55.206702
51.085845,716769,173991,13:09:55.206702
51.087703,717292,174110,13:09:55.206702
51.089564,717205,174025,13:09:55.206702
51.091428,714287,174113,13:09:55.206702
51.093316,716998,173682,13:09:55.206702
51.095173,717108,173638,13:09:55.206702
51.097035,716965,173685,13:09:55.206702
51.098891,716779,173895,13:09:55.206702
51.100752,716420,173567,13:09:55.206702
51.102608,716610,173797,13:09:55.206702
51.104467,716607,173785,13:09:55.206702
51.106331,716574,173851,13:09:55.256974
51.108191,716669,173751,13:09:55.256974
51.110065,716824,173918,13:09:55.256974
51.111944,716891,173944,13:09:55.256974
51.11381,716846,173882,13:09:55.256974
51.115668,716732,173937,13:09:55.256974
51.117525,717093,173858,13:09:55.256974
51.119385,717024,173843,13:09:55.256974
51.121241,717399,173925,13:09:55.256974
51.123098,717465,174268,13:09:55.256974
51.124956,717606,174071,13:09:55.256974
51.126812,717834,174222,13:09:55.256974
51.128671,718112,174072,13:09:55.256974
51.130527,717981,173973,13:09:55.256974
51.132388,718239,174223,13:09:55.256974
51.134246,718616,174155,13:09:55.256974
51.136112,718751,174101,13:09:55.256974
51.137969,718543,174343,13:09:55.256974
51.139825,718845,174323,13:09:55.256974
51.141683,719062,174419,13:09:55.256974
51.14354,719048,174515,13:09:55.256974
51.145396,719264,174249,13:09:55.256974
51.147254,719266,174271,13:09:55.256974
51.149111,719281,174419,13:09:55.256974
51.150969,719700,174470,13:09:55.256974
51.152825,719724,174544,13:09:55.256974
51.15469,719548,174757,13:09:55.306888
51.156554,719617,174557,13:09:55.306888
51.158421,719589,174709,13:09:55.306888
51.160307,719665,174707,13:09:55.306888
51.162197,719374,174475,13:09:55.306888
51.164053,719351,174466,13:09:55.306888
51.165912,719241,174446,13:09:55.306888
51.167768,719140,174528,13:09:55.306888
51.169624,719194,174420,13:09:55.306888
51.171481,718804,174341,13:09:55.306888
51.173339,718864,174399,13:09:55.306888
51.175196,718815,174566,13:09:55.306888
51.177052,718501,174368,13:09:55.306888
51.17891,718522,174579,13:09:55.306888
51.180767,718191,174448,13:09:55.306888
51.182625,718034,174211,13:09:55.306888
51.184481,718135,174242,13:09:55.306888
51.186338,717722,174429,13:09:55.306888
51.188194,717766,174052,13:09:55.306888
51.190058,717560,174001,13:09:55.306888
51.191917,717370,174054,13:09:55.306888
51.193773,717468,173985,13:09:55.306888
51.195632,716921,173986,13:09:55.306888
51.197488,717149,173906,13:09:55.306888
51.199344,717062,174023,13:09:55.306888
51.201203,717076,173973,13:09:55.306888
51.203059,716740,173968,13:09:55.306888
51.204915,716670,173989,13:09:55.356829
51.206788,716679,174189,13:09:55.356829
51.208648,716720,173877,13:09:55.356829
51.210546,716929,173942,13:09:55.356829
51.212433,717001,174210,13:09:55.356829
51.214297,716795,174171,13:09:55.356829
51.216153,717137,173835,13:09:55.356829
51.21801,717067,173917,13:09:55.356829
51.21987,717267,174064,13:09:55.356829
51.221726,717134,174241,13:09:55.356829
51.223585,717325,174052,13:09:55.356829
51.225441,717519,174028,13:09:55.356829
51.227297,717515,174176,13:09:55.356829
51.229156,717948,174175,13:09:55.356829
51.231017,717810,174178,13:09:55.356829
51.232877,718073,174311,13:09:55.356829
51.234733,718275,174418,13:09:55.356829
51.236591,718424,174143,13:09:55.356829
51.238449,718667,174629,13:09:55.356829
51.240306,718815,174342,13:09:55.356829
51.242164,719028,174516,13:09:55.356829
51.244021,719105,174536,13:09:55.356829
51.245879,719039,174649,13:09:55.356829
51.247735,719305,174546,13:09:55.356829
51.249594,719162,174494,13:09:55.356829
51.251452,719267,174663,13:09:55.356829
51.253328,719352,174566,13:09:55.356829
51.255185,719451,174475,13:09:55.406333
51.257059,719349,174763,13:09:55.406333
51.25892,719331,174617,13:09:55.406333
51.260812,719296,174701,13:09:55.406333
51.262668,719283,174611,13:09:55.406333
51.264527,719372,174740,13:09:55.406333
51.266383,719337,174626,13:09:55.406333
51.268243,719354,174210,13:09:55.406333
51.2701,718961,174674,13:09:55.406333
51.271956,719253,174517,13:09:55.406333
51.273814,719095,174553,13:09:55.406333
51.275671,718740,174584,13:09:55.406333
51.277527,718568,174456,13:09:55.406333
51.279383,718565,174207,13:09:55.406333
51.28124,718584,174209,13:09:55.406333
51.283096,718507,174351,13:09:55.406333
51.284956,718033,174488,13:09:55.407338
51.286817,718083,174536,13:09:55.407338
51.288673,717980,174010,13:09:55.407338
51.290532,717713,174301,13:09:55.407338
51.292388,717563,174164,13:09:55.407338
51.294246,717702,174170,13:09:55.407338
51.296105,717399,173999,13:09:55.407338
51.297961,717263,174020,13:09:55.408340
51.299817,717251,173812,13:09:55.408340
51.301676,717051,174048,13:09:55.408340
51.30354,717129,173843,13:09:55.409338
51.305397,716914,174077,13:09:55.455704
51.307262,716908,174081,13:09:55.455704
51.309123,716965,174192,13:09:55.455704
51.311031,716979,173949,13:09:55.455704
51.312912,717276,174102,13:09:55.455704
51.31477,717021,174177,13:09:55.455704
51.316626,717193,174099,13:09:55.455704
51.318483,717232,174259,13:09:55.455704
51.320339,717664,174073,13:09:55.455704
51.322198,717568,174174,13:09:55.455704
51.324056,717516,174110,13:09:55.455704
51.325922,717802,174265,13:09:55.455704
51.327779,717821,174149,13:09:55.455704
51.329635,717623,174231,13:09:55.455704
51.331493,718266,174448,13:09:55.455704
51.33335,717710,174525,13:09:55.456697
51.335206,718399,174393,13:09:55.456697
51.337062,718322,174298,13:09:55.456697
51.338919,718406,174410,13:09:55.456697
51.340775,718497,174602,13:09:55.456697
51.342632,718538,174528,13:09:55.456697
51.344494,718891,174323,13:09:55.456697
51.34635,718956,174523,13:09:55.456697
51.348207,719245,174578,13:09:55.456697
51.350065,719211,175025,13:09:55.456697
51.351921,719203,174844,13:09:55.456697
51.35378,719391,174448,13:09:55.456697
51.355646,719306,174717,13:09:55.507061
51.357513,719363,174628,13:09:55.507061
51.359375,719418,174654,13:09:55.507061
51.361281,719093,174652,13:09:55.507061
51.363147,719343,174800,13:09:55.507061
51.365004,719437,174161,13:09:55.507061
51.36686,719702,174814,13:09:55.507061
51.368718,719030,174647,13:09:55.507061
51.370575,719105,174539,13:09:55.507061
51.372433,719245,174660,13:09:55.507061
51.37429,719107,174358,13:09:55.507061
51.376146,718906,174255,13:09:55.508069
51.378004,719010,174565,13:09:55.508069
51.379868,718750,174648,13:09:55.508069
51.381725,718726,174436,13:09:55.508069
51.383581,718415,174459,13:09:55.508069
51.38544,718196,174386,13:09:55.508069
51.387296,718448,174051,13:09:55.508069
51.389152,718317,174194,13:09:55.508069
51.391009,717980,174308,13:09:55.508069
51.392867,718069,174262,13:09:55.508069
51.394726,717866,174139,13:09:55.508069
51.396586,717777,174053,13:09:55.508069
51.398449,717725,174092,13:09:55.508069
51.400307,717551,174113,13:09:55.508069
51.402166,717436,174171,13:09:55.508069
51.404027,717643,174187,13:09:55.508069
51.40589,717371,174124,13:09:55.557405
51.407764,717095,174006,13:09:55.557405
51.409624,717183,173819,13:09:55.557405
51.411552,717188,174170,13:09:55.557405
51.41348,717269,174072,13:09:55.557405
51.415341,717289,174171,13:09:55.557405
51.417197,717155,174078,13:09:55.557405
51.419056,717359,174311,13:09:55.557405
51.420912,717429,174202,13:09:55.557405
51.42277,717897,174003,13:09:55.557405
51.424627,717459,174369,13:09:55.557405
51.426488,717757,174277,13:09:55.557405
51.428347,717958,174174,13:09:55.557405
51.430204,718259,174250,13:09:55.557405
51.432062,718026,174337,13:09:55.557405
51.433919,718232,174226,13:09:55.557405
51.435775,718231,174232,13:09:55.557405
51.437633,718449,174299,13:09:55.557405
51.43949,718674,174464,13:09:55.557405
51.441348,718614,174315,13:09:55.557405
51.443204,718665,174480,13:09:55.557405
51.445067,719071,174659,13:09:55.557405
51.446923,718922,174633,13:09:55.557405
51.448781,718917,174597,13:09:55.557405
51.45064,719029,174254,13:09:55.557405
51.452496,719275,174532,13:09:55.557405
51.454355,719404,174508,13:09:55.557405
51.456217,719427,174672,13:09:55.610948
51.458077,719160,174710,13:09:55.610948
51.459953,719381,174531,13:09:55.610948
51.461866,719701,174428,13:09:55.610948
51.463722,719261,174472,13:09:55.610948
51.465581,719664,174795,13:09:55.610948
51.467447,719412,174789,13:09:55.610948
51.469303,719340,174664,13:09:55.610948
51.47116,719346,174825,13:09:55.610948
51.473018,719270,174467,13:09:55.610948
51.474874,719102,174375,13:09:55.610948
51.476731,719076,174573,13:09:55.610948
51.478589,719346,174502,13:09:55.610948
51.480445,719057,174277,13:09:55.610948
51.482304,718830,174450,13:09:55.610948
51.48416,718843,174393,13:09:55.610948
51.486025,718637,174382,13:09:55.610948
51.487881,718504,174376,13:09:55.610948
51.489737,718089,174265,13:09:55.610948
51.491596,718456,174219,13:09:55.610948
51.493452,718115,174244,13:09:55.610948
51.49531,717933,174148,13:09:55.610948
51.497167,717775,174067,13:09:55.610948
51.499023,717951,174050,13:09:55.610948
51.500882,717771,174255,13:09:55.610948
51.502745,717956,173956,13:09:55.610948
51.504602,717598,174035,13:09:55.657018
51.506469,717659,174096,13:09:55.657018
51.508335,717506,173957,13:09:55.657018
51.510235,717692,174201,13:09:55.657018
51.512125,717429,173951,13:09:55.658033
51.513988,717447,173922,13:09:55.658033
51.515846,717597,174040,13:09:55.658033
51.517702,717470,173980,13:09:55.658033
51.519561,717498,174160,13:09:55.659024
51.521417,717635,174199,13:09:55.659024
51.523275,717698,174197,13:09:55.659024
51.525132,717809,174040,13:09:55.659024
51.526992,717710,174052,13:09:55.659024
51.528851,717876,174250,13:09:55.659024
51.530717,718101,174289,13:09:55.659024
51.532573,718044,174144,13:09:55.659024
51.53443,718201,174282,13:09:55.659024
51.536288,718515,174617,13:09:55.659024
51.538144,718514,174155,13:09:55.660024
51.540001,718528,174422,13:09:55.660024
51.541859,718695,173994,13:09:55.660024
51.543716,718767,174180,13:09:55.660024
51.545574,719050,174496,13:09:55.660024
51.54743,719076,174412,13:09:55.660024
51.549295,718992,174581,13:09:55.660024
51.551151,719179,174333,13:09:55.660024
51.553007,719240,174261,13:09:55.661024
51.554868,719249,174473,13:09:55.706139
51.556734,719259,174332,13:09:55.706139
51.558594,719287,174584,13:09:55.706139
51.560495,719512,174227,13:09:55.706139
51.562361,719258,174777,13:09:55.706139
51.564219,719530,174352,13:09:55.706139
51.566076,719399,174333,13:09:55.706139
51.567942,719485,174419,13:09:55.706139
51.569802,719399,174201,13:09:55.706139
51.571658,719093,174247,13:09:55.706139
51.573515,719356,174470,13:09:55.706139
51.575374,719225,174368,13:09:55.707142
51.577232,719090,174236,13:09:55.707142
51.579088,718990,174057,13:09:55.707142
51.580945,718823,174334,13:09:55.707142
51.582803,718817,174211,13:09:55.707142
51.584663,718766,174511,13:09:55.707142
51.58652,718738,174175,13:09:55.707142
51.588378,718706,174277,13:09:55.707142
51.590237,718688,174189,13:09:55.707142
51.592093,718389,174088,13:09:55.707142
51.593949,718353,174208,13:09:55.707142
51.595808,718055,174000,13:09:55.707142
51.597664,718238,174133,13:09:55.707142
51.599523,717941,174014,13:09:55.707142
51.601379,717867,174075,13:09:55.707142
51.603241,717980,173933,13:09:55.707142
51.605098,717953,174039,13:09:55.756512
51.606966,717658,174007,13:09:55.756512
51.60883,717801,174118,13:09:55.756512
51.610744,717424,173923,13:09:55.756512
51.612617,717714,174117,13:09:55.756512
51.614475,717599,174021,13:09:55.756512
51.616332,717367,173957,13:09:55.756512
51.61819,717660,173904,13:09:55.756512
51.620046,717537,173747,13:09:55.756512
51.621903,717867,174191,13:09:55.756512
51.623761,717736,174350,13:09:55.756512
51.625622,717718,173727,13:09:55.756512
51.62748,717879,173747,13:09:55.756512
51.629336,718247,173970,13:09:55.756512
51.631195,717930,173909,13:09:55.756512
51.633051,718247,174190,13:09:55.756512
51.634907,718372,174111,13:09:55.756512
51.636766,718430,174170,13:09:55.756512
51.638622,718513,174059,13:09:55.756512
51.640479,718534,174174,13:09:55.756512
51.642335,718689,174163,13:09:55.756512
51.644199,718882,173997,13:09:55.756512
51.646056,718832,174339,13:09:55.756512
51.647912,718882,174269,13:09:55.756512
51.64977,718999,174164,13:09:55.756512
51.651627,719155,174240,13:09:55.756512
51.653485,718930,174219,13:09:55.756512
51.655357,719163,174408,13:09:55.808125
51.657226,719312,174049,13:09:55.808125
51.659088,719249,174107,13:09:55.808125
51.660988,719503,174151,13:09:55.808125
51.662849,719446,174150,13:09:55.808125
51.664705,719268,174069,13:09:55.808125
51.666562,719456,174270,13:09:55.808125
51.66842,719454,174449,13:09:55.808125
51.670276,719392,174444,13:09:55.808125
51.672135,719342,173983,13:09:55.808125
51.673991,719092,174401,13:09:55.808125
51.675847,719141,174180,13:09:55.808125
51.677704,719312,174319,13:09:55.808125
51.679568,719011,174246,13:09:55.808125
51.681424,718874,174351,13:09:55.808125
51.683281,718864,174284,13:09:55.808125
51.685139,718768,174289,13:09:55.808125
51.686996,718717,174319,13:09:55.808125
51.688854,719040,174096,13:09:55.808125
51.690712,718604,174061,13:09:55.808125
51.692569,718373,173966,13:09:55.808125
51.694427,718190,174037,13:09:55.808125
51.696283,718441,174070,13:09:55.808125
51.698146,718280,174054,13:09:55.808125
51.700002,718289,173878,13:09:55.808125
51.701859,718139,173891,13:09:55.808125
51.703723,717920,173856,13:09:55.808125
51.705585,718007,173664,13:09:55.856687
51.707451,717695,173851,13:09:55.856687
51.709313,717844,174054,13:09:55.856687
51.711222,718049,173912,13:09:55.856687
51.71309,717148,173832,13:09:55.857687
51.714959,717650,173887,13:09:55.857687
51.716815,717596,173863,13:09:55.857687
51.718674,717913,173978,13:09:55.857687
51.720536,717739,173984,13:09:55.857687
51.722394,717750,173881,13:09:55.857687
51.724251,717566,173736,13:09:55.857687
51.726117,717764,173846,13:09:55.857687
51.727973,717848,173756,13:09:55.857687
51.72983,717946,173704,13:09:55.857687
51.731688,717838,174123,13:09:55.857687
51.733545,717879,173963,13:09:55.857687
51.735403,718074,173656,13:09:55.857687
51.737259,718112,173973,13:09:55.857687
51.739116,718205,174233,13:09:55.857687
51.740974,718479,173829,13:09:55.857687
51.742838,718468,173764,13:09:55.857687
51.744695,718525,174195,13:09:55.857687
51.746551,718702,173895,13:09:55.857687
51.74841,718704,174105,13:09:55.857687
51.750266,718628,174198,13:09:55.857687
51.752122,719053,173957,13:09:55.857687
51.753979,718735,174342,13:09:55.857687
51.755845,719032,174190,13:09:55.912830
51.757707,719042,174128,13:09:55.912830
51.759571,719246,174427,13:09:55.912830
51.761486,719105,174225,13:09:55.912830
51.763342,719074,174008,13:09:55.913733
51.765199,719016,174187,13:09:55.913733
51.767057,719351,174222,13:09:55.913733
51.768913,719119,174250,13:09:55.913733
51.770772,719112,174397,13:09:55.913733
51.77263,719199,174066,13:09:55.913733
51.774486,719194,174343,13:09:55.913733
51.776343,719000,174283,13:09:55.913733
51.778199,719136,174252,13:09:55.913733
51.780064,718683,174225,13:09:55.913733
51.78192,719013,173866,13:09:55.913733
51.783776,718814,173919,13:09:55.913733
51.785635,718725,173939,13:09:55.913733
51.787491,718540,174081,13:09:55.913733
51.78935,718650,173734,13:09:55.913733
51.791206,718587,174104,13:09:55.913733
51.793062,718529,174059,13:09:55.913733
51.794919,718213,174157,13:09:55.913733
51.796774,718255,173935,13:09:55.913733
51.798635,718038,173665,13:09:55.913733
51.800492,718074,173713,13:09:55.913733
51.802352,718001,173947,13:09:55.913733
51.804209,717950,173765,13:09:55.913733
51.806079,717736,173597,13:09:55.957182
51.807941,717869,173745,13:09:55.957182
51.809803,718052,174175,13:09:55.957182
51.811692,717823,173806,13:09:55.957182
51.81355,717865,173802,13:09:55.957182
51.815434,717227,173744,13:09:55.957182
51.817301,717815,173778,13:09:55.957182
51.819157,717831,173726,13:09:55.957182
51.821024,717643,173639,13:09:55.957182
51.82288,717478,173596,13:09:55.957182
51.824736,717938,173838,13:09:55.957182
51.826595,717751,173952,13:09:55.957182
51.828451,717737,173762,13:09:55.957182
51.83031,717762,173734,13:09:55.957182
51.832166,717767,174053,13:09:55.957182
51.834022,717791,173523,13:09:55.957182
51.835881,717947,173821,13:09:55.957182
51.837743,717890,173797,13:09:55.957182
51.839599,718024,174027,13:09:55.957182
51.841456,718398,174035,13:09:55.957182
51.843314,718173,173912,13:09:55.957182
51.845171,718548,173886,13:09:55.957182
51.847027,718124,173819,13:09:55.957182
51.848885,718258,173922,13:09:55.957182
51.850742,718589,173817,13:09:55.957182
51.8526,718665,173821,13:09:55.957182
51.854456,718614,174235,13:09:56.006742
51.856329,718611,173982,13:09:56.006742
51.858189,718716,174031,13:09:56.006742
51.860072,718442,173978,13:09:56.006742
51.861985,718542,174160,13:09:56.006742
51.863846,718903,174183,13:09:56.006742
51.865702,718937,174038,13:09:56.006742
51.867565,718862,174088,13:09:56.006742
51.869421,718792,174026,13:09:56.006742
51.871279,718746,173949,13:09:56.006742
51.873136,718852,174051,13:09:56.006742
51.874992,718781,174034,13:09:56.006742
51.87685,718986,173853,13:09:56.006742
51.878711,718848,174139,13:09:56.006742
51.880569,718682,173958,13:09:56.006742
51.882425,718346,173886,13:09:56.006742
51.884286,718669,174008,13:09:56.006742
51.886142,718502,173714,13:09:56.006742
51.887999,718568,173842,13:09:56.006742
51.889857,718321,173893,13:09:56.006742
51.891713,718254,173748,13:09:56.006742
51.893572,718320,173942,13:09:56.006742
51.895428,718246,173923,13:09:56.006742
51.897288,718242,173780,13:09:56.006742
51.899147,717981,173718,13:09:56.006742
51.901013,718076,173732,13:09:56.006742
51.902871,717749,173688,13:09:56.006742
51.904728,717843,173860,13:09:56.057483
51.906588,717787,173733,13:09:56.057483
51.908451,717644,173948,13:09:56.057483
51.91035,717492,173712,13:09:56.057483
51.912265,717392,173869,13:09:56.057483
51.914121,717553,174065,13:09:56.057483
51.91598,717488,173721,13:09:56.057483
51.917838,717486,173693,13:09:56.057483
51.919694,717510,173510,13:09:56.057483
51.921553,717386,173683,13:09:56.057483
51.923409,717675,173633,13:09:56.057483
51.925266,717644,173962,13:09:56.057483
51.927124,717713,173929,13:09:56.057483
51.928985,717643,173791,13:09:56.057483
51.930845,717762,173840,13:09:56.057483
51.932701,717675,173874,13:09:56.057483
51.934559,717790,173724,13:09:56.057483
51.936416,717755,173983,13:09:56.057483
51.938272,717871,173490,13:09:56.057483
51.94013,717962,173813,13:09:56.057483
51.941987,718162,173973,13:09:56.057483
51.943845,718038,174078,13:09:56.057483
51.945702,718152,173888,13:09:56.057483
51.947562,718116,174027,13:09:56.057483
51.949418,718377,173992,13:09:56.057483
51.951275,718222,174132,13:09:56.057483
51.953133,718342,174038,13:09:56.057483
51.95499,718522,174134,13:09:56.109016
51.95685,718552,174233,13:09:56.109016
51.95871,718383,173876,13:09:56.109016
51.960621,718449,174154,13:09:56.109016
51.962487,718039,174070,13:09:56.109016
51.964369,718463,173903,13:09:56.109016
51.966225,718480,174310,13:09:56.109016
51.968084,718655,174049,13:09:56.109016
51.969944,718553,174090,13:09:56.109016
51.971806,718696,173878,13:09:56.109016
51.973663,718596,174316,13:09:56.109016
51.975527,718619,173879,13:09:56.109016
51.977384,718565,174374,13:09:56.109016
51.97924,718483,174088,13:09:56.109016
51.981098,718337,173970,13:09:56.109016
51.982955,718420,173963,13:09:56.109016
51.984815,718347,173901,13:09:56.109016
51.986672,718461,174152,13:09:56.109016
51.98853,718129,174158,13:09:56.109016
51.990388,718125,174011,13:09:56.109016
51.992245,718229,173909,13:09:56.109016
51.994105,718013,174014,13:09:56.109016
51.995961,717952,173900,13:09:56.109016
51.99782,717765,173984,13:09:56.109016
51.999676,717880,173923,13:09:56.109016
52.001533,717788,173816,13:09:56.109016
52.003391,717664,173800,13:09:56.109016
52.00525,717857,173767,13:09:56.164297
52.007114,717391,173747,13:09:56.164297
52.008974,717553,173683,13:09:56.164297
52.010879,717125,173941,13:09:56.164297
52.012741,716955,173678,13:09:56.164297
52.014597,717310,173866,13:09:56.164297
52.016459,717305,173564,13:09:56.164297
52.018351,717375,174096,13:09:56.164297
52.020208,717181,173970,13:09:56.164297
52.022066,717375,173883,13:09:56.164297
52.023923,717027,173749,13:09:56.164297
52.025783,717180,173727,13:09:56.164297
52.027639,717345,173488,13:09:56.164297
52.029496,717361,173918,13:09:56.164297
52.031354,717607,173920,13:09:56.164297
52.033214,717534,173665,13:09:56.164297
52.035071,717674,173785,13:09:56.164297
52.036927,717397,173907,13:09:56.164297
52.038786,717835,173749,13:09:56.164297
52.040642,717750,173874,13:09:56.164297
52.042498,717643,174088,13:09:56.164297
52.044357,717788,174058,13:09:56.164297
52.046213,717804,174059,13:09:56.164297
52.048069,717946,174144,13:09:56.164297
52.049926,718014,174131,13:09:56.164297
52.051792,717875,174181,13:09:56.164297
52.053649,718152,173755,13:09:56.164297
52.055507,718185,174027,13:09:56.212626
52.057381,718212,173864,13:09:56.212626
52.059243,718480,174115,13:09:56.212626
52.061148,718330,173922,13:09:56.212626
52.063006,718157,174093,13:09:56.212626
52.064882,718234,174122,13:09:56.212626
52.066751,718352,174105,13:09:56.212626
52.068607,718638,173815,13:09:56.212626
52.070464,718576,174228,13:09:56.212626
52.072322,718430,173799,13:09:56.212626
52.074182,718314,174183,13:09:56.212626
52.076041,718561,174203,13:09:56.212626
52.077897,718401,174015,13:09:56.212626
52.079763,718317,174115,13:09:56.212626
52.08162,718114,174057,13:09:56.212626
52.083476,718464,173893,13:09:56.212626
52.085334,718215,173955,13:09:56.212626
52.087191,718478,174157,13:09:56.212626
52.089049,718348,173808,13:09:56.212626
52.090906,718100,174055,13:09:56.212626
52.092762,718220,174116,13:09:56.212626
52.09462,718055,174123,13:09:56.212626
52.096484,717840,173984,13:09:56.212626
52.098341,717740,173977,13:09:56.212626
52.100197,717635,173962,13:09:56.212626
52.102056,717690,173981,13:09:56.212626
52.103912,717453,173925,13:09:56.212626
52.105773,717610,173986,13:09:56.262927
52.107639,717524,174055,13:09:56.262927
52.109501,717543,174031,13:09:56.264939
52.111404,716744,173775,13:09:56.264939
52.113268,717248,173848,13:09:56.264939
52.115125,717386,173867,13:09:56.264939
52.11702,714070,173545,13:09:56.264939
52.118883,717405,173844,13:09:56.264939
52.120739,717264,174027,13:09:56.264939
52.122598,717174,173900,13:09:56.264939
52.124456,717268,173915,13:09:56.264939
52.126314,717076,173537,13:09:56.264939
52.128171,717351,173696,13:09:56.264939
52.130029,717344,173828,13:09:56.264939
52.131885,717221,173751,13:09:56.264939
52.133742,717419,173876,13:09:56.264939
52.1356,717597,174006,13:09:56.264939
52.137457,717421,174044,13:09:56.264939
52.139315,717236,173739,13:09:56.264939
52.141171,717541,173996,13:09:56.264939
52.143034,717479,174039,13:09:56.264939
52.14489,717743,173851,13:09:56.264939
52.146746,717748,173761,13:09:56.264939
52.148605,717771,173931,13:09:56.264939
52.150461,717871,173923,13:09:56.264939
52.152319,718092,173936,13:09:56.264939
52.154176,717733,174063,13:09:56.264939
52.156036,718196,174007,13:09:56.313244
52.157897,717844,173996,13:09:56.313244
52.15976,717825,173848,13:09:56.313244
52.161661,717742,173941,13:09:56.313244
52.163517,718142,173914,13:09:56.313244
52.165378,718080,174073,13:09:56.313244
52.167236,715332,174217,13:09:56.313244
52.169122,718158,174093,13:09:56.313244
52.170981,718316,173990,13:09:56.313244
52.172837,718012,174010,13:09:56.313244
52.174694,718241,173935,13:09:56.313244
52.176552,718228,174074,13:09:56.313244
52.178411,718068,173903,13:09:56.313244
52.180269,718086,174174,13:09:56.313244
52.182125,718258,173922,13:09:56.313244
52.183987,718145,174033,13:09:56.313244
52.185846,718102,174038,13:09:56.313244
52.187702,717930,173895,13:09:56.313244
52.189563,717764,173988,13:09:56.313244
52.191419,718148,173988,13:09:56.313244
52.193277,717923,173882,13:09:56.313244
52.195134,717780,173846,13:09:56.313244
52.19699,717867,173830,13:09:56.313244
52.198846,717571,173809,13:09:56.313244
52.200703,717749,173693,13:09:56.313244
52.202563,717339,173815,13:09:56.313244
52.204419,717468,173644,13:09:56.366748
52.206284,717195,173526,13:09:56.366748
52.208144,717707,173725,13:09:56.366748
52.210021,717333,173813,13:09:56.366748
52.211921,717160,174014,13:09:56.366748
52.213777,717334,173512,13:09:56.366748
52.215637,716954,174004,13:09:56.366748
52.217497,714588,173651,13:09:56.366748
52.219406,717050,173845,13:09:56.366748
52.221264,717030,173780,13:09:56.366748
52.223123,717196,173726,13:09:56.366748
52.224979,717102,173615,13:09:56.366748
52.226838,717103,173775,13:09:56.366748
52.228694,717147,173845,13:09:56.366748
52.230552,717113,173550,13:09:56.366748
52.232409,716749,173807,13:09:56.366748
52.234269,717071,173782,13:09:56.366748
52.236125,717169,173668,13:09:56.366748
52.237982,717113,173784,13:09:56.366748
52.23984,717441,174106,13:09:56.366748
52.241697,717736,173728,13:09:56.366748
52.243555,717484,173748,13:09:56.366748
52.245411,717468,173812,13:09:56.366748
52.247272,717521,173664,13:09:56.366748
52.24913,717371,173918,13:09:56.366748
52.250996,717498,173850,13:09:56.366748
52.252855,717849,173831,13:09:56.366748
52.254711,717610,174105,13:09:56.416977
52.256578,717710,173869,13:09:56.416977
52.258438,717912,173783,13:09:56.416977
52.260348,717697,173944,13:09:56.416977
52.262214,717938,173721,13:09:56.416977
52.264071,717845,173818,13:09:56.417971
52.265927,717551,173963,13:09:56.417971
52.267784,717844,173984,13:09:56.417971
52.269668,717882,174128,13:09:56.417971
52.27153,716340,173731,13:09:56.417971
52.273387,717758,174115,13:09:56.417971
52.275243,718071,173851,13:09:56.417971
52.277101,717969,174075,13:09:56.417971
52.278961,718123,174137,13:09:56.417971
52.280824,717908,173926,13:09:56.417971
52.28268,717941,174128,13:09:56.417971
52.284539,717709,174296,13:09:56.417971
52.286395,717799,174008,13:09:56.417971
52.288252,718102,173841,13:09:56.417971
52.29011,717888,173916,13:09:56.417971
52.291966,717900,173702,13:09:56.417971
52.293825,717689,173991,13:09:56.417971
52.295681,717801,173934,13:09:56.417971
52.297546,717534,173846,13:09:56.417971
52.299402,717572,174046,13:09:56.417971
52.301258,717323,173864,13:09:56.417971
52.303117,717464,173917,13:09:56.417971
52.304973,717490,173907,13:09:56.468438
52.306837,717399,173685,13:09:56.468438
52.308698,717564,174098,13:09:56.468438
52.31061,717230,173543,13:09:56.468438
52.31247,717054,173704,13:09:56.468438
52.314327,717014,173656,13:09:56.468438
52.316193,716866,173773,13:09:56.468438
52.318053,717400,173612,13:09:56.468438
52.319914,717299,173682,13:09:56.468438
52.321776,715093,173778,13:09:56.468438
52.323633,717209,173393,13:09:56.468438
52.325491,716871,173955,13:09:56.468438
52.327353,716716,173478,13:09:56.468438
52.329238,716970,174093,13:09:56.468438
52.3311,716965,173656,13:09:56.468438
52.332956,717081,173870,13:09:56.468438
52.334815,717158,173686,13:09:56.468438
52.336671,717223,173670,13:09:56.468438
52.338528,717277,173704,13:09:56.468438
52.340386,717555,173847,13:09:56.468438
52.342247,717164,173648,13:09:56.469429
52.344105,717355,173667,13:09:56.469429
52.345961,717249,173753,13:09:56.469429
52.347823,717105,173755,13:09:56.469429
52.34968,717584,173848,13:09:56.469429
52.351536,717698,173864,13:09:56.469429
52.353395,717631,173598,13:09:56.469429
52.355251,717366,174046,13:09:56.518726
52.357115,717757,173913,13:09:56.518726
52.358976,717629,173778,13:09:56.518726
52.360873,717419,173727,13:09:56.518726
52.362734,717744,173813,13:09:56.518726
52.364593,717438,173860,13:09:56.518726
52.366451,717851,173699,13:09:56.518726
52.368307,717895,173831,13:09:56.519718
52.370164,717184,173854,13:09:56.519718
52.372022,717146,174182,13:09:56.519718
52.373882,718097,173816,13:09:56.519718
52.375741,717850,173805,13:09:56.519718
52.377597,718094,173785,13:09:56.519718
52.379464,717947,173776,13:09:56.519718
52.38132,718025,173972,13:09:56.519718
52.383176,717936,173884,13:09:56.519718
52.385035,717992,173674,13:09:56.519718
52.386891,717857,173934,13:09:56.519718
52.38875,717987,173929,13:09:56.519718
52.390606,717827,173900,13:09:56.519718
52.392462,717742,173895,13:09:56.519718
52.394319,717758,173746,13:09:56.519718
52.396184,717872,174144,13:09:56.519718
52.398043,717433,173885,13:09:56.519718
52.3999,717590,173662,13:09:56.519718
52.401758,717618,173857,13:09:56.519718
52.403615,717498,173829,13:09:56.519718
52.405475,717609,173646,13:09:56.570634
52.407343,717462,173682,13:09:56.570634
52.409205,717338,173649,13:09:56.570634
52.411106,717106,174003,13:09:56.570634
52.412962,717554,173717,13:09:56.570634
52.414832,717390,173701,13:09:56.571637
52.416689,716999,173696,13:09:56.571637
52.418547,716896,173570,13:09:56.571637
52.420408,717204,173622,13:09:56.571637
52.422281,716971,173918,13:09:56.571637
52.424158,715605,173741,13:09:56.571637
52.426015,717316,173788,13:09:56.571637
52.427877,717137,173686,13:09:56.571637
52.429739,717172,173687,13:09:56.571637
52.431596,717361,173716,13:09:56.571637
52.433452,716990,173854,13:09:56.571637
52.435311,717108,173569,13:09:56.571637
52.437167,717326,173486,13:09:56.571637
52.439025,717385,173514,13:09:56.571637
52.440882,717264,173577,13:09:56.571637
52.442742,717327,173874,13:09:56.571637
52.4446,717441,173839,13:09:56.571637
52.446459,717395,173827,13:09:56.571637
52.448321,717431,173696,13:09:56.571637
52.450177,717536,173717,13:09:56.571637
52.452036,717665,173899,13:09:56.571637
52.453892,717705,173807,13:09:56.571637
52.455751,717686,173763,13:09:56.623743
52.457613,717635,173690,13:09:56.623743
52.459477,718019,173601,13:09:56.623743
52.461385,717445,174006,13:09:56.623743
52.463244,717554,173789,13:09:56.623743
52.465102,717832,173733,13:09:56.623743
52.466965,717869,173814,13:09:56.623743
52.468823,717015,173893,13:09:56.623743
52.470681,717362,173800,13:09:56.623743
52.47254,717100,174222,13:09:56.623743
52.474396,718048,173953,13:09:56.623743
52.476276,717463,173762,13:09:56.623743
52.478151,718228,173969,13:09:56.623743
52.480009,718246,173958,13:09:56.623743
52.481867,717991,174080,13:09:56.623743
52.483724,718064,173840,13:09:56.623743
52.48558,717784,173762,13:09:56.623743
52.487437,718198,173641,13:09:56.623743
52.489293,718096,173922,13:09:56.623743
52.491149,718280,173725,13:09:56.623743
52.49301,718178,173920,13:09:56.629749
52.494868,718099,173800,13:09:56.629749
52.496724,717921,173821,13:09:56.629749
52.498583,717756,173907,13:09:56.629749
52.500439,717725,173722,13:09:56.629749
52.502298,717946,173753,13:09:56.629749
52.504154,717727,173664,13:09:56.629749
52.50602,717686,173703,13:09:56.676437
52.507883,717693,173558,13:09:56.676437
52.509747,717728,173424,13:09:56.676437
52.511671,717277,173875,13:09:56.676437
52.513541,717654,173579,13:09:56.676437
52.515398,717632,173708,13:09:56.676437
52.517254,717685,173924,13:09:56.676437
52.519111,717004,173779,13:09:56.676437
52.520969,717271,173890,13:09:56.676437
52.522828,717271,173678,13:09:56.676437
52.524686,717152,173567,13:09:56.676437
52.526544,717181,173759,13:09:56.676437
52.528408,714934,173613,13:09:56.676437
52.530267,717401,173717,13:09:56.676437
52.532123,717416,173836,13:09:56.676437
52.533988,717349,173975,13:09:56.676437
52.535866,717391,173750,13:09:56.676437
52.537722,717311,173502,13:09:56.676437
52.539581,717469,173772,13:09:56.676437
52.541437,717546,173426,13:09:56.676437
52.543299,717624,173808,13:09:56.676437
52.545156,717679,173867,13:09:56.676437
52.547012,717880,173721,13:09:56.676437
52.548874,717658,173697,13:09:56.676437
52.550731,717725,173544,13:09:56.676437
52.552589,717816,173744,13:09:56.676437
52.554449,717749,173717,13:09:56.723302
52.55632,717700,173910,13:09:56.723302
52.55818,717984,173716,13:09:56.723302
52.560056,717740,173882,13:09:56.723302
52.561941,717845,173630,13:09:56.723302
52.563799,717558,173891,13:09:56.723302
52.565656,717651,173887,13:09:56.723302
52.567516,716395,173905,13:09:56.723302
52.569374,717301,173781,13:09:56.723302
52.571233,718270,173619,13:09:56.723302
52.573089,717520,174050,13:09:56.723302
52.574945,717495,173951,13:09:56.723302
52.576804,718349,173867,13:09:56.723302
52.578668,715274,173689,13:09:56.723302
52.58053,718279,173980,13:09:56.723302
52.582387,718140,173907,13:09:56.723302
52.584251,718305,173856,13:09:56.723302
52.586108,718303,173878,13:09:56.723302
52.587964,718231,173868,13:09:56.723302
52.589824,718468,173778,13:09:56.723302
52.591681,718245,174013,13:09:56.723302
52.593539,718350,174021,13:09:56.723302
52.595395,718075,173810,13:09:56.723302
52.597254,717888,173697,13:09:56.723302
52.599112,718229,173722,13:09:56.723302
52.600969,718122,173861,13:09:56.723302
52.602831,717832,173684,13:09:56.723302
52.604687,717841,173838,13:09:56.775757
52.606563,718153,173755,13:09:56.776763
52.608424,717801,173695,13:09:56.776763
52.610336,717864,173761,13:09:56.776763
52.612204,717751,173866,13:09:56.776763
52.614061,717480,173741,13:09:56.776763
52.615917,717583,173607,13:09:56.776763
52.617775,717642,173767,13:09:56.776763
52.619636,716938,173645,13:09:56.776763
52.621494,717476,173811,13:09:56.776763
52.623351,717649,173666,13:09:56.776763
52.625217,717838,173704,13:09:56.776763
52.627074,715792,173691,13:09:56.776763
52.628963,717434,173631,13:09:56.776763
52.630822,717782,173876,13:09:56.776763
52.632678,717451,173731,13:09:56.776763
52.634543,717449,173738,13:09:56.776763
52.636399,717573,173749,13:09:56.778957
52.638255,717733,173655,13:09:56.778957
52.640114,717750,173628,13:09:56.778957
52.64197,717543,174033,13:09:56.778957
52.643828,717758,173926,13:09:56.779961
52.645685,717743,174032,13:09:56.779961
52.647541,717851,173825,13:09:56.779961
52.6494,718036,173693,13:09:56.779961
52.651262,717671,173546,13:09:56.779961
52.653118,718263,173909,13:09:56.779961
52.654975,718012,174137,13:09:56.827214
52.656849,717966,173845,13:09:56.827214
52.658709,718059,173892,13:09:56.827214
52.660616,717985,174049,13:09:56.827214
52.662478,718156,173645,13:09:56.827214
52.664334,718209,173969,13:09:56.827214
52.666191,717897,173824,13:09:56.827214
52.668049,717952,173897,13:09:56.827214
52.669905,717455,173936,13:09:56.827214
52.671764,718244,173822,13:09:56.827214
52.67362,717616,173737,13:09:56.827214
52.67548,717456,173956,13:09:56.827214
52.677337,718417,174040,13:09:56.827214
52.679193,718210,174084,13:09:56.827214
52.681056,717150,173973,13:09:56.827214
52.682912,718424,174159,13:09:56.827214
52.68477,718508,174013,13:09:56.827214
52.686627,718505,173923,13:09:56.827214
52.688487,718607,173797,13:09:56.827214
52.690343,718433,173968,13:09:56.827214
52.6922,718435,173840,13:09:56.827214
52.694058,718108,174237,13:09:56.827214
52.695915,718208,173919,13:09:56.827214
52.697773,718320,173949,13:09:56.827214
52.699629,718124,173712,13:09:56.827214
52.701486,718241,173766,13:09:56.827214
52.703344,718176,173999,13:09:56.827214
52.705206,718018,173947,13:09:56.877876
52.707075,717891,173843,13:09:56.877876
52.708935,717964,173683,13:09:56.877876
52.710825,717707,173568,13:09:56.877876
52.71269,717907,173942,13:09:56.877876
52.714546,717786,173870,13:09:56.877876
52.716402,717726,173772,13:09:56.877876
52.718259,717775,173728,13:09:56.877876
52.720123,718014,173873,13:09:56.877876
52.721982,718013,173808,13:09:56.877876
52.723838,717069,173912,13:09:56.877876
52.725696,717935,173826,13:09:56.877876
52.727559,717856,173852,13:09:56.877876
52.729428,717374,173699,13:09:56.877876
52.731297,714839,173629,13:09:56.877876
52.733167,717760,173753,13:09:56.877876
52.735028,717727,173714,13:09:56.877876
52.736884,717773,173740,13:09:56.877876
52.738743,717802,173847,13:09:56.877876
52.740599,717860,173690,13:09:56.877876
52.742455,717988,174074,13:09:56.877876
52.744314,718004,173883,13:09:56.877876
52.746176,718014,174167,13:09:56.877876
52.748035,717847,174055,13:09:56.877876
52.749891,717776,174031,13:09:56.877876
52.751757,717795,173997,13:09:56.877876
52.753614,718175,173858,13:09:56.877876
52.755472,718133,173944,13:09:56.927770
52.757338,718210,174131,13:09:56.927770
52.759201,718185,173874,13:09:56.927770
52.761109,717825,173974,13:09:56.927770
52.762969,718184,173818,13:09:56.927770
52.764826,717935,173980,13:09:56.927770
52.766682,717605,174043,13:09:56.927770
52.768538,718184,173998,13:09:56.927770
52.770399,718215,174141,13:09:56.927770
52.772255,718275,174116,13:09:56.927770
52.774112,717722,173882,13:09:56.927770
52.77597,717934,174219,13:09:56.927770
52.777826,717450,174120,13:09:56.927770
52.779685,718465,173996,13:09:56.927770
52.781542,715618,173871,13:09:56.927770
52.783435,718496,174030,13:09:56.927770
52.785294,718270,173862,13:09:56.927770
52.78715,718511,173858,13:09:56.927770
52.789008,718257,174050,13:09:56.927770
52.790867,718497,174250,13:09:56.927770
52.792725,718661,174023,13:09:56.927770
52.794583,718334,173978,13:09:56.927770
52.79644,718422,174080,13:09:56.927770
52.7983,718518,174106,13:09:56.927770
52.800157,718378,173640,13:09:56.927770
52.802015,718369,174291,13:09:56.927770
52.803875,718296,173771,13:09:56.927770
52.805738,718387,174026,13:09:56.980255
52.8076,718303,173905,13:09:56.980255
52.809462,718207,173886,13:09:56.980255
52.811377,717832,173754,13:09:56.980255
52.813233,717720,173716,13:09:56.980255
52.815098,717569,173898,13:09:56.980255
52.816956,718111,173954,13:09:56.980255
52.818812,717588,173665,13:09:56.980255
52.82067,717883,173642,13:09:56.980255
52.822529,716504,173915,13:09:56.980255
52.824385,717958,173821,13:09:56.980255
52.826244,717364,173999,13:09:56.980255
52.8281,717671,173788,13:09:56.980255
52.82996,717986,173762,13:09:56.980255
52.831817,717024,173878,13:09:56.980255
52.833679,717672,173974,13:09:56.980255
52.835535,717862,173766,13:09:56.980255
52.837391,717910,173875,13:09:56.980255
52.839284,717732,173832,13:09:56.980255
52.84115,717829,173647,13:09:56.980255
52.843009,718072,173918,13:09:56.980255
52.844869,717876,173894,13:09:56.980255
52.846733,717922,173776,13:09:56.980255
52.84859,718181,173903,13:09:56.980255
52.850449,717902,174115,13:09:56.980255
52.852315,717830,173917,13:09:56.980255
52.854171,717935,174152,13:09:56.980255
52.856046,718003,173840,13:09:57.033764
52.857908,718302,173872,13:09:57.033764
52.859774,718144,173897,13:09:57.033764
52.86167,717737,173772,13:09:57.033764
52.863529,718196,173767,13:09:57.033764
52.86539,717780,173902,13:09:57.033764
52.867247,717823,173989,13:09:57.033764
52.869104,717962,173962,13:09:57.033764
52.870966,717546,174164,13:09:57.033764
52.872824,717588,173971,13:09:57.033764
52.874681,717625,174046,13:09:57.033764
52.876539,716831,174170,13:09:57.033764
52.878396,717638,174261,13:09:57.033764
52.880256,718059,174065,13:09:57.033764
52.882112,717524,174077,13:09:57.033764
52.883969,718402,174138,13:09:57.033764
52.885829,718610,174033,13:09:57.033764
52.887692,718326,174182,13:09:57.033764
52.88955,718404,173869,13:09:57.033764
52.891406,718206,174057,13:09:57.033764
52.893264,718410,173959,13:09:57.033764
52.895121,718211,174064,13:09:57.033764
52.896977,718184,174200,13:09:57.033764
52.898836,718181,173974,13:09:57.033764
52.900692,718267,173903,13:09:57.033764
52.902548,718304,173782,13:09:57.033764
52.904405,718233,173727,13:09:57.033764
52.906269,718180,174030,13:09:57.083470
52.908129,718153,173954,13:09:57.083470
52.910014,718217,174128,13:09:57.083470
52.9119,717799,173957,13:09:57.083470
52.913756,717687,173732,13:09:57.083470
52.915615,717958,173622,13:09:57.083470
52.917471,717775,173838,13:09:57.083470
52.919328,718173,173805,13:09:57.083470
52.921184,717738,173976,13:09:57.083470
52.92304,717308,173759,13:09:57.083470
52.924899,718093,173828,13:09:57.083470
52.926755,717764,173949,13:09:57.083470
52.928612,717763,173620,13:09:57.083470
52.930468,717783,173878,13:09:57.083470
52.93233,717687,174059,13:09:57.083470
52.934189,716843,173797,13:09:57.083470
52.936079,717740,173895,13:09:57.083470
52.937935,717458,173695,13:09:57.083470
52.939794,717810,173820,13:09:57.083470
52.94165,717864,173936,13:09:57.083470
52.943508,717872,173666,13:09:57.083470
52.945365,717720,173798,13:09:57.083470
52.947229,717796,173947,13:09:57.083470
52.949085,717952,173894,13:09:57.083470
52.950942,717921,173788,13:09:57.083470
52.9528,718308,173758,13:09:57.083470
52.954657,718013,173856,13:09:57.134484
52.956517,717947,173984,13:09:57.134484
52.958381,718108,174011,13:09:57.134484
52.960301,718105,173837,13:09:57.134484
52.96218,717893,173807,13:09:57.134484
52.964036,717818,173898,13:09:57.134484
52.965893,717721,173896,13:09:57.134484
52.967753,717705,173609,13:09:57.134484
52.96961,718098,173704,13:09:57.134484
52.971468,718178,173910,13:09:57.134484
52.973324,718362,173875,13:09:57.134484
52.975182,717670,173989,13:09:57.134484
52.977039,718331,173987,13:09:57.134484
52.978895,718402,173997,13:09:57.134484
52.980754,717655,173666,13:09:57.134484
52.98261,718194,173961,13:09:57.134484
52.98447,718384,173907,13:09:57.134484
52.986327,718285,174006,13:09:57.134484
52.988199,716217,174022,13:09:57.134484
52.990079,718278,173895,13:09:57.134484
52.991936,718208,173833,13:09:57.134484
52.993796,718033,173872,13:09:57.134484
52.995652,718300,173864,13:09:57.134484
52.997513,718071,173765,13:09:57.134484
52.999369,718092,173796,13:09:57.134484
53.001226,718010,173802,13:09:57.134484
53.003084,717869,173862,13:09:57.134484
53.00494,718217,173943,13:09:57.189096
53.006811,718173,174034,13:09:57.189096
53.008671,718080,173909,13:09:57.189096
53.010578,717973,173818,13:09:57.189096
53.012436,717984,173657,13:09:57.189096
53.014292,717963,173903,13:09:57.189096
53.01616,717730,173731,13:09:57.189096
53.018017,717368,173866,13:09:57.189096
53.019875,717464,173786,13:09:57.189096
53.021733,717057,173905,13:09:57.189096
53.02359,717253,173981,13:09:57.189096
53.025449,716927,173605,13:09:57.189096
53.027306,717540,173665,13:09:57.189096
53.029163,717978,173855,13:09:57.189096
53.031021,717596,173790,13:09:57.189096
53.03288,717395,174096,13:09:57.189096
53.034739,717690,173887,13:09:57.189096
53.036596,717016,173876,13:09:57.189096
53.038463,715167,174029,13:09:57.189096
53.040319,717690,173718,13:09:57.189096
53.042181,717652,173925,13:09:57.189096
53.04404,717660,173775,13:09:57.189096
53.045896,717893,173980,13:09:57.189096
53.047755,717822,173634,13:09:57.189096
53.049611,717998,173830,13:09:57.189096
53.051467,717837,173586,13:09:57.189096
53.053324,717804,173786,13:09:57.189096
53.055182,717881,173679,13:09:57.236415
53.057064,718163,173933,13:09:57.236415
53.058925,717920,173719,13:09:57.236415
53.060821,717604,174056,13:09:57.236415
53.062681,717716,173698,13:09:57.236415
53.064543,718122,173735,13:09:57.236415
53.0664,718009,173829,13:09:57.236415
53.068256,717541,173790,13:09:57.236415
53.070115,717099,173934,13:09:57.236415
53.071973,717409,173716,13:09:57.236415
53.073839,717981,173738,13:09:57.236415
53.075696,718269,173825,13:09:57.236415
53.077554,716730,173927,13:09:57.236415
53.079413,718010,173826,13:09:57.236415
53.081269,717059,173789,13:09:57.236415
53.083125,716375,173864,13:09:57.236415
53.084984,717445,173664,13:09:57.236415
53.08684,717149,173737,13:09:57.236415
53.088722,717706,174057,13:09:57.236415
53.09058,714150,173800,13:09:57.236415
53.092444,718024,173747,13:09:57.236415
53.094301,717655,173917,13:09:57.236415
53.096159,717708,173650,13:09:57.236415
53.098018,717747,173654,13:09:57.236415
53.099875,717385,173722,13:09:57.236415
53.101741,717519,173500,13:09:57.236415
53.103597,717502,173858,13:09:57.236415
53.105456,717630,173656,13:09:57.287269
53.107326,717515,173538,13:09:57.287269
53.109187,717292,173627,13:09:57.287269
53.111087,716954,173710,13:09:57.287269
53.112945,717115,173487,13:09:57.287269
53.114807,717310,173568,13:09:57.287269
53.116666,717201,173659,13:09:57.287269
53.118524,717327,173525,13:09:57.287269
53.120382,716837,173578,13:09:57.287269
53.122239,717068,173640,13:09:57.287269
53.124095,716269,173421,13:09:57.287269
53.125954,716310,173512,13:09:57.287269
53.12781,716468,173812,13:09:57.287269
53.129668,717092,173626,13:09:57.287269
53.131525,717097,173538,13:09:57.287269
53.133385,717125,173444,13:09:57.287269
53.135241,716313,173615,13:09:57.287269
53.137109,716895,173485,13:09:57.287269
53.138966,717052,173668,13:09:57.287269
53.140824,713386,173602,13:09:57.287269
53.142683,717318,173706,13:09:57.287269
53.144579,717179,173626,13:09:57.287269
53.146438,717247,173516,13:09:57.287269
53.148326,717060,173790,13:09:57.287269
53.150182,717357,173439,13:09:57.287269
53.152038,717713,173943,13:09:57.287269
53.153897,717353,173764,13:09:57.287269
53.155764,717560,173590,13:09:57.338578
53.157628,717523,173762,13:09:57.338578
53.15949,717374,173883,13:09:57.338578
53.161386,717070,173831,13:09:57.338578
53.163246,717512,173643,13:09:57.338578
53.165103,717558,173821,13:09:57.338578
53.166961,717761,173777,13:09:57.338578
53.168818,717299,173682,13:09:57.338578
53.17068,717877,173581,13:09:57.338578
53.172538,717419,173744,13:09:57.338578
53.174395,717073,173883,13:09:57.338578
53.176255,717973,173780,13:09:57.338578
53.178115,716551,173886,13:09:57.338578
53.179974,717345,173864,13:09:57.338578
53.18183,718130,174009,13:09:57.338578
53.183686,718105,173716,13:09:57.338578
53.185545,717239,173897,13:09:57.338578
53.187401,718058,173630,13:09:57.338578
53.18926,718051,173931,13:09:57.338578
53.191118,715646,173825,13:09:57.338578
53.192982,717789,173775,13:09:57.338578
53.194839,718141,173656,13:09:57.338578
53.196695,717914,173617,13:09:57.338578
53.198553,717881,173788,13:09:57.338578
53.20041,717648,173795,13:09:57.338578
53.202268,717729,173563,13:09:57.338578
53.204125,717747,173464,13:09:57.338578
53.205999,717468,173720,13:09:57.356668
53.207859,717448,173513,13:09:57.356668
53.209721,717572,173729,13:09:57.356668
53.211612,717553,173588,13:09:57.356668
53.213472,717243,173296,13:09:57.356668
53.215329,717414,173656,13:09:57.356668
53.217187,716653,173520,13:09:57.356668
53.219043,717204,173523,13:09:57.356668
53.220902,717413,173601,13:09:57.356668
53.222758,717412,173459,13:09:57.356668
53.224618,716309,173301,13:09:57.356668
53.226475,716492,173469,13:09:57.356668
53.228333,716871,173538,13:09:57.356668
53.230192,716744,173529,13:09:57.356668
53.232048,715999,173580,13:09:57.356668
53.233906,716415,173498,13:09:57.356668
53.235763,716245,173527,13:09:57.356668
53.237619,716226,173380,13:09:57.356668
53.239481,716587,173443,13:09:57.356668
53.241348,716441,173552,13:09:57.356668
53.243232,714641,173342,13:09:57.356668
53.245088,716474,173242,13:09:57.356668
53.246945,716444,173247,13:09:57.356668
53.248803,716385,173228,13:09:57.356668
53.250662,716406,173580,13:09:57.356668
53.25252,716405,173150,13:09:57.356668
53.254378,716388,173381,13:09:57.356668
53.256243,716254,173225,13:09:57.406200
53.258103,716341,173103,13:09:57.406200
53.259986,716180,173481,13:09:57.406200
53.261875,715831,173450,13:09:57.406200
53.263732,715894,173129,13:09:57.406200
53.265588,716096,173304,13:09:57.406200
53.267444,716075,173154,13:09:57.406200
53.26931,716287,173130,13:09:57.406200
53.271167,715906,173168,13:09:57.406200
53.273024,716369,173335,13:09:57.406200
53.274882,716069,173096,13:09:57.406200
53.276738,716070,173005,13:09:57.406200
53.278595,715891,172992,13:09:57.406200
53.280451,716018,173366,13:09:57.406200
53.282308,715949,172992,13:09:57.406200
53.284164,715922,173219,13:09:57.406200
53.28602,715748,173092,13:09:57.406200
53.287879,715753,172947,13:09:57.406200
53.289735,715840,173117,13:09:57.406200
53.291592,715663,173030,13:09:57.406200
53.29345,715600,173289,13:09:57.406200
53.295324,715333,173064,13:09:57.406200
53.29719,715348,173054,13:09:57.406200
53.299047,715297,172998,13:09:57.406200
53.300903,714985,173213,13:09:57.406200
53.30276,715087,172899,13:09:57.406200
53.304616,714906,172988,13:09:57.456471
53.30648,714642,173147,13:09:57.456471
53.308341,714827,172644,13:09:57.456471
53.310259,713976,172594,13:09:57.456471
53.312129,714112,172580,13:09:57.456471
53.313985,713832,172652,13:09:57.456471
53.315844,713479,172450,13:09:57.456471
53.3177,713379,172445,13:09:57.456471
53.319557,713204,172615,13:09:57.456471
53.321415,713511,172362,13:09:57.456471
53.323271,712880,172490,13:09:57.456471
53.32513,712933,172222,13:09:57.456471
53.326986,713035,172501,13:09:57.456471
53.328846,712745,172322,13:09:57.456471
53.330703,712402,172180,13:09:57.456471
53.332559,712192,172466,13:09:57.456471
53.334418,712327,172280,13:09:57.456471
53.336274,712236,172194,13:09:57.456471
53.338132,711777,172355,13:09:57.456471
53.339989,711873,172245,13:09:57.456471
53.341851,711544,172114,13:09:57.456471
53.343707,711341,172032,13:09:57.456471
53.345567,711584,172305,13:09:57.456471
53.347424,711146,172075,13:09:57.456471
53.349281,711144,172069,13:09:57.456471
53.351139,711110,172019,13:09:57.456471
53.352995,711054,171812,13:09:57.456471
53.354854,711105,172096,13:09:57.505995
53.356724,710864,171901,13:09:57.505995
53.358584,711041,172199,13:09:57.505995
53.360487,711234,172140,13:09:57.505995
53.362371,711103,171891,13:09:57.505995
53.364227,711123,172061,13:09:57.505995
53.366084,711053,172010,13:09:57.505995
53.36794,711124,171990,13:09:57.505995
53.369806,710976,171944,13:09:57.505995
53.371663,711110,172035,13:09:57.505995
53.373519,710933,171901,13:09:57.505995
53.375378,710633,171942,13:09:57.505995
53.377234,710416,171593,13:09:57.505995
53.37909,710100,172026,13:09:57.505995
53.380947,709722,171419,13:09:57.505995
53.382803,709566,171574,13:09:57.505995
53.384659,709263,171659,13:09:57.505995
53.386516,709051,171380,13:09:57.505995
53.388378,708632,171646,13:09:57.505995
53.390235,708544,171144,13:09:57.506986
53.392093,708048,171049,13:09:57.506986
53.393949,707278,171249,13:09:57.506986
53.395806,706972,170800,13:09:57.506986
53.397662,706611,170892,13:09:57.506986
53.399522,706081,170595,13:09:57.506986
53.401381,705837,170711,13:09:57.506986
53.403237,705555,170699,13:09:57.506986
53.405103,705062,170655,13:09:57.560506
53.406974,704725,170371,13:09:57.560506
53.408835,704517,170358,13:09:57.560506
53.410738,703619,170078,13:09:57.560506
53.412595,703604,170026,13:09:57.560506
53.414451,702945,170118,13:09:57.560506
53.416309,702772,170047,13:09:57.560506
53.41817,702242,170011,13:09:57.560506
53.420028,701949,169733,13:09:57.560506
53.421885,701440,169571,13:09:57.560506
53.423745,701153,169658,13:09:57.560506
53.425601,700597,169582,13:09:57.560506
53.427458,700516,169642,13:09:57.560506
53.429316,700075,169299,13:09:57.560506
53.431172,699886,169387,13:09:57.560506
53.433031,699543,169170,13:09:57.560506
53.434887,699329,169290,13:09:57.560506
53.436748,699177,168997,13:09:57.560506
53.438606,699088,169079,13:09:57.560506
53.440464,699026,169366,13:09:57.560506
53.442325,698484,168956,13:09:57.560506
53.444183,698399,168868,13:09:57.560506
53.446041,697844,168926,13:09:57.560506
53.447898,697851,168943,13:09:57.560506
53.449754,697223,168646,13:09:57.560506
53.451613,697474,168837,13:09:57.560506
53.453469,697148,168733,13:09:57.560506
53.455327,696771,168999,13:09:57.606495
53.457192,696625,168777,13:09:57.606495
53.45906,696501,168653,13:09:57.606495
53.460977,696172,168271,13:09:57.606495
53.462838,695302,168136,13:09:57.606495
53.464703,695135,168294,13:09:57.606495
53.466559,694843,168323,13:09:57.606495
53.468416,694103,168189,13:09:57.606495
53.470274,693826,167913,13:09:57.606495
53.47213,693446,167883,13:09:57.606495
53.473989,692859,167606,13:09:57.606495
53.475845,692058,167419,13:09:57.606495
53.477707,691433,167566,13:09:57.606495
53.479564,690908,167158,13:09:57.606495
53.481421,690263,166993,13:09:57.606495
53.483283,689499,167212,13:09:57.606495
53.485139,689046,166632,13:09:57.606495
53.486997,688114,166379,13:09:57.606495
53.488856,687122,166380,13:09:57.606495
53.490712,686092,166285,13:09:57.606495
53.492568,685608,166068,13:09:57.606495
53.494427,684888,165673,13:09:57.606495
53.496285,683846,165666,13:09:57.606495
53.498142,682873,165407,13:09:57.606495
53.500002,682037,165361,13:09:57.606495
53.501858,680931,165169,13:09:57.606495
53.503716,680619,164969,13:09:57.606495
53.505619,679945,164688,13:09:57.656581
53.507481,679355,164458,13:09:57.656581
53.509341,678582,164199,13:09:57.656581
53.511246,678009,164262,13:09:57.656581
53.513102,677547,164260,13:09:57.656581
53.51496,676840,163917,13:09:57.656581
53.516817,676585,163941,13:09:57.656581
53.518673,676272,163807,13:09:57.656581
53.520532,675633,163702,13:09:57.656581
53.52239,675197,163279,13:09:57.656581
53.524246,674787,163581,13:09:57.656581
53.526103,674369,163482,13:09:57.656581
53.527961,673845,162986,13:09:57.656581
53.529817,672880,163011,13:09:57.656581
53.531674,672487,163059,13:09:57.656581
53.533532,671709,162650,13:09:57.656581
53.535389,671447,162672,13:09:57.656581
53.537247,670714,162301,13:09:57.656581
53.539103,670195,162528,13:09:57.656581
53.540968,669573,162117,13:09:57.656581
53.542824,668912,162118,13:09:57.656581
53.544681,668443,161935,13:09:57.656581
53.546551,667849,161779,13:09:57.656581
53.548407,667294,161484,13:09:57.656581
53.550266,666583,161287,13:09:57.656581
53.552122,665606,161116,13:09:57.656581
53.55398,664882,161036,13:09:57.657107
53.555843,664192,161056,13:09:57.705754
53.557709,663342,160519,13:09:57.705754
53.559569,662461,160543,13:09:57.705754
53.561492,661009,160248,13:09:57.705754
53.563366,660369,160097,13:09:57.705754
53.565224,659375,159519,13:09:57.705754
53.567081,658240,159487,13:09:57.705754
53.568939,656927,159266,13:09:57.705754
53.570797,656071,158946,13:09:57.705754
53.572654,654645,158572,13:09:57.705754
53.574512,653741,158462,13:09:57.705754
53.576368,652508,158349,13:09:57.705754
53.578227,651323,157866,13:09:57.705754
53.580083,650142,157667,13:09:57.705754
53.58194,649172,157365,13:09:57.705754
53.583798,647772,156902,13:09:57.705754
53.58566,646842,156911,13:09:57.705754
53.587517,645799,156592,13:09:57.705754
53.589373,644957,156192,13:09:57.706755
53.591231,643781,155997,13:09:57.706755
53.593088,642799,155966,13:09:57.706755
53.594944,641875,155562,13:09:57.706755
53.596805,641032,155401,13:09:57.706755
53.598661,640627,155249,13:09:57.706755
53.600519,639826,155283,13:09:57.706755
53.602378,639369,155003,13:09:57.706755
53.604238,638800,154868,13:09:57.706755
53.606102,638131,154959,13:09:57.757136
53.607964,637713,154962,13:09:57.757136
53.609831,637780,154984,13:09:57.760126
53.611715,637743,154728,13:09:57.760126
53.613572,637302,154560,13:09:57.760126
53.615428,637120,154621,13:09:57.760126
53.617285,637054,154646,13:09:57.760126
53.619145,636868,154665,13:09:57.760126
53.621001,636848,154565,13:09:57.760126
53.62286,636594,154411,13:09:57.760126
53.624716,636545,154546,13:09:57.760126
53.626572,636149,154293,13:09:57.760126
53.628431,635554,154239,13:09:57.760126
53.630291,635437,154202,13:09:57.760126
53.632149,634720,154227,13:09:57.760126
53.634006,633943,153791,13:09:57.760126
53.635876,633217,153779,13:09:57.760126
53.637734,632560,153279,13:09:57.760126
53.639593,631733,153299,13:09:57.760126
53.641455,630422,152741,13:09:57.760126
53.643312,629394,152798,13:09:57.760126
53.64517,627995,152380,13:09:57.760126
53.647026,626503,152122,13:09:57.760126
53.648885,625129,151676,13:09:57.760126
53.650745,623790,151252,13:09:57.760126
53.652602,622223,150898,13:09:57.760126
53.65446,620682,150539,13:09:57.760126
53.65632,619060,150218,13:09:57.809642
53.658182,617523,149958,13:09:57.809642
53.660055,615563,149527,13:09:57.809642
53.661991,613862,149156,13:09:57.809642
53.663904,611455,148444,13:09:57.809642
53.665769,610265,148306,13:09:57.809642
53.667626,608092,147505,13:09:57.809642
53.669484,606568,147243,13:09:57.809642
53.67134,604504,146717,13:09:57.809642
53.673197,602517,146380,13:09:57.809642
53.675053,601259,146061,13:09:57.809642
53.676911,599767,145776,13:09:57.809642
53.67877,598039,145607,13:09:57.809642
53.680626,596612,144969,13:09:57.809642
53.682493,595229,144655,13:09:57.809642
53.684349,593837,144158,13:09:57.809642
53.686205,592651,144140,13:09:57.809642
53.688064,591402,143799,13:09:57.809642
53.68992,590263,143722,13:09:57.809642
53.691778,589084,143347,13:09:57.809642
53.693635,588174,143196,13:09:57.809642
53.695491,587474,142957,13:09:57.809642
53.69735,586732,142616,13:09:57.809642
53.699213,586281,142645,13:09:57.809642
53.70107,585935,142769,13:09:57.809642
53.702927,585246,142485,13:09:57.809642
53.704785,585044,142291,13:09:57.856345
53.706651,584618,142218,13:09:57.856345
53.708512,584608,142740,13:09:57.856345
53.71042,584247,142289,13:09:57.856345
53.71228,584217,142576,13:09:57.856345
53.714137,584024,142253,13:09:57.856345
53.715995,583788,142165,13:09:57.856345
53.717861,583438,142256,13:09:57.856345
53.719718,583420,141688,13:09:57.856345
53.721574,582841,142030,13:09:57.856345
53.723432,582752,141951,13:09:57.856345
53.725289,582278,141647,13:09:57.856345
53.727145,581755,141757,13:09:57.856345
53.729004,581429,141327,13:09:57.856345
53.73086,580567,141672,13:09:57.856345
53.732717,579569,141011,13:09:57.856345
53.734575,578684,140851,13:09:57.856345
53.736439,577821,140634,13:09:57.856345
53.738295,576440,140313,13:09:57.856345
53.740152,575231,139980,13:09:57.856345
53.74201,573538,139798,13:09:57.856345
53.743868,572054,139298,13:09:57.856345
53.745727,570463,138740,13:09:57.856345
53.747583,568396,138472,13:09:57.856345
53.74944,566556,137690,13:09:57.856345
53.7513,564694,137552,13:09:57.856345
53.753161,562268,136737,13:09:57.856345
53.755045,560510,136418,13:09:57.906248
53.756913,558085,136013,13:09:57.906248
53.758773,556039,135349,13:09:57.906248
53.760674,553919,134810,13:09:57.906248
53.76253,552038,134482,13:09:57.906248
53.76439,549906,133886,13:09:57.906248
53.766247,547939,133415,13:09:57.906248
53.768103,546220,133051,13:09:57.906248
53.769961,544467,132619,13:09:57.906248
53.771818,542918,132449,13:09:57.906248
53.773674,541609,131784,13:09:57.906248
53.775531,540745,131861,13:09:57.906248
53.777393,539599,131316,13:09:57.906248
53.779249,538770,131411,13:09:57.906248
53.781106,537678,131081,13:09:57.906248
53.782964,537219,131141,13:09:57.906248
53.784823,536440,130639,13:09:57.906248
53.786679,536429,131218,13:09:57.906248
53.788535,536347,130875,13:09:57.906248
53.790394,536219,130965,13:09:57.906248
53.792252,536337,131042,13:09:57.906248
53.794118,536452,130706,13:09:57.906248
53.795975,536461,130853,13:09:57.906248
53.797833,537118,130726,13:09:57.906248
53.799692,537251,131115,13:09:57.907255
53.801548,537710,131184,13:09:57.907255
53.803404,537866,131140,13:09:57.907255
53.805263,537925,131015,13:09:57.958843
53.807125,538397,131263,13:09:57.958843
53.808985,538254,131322,13:09:57.958843
53.810895,537642,130983,13:09:57.958843
53.812775,538058,130729,13:09:57.958843
53.814632,537376,130804,13:09:57.958843
53.816489,537056,130535,13:09:57.958843
53.818351,536556,130299,13:09:57.958843
53.820207,535510,129961,13:09:57.958843
53.822064,534196,129662,13:09:57.958843
53.823922,532880,129332,13:09:57.958843
53.825778,531405,128760,13:09:57.958843
53.827637,529501,128352,13:09:57.958843
53.829493,527647,127719,13:09:57.958843
53.831352,525798,127144,13:09:57.958843
53.83321,523417,126500,13:09:57.958843
53.835067,521040,125843,13:09:57.958843
53.836929,518485,125129,13:09:57.958843
53.838785,515875,124706,13:09:57.958843
53.840643,513408,123984,13:09:57.958843
53.8425,510491,122999,13:09:57.958843
53.844356,507510,122295,13:09:57.958843
53.846214,504919,121511,13:09:57.958843
53.848073,501535,120600,13:09:57.958843
53.849931,498385,119929,13:09:57.958843
53.851788,495687,119348,13:09:57.958843
53.853648,493071,118370,13:09:57.958843
53.855512,490114,117543,13:09:58.006416
53.857372,487505,116870,13:09:58.006416
53.859232,485505,116195,13:09:58.010415
53.861143,482683,115167,13:09:58.010415
53.863002,478543,114058,13:09:58.010415
53.864864,475459,113267,13:09:58.010415
53.866721,473545,112491,13:09:58.010415
53.868579,471015,111857,13:09:58.010415
53.870435,468576,111159,13:09:58.010415
53.872295,466417,110623,13:09:58.010415
53.874152,464496,110310,13:09:58.010415
53.876008,462600,110254,13:09:58.010415
53.877867,461116,109719,13:09:58.010415
53.879723,458970,109114,13:09:58.010415
53.881581,457588,108885,13:09:58.010415
53.883438,456788,108845,13:09:58.010415
53.885298,455787,108564,13:09:58.010415
53.887157,454400,108308,13:09:58.010415
53.889023,453537,108149,13:09:58.010415
53.890879,452860,108007,13:09:58.010415
53.892736,451979,107749,13:09:58.010415
53.894594,451583,107770,13:09:58.010415
53.89645,451344,107698,13:09:58.010415
53.898307,450805,107620,13:09:58.010415
53.900165,450672,107494,13:09:58.010415
53.902022,450483,107597,13:09:58.010415
53.90388,450047,107546,13:09:58.010415
53.905744,450244,107723,13:09:58.063008
53.907611,450073,107541,13:09:58.063008
53.909476,449813,107363,13:09:58.063008
53.911409,449317,107467,13:09:58.063008
53.913271,449359,107065,13:09:58.063008
53.915128,449267,107287,13:09:58.063008
53.916985,449104,106950,13:09:58.063008
53.918846,449007,107480,13:09:58.063008
53.920703,449582,108010,13:09:58.063008
53.922563,449563,107622,13:09:58.063008
53.92442,448269,107311,13:09:58.063008
53.926276,447416,106999,13:09:58.063008
53.928134,446757,107060,13:09:58.063008
53.929991,445665,106485,13:09:58.063008
53.931847,445353,106429,13:09:58.063008
53.933703,444980,106272,13:09:58.063008
53.935566,444035,106175,13:09:58.063008
53.937422,443898,106235,13:09:58.063008
53.939279,443102,106252,13:09:58.063008
53.941137,442711,106094,13:09:58.063008
53.942993,442246,105987,13:09:58.063008
53.944852,441818,105987,13:09:58.063008
53.946708,441583,105796,13:09:58.063008
53.948568,441214,105872,13:09:58.063008
53.950427,441123,106362,13:09:58.063008
53.952293,440937,106377,13:09:58.063008
53.95415,441794,107919,13:09:58.063008
53.956012,444783,108594,13:09:58.106331
53.957874,442710,106908,13:09:58.106331
53.95975,441709,107578,13:09:58.106331
53.961663,443568,108776,13:09:58.106331
53.963527,443931,108035,13:09:58.106331
53.965385,443571,108432,13:09:58.106331
53.96725,444966,109026,13:09:58.106331
53.969108,446222,108932,13:09:58.106331
53.970964,445823,108907,13:09:58.106331
53.972823,446057,109282,13:09:58.106331
53.974679,446583,109372,13:09:58.106331
53.97654,447500,109514,13:09:58.106331
53.978396,447306,109222,13:09:58.106331
53.980252,447527,109586,13:09:58.106331
53.982115,448736,109836,13:09:58.106331
53.983973,448791,109717,13:09:58.106331
53.985835,449048,110386,13:09:58.106331
53.987692,449959,111058,13:09:58.106331
53.989548,449591,110051,13:09:58.106331
53.991407,449175,110280,13:09:58.106331
53.993263,449102,110557,13:09:58.106331
53.995119,448981,110351,13:09:58.106331
53.996976,447985,109783,13:09:58.106331
53.998844,446657,109836,13:09:58.106331
54.0007,446578,110549,13:09:58.106331
54.002557,445756,110181,13:09:58.106331
54.004415,444524,109732,13:09:58.106331
54.006284,443416,109687,13:09:58.156755
54.008146,442658,109525,13:09:58.156755
54.010042,441712,108982,13:09:58.156755
54.011934,440739,109075,13:09:58.156755
54.013795,439870,108779,13:09:58.156755
54.015651,438552,108624,13:09:58.156755
54.017507,436989,108268,13:09:58.156755
54.019364,436212,108277,13:09:58.156755
54.021224,435049,107685,13:09:58.156755
54.023081,433623,107648,13:09:58.156755
54.024937,432976,107093,13:09:58.156755
54.026797,431803,107028,13:09:58.156755
54.028654,430334,106704,13:09:58.156755
54.03051,429330,106565,13:09:58.156755
54.032368,428646,106406,13:09:58.156755
54.034225,426899,105808,13:09:58.156755
54.036081,426013,105545,13:09:58.156755
54.037938,424852,105312,13:09:58.156755
54.039802,423912,104950,13:09:58.156755
54.041658,422603,104862,13:09:58.156755
54.043515,421583,104644,13:09:58.156755
54.045373,420656,104389,13:09:58.156755
54.047229,419805,103915,13:09:58.156755
54.049086,418900,104027,13:09:58.156755
54.050942,418215,103503,13:09:58.156755
54.052803,417462,103272,13:09:58.156755
54.054661,416541,103388,13:09:58.208125
54.056537,415593,102945,13:09:58.208125
54.058398,415353,102927,13:09:58.208125
54.06031,414753,102763,13:09:58.208125
54.062183,414281,102713,13:09:58.208125
54.064042,413717,102713,13:09:58.208125
54.065899,413556,102387,13:09:58.208125
54.067757,413188,102597,13:09:58.208125
54.069614,412977,102702,13:09:58.208125
54.07147,412605,102160,13:09:58.208125
54.073328,412286,102130,13:09:58.208125
54.075185,412514,102481,13:09:58.208125
54.077043,412417,102355,13:09:58.208125
54.078899,412372,102371,13:09:58.208125
54.08076,412176,101937,13:09:58.208125
54.082616,412068,102252,13:09:58.208125
54.084473,412037,101976,13:09:58.208125
54.086331,411343,102294,13:09:58.208125
54.088187,411085,102008,13:09:58.208125
54.090046,410670,102011,13:09:58.208125
54.091902,410029,101425,13:09:58.208125
54.093758,409355,101423,13:09:58.208125
54.095617,408642,101212,13:09:58.208125
54.097481,407451,100770,13:09:58.208125
54.099338,406200,100874,13:09:58.208125
54.101194,404905,100359,13:09:58.208125
54.103052,403400,99890,13:09:58.209138
54.104909,401757,99438,13:09:58.260821
54.106779,399961,98994,13:09:58.260821
54.108639,398095,98606,13:09:58.260821
54.110548,395844,97811,13:09:58.260821
54.112424,393276,97593,13:09:58.260821
54.114296,391204,97038,13:09:58.260821
54.116153,389092,96535,13:09:58.260821
54.118011,386548,95740,13:09:58.260821
54.119869,384177,95143,13:09:58.260821
54.121728,381882,94689,13:09:58.260821
54.123584,379438,94355,13:09:58.260821
54.12544,377361,93528,13:09:58.260821
54.127301,374841,93132,13:09:58.260821
54.129157,373183,92737,13:09:58.260821
54.131016,371270,92404,13:09:58.260821
54.132876,369570,91904,13:09:58.260821
54.134732,367982,91509,13:09:58.260821
54.136591,366796,91384,13:09:58.260821
54.138451,365906,91031,13:09:58.260821
54.140307,365228,90957,13:09:58.260821
54.142164,364896,90987,13:09:58.260821
54.14403,364647,90856,13:09:58.260821
54.145886,364286,90887,13:09:58.260821
54.147743,364395,90991,13:09:58.260821
54.149601,364554,91195,13:09:58.260821
54.151458,365079,91132,13:09:58.260821
54.153316,365400,91328,13:09:58.260821
54.155172,366195,91297,13:09:58.312431
54.157045,366751,91513,13:09:58.312431
54.158905,367479,91844,13:09:58.312431
54.160792,368354,92091,13:09:58.312431
54.162663,369000,92295,13:09:58.312431
54.164548,370192,92586,13:09:58.312431
54.166412,370848,92648,13:09:58.312431
54.168273,371852,92928,13:09:58.312431
54.170129,372577,93175,13:09:58.312431
54.171985,373070,93332,13:09:58.312431
54.173844,374221,93467,13:09:58.312431
54.1757,374672,93536,13:09:58.312431
54.177559,374843,93727,13:09:58.312431
54.179415,375236,93680,13:09:58.312431
54.181273,375170,93653,13:09:58.312431
54.18313,374963,93715,13:09:58.312431
54.18499,374561,93330,13:09:58.312431
54.186846,374085,93077,13:09:58.312431
54.188703,373317,93065,13:09:58.312431
54.190561,372448,92595,13:09:58.312431
54.192418,371488,92241,13:09:58.312431
54.194274,370384,92254,13:09:58.312431
54.19613,369383,91867,13:09:58.312431
54.197987,368160,91703,13:09:58.312431
54.199845,366701,91335,13:09:58.312431
54.20171,365375,91137,13:09:58.312431
54.203568,364064,90954,13:09:58.312431
54.205424,362788,90504,13:09:58.366103
54.207291,361112,89992,13:09:58.366103
54.209151,359798,89766,13:09:58.366103
54.211057,357882,89594,13:09:58.366103
54.212919,356630,88767,13:09:58.366103
54.214776,355616,88884,13:09:58.366103
54.216634,354275,88607,13:09:58.366103
54.218516,353209,88296,13:09:58.366103
54.220373,352045,87976,13:09:58.366103
54.222231,351220,88037,13:09:58.366103
54.224088,350262,87980,13:09:58.366103
54.225948,349662,87839,13:09:58.366103
54.227806,349131,87477,13:09:58.366103
54.229663,348343,87374,13:09:58.366103
54.231521,348189,87493,13:09:58.366103
54.233377,347831,87425,13:09:58.366103
54.235236,347584,87414,13:09:58.366103
54.237092,347605,87228,13:09:58.366103
54.238949,347158,87035,13:09:58.366103
54.240807,347261,87037,13:09:58.366103
54.242669,346866,87341,13:09:58.366103
54.244526,346842,87315,13:09:58.366103
54.246382,346629,87111,13:09:58.366103
54.248241,346475,87557,13:09:58.366103
54.250097,346481,87121,13:09:58.366103
54.251953,346854,87126,13:09:58.366103
54.253812,346700,87138,13:09:58.366103
54.255678,346412,87124,13:09:58.414070
54.257538,346535,87149,13:09:58.414070
54.259401,345942,87063,13:09:58.414070
54.261317,345255,86890,13:09:58.414070
54.263173,345028,86953,13:09:58.414070
54.265033,344035,86725,13:09:58.414070
54.26692,343190,86685,13:09:58.414070
54.26878,343190,86420,13:09:58.414070
54.270643,342817,86203,13:09:58.414070
54.272519,341597,85918,13:09:58.414070
54.274379,341006,86010,13:09:58.414070
54.27624,340434,85789,13:09:58.414070
54.278098,339425,85644,13:09:58.414070
54.279958,338520,85407,13:09:58.414070
54.281819,337756,85080,13:09:58.414070
54.283675,337279,85002,13:09:58.414070
54.285535,335800,84770,13:09:58.414070
54.287392,335006,84466,13:09:58.414070
54.289248,334345,84411,13:09:58.414070
54.291107,333308,84351,13:09:58.414070
54.292963,332152,83852,13:09:58.414070
54.294819,330857,83613,13:09:58.414070
54.296676,329562,83292,13:09:58.414070
54.298542,328264,83051,13:09:58.414070
54.300398,327286,82853,13:09:58.414070
54.302255,326230,82514,13:09:58.414070
54.304113,325340,82525,13:09:58.414070
54.305984,324281,82206,13:09:58.465495
54.307844,322973,82066,13:09:58.465495
54.309706,322332,82137,13:09:58.465495
54.311609,322032,81856,13:09:58.465495
54.313467,320822,81372,13:09:58.465495
54.315323,319975,81605,13:09:58.465495
54.317189,319662,81894,13:09:58.465495
54.31907,318151,81635,13:09:58.465495
54.320926,317762,81208,13:09:58.465495
54.322783,317540,81320,13:09:58.465495
54.324639,316934,80936,13:09:58.465495
54.326498,315422,80684,13:09:58.465495
54.328354,314993,81002,13:09:58.465495
54.33021,314379,80865,13:09:58.465495
54.332069,313197,80090,13:09:58.465495
54.333925,312179,80289,13:09:58.465495
54.335781,311774,80224,13:09:58.465495
54.337638,310836,79841,13:09:58.465495
54.339502,309627,80008,13:09:58.465495
54.341361,309547,79752,13:09:58.465495
54.343217,308615,79567,13:09:58.465495
54.345075,307642,78736,13:09:58.465495
54.346932,306812,79313,13:09:58.466424
54.34879,306546,78939,13:09:58.466424
54.350646,305656,79061,13:09:58.466424
54.352503,305154,78938,13:09:58.466424
54.354361,304972,78435,13:09:58.466424
54.356229,303889,78911,13:09:58.517066
54.358088,303769,78264,13:09:58.517066
54.359964,303326,78510,13:09:58.517066
54.361847,302857,78332,13:09:58.517066
54.363707,301960,78120,13:09:58.517066
54.365563,301938,78093,13:09:58.517066
54.367424,301271,78070,13:09:58.517066
54.369281,298417,77835,13:09:58.517066
54.371146,300245,77800,13:09:58.517066
54.373005,299774,77599,13:09:58.517066
54.374863,298921,77388,13:09:58.517066
54.376744,297690,77012,13:09:58.517066
54.3786,297039,76518,13:09:58.517066
54.38046,296194,76244,13:09:58.517066
54.382317,295288,76080,13:09:58.517066
54.384173,294181,75731,13:09:58.517066
54.386031,293414,75532,13:09:58.517066
54.387888,292492,75472,13:09:58.517066
54.389746,291344,74895,13:09:58.517066
54.391603,290022,74495,13:09:58.517066
54.393459,289052,74514,13:09:58.517066
54.395317,287918,74085,13:09:58.517066
54.397181,286647,73555,13:09:58.517066
54.399038,285264,73455,13:09:58.517066
54.400894,284640,73123,13:09:58.517066
54.402755,283028,72485,13:09:58.517066
54.404611,282002,72584,13:09:58.567944
54.406476,280998,72414,13:09:58.567944
54.408336,279750,71908,13:09:58.567944
54.410246,278612,71841,13:09:58.567944
54.412112,277204,71530,13:09:58.567944
54.413969,276019,71103,13:09:58.567944
54.415829,274936,70906,13:09:58.567944
54.417686,273655,70664,13:09:58.567944
54.419542,272062,70306,13:09:58.567944
54.421402,268795,69934,13:09:58.567944
54.423259,269848,69728,13:09:58.567944
54.425115,269028,69384,13:09:58.567944
54.426974,267417,69144,13:09:58.567944
54.42883,266845,69044,13:09:58.567944
54.430688,265721,68969,13:09:58.567944
54.432545,264954,68733,13:09:58.567944
54.434407,264027,68580,13:09:58.567944
54.436263,263606,68926,13:09:58.567944
54.43812,262800,68252,13:09:58.567944
54.439978,261720,68110,13:09:58.567944
54.441835,261002,67993,13:09:58.567944
54.443691,260360,67723,13:09:58.567944
54.445547,259402,67481,13:09:58.567944
54.447404,258623,67304,13:09:58.567944
54.44926,257989,67339,13:09:58.567944
54.451117,257020,67088,13:09:58.567944
54.452977,256101,66774,13:09:58.567944
54.454835,255545,66889,13:09:58.621089
54.456709,254628,66445,13:09:58.621089
54.45857,253288,66218,13:09:58.621089
54.460468,252915,66069,13:09:58.621089
54.462326,251762,65806,13:09:58.621089
54.464187,251136,65359,13:09:58.623101
54.466043,249964,65453,13:09:58.623101
54.4679,249051,65265,13:09:58.623101
54.469767,247591,64529,13:09:58.623101
54.47165,244861,64448,13:09:58.623101
54.473517,245958,64253,13:09:58.623101
54.475375,244808,63583,13:09:58.623101
54.477231,243495,63371,13:09:58.623101
54.479088,242267,63363,13:09:58.623101
54.48095,241432,62846,13:09:58.623101
54.482806,240325,62958,13:09:58.623101
54.484665,238841,62451,13:09:58.623101
54.486521,237909,62247,13:09:58.623101
54.488378,236723,61980,13:09:58.623101
54.490236,235691,61708,13:09:58.623101
54.492095,234979,61966,13:09:58.623101
54.493953,233985,61446,13:09:58.623101
54.495809,233117,61383,13:09:58.623101
54.49767,232278,60920,13:09:58.623101
54.499526,231549,61023,13:09:58.623101
54.501382,230707,60584,13:09:58.623101
54.503241,229834,60631,13:09:58.623101
54.505097,229719,60478,13:09:58.677793
54.506963,228864,60152,13:09:58.677793
54.508824,227829,59962,13:09:58.677793
54.510712,227479,60144,13:09:58.677793
54.512574,226873,59736,13:09:58.677793
54.514431,226299,59762,13:09:58.677793
54.516289,225715,59530,13:09:58.678763
54.518146,225688,59637,13:09:58.678763
54.520002,225288,59275,13:09:58.678763
54.521866,224176,59426,13:09:58.678763
54.523737,224213,59315,13:09:58.678763
54.525605,224109,59073,13:09:58.678763
54.527461,223581,59273,13:09:58.678763
54.52932,223395,59059,13:09:58.678763
54.531178,223068,59022,13:09:58.678763
54.533035,222369,58796,13:09:58.678763
54.534895,221842,58668,13:09:58.678763
54.536753,221347,58449,13:09:58.678763
54.538612,220537,58253,13:09:58.678763
54.540468,219795,57862,13:09:58.678763
54.542325,219083,58208,13:09:58.678763
54.544183,218569,57645,13:09:58.678763
54.546041,217713,57687,13:09:58.678763
54.5479,216949,57704,13:09:58.678763
54.549756,216399,57477,13:09:58.678763
54.551622,215612,57513,13:09:58.678763
54.553479,215057,57301,13:09:58.678763
54.555335,214777,57065,13:09:58.720943
54.557204,214217,56931,13:09:58.720943
54.559064,213445,56788,13:09:58.720943
54.560966,213169,57110,13:09:58.720943
54.562825,212906,56754,13:09:58.720943
54.564681,212887,56698,13:09:58.720943
54.566541,212231,56664,13:09:58.720943
54.5684,211955,56714,13:09:58.720943
54.570263,211117,56596,13:09:58.720943
54.572126,210673,56684,13:09:58.720943
54.573983,211790,56796,13:09:58.720943
54.575843,211692,56335,13:09:58.720943
54.5777,211817,56897,13:09:58.721932
54.579559,211776,56951,13:09:58.721932
54.581437,208654,56769,13:09:58.721932
54.583303,212348,56492,13:09:58.721932
54.585161,212282,56505,13:09:58.721932
54.587017,212641,56967,13:09:58.721932
54.588876,212589,56543,13:09:58.721932
54.590732,212395,56649,13:09:58.721932
54.592591,212705,56976,13:09:58.721932
54.594449,212518,56693,13:09:58.721932
54.596315,211676,56728,13:09:58.721932
54.598172,211105,56461,13:09:58.721932
54.600028,211019,56181,13:09:58.721932
54.601886,209742,56084,13:09:58.721932
54.603743,208967,55654,13:09:58.721932
54.605601,208199,55660,13:09:58.771942
54.607464,207127,55508,13:09:58.771942
54.609326,206020,55200,13:09:58.771942
54.611244,204381,55154,13:09:58.771942
54.613102,203742,55032,13:09:58.771942
54.614969,202627,54594,13:09:58.771942
54.616827,201050,54608,13:09:58.771942
54.618684,200761,54337,13:09:58.771942
54.620546,199359,53928,13:09:58.771942
54.622402,197641,53790,13:09:58.771942
54.624259,197146,53479,13:09:58.771942
54.626124,193798,53054,13:09:58.771942
54.628015,195142,52951,13:09:58.771942
54.629882,193989,52974,13:09:58.771942
54.63174,193015,52856,13:09:58.771942
54.633598,192388,52536,13:09:58.771942
54.635459,191159,52428,13:09:58.771942
54.637315,189897,51944,13:09:58.771942
54.639173,189215,51987,13:09:58.771942
54.64103,188578,51667,13:09:58.771942
54.642886,187460,51426,13:09:58.771942
54.644745,186651,51278,13:09:58.771942
54.646607,185717,51077,13:09:58.771942
54.648465,184947,50962,13:09:58.771942
54.650322,184006,50652,13:09:58.771942
54.652188,183561,50503,13:09:58.771942
54.654044,182866,50750,13:09:58.771942
54.655911,182298,50346,13:09:58.823255
54.657777,181608,50258,13:09:58.823255
54.65964,181006,50065,13:09:58.823255
54.661544,180808,50082,13:09:58.823255
54.6634,180252,50304,13:09:58.823255
54.665256,180040,50009,13:09:58.823255
54.667113,180047,49857,13:09:58.823255
54.668969,179868,50034,13:09:58.823255
54.67083,179428,49310,13:09:58.823255
54.672686,178506,49481,13:09:58.823255
54.674549,178463,49686,13:09:58.823255
54.676431,175350,49253,13:09:58.823255
54.678293,177556,49224,13:09:58.823255
54.680157,177187,49273,13:09:58.823255
54.682014,177225,49260,13:09:58.823255
54.683874,176492,48796,13:09:58.823255
54.685732,176261,48802,13:09:58.824247
54.687589,176374,49215,13:09:58.824247
54.689449,175961,48675,13:09:58.824247
54.691306,175459,48322,13:09:58.824247
54.693162,175598,48866,13:09:58.824247
54.69502,175785,48507,13:09:58.824247
54.696881,175006,48563,13:09:58.824247
54.698737,174982,48511,13:09:58.824247
54.700594,175195,48347,13:09:58.824247
54.702452,174569,48598,13:09:58.824247
54.704308,174430,48543,13:09:58.824247
54.706171,174216,48572,13:09:58.874982
54.708031,173745,48354,13:09:58.874982
54.709917,173311,47971,13:09:58.874982
54.711818,173060,48345,13:09:58.874982
54.713676,172839,48050,13:09:58.874982
54.715532,172379,47921,13:09:58.874982
54.717389,172046,48244,13:09:58.874982
54.719247,171856,47908,13:09:58.874982
54.721111,171422,47344,13:09:58.874982
54.722968,170259,47419,13:09:58.874982
54.724824,170505,47544,13:09:58.874982
54.726683,169662,47649,13:09:58.884001
54.728561,168092,47194,13:09:58.884001
54.730444,168585,46821,13:09:58.884001
54.732302,167900,46829,13:09:58.884001
54.734158,166986,46797,13:09:58.884001
54.736016,166247,46610,13:09:58.884001
54.737875,165934,46469,13:09:58.884001
54.739733,164787,46242,13:09:58.884001
54.741589,163928,46186,13:09:58.884001
54.743449,163257,45980,13:09:58.884001
54.745306,162345,45533,13:09:58.884001
54.747164,161710,45692,13:09:58.884001
54.749021,161002,45420,13:09:58.884001
54.750877,160432,45437,13:09:58.884001
54.752736,159664,45279,13:09:58.884001
54.754592,159051,44934,13:09:58.927764
54.75646,158814,44979,13:09:58.927764
54.758321,157825,44729,13:09:58.927764
54.76021,157266,44571,13:09:58.927764
54.762139,156355,44697,13:09:58.927764
54.764004,155549,44097,13:09:58.927764
54.76586,154890,44146,13:09:58.927764
54.767718,154663,44079,13:09:58.927764
54.769575,153833,43847,13:09:58.927764
54.771431,152888,43819,13:09:58.927764
54.773289,152566,43697,13:09:58.927764
54.775146,152603,43633,13:09:58.927764
54.77701,152214,43774,13:09:58.927764
54.778867,151149,43487,13:09:58.927764
54.780727,151171,43390,13:09:58.927764
54.782583,150830,43276,13:09:58.927764
54.784442,150377,43199,13:09:58.927764
54.786328,149595,43123,13:09:58.927764
54.788192,149413,43153,13:09:58.927764
54.790051,148682,42957,13:09:58.927764
54.791907,148573,42882,13:09:58.927764
54.793763,148370,42592,13:09:58.927764
54.795622,147949,42594,13:09:58.927764
54.797478,147785,42541,13:09:58.927764
54.799335,147537,42458,13:09:58.927764
54.801191,147617,42374,13:09:58.927764
54.803047,147402,42356,13:09:58.927764
54.804904,147307,42446,13:09:58.976021
54.806769,147201,42780,13:09:58.976021
54.808629,147082,42278,13:09:58.976021
54.810539,146993,42199,13:09:58.976021
54.812395,146612,42280,13:09:58.976021
54.814253,146554,42179,13:09:58.976021
54.81611,146082,41972,13:09:58.976021
54.81797,146183,42250,13:09:58.976021
54.819827,145678,42038,13:09:58.976021
54.821685,144638,42230,13:09:58.976021
54.823543,144929,41871,13:09:58.976021
54.8254,143827,41770,13:09:58.976021
54.827258,144028,41875,13:09:58.976021
54.829114,143643,41639,13:09:58.976021
54.830973,142523,41488,13:09:58.976021
54.832833,143188,41596,13:09:58.976021
54.83469,143060,41388,13:09:58.976021
54.836548,142842,41692,13:09:58.976021
54.838406,142386,41335,13:09:58.976021
54.840263,142342,41483,13:09:58.976021
54.842119,142043,41391,13:09:58.976021
54.843977,142182,41549,13:09:58.976021
54.845834,142045,41392,13:09:58.976021
54.84769,142300,41347,13:09:58.976021
54.849549,141993,41468,13:09:58.976021
54.851405,142330,41600,13:09:58.976021
54.853263,142433,41723,13:09:58.976021
54.85512,142689,41847,13:09:59.028164
54.856998,142573,41776,13:09:59.028164
54.858858,142560,41698,13:09:59.028164
54.860771,142380,41719,13:09:59.028164
54.862629,142242,41860,13:09:59.028164
54.864485,142430,41911,13:09:59.028164
54.866342,142005,41921,13:09:59.028164
54.8682,142156,41796,13:09:59.028164
54.870056,141871,41628,13:09:59.028164
54.871915,141861,41852,13:09:59.028164
54.873771,142061,41807,13:09:59.028164
54.875632,141921,41658,13:09:59.028164
54.877488,141739,41916,13:09:59.028164
54.879347,141699,42007,13:09:59.028164
54.881222,141819,41799,13:09:59.028164
54.883099,141982,41894,13:09:59.028164
54.884959,141824,41946,13:09:59.028164
54.886818,141703,41740,13:09:59.028164
54.888676,141834,42037,13:09:59.028164
54.890538,141542,42010,13:09:59.028164
54.892395,141327,41893,13:09:59.028164
54.894253,141373,42091,13:09:59.028164
54.896109,141286,41904,13:09:59.028164
54.897966,141093,41777,13:09:59.028164
54.899824,140878,41745,13:09:59.028164
54.901685,140751,41860,13:09:59.028164
54.903543,140684,42017,13:09:59.028164
54.905399,140634,42073,13:09:59.078073
54.907266,140456,41876,13:09:59.078073
54.909126,139852,41667,13:09:59.078073
54.911026,139977,41582,13:09:59.078073
54.912887,139198,41811,13:09:59.078073
54.914743,139468,41826,13:09:59.078073
54.916599,139068,41420,13:09:59.078073
54.918458,139379,41937,13:09:59.078073
54.920324,138906,41755,13:09:59.078073
54.92218,139285,41318,13:09:59.078073
54.924037,139476,41536,13:09:59.078073
54.925895,138810,41509,13:09:59.078073
54.927752,139153,41296,13:09:59.079063
54.929608,139277,41608,13:09:59.079063
54.931466,139250,41411,13:09:59.079063
54.933326,137730,41520,13:09:59.079063
54.935223,138956,41327,13:09:59.079063
54.937079,138894,41525,13:09:59.079063
54.938936,139190,41483,13:09:59.079063
54.940794,138997,41391,13:09:59.079063
54.94265,139060,41571,13:09:59.079063
54.944509,138983,41520,13:09:59.079063
54.946365,138823,41394,13:09:59.079063
54.948226,138880,41333,13:09:59.079063
54.950082,139203,41420,13:09:59.079063
54.951938,139004,41680,13:09:59.079063
54.953797,139376,41362,13:09:59.079063
54.955657,139339,41819,13:09:59.130539
54.957523,139556,41826,13:09:59.130539
54.959386,139433,41762,13:09:59.130539
54.961292,139286,41596,13:09:59.130539
54.96315,139704,41572,13:09:59.130539
54.965009,139401,41473,13:09:59.130539
54.966877,139007,41666,13:09:59.130539
54.968733,139006,41395,13:09:59.130539
54.970589,138778,41761,13:09:59.130539
54.972449,137989,41335,13:09:59.130539
54.974307,138218,41239,13:09:59.130539
54.976165,137682,41045,13:09:59.130539
54.978021,137327,40860,13:09:59.130539
54.979878,136510,41055,13:09:59.130539
54.981738,136580,40719,13:09:59.130539
54.983604,136209,40925,13:09:59.130539
54.985469,135969,40412,13:09:59.130539
54.987325,135457,40594,13:09:59.130539
54.989185,135061,40549,13:09:59.130539
54.991042,134953,40316,13:09:59.130539
54.992898,134444,40103,13:09:59.130539
54.994757,133887,40246,13:09:59.130539
54.996613,133435,39993,13:09:59.130539
54.998469,133129,40015,13:09:59.130539
55.000326,133044,39854,13:09:59.130539
55.002182,132731,39894,13:09:59.131538
55.004039,132355,40047,13:09:59.131538
55.005905,132058,39807,13:09:59.191838
55.007767,131339,39652,13:09:59.191838
55.009632,131444,39759,13:09:59.191838
55.01154,130909,39542,13:09:59.191838
55.0134,130670,39523,13:09:59.191838
55.015257,130051,39579,13:09:59.191838
55.017115,129872,39633,13:09:59.191838
55.018971,129169,38984,13:09:59.191838
55.020828,128091,39094,13:09:59.191838
55.022686,128169,39770,13:09:59.191838
55.024543,127745,39154,13:09:59.191838
55.026405,125436,38598,13:09:59.191838
55.028261,127156,39254,13:09:59.191838
55.03012,127068,38792,13:09:59.191838
55.031976,123910,37740,13:09:59.191838
55.033836,124557,39298,13:09:59.191838
55.035717,124692,38809,13:09:59.191838
55.037573,123150,37467,13:09:59.191838
55.039431,122226,37599,13:09:59.191838
55.041288,122355,38368,13:09:59.191838
55.043144,122843,38398,13:09:59.191838
55.045003,121366,36929,13:09:59.191838
55.046864,119837,37209,13:09:59.191838
55.048721,119528,36988,13:09:59.191838
55.050578,119325,37971,13:09:59.191838
55.052436,119177,36668,13:09:59.191838
55.054292,116558,36297,13:09:59.191838
55.056161,118105,37636,13:09:59.232604
55.058021,116759,36216,13:09:59.232604
55.059891,115125,37124,13:09:59.232604
55.061782,116174,36469,13:09:59.235611
55.063638,114225,35865,13:09:59.235611
55.065494,114560,37157,13:09:59.235611
55.067353,114660,35794,13:09:59.235611
55.069209,111758,35054,13:09:59.235611
55.071068,112035,36950,13:09:59.235611
55.072924,112537,36045,13:09:59.235611
55.074782,109737,34618,13:09:59.235611
55.076639,109406,36538,13:09:59.235611
55.078498,111151,35618,13:09:59.235611
55.080356,107901,34709,13:09:59.235611
55.082212,107775,35588,13:09:59.235611
55.084076,108103,34986,13:09:59.235611
55.085951,107303,34972,13:09:59.235611
55.08781,105976,34576,13:09:59.235611
55.089675,105958,34762,13:09:59.235611
55.091532,105774,34493,13:09:59.235611
55.09339,103920,34550,13:09:59.235611
55.095256,103762,34770,13:09:59.235611
55.097113,103765,34639,13:09:59.235611
55.098971,102989,34110,13:09:59.235611
55.100828,101703,34216,13:09:59.236608
55.102686,102614,34591,13:09:59.236608
55.104542,101986,34198,13:09:59.284580
55.106409,99915,33451,13:09:59.284580
55.108269,99726,34518,13:09:59.284580
55.110147,100346,33784,13:09:59.284580
55.112034,98215,33280,13:09:59.284580
55.11389,98098,33833,13:09:59.284580
55.115746,98389,34041,13:09:59.284580
55.117605,97084,33097,13:09:59.284580
55.119466,95963,33369,13:09:59.284580
55.121325,96302,33942,13:09:59.284580
55.123182,96834,33288,13:09:59.284580
55.125048,95320,33416,13:09:59.284580
55.126905,95235,33440,13:09:59.284580
55.128763,95541,33313,13:09:59.284580
55.130621,94411,32901,13:09:59.284580
55.132478,94157,33021,13:09:59.284580
55.134336,94432,33461,13:09:59.284580
55.136192,93128,32402,13:09:59.285594
55.138049,92229,32677,13:09:59.285594
55.139931,93439,32958,13:09:59.285594
55.141788,92432,32486,13:09:59.285594
55.143644,91439,32059,13:09:59.285594
55.1455,91260,32094,13:09:59.285594
55.147361,91244,32125,13:09:59.285594
55.149217,90316,31532,13:09:59.285594
55.151073,90110,31669,13:09:59.285594
55.152932,90421,31891,13:09:59.285594
55.154788,90078,31320,13:09:59.336870
55.156659,89056,31503,13:09:59.336870
55.158519,89965,31877,13:09:59.336870
55.160422,89777,31348,13:09:59.336870
55.162291,88586,31373,13:09:59.336870
55.164148,89197,31655,13:09:59.336870
55.166008,89619,31500,13:09:59.336870
55.167867,88418,31118,13:09:59.336870
55.169723,87707,31395,13:09:59.336870
55.171581,88068,31551,13:09:59.336870
55.17344,88959,31090,13:09:59.336870
55.175298,88700,31116,13:09:59.336870
55.177154,88371,31554,13:09:59.336870
55.179011,89197,31208,13:09:59.336870
55.180871,88011,31087,13:09:59.336870
55.182728,88870,31392,13:09:59.336870
55.184585,89660,31423,13:09:59.336870
55.186443,89106,31313,13:09:59.336870
55.188327,88263,31566,13:09:59.336870
55.190193,90152,31762,13:09:59.336870
55.192052,90119,31841,13:09:59.336870
55.19391,90147,31882,13:09:59.336870
55.195766,90839,32130,13:09:59.336870
55.197625,91238,32071,13:09:59.338204
55.199481,90723,32139,13:09:59.338204
55.201337,91085,32001,13:09:59.338204
55.203196,91414,32048,13:09:59.338204
55.205052,91405,32033,13:09:59.386389
55.206918,91217,32443,13:09:59.386389
55.208779,91112,31997,13:09:59.386389
55.210669,90932,31855,13:09:59.386389
55.212531,90366,31918,13:09:59.386389
55.214388,90447,31654,13:09:59.386389
55.216246,89337,31571,13:09:59.386389
55.218102,89175,31381,13:09:59.386389
55.219963,88528,31502,13:09:59.386389
55.221821,88286,31090,13:09:59.386389
55.223687,88208,30944,13:09:59.386389
55.225544,86895,30954,13:09:59.386389
55.2274,87071,30727,13:09:59.386389
55.229259,85932,30792,13:09:59.386389
55.231115,85381,30433,13:09:59.386389
55.232971,85365,30283,13:09:59.386389
55.234828,84518,30221,13:09:59.386389
55.236684,84534,29714,13:09:59.386389
55.238542,83597,29966,13:09:59.386389
55.240417,81031,29628,13:09:59.386389
55.242283,82918,29549,13:09:59.386389
55.244142,82371,29604,13:09:59.386389
55.245999,82098,29475,13:09:59.386389
55.247858,81394,29010,13:09:59.386389
55.249715,80075,28525,13:09:59.386389
55.251571,79909,29160,13:09:59.387406
55.253428,80342,28726,13:09:59.387406
55.255284,78608,28071,13:09:59.439459
55.257152,78316,28729,13:09:59.439459
55.259013,78703,28456,13:09:59.440461
55.260909,77725,28023,13:09:59.440461
55.262767,77279,28108,13:09:59.440461
55.264624,76993,28456,13:09:59.440461
55.266482,77364,28430,13:09:59.440461
55.268338,76153,27250,13:09:59.440461
55.270197,74819,27847,13:09:59.440461
55.272053,75708,28556,13:09:59.440461
55.273913,75227,27485,13:09:59.440461
55.275772,72244,26278,13:09:59.440461
55.277633,72487,27547,13:09:59.440461
55.279491,73677,27200,13:09:59.440461
55.281347,71163,25885,13:09:59.440461
55.283205,68948,26178,13:09:59.440461
55.285062,69954,26148,13:09:59.440461
55.286918,67670,24811,13:09:59.440461
55.28878,66597,24927,13:09:59.440461
55.290643,64427,25254,13:09:59.440461
55.292505,65632,24146,13:09:59.440461
55.294361,63167,23929,13:09:59.440461
55.296222,62969,24557,13:09:59.440461
55.298102,62739,23674,13:09:59.440461
55.299958,59940,22366,13:09:59.440461
55.301817,59646,23237,13:09:59.440461
55.303673,59740,22922,13:09:59.440461
55.305534,57803,21921,13:09:59.456173
55.307398,55771,21830,13:09:59.456173
55.309258,56400,22186,13:09:59.456173
55.311172,54626,20910,13:09:59.456173
55.313031,52633,20620,13:09:59.456173
55.314887,52756,21118,13:09:59.456173
55.316746,51675,20549,13:09:59.456173
55.318602,49678,19716,13:09:59.456173
55.32046,48131,20104,13:09:59.456173
55.322317,49230,20332,13:09:59.456173
55.324183,47579,18921,13:09:59.456173
55.326039,45646,18975,13:09:59.456173
55.327896,46031,19308,13:09:59.456173
55.329754,45483,18430,13:09:59.456173
55.331611,43422,18162,13:09:59.456173
55.333467,43030,18386,13:09:59.456173
55.335323,42413,18069,13:09:59.456173
55.33718,41373,17375,13:09:59.456173
55.33904,40628,17407,13:09:59.456173
55.340903,39308,17465,13:09:59.456173
55.342765,39542,16873,13:09:59.456173
55.344621,38062,16762,13:09:59.456173
55.346486,38136,16894,13:09:59.456173
55.348342,37396,16123,13:09:59.456173
55.350198,35774,15758,13:09:59.456173
55.352057,35194,15624,13:09:59.456173
55.353913,34862,15684,13:09:59.456173
55.355782,33817,15101,13:09:59.506510
55.357642,32617,14577,13:09:59.506510
55.359506,32197,15066,13:09:59.506510
55.361404,31680,14304,13:09:59.506510
55.363261,30300,14152,13:09:59.506510
55.365121,29757,13937,13:09:59.506510
55.366978,29388,13532,13:09:59.506510
55.368834,28220,13119,13:09:59.506510
55.370692,27471,13211,13:09:59.506510
55.372549,27206,13037,13:09:59.506510
55.374405,26083,12359,13:09:59.506510
55.376262,25492,12555,13:09:59.506510
55.378122,25152,12116,13:09:59.506510
55.379978,24342,11961,13:09:59.506510
55.381835,23775,11688,13:09:59.506510
55.383693,23526,11705,13:09:59.506510
55.38555,22964,11323,13:09:59.506510
55.387408,22087,11164,13:09:59.506510
55.389265,21682,11162,13:09:59.506510
55.391126,21023,11087,13:09:59.506510
55.393021,21006,10560,13:09:59.506510
55.394877,20154,10369,13:09:59.506510
55.396764,19767,10592,13:09:59.506510
55.398622,19630,10602,13:09:59.506510
55.400478,19222,10282,13:09:59.506510
55.402339,18768,10052,13:09:59.506510
55.404195,18686,10194,13:09:59.506510
55.406061,18212,10100,13:09:59.560469
55.407922,17955,9846,13:09:59.560469
55.409787,17575,10017,13:09:59.560469
55.411688,17444,9959,13:09:59.560469
55.413545,16946,9669,13:09:59.560469
55.415403,16587,9391,13:09:59.560469
55.417259,16352,9523,13:09:59.560469
55.419116,16328,9364,13:09:59.560469
55.420972,15498,9226,13:09:59.560469
55.42283,15371,8969,13:09:59.560469
55.424689,15091,9057,13:09:59.560469
55.426545,14661,8738,13:09:59.560469
55.428412,14315,8643,13:09:59.560469
55.430268,13931,8684,13:09:59.560469
55.432124,13622,8459,13:09:59.560469
55.433983,13200,8431,13:09:59.560469
55.435839,12806,8015,13:09:59.560469
55.437696,12793,8112,13:09:59.560469
55.439552,12111,8037,13:09:59.560469
55.44141,11769,7708,13:09:59.560469
55.443269,11344,7847,13:09:59.560469
55.445132,11041,7808,13:09:59.560469
55.446989,10461,7254,13:09:59.560469
55.448846,9881,7102,13:09:59.560469
55.450704,9614,7119,13:09:59.560469
55.452561,9329,7009,13:09:59.560469
55.454417,8892,6682,13:09:59.560469
55.456277,8256,6582,13:09:59.605953
55.458138,8049,6739,13:09:59.605953
55.460014,7474,6061,13:09:59.605953
55.461914,7054,6357,13:09:59.605953
55.46378,7170,6517,13:09:59.605953
55.465637,6715,6036,13:09:59.605953
55.467493,6307,5812,13:09:59.605953
55.469352,5709,5693,13:09:59.605953
55.471208,5750,5827,13:09:59.605953
55.473065,5253,5729,13:09:59.605953
55.474923,4806,5602,13:09:59.605953
55.476781,4881,5802,13:09:59.605953
55.47864,4817,5421,13:09:59.605953
55.480496,4516,5385,13:09:59.605953
55.482358,4582,5787,13:09:59.605953
55.484215,4685,5180,13:09:59.605953
55.486071,4576,5487,13:09:59.605953
55.48793,4591,5400,13:09:59.605953
55.489786,4649,5530,13:09:59.605953
55.491642,4671,5464,13:09:59.605953
55.493511,4559,5411,13:09:59.605953
55.495367,4535,5317,13:09:59.605953
55.497226,4814,5446,13:09:59.605953
55.499087,4519,5528,13:09:59.605953
55.500946,4693,5295,13:09:59.605953
55.502803,4578,5268,13:09:59.605953
55.504669,4792,5462,13:09:59.656895
55.506537,4622,5280,13:09:59.656895
55.5084,4476,5564,13:09:59.656895
55.510316,4568,5498,13:09:59.656895
55.512182,4460,5690,13:09:59.656895
55.514039,4302,5672,13:09:59.656895
55.515897,4813,5357,13:09:59.656895
55.517753,4402,5533,13:09:59.656895
55.519612,4460,5447,13:09:59.656895
55.521468,4559,5444,13:09:59.656895
55.523326,4419,5487,13:09:59.656895
55.525183,4392,5330,13:09:59.656895
55.52704,4548,5850,13:09:59.656895
55.528902,4662,5547,13:09:59.656895
55.530758,4688,5607,13:09:59.656895
55.532616,4971,5376,13:09:59.656895
55.534473,4771,5303,13:09:59.656895
55.536329,4711,5517,13:09:59.656895
55.538187,4426,5533,13:09:59.656895
55.540046,4716,5330,13:09:59.656895
55.541904,4477,5599,13:09:59.656895
55.543763,4605,5498,13:09:59.656895
55.545627,4535,5408,13:09:59.656895
55.547483,4791,5512,13:09:59.656895
55.54934,4428,5534,13:09:59.656895
55.551198,4650,5505,13:09:59.656895
55.553054,4833,5245,13:09:59.656895
55.554913,4476,5419,13:09:59.706318
55.556783,4732,5421,13:09:59.706318
55.558644,4814,5640,13:09:59.706318
55.56055,4871,5685,13:09:59.706318
55.562432,4588,5562,13:09:59.706318
55.564288,4492,5513,13:09:59.706318
55.566145,4439,5433,13:09:59.706318
55.568009,4414,5493,13:09:59.706318
55.569868,4541,5651,13:09:59.706318
55.571724,4612,5429,13:09:59.706318
55.573582,4676,5600,13:09:59.706318
55.575439,4558,5522,13:09:59.706318
55.577295,4768,5531,13:09:59.706318
55.579153,4785,5458,13:09:59.706318
55.58101,4488,5404,13:09:59.706318
55.582868,4407,5112,13:09:59.706318
55.584725,4865,5454,13:09:59.706318
55.586587,4569,5353,13:09:59.706318
55.588444,4671,5480,13:09:59.706318
55.590302,4565,5514,13:09:59.706318
55.59216,4705,5344,13:09:59.706318
55.594017,4428,5853,13:09:59.706318
55.595877,4787,5594,13:09:59.706318
55.597733,4629,5206,13:09:59.706318
55.59959,4763,5350,13:09:59.706318
55.601449,4712,5462,13:09:59.706318
55.603307,4896,5526,13:09:59.706318
55.605193,4490,5828,13:09:59.755758
55.607053,4714,5839,13:09:59.755758
55.608913,4549,5317,13:09:59.755758
55.61083,4508,5540,13:09:59.755758
55.612686,4645,5506,13:09:59.756759
55.61455,4473,5511,13:09:59.756759
55.616407,4645,5489,13:09:59.756759
55.618263,4607,5435,13:09:59.756759
55.620121,4596,5296,13:09:59.756759
55.621978,4687,5464,13:09:59.756759
55.623836,4790,5550,13:09:59.756759
55.625692,4863,5757,13:09:59.756759
55.627555,4491,5662,13:09:59.756759
55.629411,4560,5599,13:09:59.756759
55.631268,4774,5278,13:09:59.756759
55.63313,4574,5541,13:09:59.756759
55.634986,4843,5442,13:09:59.756759
55.636845,4401,5566,13:09:59.756759
55.638701,4376,5576,13:09:59.756759
55.640557,4681,5468,13:09:59.756759
55.642416,4616,5595,13:09:59.756759
55.644275,4682,5387,13:09:59.756759
55.646133,4708,5373,13:09:59.756759
55.647989,4763,5521,13:09:59.756759
55.649851,4569,5591,13:09:59.756759
55.651708,4642,5497,13:09:59.756759
55.653564,4712,5756,13:09:59.756759
55.655424,4775,5574,13:09:59.805741
55.657287,4446,5460,13:09:59.805741
55.659147,4610,5505,13:09:59.805741
55.661047,4723,5471,13:09:59.805741
55.662914,4659,5517,13:09:59.805741
55.664772,4566,5682,13:09:59.805741
55.666628,4896,5447,13:09:59.805741
55.668487,4465,5544,13:09:59.805741
55.670343,4723,5432,13:09:59.805741
55.6722,4545,5564,13:09:59.805741
55.674058,4853,5510,13:09:59.805741
55.675914,4514,5527,13:09:59.805741
55.677771,4712,5587,13:09:59.805741
55.679627,4586,5362,13:09:59.805741
55.681491,4555,5256,13:09:59.805741
55.683348,4502,5479,13:09:59.805741
55.685204,4450,5641,13:09:59.805741
55.687063,4890,5447,13:09:59.805741
55.688919,4742,5572,13:09:59.805741
55.690777,4750,5505,13:09:59.805741
55.692634,4367,5720,13:09:59.805741
55.69449,4837,5427,13:09:59.805741
55.696349,4705,5597,13:09:59.805741
55.698221,4560,5626,13:09:59.805741
55.700079,4515,5725,13:09:59.805741
55.701936,4674,5684,13:09:59.805741
55.703804,4606,5474,13:09:59.805741
55.70567,4598,5388,13:09:59.859476
55.707535,4674,5557,13:09:59.859476
55.709396,4798,5501,13:09:59.859476
55.711313,4554,5515,13:09:59.859476
55.71317,4639,5381,13:09:59.859476
55.715028,4558,5452,13:09:59.859476
55.716884,4847,5387,13:09:59.860469
55.718743,4536,5628,13:09:59.860469
55.720599,4716,5502,13:09:59.860469
55.722459,4592,5523,13:09:59.861468
55.724318,4689,5617,13:09:59.861468
55.726184,4615,5699,13:09:59.861468
55.728041,4832,5393,13:09:59.861468
55.729897,4845,5413,13:09:59.861468
55.731755,4799,5552,13:09:59.861468
55.733612,4528,5470,13:09:59.861468
55.735468,4801,5463,13:09:59.861468
55.737326,4750,5532,13:09:59.861468
55.739183,4692,5671,13:09:59.861468
55.741041,4919,5630,13:09:59.861468
55.742898,4917,5611,13:09:59.861468
55.744762,4561,5471,13:09:59.861468
55.746618,4908,5616,13:09:59.861468
55.748475,4670,5616,13:09:59.861468
55.750333,4889,5351,13:09:59.861468
55.752189,4726,5563,13:09:59.861468
55.754048,4772,5471,13:09:59.861468
55.755918,4811,5607,13:09:59.906915
55.75778,4764,5485,13:09:59.906915
55.759655,4515,5620,13:09:59.906915
55.761569,4414,5283,13:09:59.906915
55.763425,4755,5565,13:09:59.906915
55.765282,4645,5424,13:09:59.906915
55.767143,4608,5488,13:09:59.906915
55.769,4673,5414,13:09:59.906915
55.770857,4835,5407,13:09:59.906915
55.772715,4948,5763,13:09:59.906915
55.774571,4950,5613,13:09:59.906915
55.776428,4860,5602,13:09:59.906915
55.778284,4745,5409,13:09:59.906915
55.780141,4901,5261,13:09:59.906915
55.781997,4679,5727,13:09:59.906915
55.783853,4533,5651,13:09:59.906915
55.785714,4771,5353,13:09:59.906915
55.78757,4670,5415,13:09:59.906915
55.789426,4656,5608,13:09:59.906915
55.791285,4780,5619,13:09:59.906915
55.793141,4775,5275,13:09:59.906915
55.795,4833,5475,13:09:59.907923
55.796856,4799,5524,13:09:59.907923
55.798716,4725,5839,13:09:59.907923
55.800577,4644,5509,13:09:59.907923
55.802441,4550,5597,13:09:59.907923
55.804297,4496,5719,13:09:59.907923
55.806164,4869,5887,13:09:59.956215
55.80803,4647,5900,13:09:59.956215
55.809898,4791,5632,13:09:59.956215
55.811818,4338,5356,13:09:59.956215
55.813675,4821,5657,13:09:59.956215
55.815531,4678,5619,13:09:59.956215
55.817388,4656,5520,13:09:59.956215
55.819246,4841,5465,13:09:59.956215
55.821102,4762,5622,13:09:59.956215
55.822959,4676,5560,13:09:59.956215
55.824815,4610,5546,13:09:59.956215
55.826679,4940,5729,13:09:59.956215
55.828536,4728,5340,13:09:59.956215
55.830392,4742,5440,13:09:59.956215
55.832251,4774,5594,13:09:59.956215
55.834107,4419,5334,13:09:59.956215
55.835963,4663,5584,13:09:59.956215
55.83782,4774,5736,13:09:59.956215
55.839676,4603,5730,13:09:59.956215
55.841532,4779,5569,13:09:59.956215
55.843389,4870,5545,13:09:59.957220
55.845251,4605,5523,13:09:59.957220
55.847108,4629,5613,13:09:59.957220
55.848966,4682,5190,13:09:59.957220
55.850824,4768,5763,13:09:59.957220
55.852682,4772,5706,13:09:59.957220
55.854557,5038,5663,13:10:00.006747
55.856423,4848,5638,13:10:00.006747
55.858286,4610,5557,13:10:00.006747
55.860175,4628,5555,13:10:00.006747
55.862116,4686,5822,13:10:00.006747
55.863984,4652,5783,13:10:00.006747
55.865843,4808,5616,13:10:00.006747
55.867709,4585,5678,13:10:00.006747
55.869565,4717,5574,13:10:00.006747
55.871422,4751,5739,13:10:00.006747
55.87328,4751,5772,13:10:00.006747
55.875136,4873,5674,13:10:00.006747
55.876993,4674,5794,13:10:00.006747
55.878853,4797,5646,13:10:00.006747
55.88071,4810,5693,13:10:00.006747
55.882568,4748,5666,13:10:00.006747
55.884424,4692,5465,13:10:00.006747
55.886287,4896,5567,13:10:00.006747
55.888143,4602,5782,13:10:00.006747
55.889999,4549,5584,13:10:00.006747
55.891858,4841,5693,13:10:00.006747
55.893714,4665,5741,13:10:00.006747
55.895573,4633,5660,13:10:00.006747
55.897429,4658,5745,13:10:00.006747
55.899285,4605,5623,13:10:00.006747
55.901142,4511,5792,13:10:00.006747
55.903007,4843,5454,13:10:00.006747
55.904866,4624,5881,13:10:00.058483
55.906733,4547,5797,13:10:00.058483
55.908599,4774,5584,13:10:00.058483
55.910502,4927,5549,13:10:00.058483
55.912362,4626,5585,13:10:00.058483
55.91422,4870,5549,13:10:00.058483
55.916076,4627,5631,13:10:00.058483
55.917933,4533,5829,13:10:00.058483
55.919791,4585,5721,13:10:00.058483
55.921655,4703,5487,13:10:00.058483
55.923512,4749,5720,13:10:00.058483
55.925368,4524,5603,13:10:00.058483
55.927227,4634,5936,13:10:00.058483
55.929083,4636,5524,13:10:00.058483
55.930939,4617,5442,13:10:00.058483
55.932798,4668,5643,13:10:00.058483
55.934654,4679,5619,13:10:00.058483
55.93651,4693,5629,13:10:00.058483
55.938367,4620,5573,13:10:00.058483
55.940233,4825,5449,13:10:00.058483
55.94209,4566,5562,13:10:00.058483
55.943946,4766,5612,13:10:00.058483
55.945804,4838,5693,13:10:00.058483
55.947661,4846,5770,13:10:00.058483
55.949517,4812,5726,13:10:00.058483
55.951377,4505,5699,13:10:00.058483
55.953234,4723,5616,13:10:00.058483
55.955092,4704,5847,13:10:00.109990
55.956967,4816,5446,13:10:00.109990
55.958827,4782,5546,13:10:00.109990
55.960733,4430,5786,13:10:00.109990
55.962604,4736,5611,13:10:00.109990
55.964464,4664,5475,13:10:00.109990
55.96632,4727,5571,13:10:00.109990
55.968179,4599,5378,13:10:00.109990
55.970035,4872,5387,13:10:00.109990
55.971891,4622,5808,13:10:00.109990
55.97375,4696,5644,13:10:00.109990
55.97561,4695,5754,13:10:00.109990
55.977468,4616,5627,13:10:00.109990
55.979325,4703,5758,13:10:00.109990
55.981191,4872,5724,13:10:00.109990
55.983047,4434,5591,13:10:00.109990
55.984912,4743,5654,13:10:00.109990
55.986774,4700,5754,13:10:00.109990
55.988631,4565,5503,13:10:00.109990
55.990489,4686,5647,13:10:00.109990
55.992345,4804,5674,13:10:00.109990
55.994202,4552,5782,13:10:00.109990
55.99606,4549,5988,13:10:00.109990
55.997921,4465,5591,13:10:00.109990
55.999777,4590,5548,13:10:00.109990
56.001633,4793,5526,13:10:00.109990
56.003494,4715,5670,13:10:00.109990
56.005356,4625,5689,13:10:00.156661
56.007245,4332,5552,13:10:00.156661
56.009109,4842,5801,13:10:00.156661
56.011029,4602,5789,13:10:00.156661
56.012897,4655,5732,13:10:00.156661
56.014755,4626,5580,13:10:00.156661
56.016612,4791,5937,13:10:00.156661
56.01847,4709,5576,13:10:00.156661
56.020327,4798,5509,13:10:00.156661
56.022183,4514,5470,13:10:00.156661
56.024041,4653,5650,13:10:00.157682
56.025898,4758,5651,13:10:00.157682
56.027754,4518,5716,13:10:00.157682
56.029611,4709,5782,13:10:00.157682
56.031475,4623,5712,13:10:00.157682
56.033331,4584,5724,13:10:00.157682
56.035188,4588,5479,13:10:00.157682
56.037046,4717,5817,13:10:00.157682
56.038902,5062,5516,13:10:00.157682
56.040763,4750,5606,13:10:00.157682
56.042619,4667,5757,13:10:00.157682
56.044476,4739,5737,13:10:00.157682
56.046334,4829,5752,13:10:00.157682
56.048195,4530,5517,13:10:00.157682
56.050053,4436,5480,13:10:00.157682
56.051909,4793,5717,13:10:00.157682
56.053767,4831,5483,13:10:00.157682
56.055628,4637,5572,13:10:00.211295
56.057492,4533,5755,13:10:00.211295
56.059354,4681,5799,13:10:00.211295
56.06127,4403,5912,13:10:00.211295
56.063147,4803,5595,13:10:00.211295
56.065007,4670,5699,13:10:00.211295
56.066866,4530,5770,13:10:00.211295
56.068724,4849,5354,13:10:00.211295
56.070581,4932,5666,13:10:00.211295
56.072444,4661,5656,13:10:00.211295
56.074301,4591,5512,13:10:00.211295
56.076167,4467,5710,13:10:00.211295
56.078024,4707,5628,13:10:00.211295
56.07988,4874,5486,13:10:00.211295
56.081739,4370,5585,13:10:00.211295
56.083595,4474,5621,13:10:00.211295
56.085451,4750,5782,13:10:00.211295
56.087308,4734,5697,13:10:00.211295
56.089164,4786,5634,13:10:00.211295
56.091021,4696,5879,13:10:00.211295
56.092877,4902,5631,13:10:00.211295
56.094739,4426,5837,13:10:00.211295
56.096596,4824,5870,13:10:00.211295
56.098452,4549,5586,13:10:00.211295
56.10031,4828,5485,13:10:00.211295
56.102167,4409,5486,13:10:00.211295
56.104025,4732,5558,13:10:00.211295
56.105892,4746,5473,13:10:00.256320
56.107754,4607,5791,13:10:00.256320
56.109614,4770,5595,13:10:00.256320
56.111524,4633,5744,13:10:00.256320
56.113389,4635,5651,13:10:00.256320
56.115245,4625,5659,13:10:00.256320
56.117102,4408,5696,13:10:00.256320
56.11896,4785,5548,13:10:00.256320
56.120816,4847,5699,13:10:00.256320
56.122675,4732,5751,13:10:00.256320
56.124531,4627,5666,13:10:00.256320
56.126389,4689,5740,13:10:00.256320
56.128246,4598,5646,13:10:00.256320
56.130103,4832,5729,13:10:00.256320
56.131965,4720,5555,13:10:00.256320
56.133823,4649,5685,13:10:00.256320
56.135683,4854,5734,13:10:00.256320
56.13754,4654,6040,13:10:00.256320
56.139396,4632,5510,13:10:00.256320
56.141254,4770,5660,13:10:00.256320
56.143111,4719,5539,13:10:00.256320
56.144967,4729,5833,13:10:00.256320
56.146824,4802,5539,13:10:00.256320
56.148684,4851,5548,13:10:00.256320
56.15054,4903,5768,13:10:00.256320
56.152397,4661,5419,13:10:00.256320
56.154255,4715,5547,13:10:00.256320
56.156115,4949,5701,13:10:00.306850
56.157976,4871,5794,13:10:00.306850
56.159856,4610,5969,13:10:00.306850
56.161773,4381,5701,13:10:00.306850
56.163639,4761,5406,13:10:00.306850
56.165495,4846,5579,13:10:00.306850
56.167351,4483,5735,13:10:00.306850
56.16921,4697,5792,13:10:00.306850
56.171072,4598,5698,13:10:00.307848
56.172928,4731,5763,13:10:00.307848
56.174785,4553,5519,13:10:00.307848
56.176643,4793,5795,13:10:00.307848
56.1785,4783,5804,13:10:00.307848
56.180356,4725,5782,13:10:00.307848
56.182214,4617,5720,13:10:00.307848
56.184071,4909,5634,13:10:00.307848
56.185929,4698,5624,13:10:00.307848
56.187785,4743,5560,13:10:00.307848
56.18965,4635,5966,13:10:00.307848
56.191506,4704,5788,13:10:00.307848
56.193363,4916,5718,13:10:00.307848
56.195221,4836,5796,13:10:00.307848
56.197077,4889,5627,13:10:00.307848
56.198934,4691,5693,13:10:00.307848
56.200792,4682,5598,13:10:00.307848
56.202648,4548,5659,13:10:00.307848
56.204507,4372,5621,13:10:00.359208
56.206378,4727,5800,13:10:00.359208
56.208238,4857,5694,13:10:00.359208
56.21013,4906,5848,13:10:00.359208
56.212018,4674,5612,13:10:00.359208
56.21388,4713,5644,13:10:00.359208
56.215739,4557,5512,13:10:00.359208
56.217599,4851,5704,13:10:00.359208
56.219455,4842,5623,13:10:00.359208
56.221312,4570,5432,13:10:00.359208
56.223168,4680,5371,13:10:00.359208
56.225027,4926,5352,13:10:00.359208
56.226885,5024,5801,13:10:00.359208
56.228741,4669,5661,13:10:00.359208
56.230602,4738,5588,13:10:00.359208
56.232458,4930,5862,13:10:00.359208
56.234314,4672,5628,13:10:00.359208
56.236173,4705,5624,13:10:00.359208
56.238029,4737,5477,13:10:00.359208
56.239888,4629,5704,13:10:00.359208
56.241744,4850,5595,13:10:00.359208
56.243604,4750,5963,13:10:00.359208
56.245463,4674,5582,13:10:00.359208
56.247329,4924,5863,13:10:00.359208
56.249185,4785,5516,13:10:00.359208
56.251042,4774,5589,13:10:00.359208
56.2529,4641,5678,13:10:00.359208
56.254757,4750,5818,13:10:00.417425
56.256617,4899,5923,13:10:00.417425
56.258477,4761,5564,13:10:00.417425
56.26038,4712,5731,13:10:00.417425
56.262254,4643,5538,13:10:00.417425
56.264138,4351,5772,13:10:00.417425
56.265995,4618,5770,13:10:00.419915
56.267853,4755,5414,13:10:00.419915
56.269709,4655,5756,13:10:00.419915
56.271568,4363,5817,13:10:00.419915
56.273424,4782,5463,13:10:00.419915
56.275281,4758,5757,13:10:00.419915
56.277139,4759,5701,13:10:00.419915
56.278995,4873,5582,13:10:00.419915
56.280854,4669,5599,13:10:00.419915
56.28271,4596,5746,13:10:00.419915
56.284566,4649,5453,13:10:00.419915
56.286425,4638,5512,13:10:00.419915
56.288288,4726,5558,13:10:00.419915
56.290145,4643,5775,13:10:00.419915
56.292002,4732,5499,13:10:00.419915
56.29386,4884,5856,13:10:00.419915
56.295717,4977,5846,13:10:00.419915
56.297573,4523,5632,13:10:00.419915
56.299429,4773,5691,13:10:00.419915
56.301286,4781,5604,13:10:00.419915
56.303142,4636,5543,13:10:00.419915
56.304999,4593,5749,13:10:00.463085
56.306867,4637,5290,13:10:00.463085
56.308727,4572,5758,13:10:00.463085
56.310627,4902,5679,13:10:00.463085
56.312492,4570,5824,13:10:00.463085
56.314348,4530,5575,13:10:00.463085
56.316205,4583,5496,13:10:00.463085
56.318061,4540,5888,13:10:00.463085
56.319917,4653,5661,13:10:00.463085
56.321802,4736,5644,13:10:00.463085
56.323666,4686,5670,13:10:00.463085
56.325522,4873,5787,13:10:00.463085
56.327381,4521,5500,13:10:00.463085
56.329247,4729,5433,13:10:00.463085
56.331103,4607,5625,13:10:00.463085
56.33296,4837,5745,13:10:00.463085
56.334818,4627,5814,13:10:00.463085
56.336675,4842,5698,13:10:00.463085
56.338531,4630,5909,13:10:00.463085
56.340389,4679,5544,13:10:00.463085
56.342246,4897,5575,13:10:00.463085
56.344104,4796,5624,13:10:00.463085
56.345961,4821,5631,13:10:00.463085
56.347825,4743,5389,13:10:00.463085
56.349681,4723,5729,13:10:00.463085
56.351538,4640,5504,13:10:00.463085
56.353396,4634,5575,13:10:00.463085
56.355252,4610,5730,13:10:00.520211
56.357123,4875,5763,13:10:00.520211
56.358983,4884,5863,13:10:00.520211
56.360882,4538,5634,13:10:00.520211
56.362744,4789,5836,13:10:00.520211
56.364601,4369,5735,13:10:00.520211
56.366484,4718,5795,13:10:00.520211
56.368357,4683,5606,13:10:00.520211
56.370215,4801,5663,13:10:00.520211
56.372073,4788,5799,13:10:00.520211
56.37393,4508,5577,13:10:00.520211
56.375796,4530,5488,13:10:00.520211
56.377652,4654,5692,13:10:00.520211
56.379509,4912,5815,13:10:00.520211
56.381367,4667,5685,13:10:00.520211
56.383224,4566,5346,13:10:00.520211
56.385082,4645,5547,13:10:00.520211
56.386938,4621,5728,13:10:00.520211
56.388797,4730,5712,13:10:00.520211
56.390653,4543,5402,13:10:00.520211
56.392517,5009,5365,13:10:00.520211
56.394378,4693,5725,13:10:00.520211
56.396234,4535,5596,13:10:00.520211
56.398101,4732,5489,13:10:00.520211
56.399957,4755,5772,13:10:00.520211
56.401813,4732,5621,13:10:00.520211
56.403672,4752,5442,13:10:00.520211
56.40553,4827,5899,13:10:00.566372
56.4074,4555,5453,13:10:00.566372
56.409261,4436,5376,13:10:00.566372
56.411165,4327,5441,13:10:00.566372
56.413021,4668,5765,13:10:00.566372
56.414898,4870,5783,13:10:00.566372
56.416774,4939,5632,13:10:00.566372
56.41863,4759,5684,13:10:00.566372
56.420498,4731,5875,13:10:00.566372
56.422357,4812,5604,13:10:00.566372
56.424223,2981,5796,13:10:00.566372
56.426082,4738,5723,13:10:00.566372
56.427938,4651,5703,13:10:00.566372
56.4298,4718,5423,13:10:00.566372
56.431661,4641,5852,13:10:00.566372
56.433517,4584,5571,13:10:00.566372
56.435381,5055,5731,13:10:00.566372
56.437238,4866,5603,13:10:00.566372
56.439094,4737,5514,13:10:00.566372
56.440953,4786,5605,13:10:00.566372
56.442809,4705,5672,13:10:00.566372
56.444667,4740,5734,13:10:00.566372
56.446524,4584,5597,13:10:00.566372
56.448386,4557,5655,13:10:00.566372
56.450242,4786,5738,13:10:00.566372
56.452099,4817,5640,13:10:00.566372
56.453957,4753,5870,13:10:00.566372
56.455824,4581,5709,13:10:00.615900
56.457688,4769,5632,13:10:00.615900
56.459556,4583,5392,13:10:00.615900
56.461462,4610,5902,13:10:00.615900
56.463323,4736,5588,13:10:00.615900
56.465179,4725,5565,13:10:00.615900
56.467039,4692,5718,13:10:00.615900
56.468896,4622,5616,13:10:00.615900
56.470753,4398,5632,13:10:00.615900
56.472642,4697,5649,13:10:00.617056
56.474499,4836,5723,13:10:00.617056
56.476363,4863,5573,13:10:00.617056
56.47822,4648,5597,13:10:00.617056
56.480076,4800,5558,13:10:00.617056
56.481934,4632,5706,13:10:00.617056
56.483793,4700,5755,13:10:00.617056
56.485651,4597,5558,13:10:00.617056
56.487507,4650,5730,13:10:00.617056
56.489364,4698,5531,13:10:00.617056
56.491222,4811,5556,13:10:00.617056
56.493083,4616,5605,13:10:00.617056
56.494941,4686,5475,13:10:00.617056
56.496799,4453,5573,13:10:00.617056
56.498658,4850,5709,13:10:00.617056
56.500514,4927,5399,13:10:00.617056
56.50237,4769,5591,13:10:00.617056
56.504229,4806,5653,13:10:00.617056
56.506095,4580,5691,13:10:00.668403
56.507955,4900,5560,13:10:00.668403
56.509819,4800,5635,13:10:00.668403
56.511732,4502,5639,13:10:00.668403
56.513588,4750,5999,13:10:00.668403
56.515444,4249,5592,13:10:00.668403
56.517306,4874,5648,13:10:00.668403
56.519163,4442,5680,13:10:00.668403
56.521026,4824,5697,13:10:00.668403
56.522885,4744,5650,13:10:00.668403
56.52479,4748,5495,13:10:00.668403
56.526647,4744,5528,13:10:00.668403
56.528503,4602,5511,13:10:00.668403
56.53036,4705,5546,13:10:00.668403
56.532218,4930,5680,13:10:00.668403
56.534074,4617,5329,13:10:00.668403
56.535933,4896,5694,13:10:00.668403
56.537789,4630,5774,13:10:00.668403
56.539645,4573,5662,13:10:00.668403
56.541502,4778,5714,13:10:00.668403
56.543366,4778,5593,13:10:00.668403
56.545222,4867,5619,13:10:00.668403
56.547079,4869,5560,13:10:00.668403
56.548937,4845,5522,13:10:00.668403
56.550796,4798,5609,13:10:00.668403
56.552652,4699,5473,13:10:00.668403
56.55451,4738,5710,13:10:00.668403
56.556377,4812,5378,13:10:00.717614
56.558237,4759,5691,13:10:00.717614
56.560115,4813,5778,13:10:00.717614
56.562011,4602,5736,13:10:00.717614
56.56387,4752,5742,13:10:00.717614
56.565726,4911,5865,13:10:00.717614
56.567585,4935,5502,13:10:00.717614
56.569455,4680,5586,13:10:00.717614
56.571325,4013,5421,13:10:00.717614
56.5732,4551,5732,13:10:00.717614
56.575056,4663,5600,13:10:00.717614
56.57692,5001,5786,13:10:00.717614
56.578777,4822,5864,13:10:00.717614
56.580633,4570,5646,13:10:00.717614
56.582491,4866,5568,13:10:00.717614
56.584348,4808,5779,13:10:00.717614
56.586206,4738,5677,13:10:00.717614
56.588063,4824,5430,13:10:00.717614
56.589925,4942,5716,13:10:00.717614
56.591783,4698,5954,13:10:00.717614
56.593649,4739,5498,13:10:00.717614
56.595506,4911,5879,13:10:00.717614
56.597362,5085,5351,13:10:00.717614
56.599221,4775,5667,13:10:00.717614
56.601077,4754,5499,13:10:00.717614
56.602933,4914,5622,13:10:00.717614
56.604792,4647,5399,13:10:00.771716
56.606654,4861,5553,13:10:00.771716
56.608515,4652,5369,13:10:00.771716
56.610427,4785,5872,13:10:00.771716
56.612285,4845,5697,13:10:00.771716
56.614147,4800,5621,13:10:00.771716
56.616004,5067,5939,13:10:00.771716
56.617863,4965,5618,13:10:00.771716
56.619724,4682,5562,13:10:00.771716
56.621585,1875,5562,13:10:00.771716
56.623475,4740,5567,13:10:00.771716
56.625335,4840,5563,13:10:00.771716
56.627194,4947,5744,13:10:00.771716
56.62905,4809,5738,13:10:00.771716
56.630906,4849,5785,13:10:00.771716
56.632765,4675,5477,13:10:00.771716
56.634621,4837,5793,13:10:00.771716
56.636478,4651,5891,13:10:00.771716
56.638334,4771,5619,13:10:00.771716
56.640198,4550,5606,13:10:00.771716
56.642055,4726,5541,13:10:00.771716
56.643911,5053,5482,13:10:00.771716
56.645769,4872,5443,13:10:00.771716
56.647626,4675,5607,13:10:00.771716
56.649484,4483,5746,13:10:00.771716
56.651341,4729,5681,13:10:00.771716
56.653197,4665,5792,13:10:00.771716
56.655055,4499,5610,13:10:00.822003
56.656919,4538,5573,13:10:00.822003
56.658778,5068,5618,13:10:00.822003
56.660692,4609,5545,13:10:00.822003
56.662553,4600,5675,13:10:00.822003
56.664413,4630,5633,13:10:00.822003
56.666269,4977,5827,13:10:00.822003
56.668128,4498,5842,13:10:00.822003
56.669984,4635,5814,13:10:00.822003
56.671842,4893,5554,13:10:00.822003
56.673701,4643,5670,13:10:00.822003
56.675557,1431,5822,13:10:00.822003
56.677437,4714,5355,13:10:00.822003
56.679294,4919,5739,13:10:00.822003
56.681158,4904,5391,13:10:00.822003
56.683017,4998,5523,13:10:00.822003
56.684878,4571,5576,13:10:00.822003
56.686739,4729,5320,13:10:00.824003
56.688596,4841,5632,13:10:00.824003
56.690454,4954,5400,13:10:00.824003
56.69231,4650,5588,13:10:00.824003
56.694167,4913,5731,13:10:00.824003
56.696025,4767,5868,13:10:00.824003
56.697887,4534,5752,13:10:00.824003
56.699746,4841,5685,13:10:00.824003
56.701602,4558,5622,13:10:00.824003
56.703469,4666,5415,13:10:00.824003
56.705325,4762,5619,13:10:00.874194
56.7072,4980,5597,13:10:00.874194
56.70906,4681,5656,13:10:00.874194
56.710982,4700,5656,13:10:00.874194
56.712839,4602,5540,13:10:00.874194
56.714699,4466,5663,13:10:00.874194
56.716555,4981,5757,13:10:00.874194
56.718411,4546,5765,13:10:00.874194
56.720268,4906,5642,13:10:00.874194
56.722126,4672,5685,13:10:00.874194
56.723982,2822,5529,13:10:00.874194
56.72585,4823,5707,13:10:00.874194
56.727707,4743,5750,13:10:00.874194
56.729563,4699,5849,13:10:00.874194
56.731422,4686,5689,13:10:00.874194
56.733278,4844,5656,13:10:00.874194
56.735135,4981,5648,13:10:00.874194
56.736993,4879,5615,13:10:00.874194
56.738849,4911,5499,13:10:00.874194
56.740708,4879,5731,13:10:00.874194
56.742564,4786,5591,13:10:00.874194
56.744428,4722,5669,13:10:00.874194
56.746285,4646,5786,13:10:00.874194
56.748141,4855,5467,13:10:00.874194
56.75,4761,5779,13:10:00.874194
56.751856,4496,5488,13:10:00.874194
56.753712,4860,5647,13:10:00.874194
56.755583,4907,5517,13:10:00.922859
56.757452,4724,5711,13:10:00.922859
56.759313,4833,5713,13:10:00.922859
56.761225,4642,5638,13:10:00.922859
56.763084,4627,5654,13:10:00.922859
56.764942,4853,5650,13:10:00.922859
56.766809,4857,5638,13:10:00.922859
56.768667,4852,5593,13:10:00.922859
56.770523,4777,5479,13:10:00.922859
56.772382,4099,5494,13:10:00.922859
56.774238,4732,5691,13:10:00.922859
56.776104,4535,5603,13:10:00.922859
56.777979,2251,5734,13:10:00.922859
56.779847,4749,5591,13:10:00.922859
56.781705,4949,5660,13:10:00.922859
56.783562,4905,5625,13:10:00.922859
56.78542,4866,5666,13:10:00.922859
56.787278,4770,5723,13:10:00.922859
56.789135,4782,5715,13:10:00.922859
56.790993,4846,5611,13:10:00.922859
56.79285,4857,5863,13:10:00.922859
56.794712,4792,5720,13:10:00.922859
56.796568,4906,5461,13:10:00.922859
56.798425,4702,5818,13:10:00.922859
56.800283,4804,5561,13:10:00.922859
56.802139,4785,5815,13:10:00.922859
56.803998,4695,5579,13:10:00.922859
56.805856,4952,5569,13:10:00.975241
56.807721,4839,5717,13:10:00.975241
56.809584,4761,5688,13:10:00.975241
56.811485,4632,5874,13:10:00.975241
56.813341,4820,5518,13:10:00.975241
56.815198,4899,5455,13:10:00.975241
56.817054,4783,5643,13:10:00.975241
56.818913,4641,5456,13:10:00.975241
56.820771,4089,5833,13:10:00.975241
56.82263,4025,5560,13:10:00.975241
56.824492,4369,5793,13:10:00.975241
56.826354,4170,5808,13:10:00.975241
56.828212,4768,5514,13:10:00.975241
56.830069,4698,5491,13:10:00.975241
56.831929,4851,5748,13:10:00.975241
56.833845,4647,5481,13:10:00.975241
56.835704,4874,5579,13:10:00.975241
56.837562,4926,5745,13:10:00.975241
56.839418,4725,5600,13:10:00.975241
56.841277,4759,5665,13:10:00.975241
56.843133,4785,5648,13:10:00.975241
56.844993,4948,5660,13:10:00.975241
56.84685,4898,5418,13:10:00.975241
56.848706,4588,5589,13:10:00.975241
56.850564,4705,5711,13:10:00.975241
56.852421,4892,5818,13:10:00.975241
56.854279,4775,5524,13:10:00.975241
56.856142,4775,5755,13:10:01.024251
56.858002,4632,5712,13:10:01.024251
56.859872,5007,5589,13:10:01.024251
56.861759,4784,5548,13:10:01.024251
56.863617,4569,5536,13:10:01.024251
56.865475,4278,5657,13:10:01.024251
56.867332,5136,5838,13:10:01.024251
56.86919,4785,5674,13:10:01.024251
56.871048,5065,5668,13:10:01.024251
56.872905,4737,5755,13:10:01.024251
56.874763,4919,5765,13:10:01.024251
56.876629,4922,5443,13:10:01.024251
56.878488,4900,5647,13:10:01.024251
56.880344,2881,5645,13:10:01.024251
56.882202,4914,5548,13:10:01.024251
56.884059,4895,5378,13:10:01.024251
56.885917,4982,5605,13:10:01.024251
56.887774,4855,5491,13:10:01.024251
56.88963,4817,5639,13:10:01.024251
56.891488,4982,5664,13:10:01.024251
56.893349,4993,5676,13:10:01.024251
56.895205,4836,5533,13:10:01.024251
56.897061,4810,5448,13:10:01.024251
56.89892,4963,5640,13:10:01.024251
56.900776,4847,5769,13:10:01.024251
56.902633,4827,5648,13:10:01.024251
56.904491,4918,5619,13:10:01.024251
56.906357,4904,5918,13:10:01.076742
56.908218,4639,5667,13:10:01.076742
56.910105,4941,5905,13:10:01.076742
56.911984,4571,5586,13:10:01.076742
56.913849,4919,5475,13:10:01.076742
56.915705,4631,5493,13:10:01.076742
56.917563,4945,5932,13:10:01.076742
56.91942,4476,5786,13:10:01.076742
56.921276,4971,5655,13:10:01.076742
56.923134,4847,5638,13:10:01.076742
56.924993,4021,5692,13:10:01.076742
56.926855,4642,5524,13:10:01.076742
56.928711,2471,5852,13:10:01.076742
56.930574,4789,5792,13:10:01.076742
56.932432,5041,5626,13:10:01.076742
56.934289,4848,5628,13:10:01.076742
56.936173,4842,5383,13:10:01.076742
56.938029,4794,5612,13:10:01.076742
56.939886,4796,5624,13:10:01.078737
56.941742,4573,5551,13:10:01.078737
56.943598,4998,5446,13:10:01.078737
56.945457,5017,5483,13:10:01.078737
56.947313,4955,5496,13:10:01.078737
56.949169,4989,5717,13:10:01.078737
56.951026,4836,5573,13:10:01.078737
56.952888,5052,5628,13:10:01.079739
56.954744,4791,5563,13:10:01.134066
56.956607,4970,5763,13:10:01.134066
56.958469,4779,5625,13:10:01.134066
56.960373,4743,5631,13:10:01.134983
56.962242,4701,5605,13:10:01.134983
56.9641,4800,5650,13:10:01.134983
56.965956,4549,5718,13:10:01.134983
56.967815,4215,5405,13:10:01.134983
56.969671,4675,5431,13:10:01.134983
56.971533,4178,5640,13:10:01.134983
56.97339,4834,5564,13:10:01.134983
56.975246,4831,5619,13:10:01.134983
56.977105,4647,5629,13:10:01.134983
56.978962,4864,5971,13:10:01.134983
56.980869,2147,5687,13:10:01.134983
56.982729,4975,5730,13:10:01.135981
56.984591,4854,5755,13:10:01.135981
56.986449,4801,5902,13:10:01.135981
56.988307,4915,5589,13:10:01.135981
56.990165,4779,5553,13:10:01.135981
56.992021,4915,5741,13:10:01.135981
56.993878,4661,5639,13:10:01.135981
56.995736,4999,5761,13:10:01.135981
56.997592,4853,5557,13:10:01.135981
56.999451,4968,5710,13:10:01.135981
57.001307,4928,5640,13:10:01.135981
57.003169,4805,5582,13:10:01.135981
57.005026,4901,5559,13:10:01.178955
57.006902,5113,5783,13:10:01.179946
57.008761,4662,5633,13:10:01.179946
57.010677,4828,5384,13:10:01.179946
57.012579,4815,5968,13:10:01.179946
57.014437,4652,5658,13:10:01.179946
57.016294,4878,5528,13:10:01.179946
57.018154,4877,5798,13:10:01.179946
57.02001,4841,5709,13:10:01.179946
57.021867,4598,5633,13:10:01.179946
57.023725,4236,5612,13:10:01.179946
57.025581,4807,5629,13:10:01.179946
57.027438,5172,5608,13:10:01.179946
57.029296,4434,5662,13:10:01.179946
57.031153,4906,5405,13:10:01.179946
57.033011,4666,5559,13:10:01.179946
57.034874,4878,5865,13:10:01.179946
57.036732,4881,5527,13:10:01.179946
57.03863,3187,5584,13:10:01.179946
57.040514,4793,5522,13:10:01.179946
57.042372,4849,5658,13:10:01.179946
57.044229,4931,5704,13:10:01.179946
57.046087,4991,5844,13:10:01.179946
57.047944,4906,5850,13:10:01.179946
57.049804,4775,5514,13:10:01.179946
57.05166,4830,5709,13:10:01.179946
57.053522,4997,5699,13:10:01.179946
57.055379,5145,5513,13:10:01.239311
57.057245,4768,5670,13:10:01.239311
57.059112,4792,5363,13:10:01.239311
57.061004,4753,5763,13:10:01.239311
57.062862,4833,5741,13:10:01.239311
57.064721,4689,5467,13:10:01.239311
57.066577,4663,5645,13:10:01.239311
57.068437,4363,5782,13:10:01.239311
57.070296,5058,5684,13:10:01.239311
57.072152,4618,5621,13:10:01.239311
57.07401,4800,5789,13:10:01.239311
57.075867,4854,5622,13:10:01.239311
57.077725,4960,5583,13:10:01.239311
57.079582,4248,5500,13:10:01.239311
57.081438,4960,5839,13:10:01.239311
57.083296,4410,5810,13:10:01.239311
57.085159,4765,5777,13:10:01.239311
57.087015,4764,5410,13:10:01.239311
57.088875,4885,5754,13:10:01.239311
57.09074,4899,5790,13:10:01.239311
57.092596,4695,5518,13:10:01.239311
57.094452,5087,6020,13:10:01.239311
57.096311,4821,5794,13:10:01.239311
57.098167,4842,5695,13:10:01.239311
57.100025,4920,5738,13:10:01.239311
57.101882,4980,5774,13:10:01.239311
57.103744,4908,5634,13:10:01.239311
57.105605,4801,5717,13:10:01.284184
57.107471,4963,5863,13:10:01.284184
57.109335,4894,5612,13:10:01.284184
57.111251,4435,5777,13:10:01.284184
57.113108,4555,5830,13:10:01.284184
57.114966,4737,5551,13:10:01.284184
57.116824,4491,5720,13:10:01.284184
57.118683,4651,5669,13:10:01.284184
57.120539,5066,5385,13:10:01.285176
57.1224,4585,5842,13:10:01.285176
57.124258,4247,5639,13:10:01.285176
57.126116,4914,5578,13:10:01.285176
57.127973,4984,5416,13:10:01.285176
57.129832,4102,5528,13:10:01.285176
57.131699,4754,5775,13:10:01.285176
57.133588,4831,5556,13:10:01.285176
57.135444,4854,5733,13:10:01.285176
57.137306,4998,5680,13:10:01.285176
57.139163,4849,5756,13:10:01.285176
57.141031,4470,5890,13:10:01.285176
57.142889,4143,5667,13:10:01.285176
57.144752,4834,5780,13:10:01.285176
57.146614,4888,5470,13:10:01.285176
57.14847,4859,5622,13:10:01.285176
57.150329,4968,5607,13:10:01.285176
57.152185,4963,5611,13:10:01.285176
57.154041,4792,5585,13:10:01.285176
57.15591,5112,5654,13:10:01.332117
57.157776,4794,5895,13:10:01.332117
57.15964,4887,5889,13:10:01.332117
57.161539,4985,5775,13:10:01.334110
57.163395,5120,5555,13:10:01.334110
57.165253,4904,5448,13:10:01.334110
57.16711,4702,5671,13:10:01.334110
57.16897,4964,5529,13:10:01.334110
57.170827,4861,5835,13:10:01.334110
57.172683,4983,5880,13:10:01.334110
57.174539,4874,5618,13:10:01.335109
57.176399,4313,5626,13:10:01.335109
57.178256,4577,5998,13:10:01.335109
57.180112,4132,5609,13:10:01.335109
57.181971,4169,5990,13:10:01.335109
57.183827,4739,5581,13:10:01.335109
57.185689,1886,5919,13:10:01.335109
57.187572,4883,5737,13:10:01.335109
57.189428,4666,5738,13:10:01.335109
57.191287,4687,5615,13:10:01.335109
57.193143,5138,5668,13:10:01.335109
57.194999,4796,5885,13:10:01.335109
57.196858,4891,5875,13:10:01.335109
57.198719,5009,5554,13:10:01.335109
57.200576,4975,5574,13:10:01.335109
57.202433,5130,5712,13:10:01.335109
57.204295,4833,5662,13:10:01.335109
57.206162,5156,5670,13:10:01.383032
57.208022,5012,5600,13:10:01.383032
57.209894,4966,5543,13:10:01.383032
57.21178,4670,5691,13:10:01.383032
57.213637,4850,5834,13:10:01.383032
57.215493,5009,5788,13:10:01.383032
57.217358,4847,5620,13:10:01.383032
57.219214,4912,6034,13:10:01.383032
57.22107,4145,5556,13:10:01.383032
57.222929,4782,5995,13:10:01.383032
57.224785,4978,5830,13:10:01.384022
57.226641,5070,5653,13:10:01.384022
57.2285,4897,5618,13:10:01.384022
57.230356,4851,5502,13:10:01.384022
57.232213,4669,5661,13:10:01.384022
57.234073,4317,5459,13:10:01.384022
57.235935,4400,5999,13:10:01.384022
57.237796,5201,5567,13:10:01.384022
57.239651,4932,5623,13:10:01.384022
57.241508,4967,5774,13:10:01.384022
57.243365,5071,5797,13:10:01.384022
57.245223,4709,5658,13:10:01.384022
57.24708,4788,5710,13:10:01.384022
57.248936,5210,5693,13:10:01.384022
57.250794,4690,5699,13:10:01.384022
57.252656,4976,5733,13:10:01.385025
57.254513,4902,5418,13:10:01.385025
57.256389,5009,5507,13:10:01.434702
57.258256,4918,5764,13:10:01.434702
57.260143,5059,5619,13:10:01.434702
57.262016,4748,5592,13:10:01.434702
57.263879,4754,5617,13:10:01.434702
57.265735,4857,5659,13:10:01.434702
57.267591,4969,5880,13:10:01.434702
57.269449,4734,5822,13:10:01.434702
57.271306,5113,5779,13:10:01.434702
57.273165,4075,5524,13:10:01.434702
57.275021,4741,5794,13:10:01.434702
57.276879,4800,5589,13:10:01.434702
57.278736,4191,5772,13:10:01.434702
57.280592,4892,6040,13:10:01.434702
57.28245,4959,5626,13:10:01.434702
57.284307,4171,5918,13:10:01.434702
57.286166,4930,5994,13:10:01.434702
57.288059,2049,5594,13:10:01.434702
57.289922,4948,5526,13:10:01.434702
57.29178,4749,5514,13:10:01.434702
57.293637,5091,5572,13:10:01.434702
57.295493,4906,5677,13:10:01.434702
57.297349,4912,5588,13:10:01.434702
57.299208,5165,5594,13:10:01.434702
57.301064,5136,5611,13:10:01.434702
57.302921,4947,5574,13:10:01.434702
57.304779,4952,5920,13:10:01.485906
57.306645,4816,5600,13:10:01.485906
57.308508,5051,5774,13:10:01.486899
57.310426,4853,5608,13:10:01.486899
57.312286,4858,5799,13:10:01.486899
57.314144,4867,5591,13:10:01.486899
57.316001,4949,5650,13:10:01.486899
57.317863,4999,5671,13:10:01.486899
57.319722,4275,5637,13:10:01.486899
57.321587,4275,5685,13:10:01.486899
57.323444,5179,5511,13:10:01.486899
57.325301,4211,5758,13:10:01.486899
57.327159,4235,5797,13:10:01.486899
57.329015,4938,5632,13:10:01.486899
57.330876,4957,5458,13:10:01.486899
57.332734,4355,6006,13:10:01.486899
57.334591,4845,5760,13:10:01.486899
57.336455,4234,5708,13:10:01.486899
57.338337,3940,5603,13:10:01.486899
57.340204,5022,5753,13:10:01.486899
57.342064,4971,5647,13:10:01.486899
57.34392,4947,5709,13:10:01.486899
57.345779,5099,5506,13:10:01.486899
57.347635,5293,5729,13:10:01.486899
57.349497,5245,5463,13:10:01.486899
57.351356,4892,5727,13:10:01.486899
57.353222,5045,5478,13:10:01.486899
57.355079,4954,5678,13:10:01.537595
57.356951,5014,5744,13:10:01.537595
57.358811,4727,5636,13:10:01.537595
57.360713,4596,5909,13:10:01.537595
57.362572,4706,5900,13:10:01.537595
57.36443,4744,5820,13:10:01.537595
57.366287,4580,5292,13:10:01.537595
57.368149,4465,5624,13:10:01.537595
57.370007,5040,5453,13:10:01.537595
57.371866,4355,5549,13:10:01.537595
57.373726,4983,5682,13:10:01.537595
57.375582,4385,5772,13:10:01.537595
57.377441,4415,5696,13:10:01.537595
57.379297,4439,5557,13:10:01.537595
57.381154,4814,5513,13:10:01.537595
57.383012,4638,5717,13:10:01.537595
57.38487,4910,5491,13:10:01.537595
57.386729,4481,5594,13:10:01.537595
57.388585,4471,5716,13:10:01.537595
57.390449,2567,5701,13:10:01.537595
57.392334,4655,5477,13:10:01.537595
57.39419,4864,5720,13:10:01.537595
57.396048,4818,5629,13:10:01.537595
57.397905,4861,5779,13:10:01.537595
57.399771,5020,5705,13:10:01.537595
57.401627,5079,5681,13:10:01.537595
57.403484,5232,6000,13:10:01.537595
57.405342,5007,5615,13:10:01.589713
57.407211,4833,5912,13:10:01.589713
57.409071,5098,5846,13:10:01.589713
57.410967,4821,5759,13:10:01.589713
57.412829,4900,5445,13:10:01.589713
57.414686,5035,5660,13:10:01.589713
57.416542,4790,5687,13:10:01.589713
57.418403,4533,5657,13:10:01.589713
57.420259,4618,5737,13:10:01.589713
57.422115,5059,5763,13:10:01.589713
57.423974,4956,5707,13:10:01.589713
57.42583,4967,5747,13:10:01.589713
57.427689,4930,5702,13:10:01.589713
57.429545,5000,5726,13:10:01.589713
57.431407,4919,5693,13:10:01.589713
57.433264,5157,5762,13:10:01.589713
57.43512,4643,5673,13:10:01.589713
57.436978,4894,5683,13:10:01.589713
57.438839,4247,6028,13:10:01.589713
57.440703,2148,5607,13:10:01.589713
57.442587,5121,5812,13:10:01.589713
57.444449,4822,5387,13:10:01.589713
57.446312,5090,5644,13:10:01.589713
57.448169,4995,5573,13:10:01.589713
57.450027,5224,5572,13:10:01.589713
57.451883,4849,5573,13:10:01.589713
57.45374,5254,5705,13:10:01.589713
57.455602,4893,5759,13:10:01.607101
57.457462,5095,5781,13:10:01.607101
57.459326,5042,5513,13:10:01.607101
57.461247,4606,5562,13:10:01.607101
57.463103,4860,5596,13:10:01.607101
57.464962,4896,5472,13:10:01.607101
57.46682,5154,5700,13:10:01.607101
57.468678,4924,5731,13:10:01.607101
57.470535,4392,5499,13:10:01.607101
57.472391,4590,5614,13:10:01.607101
57.474249,4855,5647,13:10:01.607101
57.476108,3941,5610,13:10:01.607101
57.477966,4744,5759,13:10:01.607101
57.479825,4499,5685,13:10:01.607101
57.481689,5161,5883,13:10:01.607101
57.483545,4857,5714,13:10:01.607101
57.485402,5080,5765,13:10:01.607101
57.48726,4866,5777,13:10:01.607101
57.489116,3923,5932,13:10:01.607101
57.490975,4132,5597,13:10:01.607101
57.492859,4668,5940,13:10:01.607101
57.494723,4059,5601,13:10:01.607101
57.496584,4970,5404,13:10:01.607101
57.49844,4892,5756,13:10:01.607101
57.500298,4908,5651,13:10:01.607101
57.502155,4976,5773,13:10:01.607101
57.504011,4965,5557,13:10:01.607101
57.505872,4843,5630,13:10:01.656191
57.507734,4843,5764,13:10:01.656191
57.509598,5094,5651,13:10:01.656191
57.511503,4960,5741,13:10:01.656191
57.513359,5156,5673,13:10:01.656191
57.515217,5076,5498,13:10:01.656191
57.517074,4841,5694,13:10:01.656191
57.51893,5034,5786,13:10:01.656191
57.520786,5224,5627,13:10:01.656191
57.522649,5105,5663,13:10:01.656191
57.524505,4889,5631,13:10:01.656191
57.526362,4927,5614,13:10:01.656191
57.52822,4922,5678,13:10:01.656191
57.530076,5199,5702,13:10:01.656191
57.531933,5114,5567,13:10:01.656191
57.533789,5052,5490,13:10:01.656191
57.535645,5053,5868,13:10:01.656191
57.537502,5156,5678,13:10:01.656191
57.53936,5183,5641,13:10:01.656191
57.541221,5028,5863,13:10:01.656191
57.543095,4660,5625,13:10:01.656191
57.544961,5163,5657,13:10:01.656191
57.54682,4871,5803,13:10:01.656191
57.548675,4876,5591,13:10:01.656191
57.550532,5293,5519,13:10:01.656191
57.552389,4933,5746,13:10:01.656191
57.554247,5212,5657,13:10:01.656191
57.556113,4862,5695,13:10:01.710174
57.557974,5136,5837,13:10:01.710174
57.559843,5054,5676,13:10:01.710174
57.561732,5087,5795,13:10:01.710174
57.563591,5060,5595,13:10:01.710174
57.565449,4895,5694,13:10:01.710174
57.567305,4901,5769,13:10:01.710174
57.569164,5022,5310,13:10:01.710174
57.57102,4978,5627,13:10:01.710174
57.572879,4845,5475,13:10:01.710174
57.574735,5149,5673,13:10:01.710174
57.576595,5055,5539,13:10:01.710174
57.578452,5088,5922,13:10:01.710174
57.580308,5212,5681,13:10:01.710174
57.582166,5083,5681,13:10:01.710174
57.584023,4985,5653,13:10:01.710174
57.585879,5197,5556,13:10:01.710174
57.587736,5093,5873,13:10:01.710174
57.589592,4927,5645,13:10:01.710174
57.591449,4917,5660,13:10:01.710174
57.593315,5208,5610,13:10:01.710174
57.595171,5189,5565,13:10:01.710174
57.597027,4939,5751,13:10:01.710174
57.598886,4890,5600,13:10:01.710174
57.600742,5273,5471,13:10:01.710174
57.602599,4981,5824,13:10:01.710174
57.604457,5186,5591,13:10:01.710174
57.606317,5173,5688,13:10:01.756304
57.608184,4970,5591,13:10:01.756304
57.610048,5096,5538,13:10:01.756304
57.611969,4532,5625,13:10:01.756304
57.613826,4665,5689,13:10:01.756304
57.615683,5109,5693,13:10:01.756304
57.617545,5085,5555,13:10:01.756304
57.619402,5015,5718,13:10:01.756304
57.621258,5052,5663,13:10:01.756304
57.623116,5033,5637,13:10:01.756304
57.624973,5185,5745,13:10:01.756304
57.626831,5026,5745,13:10:01.756304
57.628687,4982,5940,13:10:01.756304
57.63055,5458,5475,13:10:01.756304
57.632406,5063,5554,13:10:01.756304
57.634262,4952,5529,13:10:01.756304
57.636125,4978,5567,13:10:01.756304
57.637981,5116,5798,13:10:01.756304
57.63984,4846,5585,13:10:01.756304
57.641696,5159,5634,13:10:01.756304
57.643556,4954,5653,13:10:01.756304
57.645413,5014,5740,13:10:01.756304
57.64727,4811,5528,13:10:01.756304
57.649131,4928,5556,13:10:01.756304
57.651016,4780,5818,13:10:01.756304
57.652876,4966,5774,13:10:01.756304
57.654749,4919,5759,13:10:01.806101
57.656621,5013,5666,13:10:01.806101
57.658481,5230,5742,13:10:01.806101
57.660393,5303,5672,13:10:01.806101
57.662256,5131,5509,13:10:01.806101
57.664112,4986,5701,13:10:01.806101
57.665968,5252,5657,13:10:01.806101
57.667831,4974,5859,13:10:01.806101
57.669687,5050,5883,13:10:01.806101
57.671544,5082,5602,13:10:01.806101
57.673402,5105,5623,13:10:01.806101
57.675258,5270,5625,13:10:01.806101
57.677117,4889,5880,13:10:01.806101
57.678973,5061,5712,13:10:01.806101
57.680833,5010,5658,13:10:01.806101
57.68269,5197,5865,13:10:01.806101
57.684547,4914,5868,13:10:01.806101
57.686409,4973,5824,13:10:01.806101
57.688265,4999,5772,13:10:01.806101
57.690125,5065,5729,13:10:01.806101
57.691982,5045,5769,13:10:01.806101
57.693838,5199,5669,13:10:01.806101
57.695694,5128,5915,13:10:01.806101
57.697553,5196,5607,13:10:01.806101
57.699411,4743,5732,13:10:01.806101
57.701268,4958,5647,13:10:01.806101
57.703128,5028,5817,13:10:01.806101
57.704984,5124,5514,13:10:01.855771
57.706857,4890,5732,13:10:01.855771
57.708719,5107,5687,13:10:01.856763
57.710635,4811,5582,13:10:01.856763
57.712529,4985,5548,13:10:01.856763
57.714386,5182,5578,13:10:01.856763
57.716242,5022,5934,13:10:01.856763
57.7181,5034,5738,13:10:01.856763
57.719957,5210,5669,13:10:01.856763
57.721813,4872,5787,13:10:01.856763
57.723672,5025,5677,13:10:01.856763
57.725528,5023,5688,13:10:01.856763
57.727384,4856,5485,13:10:01.856763
57.729241,5179,5746,13:10:01.856763
57.731107,4967,5788,13:10:01.856763
57.732963,4854,5747,13:10:01.856763
57.73482,4938,5700,13:10:01.856763
57.736678,5047,5775,13:10:01.856763
57.738535,5136,5804,13:10:01.856763
57.740391,5064,5898,13:10:01.856763
57.742247,5181,5740,13:10:01.856763
57.744104,5224,5727,13:10:01.856763
57.74598,4956,5680,13:10:01.856763
57.747836,5052,5599,13:10:01.856763
57.749695,4946,5731,13:10:01.856763
57.751553,5286,5942,13:10:01.856763
57.753417,5090,5668,13:10:01.856763
57.755274,4979,5726,13:10:01.909761
57.757139,4976,5584,13:10:01.909761
57.759001,4929,5554,13:10:01.909761
57.760913,4592,5695,13:10:01.909761
57.762771,5164,5720,13:10:01.909761
57.764629,5229,5455,13:10:01.909761
57.766488,5022,6064,13:10:01.909761
57.768348,5103,5795,13:10:01.909761
57.770205,4920,5614,13:10:01.909761
57.772065,4994,5663,13:10:01.909761
57.773921,4952,5641,13:10:01.909761
57.775778,5191,5831,13:10:01.909761
57.777636,4620,5780,13:10:01.909761
57.779492,5047,5772,13:10:01.909761
57.781351,5116,5565,13:10:01.909761
57.783207,4965,5887,13:10:01.909761
57.785064,4957,5592,13:10:01.909761
57.786922,5095,5679,13:10:01.909761
57.788786,4956,5529,13:10:01.909761
57.790643,5235,5716,13:10:01.909761
57.792499,5141,5713,13:10:01.909761
57.794357,5018,5673,13:10:01.909761
57.796214,5296,5771,13:10:01.909761
57.79807,5087,5801,13:10:01.909761
57.799926,5203,5626,13:10:01.909761
57.801783,5061,5844,13:10:01.909761
57.803639,4988,5508,13:10:01.909761
57.805498,5090,5720,13:10:01.957770
57.807368,4704,5612,13:10:01.957770
57.809228,5272,5773,13:10:01.957770
57.811156,5041,5723,13:10:01.957770
57.813025,5371,5888,13:10:01.957770
57.814881,4975,5777,13:10:01.957770
57.816738,5129,5939,13:10:01.957770
57.818596,4876,5816,13:10:01.957770
57.820452,5060,5759,13:10:01.957770
57.822309,5009,5867,13:10:01.958757
57.824165,5161,5764,13:10:01.958757
57.826021,4954,5690,13:10:01.958757
57.82788,5194,5775,13:10:01.958757
57.829745,5037,5700,13:10:01.958757
57.831603,4899,5615,13:10:01.958757
57.833459,4949,5854,13:10:01.958757
57.835317,4918,5726,13:10:01.958757
57.837174,5052,5599,13:10:01.958757
57.83903,5192,5533,13:10:01.958757
57.840886,4842,5989,13:10:01.958757
57.842743,5231,5931,13:10:01.958757
57.844599,5105,5777,13:10:01.958757
57.846456,5207,5673,13:10:01.958757
57.848324,4980,5537,13:10:01.958757
57.85018,5252,5739,13:10:01.958757
57.852037,5050,5713,13:10:01.958757
57.853895,5007,5590,13:10:01.958757
57.855757,5167,5562,13:10:02.006177
57.857638,5204,5852,13:10:02.006177
57.859502,5376,5741,13:10:02.006177
57.861452,4905,5960,13:10:02.006177
57.863308,4975,5925,13:10:02.006177
57.865165,5122,5887,13:10:02.006177
57.867021,5124,5857,13:10:02.006177
57.868879,5079,5721,13:10:02.006177
57.870736,4941,5767,13:10:02.006177
57.872592,5203,5766,13:10:02.006177
57.874449,4884,5861,13:10:02.006177
57.876307,4960,5492,13:10:02.006177
57.878165,5291,5744,13:10:02.006177
57.880028,5141,5579,13:10:02.006177
57.881884,5002,5774,13:10:02.006177
57.88374,5199,5757,13:10:02.006177
57.885599,5202,5749,13:10:02.006177
57.887455,5120,5621,13:10:02.006177
57.889312,5242,5786,13:10:02.006177
57.89117,5186,5895,13:10:02.006177
57.893026,4983,5629,13:10:02.006177
57.894883,5009,5907,13:10:02.006177
57.896739,5145,5620,13:10:02.006177
57.898605,5331,5769,13:10:02.006177
57.900462,5048,5621,13:10:02.006177
57.902318,5096,5904,13:10:02.006177
57.904177,5172,5879,13:10:02.006177
57.906041,5090,5892,13:10:02.056029
57.907901,5152,5565,13:10:02.056029
57.909764,5085,5724,13:10:02.056029
57.911673,4841,5787,13:10:02.056029
57.913534,5222,5772,13:10:02.056029
57.915391,4938,5712,13:10:02.056029
57.917253,5025,5744,13:10:02.056029
57.919109,5168,5958,13:10:02.056029
57.920966,4948,5784,13:10:02.056029
57.922824,5070,5467,13:10:02.056029
57.92468,5283,5530,13:10:02.056029
57.926539,5339,5744,13:10:02.056029
57.928395,5206,5546,13:10:02.056029
57.930252,5087,5613,13:10:02.056029
57.93211,5128,5664,13:10:02.056029
57.933967,5124,5738,13:10:02.056029
57.935827,5159,5618,13:10:02.056029
57.937683,5129,5698,13:10:02.056029
57.939541,5144,5816,13:10:02.056029
57.941398,5181,5762,13:10:02.056029
57.943254,5039,5962,13:10:02.056029
57.945113,5312,5737,13:10:02.056029
57.946969,5105,5637,13:10:02.056029
57.948825,5109,5790,13:10:02.056029
57.950694,4986,5711,13:10:02.056029
57.952552,5321,5838,13:10:02.056029
57.954408,5286,5400,13:10:02.056029
57.956273,5210,5639,13:10:02.106013
57.958133,4818,5696,13:10:02.106013
57.960003,5151,5634,13:10:02.106013
57.961908,5258,5869,13:10:02.106013
57.963766,5137,5674,13:10:02.106013
57.965623,5155,5815,13:10:02.106013
57.967479,5248,5530,13:10:02.106013
57.969335,5068,5531,13:10:02.106013
57.9712,5208,5863,13:10:02.106013
57.973056,5161,5718,13:10:02.106013
57.974912,5090,5654,13:10:02.106013
57.976771,5245,5512,13:10:02.106013
57.978627,5136,5605,13:10:02.106013
57.980485,4947,5817,13:10:02.106013
57.982342,5187,5683,13:10:02.106013
57.984198,5240,5515,13:10:02.106013
57.986055,5089,5300,13:10:02.106013
57.98792,5282,5666,13:10:02.106013
57.989777,5201,5685,13:10:02.106013
57.991634,5069,5408,13:10:02.106013
57.993492,5089,5766,13:10:02.106013
57.995348,5109,5658,13:10:02.106013
57.997205,4918,5669,13:10:02.106013
57.999061,4761,5662,13:10:02.106013
58.000918,5054,5756,13:10:02.106013
58.002774,5196,5627,13:10:02.106013
58.00463,5243,5607,13:10:02.158749
58.006501,5079,5769,13:10:02.158749
58.008361,5177,5907,13:10:02.158749
58.010273,4951,5708,13:10:02.158749
58.012181,5039,5747,13:10:02.158749
58.01404,5005,5765,13:10:02.158749
58.015901,5055,5512,13:10:02.158749
58.01776,4999,5663,13:10:02.158749
58.019617,5121,5512,13:10:02.158749
58.021483,5325,5765,13:10:02.158749
58.023339,5152,5583,13:10:02.158749
58.025196,4897,5815,13:10:02.158749
58.027054,4949,5621,13:10:02.159749
58.028911,5101,5387,13:10:02.159749
58.030767,5060,5768,13:10:02.159749
58.032623,5366,5645,13:10:02.159749
58.03448,5174,5712,13:10:02.159749
58.036336,4981,5659,13:10:02.159749
58.038193,5219,5591,13:10:02.159749
58.040053,5259,5433,13:10:02.159749
58.041909,4985,5659,13:10:02.159749
58.043768,5058,5752,13:10:02.159749
58.045624,5068,5431,13:10:02.159749
58.04748,4903,5519,13:10:02.159749
58.049339,5094,5436,13:10:02.159749
58.051199,5164,5713,13:10:02.159749
58.053057,5097,5453,13:10:02.159749
58.054914,5061,5644,13:10:02.206764
58.05678,5158,5717,13:10:02.206764
58.058641,5013,5607,13:10:02.206764
58.060567,4904,5502,13:10:02.206764
58.062449,4488,5680,13:10:02.206764
58.064307,5149,5538,13:10:02.206764
58.066164,5251,5740,13:10:02.206764
58.068026,4975,5561,13:10:02.206764
58.069882,4973,5746,13:10:02.206764
58.071741,5281,5645,13:10:02.206764
58.073597,5070,5491,13:10:02.206764
58.075454,5018,5441,13:10:02.206764
58.077312,5161,5486,13:10:02.212785
58.079171,5091,5804,13:10:02.212785
58.081029,5108,5609,13:10:02.212785
58.082885,4773,5508,13:10:02.212785
58.084745,5126,5381,13:10:02.212785
58.086602,4979,5446,13:10:02.212785
58.088458,4962,5524,13:10:02.212785
58.090317,5045,5374,13:10:02.212785
58.092173,4960,5747,13:10:02.212785
58.094031,5185,5625,13:10:02.212785
58.095888,5073,5696,13:10:02.212785
58.097748,4844,5271,13:10:02.212785
58.099606,5050,5271,13:10:02.212785
58.101465,5083,5633,13:10:02.212785
58.103325,5228,5507,13:10:02.212785
58.105185,5144,5655,13:10:02.259421
58.107062,5184,5440,13:10:02.259421
58.108922,5110,5655,13:10:02.259421
58.110828,5023,5755,13:10:02.259421
58.112748,4817,5659,13:10:02.259421
58.114623,5158,5438,13:10:02.259421
58.116479,4978,5575,13:10:02.259421
58.118336,4850,5630,13:10:02.259421
58.120192,5378,5499,13:10:02.259421
58.12205,5169,5507,13:10:02.260432
58.123907,4817,5405,13:10:02.260432
58.125763,5338,5543,13:10:02.260432
58.127621,4959,5725,13:10:02.262429
58.129478,5149,5719,13:10:02.262429
58.131336,5185,5590,13:10:02.262429
58.133193,5003,5525,13:10:02.262429
58.135049,5201,5728,13:10:02.262429
58.136905,5321,5528,13:10:02.262429
58.138769,4915,5635,13:10:02.262429
58.140626,5195,5522,13:10:02.262429
58.142482,5034,5644,13:10:02.263428
58.144341,4818,5661,13:10:02.263428
58.146197,5189,5619,13:10:02.263428
58.148054,5245,5400,13:10:02.263428
58.149912,5106,5470,13:10:02.263428
58.151768,5147,5608,13:10:02.263428
58.153627,4760,5369,13:10:02.264436
58.155497,5067,5622,13:10:02.306007
58.157361,5231,5526,13:10:02.306007
58.159222,5056,5431,13:10:02.306007
58.161132,5135,5623,13:10:02.306007
58.16299,4805,5738,13:10:02.306007
58.164849,5017,5797,13:10:02.306007
58.166705,5160,5453,13:10:02.306007
58.168563,5004,5524,13:10:02.306007
58.17042,4987,5520,13:10:02.306007
58.172276,5046,5668,13:10:02.306007
58.174133,5116,5661,13:10:02.306007
58.175995,5088,5450,13:10:02.306007
58.177853,4906,5568,13:10:02.306007
58.17971,5150,5531,13:10:02.306007
58.181568,5145,5566,13:10:02.306007
58.183424,5340,5432,13:10:02.306007
58.185283,4974,5789,13:10:02.306007
58.187139,4908,5425,13:10:02.306007
58.188995,5171,5491,13:10:02.306007
58.190856,5030,5344,13:10:02.306007
58.192715,4949,5552,13:10:02.306007
58.194575,5033,5758,13:10:02.306007
58.196431,5084,5573,13:10:02.306007
58.198289,5023,5616,13:10:02.306007
58.200146,4777,5684,13:10:02.306007
58.202002,5078,5713,13:10:02.306007
58.20386,5092,5756,13:10:02.306007
58.205725,5333,5555,13:10:02.361823
58.207591,4847,5489,13:10:02.361823
58.209453,5357,5671,13:10:02.361823
58.211374,4296,5479,13:10:02.362508
58.213244,4916,5477,13:10:02.362508
58.2151,5045,5442,13:10:02.362508
58.216963,4998,5489,13:10:02.362508
58.218823,5122,5689,13:10:02.362508
58.220687,4866,5418,13:10:02.362508
58.222544,5013,5489,13:10:02.362508
58.2244,5147,5647,13:10:02.362508
58.226258,5156,5508,13:10:02.362508
58.228115,5069,5680,13:10:02.362508
58.229971,5001,5437,13:10:02.362508
58.23183,5167,5716,13:10:02.362508
58.233686,4917,5463,13:10:02.362508
58.235542,4980,5340,13:10:02.362508
58.237399,5036,5495,13:10:02.362508
58.239265,5213,5570,13:10:02.362508
58.241121,5150,5517,13:10:02.362508
58.242978,5074,5614,13:10:02.362508
58.244836,5124,5439,13:10:02.362508
58.246693,4890,5746,13:10:02.362508
58.248549,4948,5697,13:10:02.362508
58.250405,4881,5186,13:10:02.362508
58.252262,5119,5467,13:10:02.362508
58.254118,4953,5544,13:10:02.362508
58.255998,4893,5551,13:10:02.407616
58.257865,4900,6007,13:10:02.407616
58.259728,5111,5652,13:10:02.407616
58.261646,5101,5774,13:10:02.407616
58.263506,4925,5582,13:10:02.407616
58.265372,5035,5544,13:10:02.407616
58.267236,5173,5600,13:10:02.407616
58.269093,4959,5591,13:10:02.407616
58.270949,4956,5527,13:10:02.407616
58.272807,5146,5464,13:10:02.407616
58.274664,4940,5553,13:10:02.407616
58.276522,5107,5511,13:10:02.407616
58.278378,5124,5383,13:10:02.407616
58.280235,4934,5536,13:10:02.407616
58.282093,5230,5723,13:10:02.407616
58.283955,5081,5595,13:10:02.407616
58.285816,5093,5599,13:10:02.407616
58.287672,5114,5570,13:10:02.407616
58.289531,4989,5545,13:10:02.407616
58.291387,5226,5445,13:10:02.407616
58.293243,5066,5538,13:10:02.407616
58.295102,5100,5419,13:10:02.407616
58.296958,5316,5653,13:10:02.407616
58.298815,5015,5518,13:10:02.407616
58.300671,5192,5499,13:10:02.407616
58.302535,4927,5604,13:10:02.407616
58.304392,5404,5779,13:10:02.407616
58.30625,5114,5692,13:10:02.459386
58.30811,5104,5592,13:10:02.459386
58.310006,5019,5562,13:10:02.459386
58.311897,5052,5707,13:10:02.459386
58.313755,5191,5476,13:10:02.459386
58.315612,5108,5456,13:10:02.459386
58.31747,5087,5663,13:10:02.459386
58.319326,5063,5645,13:10:02.459386
58.321185,5287,5752,13:10:02.459386
58.323041,5068,5437,13:10:02.459386
58.324898,5148,5502,13:10:02.459386
58.326756,5184,5682,13:10:02.459386
58.328612,5126,5653,13:10:02.459386
58.330471,5397,5603,13:10:02.462377
58.332327,5054,5605,13:10:02.462377
58.334183,4996,5845,13:10:02.462377
58.33604,5324,5573,13:10:02.462377
58.337903,5050,5570,13:10:02.462377
58.339762,5118,5631,13:10:02.462377
58.341619,4880,5630,13:10:02.462377
58.343477,5336,5662,13:10:02.462377
58.345334,5075,5444,13:10:02.462377
58.34719,5085,5638,13:10:02.462377
58.349048,4950,5534,13:10:02.462377
58.350905,4934,5461,13:10:02.462377
58.352765,5031,5319,13:10:02.462377
58.354621,4985,5328,13:10:02.509098
58.356496,5011,5669,13:10:02.509098
58.358356,5111,5763,13:10:02.510295
58.360264,5137,5493,13:10:02.510295
58.362143,4934,5489,13:10:02.510295
58.364005,5017,5683,13:10:02.510295
58.365862,5295,5706,13:10:02.510295
58.367724,4952,5607,13:10:02.510295
58.36958,5031,5429,13:10:02.510295
58.371438,5247,5562,13:10:02.510295
58.373295,5177,5623,13:10:02.510295
58.375151,4950,5703,13:10:02.510295
58.377009,4954,5544,13:10:02.510295
58.378871,4809,5562,13:10:02.510295
58.380728,4944,5768,13:10:02.510295
58.382585,5262,5554,13:10:02.510295
58.384449,5049,5850,13:10:02.510295
58.386307,5174,5589,13:10:02.510295
58.388164,5062,5605,13:10:02.512303
58.390022,5006,5433,13:10:02.512303
58.391878,4912,5613,13:10:02.512303
58.393737,5052,5579,13:10:02.512303
58.395593,5042,5571,13:10:02.512303
58.397449,5158,5447,13:10:02.512303
58.399306,5264,5574,13:10:02.512303
58.401163,5199,5629,13:10:02.512303
58.403023,5311,5696,13:10:02.512303
58.404879,5210,5612,13:10:02.559855
58.406748,5282,5672,13:10:02.559855
58.408608,5069,5465,13:10:02.559855
58.410512,5025,5577,13:10:02.559855
58.412382,4861,5790,13:10:02.559855
58.414246,3333,5627,13:10:02.559855
58.416125,5163,5784,13:10:02.559855
58.417985,5085,5611,13:10:02.559855
58.419844,5264,5291,13:10:02.559855
58.421702,5185,5741,13:10:02.559855
58.423559,5016,5406,13:10:02.559855
58.425421,5003,5584,13:10:02.559855
58.427277,5041,5569,13:10:02.559855
58.429134,4779,5520,13:10:02.559855
58.430996,4862,5509,13:10:02.559855
58.432854,4891,5477,13:10:02.559855
58.434713,5005,5510,13:10:02.559855
58.436569,4988,5482,13:10:02.559855
58.438425,5157,5470,13:10:02.559855
58.440284,4994,5414,13:10:02.559855
58.442141,5184,5726,13:10:02.559855
58.443999,5105,5495,13:10:02.559855
58.445857,5083,5775,13:10:02.559855
58.447723,5004,5616,13:10:02.559855
58.44958,5044,5703,13:10:02.559855
58.451436,5074,5620,13:10:02.559855
58.453294,4832,5458,13:10:02.559855
58.455151,5030,5600,13:10:02.613898
58.457019,4917,5620,13:10:02.613898
58.45888,4947,5517,13:10:02.613898
58.4608,4574,5562,13:10:02.613898
58.462664,4942,5634,13:10:02.613898
58.46455,4830,5469,13:10:02.613898
58.466417,5163,5466,13:10:02.613898
58.468275,5111,5850,13:10:02.613898
58.470131,5062,5698,13:10:02.613898
58.47199,5224,5742,13:10:02.613898
58.473846,5145,5888,13:10:02.613898
58.475704,5143,5492,13:10:02.613898
58.477561,5024,5450,13:10:02.613898
58.479418,5032,5793,13:10:02.613898
58.481279,5176,5505,13:10:02.613898
58.483136,5076,5757,13:10:02.613898
58.484996,5202,5484,13:10:02.613898
58.486855,5080,5332,13:10:02.613898
58.488711,5066,5622,13:10:02.613898
58.490569,5269,5807,13:10:02.613898
58.492426,4845,5502,13:10:02.613898
58.494282,4982,5755,13:10:02.613898
58.496138,5001,5490,13:10:02.613898
58.497999,5194,5701,13:10:02.613898
58.499855,4869,5735,13:10:02.613898
58.501712,4917,5269,13:10:02.613898
58.50357,5114,5600,13:10:02.613898
58.505426,4992,5550,13:10:02.671627
58.507291,4935,5892,13:10:02.671627
58.509153,4927,5652,13:10:02.671627
58.511063,5152,5688,13:10:02.671627
58.51292,5046,5519,13:10:02.671627
58.514776,5072,5504,13:10:02.671627
58.516656,5075,5406,13:10:02.671627
58.518528,2335,5563,13:10:02.671627
58.520387,5103,5641,13:10:02.671627
58.522243,4844,5690,13:10:02.671627
58.5241,5291,5715,13:10:02.671627
58.525958,5039,5497,13:10:02.671627
58.527814,4880,5863,13:10:02.671627
58.529671,5218,5500,13:10:02.671627
58.531529,4966,5706,13:10:02.671627
58.533385,5156,5562,13:10:02.671627
58.535244,5169,5767,13:10:02.671627
58.5371,5122,5667,13:10:02.671627
58.538964,5166,5634,13:10:02.671627
58.540823,4808,5724,13:10:02.671627
58.54268,5180,5605,13:10:02.671627
58.544538,5191,5622,13:10:02.671627
58.546394,5345,5506,13:10:02.671627
58.548252,4838,5416,13:10:02.671627
58.550109,4976,5813,13:10:02.671627
58.551965,5044,5667,13:10:02.671627
58.553823,5262,5623,13:10:02.671627
58.555684,4918,5606,13:10:02.713271
58.557546,5077,5794,13:10:02.713271
58.559408,5060,5644,13:10:02.713271
58.561311,4774,5653,13:10:02.713271
58.563169,5085,5672,13:10:02.713271
58.565029,4989,5448,13:10:02.717294
58.566888,5141,5487,13:10:02.717294
58.568773,5065,5443,13:10:02.717294
58.57063,5154,5472,13:10:02.717294
58.572493,5074,5794,13:10:02.717294
58.574353,4751,5798,13:10:02.717294
58.576211,5244,5865,13:10:02.717294
58.578068,5138,5539,13:10:02.717294
58.579924,5074,5725,13:10:02.717294
58.581783,5331,5535,13:10:02.717294
58.583639,5039,5881,13:10:02.717294
58.585497,4944,5284,13:10:02.717294
58.587354,5008,5779,13:10:02.717294
58.589212,5080,5801,13:10:02.717294
58.591068,5207,5529,13:10:02.717294
58.592925,5061,5512,13:10:02.717294
58.594783,4943,5542,13:10:02.717294
58.596644,5256,5687,13:10:02.717294
58.598502,5172,5741,13:10:02.717294
58.600358,4993,5642,13:10:02.717294
58.602217,5077,5647,13:10:02.717294
58.604073,4806,5687,13:10:02.717294
58.605933,4970,5329,13:10:02.765611
58.607798,5103,5677,13:10:02.765611
58.609661,4976,5687,13:10:02.765611
58.611564,4746,5613,13:10:02.765611
58.613422,5191,5599,13:10:02.765611
58.615279,5056,5478,13:10:02.765611
58.617141,4990,5823,13:10:02.765611
58.619027,4839,5760,13:10:02.765611
58.620894,5057,5581,13:10:02.765611
58.622752,4966,5459,13:10:02.765611
58.624616,5256,5585,13:10:02.765611
58.626473,5247,5742,13:10:02.765611
58.628329,5336,5534,13:10:02.765611
58.630188,5214,5657,13:10:02.765611
58.632044,4987,5864,13:10:02.765611
58.6339,5064,5559,13:10:02.765611
58.635759,5247,5622,13:10:02.765611
58.637615,4815,5579,13:10:02.765611
58.639471,5199,5649,13:10:02.765611
58.641328,4880,5929,13:10:02.765611
58.643194,5007,5717,13:10:02.765611
58.64505,5170,5521,13:10:02.765611
58.646907,5006,5656,13:10:02.765611
58.648765,4994,5625,13:10:02.765611
58.650622,5254,5723,13:10:02.765611
58.652478,5128,5719,13:10:02.765611
58.654334,5116,5487,13:10:02.765611
58.656203,5084,5589,13:10:02.816933
58.658063,5215,5608,13:10:02.816933
58.659937,5182,5709,13:10:02.816933
58.661824,5057,5898,13:10:02.816933
58.66368,4751,5983,13:10:02.816933
58.665536,4888,5808,13:10:02.816933
58.667397,5098,5705,13:10:02.816933
58.669255,5431,5629,13:10:02.816933
58.671119,4959,5551,13:10:02.816933
58.672976,5250,5647,13:10:02.816933
58.674838,5261,5719,13:10:02.816933
58.676696,4941,5311,13:10:02.816933
58.678562,5177,5557,13:10:02.816933
58.680419,5011,5556,13:10:02.816933
58.682276,5155,5615,13:10:02.816933
58.684134,5036,5490,13:10:02.816933
58.68599,5103,5555,13:10:02.816933
58.687847,5169,5446,13:10:02.816933
58.689703,5265,5550,13:10:02.816933
58.691559,5064,5616,13:10:02.816933
58.693416,4909,5426,13:10:02.816933
58.695272,5109,5696,13:10:02.816933
58.697135,4847,5521,13:10:02.816933
58.698991,5072,5680,13:10:02.816933
58.700847,5114,5484,13:10:02.816933
58.702706,5212,5563,13:10:02.816933
58.704562,5120,5573,13:10:02.867800
58.706436,5062,5602,13:10:02.867800
58.708297,5120,5566,13:10:02.867800
58.710181,5228,5537,13:10:02.867800
58.712065,4814,5441,13:10:02.867800
58.713924,4717,5519,13:10:02.867800
58.715788,4933,5473,13:10:02.867800
58.717644,5200,5557,13:10:02.867800
58.719501,4666,5583,13:10:02.867800
58.721361,1675,5355,13:10:02.867800
58.723265,5325,5659,13:10:02.867800
58.725122,5060,5400,13:10:02.867800
58.726978,5111,5759,13:10:02.867800
58.728845,5028,5426,13:10:02.867800
58.730703,5074,5394,13:10:02.867800
58.732559,5146,5852,13:10:02.867800
58.734417,4958,5520,13:10:02.867800
58.736274,5310,5685,13:10:02.867800
58.73813,4968,5326,13:10:02.867800
58.739989,5077,5768,13:10:02.867800
58.741845,5364,5528,13:10:02.867800
58.743703,4945,5703,13:10:02.867800
58.74556,5072,5852,13:10:02.867800
58.747422,4947,5351,13:10:02.867800
58.749278,4717,5388,13:10:02.867800
58.751135,5044,5549,13:10:02.867800
58.752993,5139,5554,13:10:02.867800
58.754849,5122,5639,13:10:02.921027
58.756712,5439,5599,13:10:02.921027
58.758572,5366,5483,13:10:02.921027
58.760494,4986,5267,13:10:02.921027
58.762353,4988,5639,13:10:02.921027
58.764209,5197,5591,13:10:02.921027
58.766071,4804,5600,13:10:02.921027
58.76793,4928,5410,13:10:02.921027
58.769791,5450,5820,13:10:02.921027
58.771654,3786,5465,13:10:02.921027
58.773511,5239,5590,13:10:02.921027
58.775371,5153,5649,13:10:02.921027
58.777259,4981,5602,13:10:02.921027
58.779116,4694,5276,13:10:02.921027
58.780978,4766,5516,13:10:02.921027
58.782834,5252,5528,13:10:02.921027
58.784693,5038,5438,13:10:02.921027
58.786549,4751,5671,13:10:02.921027
58.788406,5196,5587,13:10:02.921027
58.790264,5253,5452,13:10:02.921027
58.792124,4895,5538,13:10:02.921027
58.793983,5148,5648,13:10:02.921027
58.795839,5394,5549,13:10:02.921027
58.797699,5029,5543,13:10:02.921027
58.799556,5007,5543,13:10:02.921027
58.801412,5162,5880,13:10:02.921027
58.80327,5411,5428,13:10:02.921027
58.805127,5074,5544,13:10:02.973907
58.806989,5278,5503,13:10:02.973907
58.80885,5158,5666,13:10:02.973907
58.81074,4940,5805,13:10:02.973907
58.812602,5130,5458,13:10:02.973907
58.814459,5175,5809,13:10:02.973907
58.816317,4801,5434,13:10:02.973907
58.818173,5126,5595,13:10:02.974908
58.82003,5185,5554,13:10:02.974908
58.821888,4196,5538,13:10:02.974908
58.823762,5045,5736,13:10:02.974908
58.825637,2777,5684,13:10:02.974908
58.827493,5028,5639,13:10:02.974908
58.829349,4923,5715,13:10:02.974908
58.831208,5026,5422,13:10:02.974908
58.833074,5103,5310,13:10:02.974908
58.83493,5020,5616,13:10:02.974908
58.836787,5234,5494,13:10:02.974908
58.838645,5265,5518,13:10:02.974908
58.840501,5025,5451,13:10:02.974908
58.842358,4995,5867,13:10:02.974908
58.844216,5206,5319,13:10:02.974908
58.846073,5068,5357,13:10:02.974908
58.847931,5199,5687,13:10:02.975908
58.849787,5109,5234,13:10:02.975908
58.851652,5083,5378,13:10:02.975908
58.853508,5069,5309,13:10:02.975908
58.855364,5167,5734,13:10:03.023686
58.857233,4847,5558,13:10:03.023686
58.859093,4904,5309,13:10:03.023686
58.860991,5069,5479,13:10:03.023686
58.862848,4861,5635,13:10:03.023686
58.864709,4931,5458,13:10:03.023686
58.866566,4677,5592,13:10:03.023686
58.868423,5358,5450,13:10:03.023686
58.870281,5098,5249,13:10:03.023686
58.872145,4229,5416,13:10:03.023686
58.874002,5000,6019,13:10:03.023686
58.875864,4654,5409,13:10:03.023686
58.877722,4879,5592,13:10:03.023686
58.879581,5137,5636,13:10:03.023686
58.881446,4779,5906,13:10:03.023686
58.883323,5162,5346,13:10:03.023686
58.885182,4983,5695,13:10:03.023686
58.887038,5312,5568,13:10:03.023686
58.888894,4829,5467,13:10:03.023686
58.890753,4877,5296,13:10:03.023686
58.892611,5107,5581,13:10:03.023686
58.894467,5148,5532,13:10:03.023686
58.896324,4888,5526,13:10:03.023686
58.898182,5176,5605,13:10:03.023686
58.900039,5057,5403,13:10:03.023686
58.901895,4919,5272,13:10:03.023686
58.903753,4695,5488,13:10:03.023686
58.905614,5210,5540,13:10:03.073677
58.907474,4886,5360,13:10:03.073677
58.909337,4750,5434,13:10:03.073677
58.911258,4678,5559,13:10:03.073677
58.913117,4983,5420,13:10:03.073677
58.914973,5103,5662,13:10:03.073677
58.916833,4516,5498,13:10:03.073677
58.91869,5054,5665,13:10:03.073677
58.920548,5199,5291,13:10:03.073677
58.922407,4105,5326,13:10:03.073677
58.924263,4975,5389,13:10:03.073677
58.926119,4928,5824,13:10:03.073677
58.927982,4927,5542,13:10:03.073677
58.92984,5195,5635,13:10:03.073677
58.931696,5199,5589,13:10:03.073677
58.933561,5131,5361,13:10:03.073677
58.935417,5109,5701,13:10:03.073677
58.937273,4991,5421,13:10:03.073677
58.939132,5391,5664,13:10:03.073677
58.940988,4931,5303,13:10:03.073677
58.942847,4975,5707,13:10:03.073677
58.944703,5062,5419,13:10:03.073677
58.946565,4678,5691,13:10:03.073677
58.948424,4886,5433,13:10:03.073677
58.95029,5000,5690,13:10:03.073677
58.952146,4959,5482,13:10:03.073677
58.954003,4991,5331,13:10:03.073677
58.955871,5101,5406,13:10:03.125116
58.957733,4863,5384,13:10:03.125116
58.959596,5045,5500,13:10:03.125116
58.961508,5007,5752,13:10:03.125116
58.963364,5074,5704,13:10:03.125116
58.965221,4900,5718,13:10:03.125116
58.967079,4675,5803,13:10:03.125116
58.968938,4788,5466,13:10:03.125116
58.970796,4097,5817,13:10:03.125116
58.972654,5037,5450,13:10:03.125116
58.974514,4403,5637,13:10:03.125116
58.976399,4187,5703,13:10:03.125116
58.978262,5193,5389,13:10:03.125116
58.980121,5078,5551,13:10:03.125116
58.98198,4863,5654,13:10:03.125116
58.983844,5209,5525,13:10:03.125116
58.985702,4997,5618,13:10:03.125116
58.987559,4981,5495,13:10:03.125116
58.989417,5160,5432,13:10:03.125116
58.991274,4902,5401,13:10:03.125116
58.993132,5027,5411,13:10:03.125116
58.994988,5104,5488,13:10:03.125116
58.996849,5075,5469,13:10:03.125116
58.998707,5209,5279,13:10:03.125116
59.000573,4888,5563,13:10:03.125116
59.00243,4981,5348,13:10:03.125116
59.004286,5069,5503,13:10:03.125116
59.006153,5038,5610,13:10:03.183504
59.008013,4980,5522,13:10:03.183504
59.009884,5017,5535,13:10:03.183504
59.011769,4759,5511,13:10:03.183504
59.013628,5111,5587,13:10:03.183504
59.015488,4937,5524,13:10:03.183504
59.017344,5130,5382,13:10:03.183504
59.019201,4166,5541,13:10:03.183504
59.021059,5037,5453,13:10:03.183504
59.022916,4755,5244,13:10:03.183504
59.024776,4703,5341,13:10:03.183504
59.026632,4652,5364,13:10:03.183504
59.028509,4546,5584,13:10:03.183504
59.030385,4811,5588,13:10:03.183504
59.032241,5202,5397,13:10:03.183504
59.0341,5161,5586,13:10:03.183504
59.035956,4940,5621,13:10:03.183504
59.037812,5120,5589,13:10:03.183504
59.039671,5032,5727,13:10:03.183504
59.041532,5006,5423,13:10:03.183504
59.04339,5042,5440,13:10:03.183504
59.045246,4905,5645,13:10:03.183504
59.047104,5108,5532,13:10:03.183504
59.048961,5178,5644,13:10:03.183504
59.050817,5106,5699,13:10:03.183504
59.052674,5130,5389,13:10:03.183504
59.05453,5021,5456,13:10:03.231083
59.056394,5102,5069,13:10:03.231083
59.058255,5018,5573,13:10:03.231083
59.060141,5022,5456,13:10:03.231083
59.062015,4876,5523,13:10:03.231083
59.063876,5203,5363,13:10:03.231083
59.065734,4924,5607,13:10:03.231083
59.06759,5034,5394,13:10:03.231083
59.069449,4679,5340,13:10:03.231083
59.071309,4879,5758,13:10:03.231083
59.073167,4998,5549,13:10:03.231083
59.075024,5037,5479,13:10:03.231083
59.076884,4238,5316,13:10:03.231083
59.078749,4989,5519,13:10:03.231083
59.080607,4807,5719,13:10:03.231083
59.082463,5201,5322,13:10:03.231083
59.084322,5233,5489,13:10:03.231083
59.0862,4940,5605,13:10:03.231083
59.088059,1446,5183,13:10:03.231083
59.089925,4833,5603,13:10:03.231083
59.091781,5072,5626,13:10:03.231083
59.093639,5003,5410,13:10:03.231083
59.095496,5206,5612,13:10:03.231083
59.097352,5079,5618,13:10:03.231083
59.099209,5192,5548,13:10:03.231083
59.101069,5157,5604,13:10:03.231083
59.102925,5047,5500,13:10:03.231083
59.104784,5108,5460,13:10:03.280515
59.106656,5289,5581,13:10:03.280515
59.108516,5238,5867,13:10:03.280515
59.110426,5105,5386,13:10:03.280515
59.112289,4900,5577,13:10:03.280515
59.114145,4427,5543,13:10:03.280515
59.116004,5026,5470,13:10:03.280515
59.11786,4413,5389,13:10:03.280515
59.119718,5198,5770,13:10:03.280515
59.121575,4877,5755,13:10:03.280515
59.123437,5115,5678,13:10:03.280515
59.125299,5079,5445,13:10:03.280515
59.127156,5109,5621,13:10:03.280515
59.129014,4510,5432,13:10:03.280515
59.130875,4983,5671,13:10:03.280515
59.132743,2429,5747,13:10:03.280515
59.134627,5003,5625,13:10:03.280515
59.136483,5017,5574,13:10:03.280515
59.138342,5159,5625,13:10:03.280515
59.140198,5272,5670,13:10:03.280515
59.142055,5351,5584,13:10:03.280515
59.143913,4926,5563,13:10:03.280515
59.145771,5050,5696,13:10:03.280515
59.147628,5295,5724,13:10:03.280515
59.149484,4978,5353,13:10:03.280515
59.151344,4923,5380,13:10:03.280515
59.153201,4918,5627,13:10:03.280515
59.155057,5049,5413,13:10:03.330176
59.15693,5089,5387,13:10:03.330176
59.158789,5064,5623,13:10:03.330176
59.160704,4951,5204,13:10:03.330176
59.162562,5186,5498,13:10:03.330176
59.164419,4879,5264,13:10:03.330176
59.166275,4910,5797,13:10:03.330176
59.168138,4954,5337,13:10:03.330176
59.17,4999,5455,13:10:03.330176
59.171856,4598,5502,13:10:03.330176
59.173713,5150,5925,13:10:03.330176
59.175571,4927,5584,13:10:03.330176
59.177427,3858,5547,13:10:03.330176
59.17929,5132,5492,13:10:03.330176
59.181146,4551,5802,13:10:03.330176
59.183006,5110,5526,13:10:03.330176
59.184867,5084,5500,13:10:03.330176
59.186729,5047,5144,13:10:03.330176
59.188588,5014,5430,13:10:03.330176
59.190444,5003,5733,13:10:03.330176
59.19231,5226,5413,13:10:03.330176
59.194167,5396,5686,13:10:03.330176
59.196023,4811,5589,13:10:03.330176
59.197881,5204,5616,13:10:03.330176
59.199738,4911,5405,13:10:03.330176
59.201596,5308,5475,13:10:03.330176
59.203453,4948,5443,13:10:03.330176
59.205309,5186,5691,13:10:03.379789
59.207181,5057,5818,13:10:03.379789
59.209041,5191,5465,13:10:03.379789
59.210948,4970,5527,13:10:03.379789
59.212856,5222,5493,13:10:03.380790
59.214712,5108,5671,13:10:03.380790
59.216571,4913,5534,13:10:03.380790
59.218429,5041,5519,13:10:03.380790
59.220287,4486,5783,13:10:03.380790
59.222144,5106,5563,13:10:03.380790
59.224003,4644,5574,13:10:03.380790
59.225867,5295,5560,13:10:03.380790
59.227723,5134,5639,13:10:03.380790
59.229581,5198,5303,13:10:03.380790
59.23144,4323,5492,13:10:03.380790
59.233296,5025,5554,13:10:03.380790
59.23516,3204,5554,13:10:03.380790
59.237043,5038,5701,13:10:03.380790
59.238903,4897,5520,13:10:03.380790
59.240761,5031,5641,13:10:03.380790
59.242618,5004,5562,13:10:03.380790
59.244476,4896,5338,13:10:03.380790
59.246336,4979,5564,13:10:03.380790
59.248195,5005,5562,13:10:03.380790
59.250051,5173,5575,13:10:03.380790
59.251918,5130,5549,13:10:03.380790
59.253774,5063,5635,13:10:03.380790
59.255639,5310,5761,13:10:03.431023
59.257503,5153,5423,13:10:03.431023
59.259363,5104,5827,13:10:03.431023
59.261265,4777,5460,13:10:03.431023
59.263124,5339,5301,13:10:03.431023
59.264985,5062,5658,13:10:03.431023
59.266844,5030,5576,13:10:03.431023
59.268701,4828,5523,13:10:03.431023
59.270565,4802,5643,13:10:03.431023
59.272421,4871,5777,13:10:03.431023
59.274278,4177,5512,13:10:03.431023
59.276136,5123,5648,13:10:03.432041
59.277992,4869,5651,13:10:03.432041
59.279851,5073,5638,13:10:03.432041
59.281709,4403,5781,13:10:03.432041
59.283573,5163,5531,13:10:03.432041
59.285462,4259,5560,13:10:03.432041
59.287318,5151,5632,13:10:03.432041
59.289179,5204,5402,13:10:03.432041
59.291035,5341,5663,13:10:03.432041
59.292891,5223,5700,13:10:03.432041
59.29475,5353,5692,13:10:03.432041
59.29661,5319,5750,13:10:03.432041
59.298466,5210,5668,13:10:03.432041
59.300323,5375,5387,13:10:03.432041
59.302179,5294,5767,13:10:03.432041
59.304036,5108,5450,13:10:03.432041
59.305894,5375,5496,13:10:03.481555
59.30776,4953,5461,13:10:03.481555
59.309624,5155,5369,13:10:03.481555
59.311533,5005,5504,13:10:03.481555
59.313391,5006,5492,13:10:03.481555
59.315248,5077,5359,13:10:03.481555
59.317108,4916,5582,13:10:03.481555
59.318964,5008,5492,13:10:03.481555
59.320825,4687,5525,13:10:03.481555
59.322681,4550,5704,13:10:03.481555
59.324537,4996,5534,13:10:03.481555
59.326396,5076,5966,13:10:03.481555
59.328254,5092,5657,13:10:03.481555
59.330113,5090,5876,13:10:03.481555
59.331971,4658,5486,13:10:03.481555
59.333835,5097,5783,13:10:03.481555
59.335715,2674,5581,13:10:03.481555
59.337586,5335,5635,13:10:03.481555
59.339444,4933,5392,13:10:03.481555
59.341301,4945,5468,13:10:03.481555
59.343159,4990,5741,13:10:03.481555
59.345015,5038,5530,13:10:03.481555
59.346875,5286,5637,13:10:03.481555
59.348732,5117,5540,13:10:03.481555
59.350588,4973,5567,13:10:03.481555
59.352449,5007,5490,13:10:03.481555
59.354307,5211,5521,13:10:03.481555
59.356174,4750,5710,13:10:03.534070
59.358034,5045,5626,13:10:03.534070
59.359902,5324,5778,13:10:03.534070
59.3618,4917,5742,13:10:03.534070
59.363657,4903,5681,13:10:03.534070
59.365513,4800,5624,13:10:03.534070
59.367374,5209,5781,13:10:03.534070
59.36923,4510,5621,13:10:03.534070
59.371088,5105,5553,13:10:03.534070
59.372945,4857,5368,13:10:03.534070
59.374803,4890,5756,13:10:03.534070
59.376661,5332,5880,13:10:03.534070
59.378518,5222,5573,13:10:03.534070
59.380378,4555,5598,13:10:03.534070
59.382234,5434,5512,13:10:03.535069
59.384097,5394,5584,13:10:03.535069
59.385954,2951,5548,13:10:03.535069
59.387812,5267,5524,13:10:03.535069
59.38967,5274,5575,13:10:03.535069
59.391528,5165,5314,13:10:03.535069
59.393411,4993,5468,13:10:03.535069
59.395267,5226,5564,13:10:03.535069
59.397123,5454,5678,13:10:03.535069
59.39898,5104,5609,13:10:03.535069
59.400839,5228,5750,13:10:03.535069
59.402698,5275,5556,13:10:03.535069
59.404555,5169,5585,13:10:03.585327
59.406423,5016,5236,13:10:03.585327
59.408284,5081,5398,13:10:03.586325
59.410182,5189,5557,13:10:03.586325
59.412058,5024,5567,13:10:03.586325
59.413914,4914,5454,13:10:03.586325
59.415771,5244,5571,13:10:03.586325
59.417629,4179,5465,13:10:03.586325
59.419487,4276,5812,13:10:03.586325
59.421344,5319,5746,13:10:03.586325
59.4232,4919,5553,13:10:03.586325
59.425059,4787,5752,13:10:03.586325
59.426915,5099,5678,13:10:03.586325
59.428775,3962,5783,13:10:03.586325
59.430634,5074,5712,13:10:03.586325
59.43249,4588,5864,13:10:03.586325
59.434346,4907,5326,13:10:03.586325
59.436203,4977,5671,13:10:03.586325
59.438065,1435,5577,13:10:03.586325
59.439924,5095,5644,13:10:03.586325
59.441785,5116,5628,13:10:03.586325
59.443646,5104,5452,13:10:03.586325
59.445503,5253,5796,13:10:03.586325
59.447361,5007,5436,13:10:03.586325
59.449217,4694,5208,13:10:03.586325
59.451074,4585,5365,13:10:03.586325
59.452932,4893,5415,13:10:03.586325
59.454794,4888,5219,13:10:03.637489
59.456665,4859,5424,13:10:03.637489
59.458525,4932,5633,13:10:03.637489
59.460436,5557,6057,13:10:03.637489
59.4623,5149,5462,13:10:03.637489
59.464156,5135,5349,13:10:03.637489
59.466018,5230,5952,13:10:03.637489
59.467875,5369,5739,13:10:03.637489
59.469731,5022,5531,13:10:03.637489
59.471587,5368,5646,13:10:03.637489
59.473444,5094,6152,13:10:03.637489
59.475304,4169,5753,13:10:03.637489
59.477161,5149,5836,13:10:03.637489
59.479023,5409,5869,13:10:03.637489
59.480879,4184,5481,13:10:03.637489
59.482736,4998,5561,13:10:03.637489
59.484594,4547,5806,13:10:03.637489
59.486456,4760,5533,13:10:03.637489
59.488347,4671,5524,13:10:03.637489
59.490211,3961,5691,13:10:03.637489
59.492067,5524,5747,13:10:03.637489
59.493926,4923,5430,13:10:03.637489
59.495784,4748,5574,13:10:03.637489
59.497644,5266,5775,13:10:03.637489
59.499501,5225,5586,13:10:03.637489
59.501357,4964,5691,13:10:03.637489
59.503215,5033,5578,13:10:03.637489
59.505075,5368,5939,13:10:03.692245
59.506942,5014,5530,13:10:03.692245
59.508802,5049,5612,13:10:03.692245
59.510711,5110,5919,13:10:03.692245
59.512569,5323,5816,13:10:03.692245
59.514425,5130,5554,13:10:03.692245
59.516284,5362,5927,13:10:03.692245
59.51814,5338,5699,13:10:03.692245
59.519999,5130,5750,13:10:03.692245
59.521857,4713,5890,13:10:03.692245
59.523716,5447,5556,13:10:03.692245
59.525574,4634,5774,13:10:03.692245
59.52743,5012,5798,13:10:03.692245
59.529288,4900,5941,13:10:03.692245
59.531145,5308,5738,13:10:03.692245
59.533001,5359,5850,13:10:03.692245
59.534859,5357,5588,13:10:03.692245
59.536716,5858,5627,13:10:03.692245
59.538574,5164,5277,13:10:03.692245
59.540453,4890,5929,13:10:03.692245
59.542311,2197,5928,13:10:03.692245
59.544177,5197,5443,13:10:03.692245
59.546036,5047,5491,13:10:03.692245
59.547894,5023,5835,13:10:03.692245
59.54975,5652,5784,13:10:03.692245
59.551611,5008,5063,13:10:03.692245
59.553467,4854,5785,13:10:03.692245
59.555324,5595,5827,13:10:03.738015
59.557192,5271,5197,13:10:03.738015
59.559052,4835,5692,13:10:03.738015
59.560954,5082,5891,13:10:03.738015
59.562813,5169,5821,13:10:03.738015
59.564675,4924,5398,13:10:03.738015
59.566531,4978,5880,13:10:03.738015
59.568388,5802,5548,13:10:03.738015
59.570246,5131,5499,13:10:03.738518
59.572103,4937,5654,13:10:03.738518
59.573959,5697,5960,13:10:03.738518
59.575817,4606,5606,13:10:03.738518
59.577674,5161,5967,13:10:03.738518
59.579532,4372,5825,13:10:03.738518
59.581388,5319,5511,13:10:03.738518
59.583253,5306,5840,13:10:03.738518
59.585109,5463,5874,13:10:03.738518
59.586966,5490,5872,13:10:03.738518
59.58883,5382,5963,13:10:03.738518
59.590686,5196,5813,13:10:03.738518
59.592547,5458,5727,13:10:03.738518
59.594403,5354,5590,13:10:03.738518
59.596282,2817,5680,13:10:03.738518
59.598152,5120,5704,13:10:03.738518
59.600008,5209,5573,13:10:03.738518
59.601866,5284,5700,13:10:03.738518
59.603723,5132,5630,13:10:03.738518
59.605581,5296,5696,13:10:03.755793
59.607452,5136,5755,13:10:03.755793
59.609315,5358,5641,13:10:03.755793
59.611234,4736,5954,13:10:03.755793
59.613092,5155,5831,13:10:03.755793
59.614949,5083,5649,13:10:03.755793
59.616807,4858,5655,13:10:03.755793
59.618663,5010,5665,13:10:03.755793
59.620522,5098,5824,13:10:03.755793
59.622378,4462,5571,13:10:03.755793
59.624235,4731,5753,13:10:03.755793
59.626095,4780,5476,13:10:03.755793
59.627954,5095,5714,13:10:03.755793
59.629812,5336,5709,13:10:03.755793
59.631668,4702,5574,13:10:03.755793
59.63353,4228,5512,13:10:03.755793
59.635387,5198,5784,13:10:03.755793
59.637245,5055,6230,13:10:03.755793
59.639105,5376,5703,13:10:03.755793
59.640962,5210,5758,13:10:03.755793
59.642824,2081,5789,13:10:03.755793
59.644712,5258,5550,13:10:03.755793
59.646569,5190,5766,13:10:03.756799
59.648427,5253,5572,13:10:03.756799
59.650283,5504,5565,13:10:03.756799
59.652142,5173,5877,13:10:03.756799
59.653998,5468,5884,13:10:03.756799
59.655861,5667,5952,13:10:03.805591
59.657721,5175,5705,13:10:03.805591
59.659585,5049,5752,13:10:03.805591
59.661507,4904,5652,13:10:03.805591
59.66338,5174,5755,13:10:03.805591
59.665241,5143,5824,13:10:03.806584
59.667098,5458,5803,13:10:03.806584
59.668955,5433,5493,13:10:03.806584
59.670813,5290,5721,13:10:03.806584
59.67267,5542,5792,13:10:03.806584
59.674526,5315,5661,13:10:03.806584
59.676382,5420,5727,13:10:03.806584
59.678239,5244,5632,13:10:03.806584
59.680095,5227,5641,13:10:03.806584
59.681952,5129,5505,13:10:03.806584
59.683812,5172,5444,13:10:03.806584
59.685668,5287,5557,13:10:03.806584
59.687525,5388,5661,13:10:03.806584
59.689383,5303,5791,13:10:03.806584
59.691247,5095,5693,13:10:03.806584
59.693106,5486,5771,13:10:03.806584
59.694962,5103,5805,13:10:03.806584
59.696819,5309,5613,13:10:03.806584
59.698675,5377,5706,13:10:03.806584
59.700539,5130,5768,13:10:03.806584
59.702396,5295,5728,13:10:03.806584
59.704252,5349,5727,13:10:03.806584
59.706116,5440,5710,13:10:03.856262
59.707977,4994,5655,13:10:03.856262
59.709853,5349,6004,13:10:03.856262
59.711755,5261,5696,13:10:03.856262
59.713612,4996,5576,13:10:03.856262
59.715468,5182,5458,13:10:03.856262
59.717326,5409,5683,13:10:03.856262
59.719187,5042,5556,13:10:03.856262
59.721043,5302,5654,13:10:03.856262
59.7229,5356,5994,13:10:03.856262
59.724758,5191,5835,13:10:03.856262
59.726614,5300,5753,13:10:03.856262
59.728471,5327,5892,13:10:03.856262
59.730329,5172,5810,13:10:03.856262
59.732185,5335,5731,13:10:03.856262
59.734044,4965,5677,13:10:03.856262
59.7359,5422,5822,13:10:03.856262
59.737765,5298,5744,13:10:03.856262
59.739621,5297,5782,13:10:03.856262
59.741477,5319,5815,13:10:03.856262
59.743336,5585,5488,13:10:03.856262
59.745192,5451,5937,13:10:03.856262
59.747048,5183,5634,13:10:03.856262
59.748905,5200,5710,13:10:03.856262
59.750763,5450,5861,13:10:03.856262
59.752622,5134,5769,13:10:03.856262
59.754485,5257,5740,13:10:03.906745
59.756352,5326,5564,13:10:03.906745
59.758211,5274,5756,13:10:03.906745
59.760093,5297,5590,13:10:03.906745
59.761987,4995,5571,13:10:03.906745
59.763845,5345,5730,13:10:03.906745
59.765704,5174,5926,13:10:03.906745
59.76756,5380,5708,13:10:03.906745
59.769417,5301,5601,13:10:03.906745
59.771273,5153,5611,13:10:03.906745
59.773133,5165,5798,13:10:03.906745
59.77499,5306,5746,13:10:03.906745
59.776846,5212,5487,13:10:03.906745
59.778704,5440,5375,13:10:03.906745
59.780561,5336,5615,13:10:03.906745
59.782417,5473,5514,13:10:03.906745
59.784276,5164,5573,13:10:03.906745
59.786132,5378,5728,13:10:03.906745
59.787988,5129,5792,13:10:03.906745
59.789845,5111,5349,13:10:03.906745
59.791705,4976,5619,13:10:03.906745
59.793569,5272,5778,13:10:03.906745
59.795426,5263,5509,13:10:03.906745
59.797284,5446,5749,13:10:03.906745
59.799141,5336,5680,13:10:03.906745
59.800999,5322,5580,13:10:03.906745
59.802855,5236,5550,13:10:03.906745
59.804712,5271,5580,13:10:03.956754
59.806578,5236,6122,13:10:03.956754
59.808438,5290,5759,13:10:03.956754
59.810342,5174,5671,13:10:03.956754
59.812209,5359,5814,13:10:03.956754
59.814065,5147,5579,13:10:03.956754
59.815924,5562,5862,13:10:03.956754
59.817782,5009,5750,13:10:03.956754
59.81964,5388,5854,13:10:03.957750
59.821497,5548,5677,13:10:03.957750
59.823355,5188,5967,13:10:03.957750
59.825214,4879,5561,13:10:03.957750
59.827079,5166,5637,13:10:03.957750
59.828936,5306,5663,13:10:03.957750
59.830795,5308,5871,13:10:03.957750
59.832653,5354,5581,13:10:03.957750
59.834509,5395,5754,13:10:03.957750
59.836366,5231,5693,13:10:03.957750
59.838224,5346,5767,13:10:03.957750
59.840081,5073,5878,13:10:03.957750
59.841939,5175,5806,13:10:03.957750
59.843797,5266,5724,13:10:03.957750
59.845658,5077,5619,13:10:03.957750
59.847514,5505,5855,13:10:03.959749
59.84937,5390,5664,13:10:03.959749
59.851229,5347,5717,13:10:03.959749
59.853085,5252,5815,13:10:03.959749
59.854944,5364,5612,13:10:04.006723
59.85681,5091,5747,13:10:04.006723
59.858678,5313,5838,13:10:04.006723
59.860574,5209,5906,13:10:04.006723
59.862453,5207,5657,13:10:04.006723
59.864313,5286,5757,13:10:04.006723
59.866171,5360,6049,13:10:04.006723
59.868028,4937,5634,13:10:04.006723
59.869888,5012,5685,13:10:04.006723
59.871744,5463,5774,13:10:04.006723
59.873603,5357,5705,13:10:04.006723
59.875459,5223,5576,13:10:04.006723
59.877316,5032,5946,13:10:04.006723
59.879174,5404,5629,13:10:04.006723
59.881034,5264,5489,13:10:04.006723
59.882893,5332,5914,13:10:04.006723
59.884751,5363,5601,13:10:04.006723
59.886615,5218,5608,13:10:04.006723
59.888472,5301,5787,13:10:04.006723
59.890328,5554,5834,13:10:04.006723
59.892187,5153,5847,13:10:04.006723
59.894043,5195,5875,13:10:04.006723
59.895903,5306,5726,13:10:04.006723
59.897762,5476,5551,13:10:04.006723
59.899618,5199,5606,13:10:04.006723
59.901479,5327,5667,13:10:04.006723
59.903365,5395,5761,13:10:04.006723
59.905247,5175,5818,13:10:04.056182
59.907115,5316,5768,13:10:04.056182
59.908976,5220,5505,13:10:04.056182
59.910872,4842,5574,13:10:04.056182
59.912728,5218,5600,13:10:04.056182
59.914589,5224,5781,13:10:04.056182
59.916444,5351,5831,13:10:04.056182
59.918301,5354,5760,13:10:04.056182
59.92016,5197,5664,13:10:04.056182
59.922016,5380,5679,13:10:04.056182
59.923875,5069,5701,13:10:04.056182
59.925731,5468,5776,13:10:04.056182
59.927587,5316,5704,13:10:04.056182
59.929449,5169,5768,13:10:04.056182
59.931308,5378,5859,13:10:04.056182
59.933164,5282,5818,13:10:04.056182
59.935021,5205,5877,13:10:04.056182
59.936879,5302,5802,13:10:04.056182
59.938735,5708,5695,13:10:04.056182
59.940592,5330,5577,13:10:04.056182
59.94245,5583,5774,13:10:04.056182
59.944307,5269,5802,13:10:04.056182
59.946165,5371,5549,13:10:04.056182
59.948021,5421,5627,13:10:04.056182
59.949888,5126,5740,13:10:04.056182
59.951744,5447,5720,13:10:04.056182
59.953601,5391,5586,13:10:04.056182
59.955461,5302,5887,13:10:04.106226
59.957325,5300,5677,13:10:04.106226
59.959186,5565,5749,13:10:04.106226
59.961095,4932,5933,13:10:04.106226
59.962962,5396,5903,13:10:04.106226
59.96482,5289,5709,13:10:04.106226
59.966677,5328,5603,13:10:04.106226
59.968535,5080,5652,13:10:04.106226
59.970392,5135,5770,13:10:04.106226
59.972248,5351,5615,13:10:04.106226
59.974106,5478,5695,13:10:04.106226
59.975963,5181,5646,13:10:04.106226
59.977821,5311,5323,13:10:04.106226
59.979677,5257,5520,13:10:04.106226
59.981534,5343,5590,13:10:04.106226
59.983392,5289,5908,13:10:04.106226
59.985256,5268,5693,13:10:04.106226
59.987113,5140,5715,13:10:04.106226
59.988969,5199,5764,13:10:04.106226
59.990828,5194,5702,13:10:04.106226
59.992684,5213,5561,13:10:04.106226
59.99454,5369,5675,13:10:04.106226
59.996399,5380,5819,13:10:04.106226
59.998267,5430,5865,13:10:04.106226
60.000126,5256,5804,13:10:04.106226
60.001982,5248,5858,13:10:04.106226
60.00384,5381,5661,13:10:04.106226
60.005703,5395,5526,13:10:04.158294
60.007564,5340,5953,13:10:04.158294
60.009425,5275,5885,13:10:04.158294
60.011344,5033,5781,13:10:04.158294
60.0132,5440,5616,13:10:04.158294
60.01506,5267,5832,13:10:04.158294
60.016917,5369,5654,13:10:04.158294
60.018775,5184,5515,13:10:04.158294
60.020631,5163,5996,13:10:04.158294
60.022488,5202,5815,13:10:04.158294
60.024346,5242,5819,13:10:04.158294
60.026203,5228,5798,13:10:04.158294
60.028063,5457,5679,13:10:04.158294
60.029919,5362,6025,13:10:04.158294
60.031778,5307,5945,13:10:04.158294
60.033634,5222,5480,13:10:04.158294
60.035491,5254,5716,13:10:04.158294
60.037349,5458,5714,13:10:04.158294
60.039209,5561,5802,13:10:04.158294
60.041068,5335,5781,13:10:04.158294
60.042924,5531,5729,13:10:04.158294
60.04479,5418,5834,13:10:04.158294
60.046647,5333,5934,13:10:04.158294
60.048503,5218,5687,13:10:04.158294
60.050361,5287,6007,13:10:04.158294
60.052218,5552,5512,13:10:04.158294
60.054074,5236,5644,13:10:04.158294
60.055941,5446,5863,13:10:04.207049
60.057811,5286,5845,13:10:04.207049
60.059675,5271,5340,13:10:04.207049
60.061595,4761,5699,13:10:04.207049
60.063452,5472,5830,13:10:04.207049
60.065308,4991,5821,13:10:04.207049
60.067172,5293,5820,13:10:04.207049
60.069029,5527,5807,13:10:04.207049
60.070885,5366,5596,13:10:04.207049
60.072744,5132,5802,13:10:04.207049
60.0746,5581,6041,13:10:04.207049
60.076456,5703,5765,13:10:04.207049
60.078313,5243,5531,13:10:04.207049
60.080169,5526,5756,13:10:04.207049
60.082025,5388,5894,13:10:04.207049
60.083882,5253,5706,13:10:04.207049
60.085744,5057,5725,13:10:04.207049
60.087601,5437,6011,13:10:04.207049
60.089457,5293,5936,13:10:04.207049
60.091317,5370,5486,13:10:04.207049
60.093174,5506,5915,13:10:04.207049
60.095032,5199,5936,13:10:04.207049
60.096888,5437,5485,13:10:04.207049
60.098745,4997,5558,13:10:04.207049
60.100607,5209,5996,13:10:04.207049
60.102472,5850,5943,13:10:04.207049
60.10433,5159,5393,13:10:04.207049
60.106194,5121,6034,13:10:04.256207
60.108061,5620,5902,13:10:04.256207
60.109928,5080,5594,13:10:04.256207
60.111849,4797,5525,13:10:04.256207
60.113713,5394,5858,13:10:04.256207
60.11557,5279,5635,13:10:04.256207
60.117426,5359,5829,13:10:04.256207
60.119285,5442,5975,13:10:04.256207
60.121141,5483,5679,13:10:04.256207
60.122999,4942,5781,13:10:04.256207
60.124856,5375,5510,13:10:04.257223
60.126716,5326,5479,13:10:04.257223
60.128572,5019,5697,13:10:04.257223
60.130429,5087,5606,13:10:04.257223
60.132291,5500,5932,13:10:04.257223
60.134147,5095,5735,13:10:04.257223
60.136006,5404,5717,13:10:04.257223
60.137864,5427,5941,13:10:04.257223
60.139721,5526,5674,13:10:04.257223
60.141579,5046,5699,13:10:04.257223
60.143438,5089,5715,13:10:04.257223
60.145296,5685,5644,13:10:04.257223
60.147152,5166,5773,13:10:04.257223
60.149014,5354,5967,13:10:04.257223
60.150873,5654,5792,13:10:04.257223
60.152729,5479,5621,13:10:04.257223
60.15459,5179,5660,13:10:04.307596
60.156462,5355,5888,13:10:04.307596
60.158322,5362,5644,13:10:04.307596
60.160214,4969,5942,13:10:04.307596
60.162105,5280,5757,13:10:04.307596
60.163963,5525,6046,13:10:04.307596
60.16582,5402,5817,13:10:04.307596
60.167676,5382,5866,13:10:04.307596
60.169534,5449,5839,13:10:04.307596
60.171391,5366,5566,13:10:04.307596
60.173251,5149,5710,13:10:04.307596
60.175107,5532,5505,13:10:04.307596
60.176966,5335,5842,13:10:04.307596
60.178822,5174,5695,13:10:04.307596
60.180679,5383,5729,13:10:04.307596
60.182537,5527,5754,13:10:04.307596
60.184397,5157,5713,13:10:04.307596
60.186256,5334,5658,13:10:04.307596
60.188112,5591,5827,13:10:04.307596
60.189978,5430,5788,13:10:04.308617
60.191835,5070,5744,13:10:04.308617
60.193691,5146,5763,13:10:04.308617
60.19555,5313,5745,13:10:04.308617
60.197406,5209,5661,13:10:04.308617
60.199264,5231,5922,13:10:04.308617
60.201121,5496,5855,13:10:04.308617
60.202981,5487,5689,13:10:04.308617
60.204839,5232,5695,13:10:04.356480
60.206706,5217,5970,13:10:04.356480
60.208566,5242,5839,13:10:04.356480
60.21048,5228,5722,13:10:04.356480
60.212347,4805,5940,13:10:04.356480
60.214209,5562,5688,13:10:04.356480
60.216065,5339,5707,13:10:04.356480
60.217924,5305,5970,13:10:04.356480
60.219782,5585,5916,13:10:04.356480
60.221638,5387,5699,13:10:04.356480
60.223497,5124,5783,13:10:04.356480
60.225356,5404,5964,13:10:04.356480
60.227214,5407,5629,13:10:04.356480
60.22907,5146,5758,13:10:04.356480
60.230932,5476,5783,13:10:04.356480
60.232789,5601,5459,13:10:04.356480
60.234645,5361,5778,13:10:04.356480
60.236505,5412,5862,13:10:04.356480
60.238362,5203,5815,13:10:04.356480
60.24022,5484,6012,13:10:04.356480
60.242077,5220,5762,13:10:04.356480
60.243933,5158,5804,13:10:04.356480
60.245791,5366,5964,13:10:04.356480
60.247648,5554,5608,13:10:04.356480
60.249508,5518,5794,13:10:04.356480
60.251364,5759,5992,13:10:04.356480
60.253223,5610,6077,13:10:04.356480
60.255079,5416,5694,13:10:04.409209
60.256953,5414,5708,13:10:04.409209
60.258814,5218,5850,13:10:04.409209
60.260706,5175,5998,13:10:04.413200
60.262582,5200,6094,13:10:04.413200
60.264439,5244,5757,13:10:04.413200
60.266296,5061,5615,13:10:04.413200
60.268157,4993,5568,13:10:04.413200
60.270014,5447,5949,13:10:04.413200
60.271872,5280,5976,13:10:04.413200
60.273729,5450,5841,13:10:04.413200
60.275585,5781,5921,13:10:04.413200
60.277444,5560,5915,13:10:04.413200
60.279302,5183,5562,13:10:04.413200
60.28116,5307,5463,13:10:04.413200
60.283016,5390,5652,13:10:04.413200
60.284877,5324,5512,13:10:04.413200
60.286733,5324,5982,13:10:04.413200
60.28859,5546,6153,13:10:04.413200
60.290449,5757,5973,13:10:04.413200
60.292306,5519,5783,13:10:04.413200
60.294165,5221,5890,13:10:04.413200
60.296021,5420,5771,13:10:04.413200
60.297881,5434,5667,13:10:04.413200
60.299738,5309,6123,13:10:04.413200
60.301604,5292,5691,13:10:04.413200
60.30346,5546,5708,13:10:04.413200
60.305323,5247,5862,13:10:04.456440
60.307201,5324,5942,13:10:04.456440
60.309062,5613,5745,13:10:04.456440
60.310986,5335,5549,13:10:04.458257
60.31285,5473,5983,13:10:04.458257
60.31471,5241,5891,13:10:04.458257
60.316567,5102,5819,13:10:04.458257
60.318425,5231,5594,13:10:04.458257
60.320281,5477,5684,13:10:04.458257
60.32214,5421,6000,13:10:04.458257
60.323996,5258,5695,13:10:04.458257
60.325855,5495,5828,13:10:04.458257
60.327711,5341,5894,13:10:04.458257
60.329576,5230,5585,13:10:04.458257
60.331434,5184,5714,13:10:04.458257
60.33329,5369,5728,13:10:04.458257
60.335148,5042,5599,13:10:04.458257
60.337005,4923,5753,13:10:04.458257
60.338861,5525,6040,13:10:04.458257
60.34072,5580,5967,13:10:04.458257
60.342576,5249,5716,13:10:04.458257
60.344432,5352,5973,13:10:04.458257
60.346289,5490,5573,13:10:04.458257
60.348153,5417,5914,13:10:04.458257
60.350009,5177,5581,13:10:04.458257
60.351868,5499,5852,13:10:04.458257
60.353726,5443,6017,13:10:04.458257
60.355586,5422,5771,13:10:04.506274
60.357453,5703,5680,13:10:04.506274
60.359316,5545,5897,13:10:04.506274
60.361248,4859,5610,13:10:04.506274
60.363165,5182,5778,13:10:04.506274
60.365024,5144,5786,13:10:04.506274
60.366881,5359,5721,13:10:04.506274
60.368738,5280,5968,13:10:04.506274
60.370595,5304,5883,13:10:04.506274
60.372457,5504,5823,13:10:04.506274
60.374314,5606,6031,13:10:04.506274
60.37617,5367,5786,13:10:04.506274
60.37803,5487,5799,13:10:04.506274
60.379887,5353,5653,13:10:04.506274
60.381745,5331,5834,13:10:04.506274
60.383601,5317,5833,13:10:04.506274
60.385458,5588,5839,13:10:04.506274
60.387316,5354,5753,13:10:04.506274
60.389173,5492,5955,13:10:04.506274
60.391033,5510,5703,13:10:04.506274
60.392889,5302,5712,13:10:04.506274
60.394748,5105,5984,13:10:04.506274
60.396604,5318,5900,13:10:04.506274
60.39846,5579,5624,13:10:04.506274
60.400319,5621,5643,13:10:04.507280
60.402179,5485,5776,13:10:04.507280
60.404038,5403,5802,13:10:04.507280
60.405902,5380,5759,13:10:04.555931
60.407772,5391,5782,13:10:04.555931
60.409636,5221,5904,13:10:04.556931
60.411549,5161,5901,13:10:04.556931
60.413413,5288,5746,13:10:04.556931
60.415269,5384,5788,13:10:04.556931
60.417142,4952,5578,13:10:04.556931
60.419004,5263,5916,13:10:04.556931
60.42086,5469,5948,13:10:04.556931
60.422719,5601,5851,13:10:04.556931
60.424575,5264,5725,13:10:04.556931
60.426432,5290,5763,13:10:04.556931
60.42829,5448,5781,13:10:04.556931
60.430151,5309,5674,13:10:04.556931
60.432009,5412,6083,13:10:04.556931
60.433867,5603,5604,13:10:04.556931
60.435733,5388,5897,13:10:04.556931
60.437592,5658,5794,13:10:04.556931
60.439451,5343,5896,13:10:04.556931
60.441314,5431,5987,13:10:04.556931
60.443171,5256,5918,13:10:04.556931
60.445029,5388,5665,13:10:04.556931
60.446886,5388,5481,13:10:04.556931
60.448742,5429,5794,13:10:04.556931
60.4506,5709,5800,13:10:04.556931
60.45246,5329,5948,13:10:04.556931
60.454317,5493,5977,13:10:04.556931
60.456185,5254,5839,13:10:04.608062
60.458044,5453,5936,13:10:04.608062
60.45992,5306,5712,13:10:04.608062
60.461804,5370,5979,13:10:04.608062
60.463663,5339,5707,13:10:04.608062
60.465519,5327,5932,13:10:04.608062
60.467377,5341,5851,13:10:04.608062
60.469234,5518,5886,13:10:04.608062
60.471091,5099,5848,13:10:04.608062
60.472952,5372,5750,13:10:04.608062
60.474809,5416,5489,13:10:04.608062
60.476669,5305,5816,13:10:04.608062
60.478526,5316,5583,13:10:04.608062
60.480382,5361,5840,13:10:04.608062
60.48224,5400,5821,13:10:04.608062
60.484097,5287,5583,13:10:04.608062
60.485955,5413,5905,13:10:04.608062
60.487811,5313,5629,13:10:04.608062
60.489672,5145,5793,13:10:04.608062
60.491528,5373,6024,13:10:04.608062
60.493385,5581,5640,13:10:04.608062
60.495243,5378,5874,13:10:04.608062
60.497099,5509,5719,13:10:04.608062
60.498958,5506,5749,13:10:04.608062
60.500814,5311,5846,13:10:04.608062
60.502674,5574,5827,13:10:04.608062
60.504533,5449,5763,13:10:04.661669
60.506398,5513,5816,13:10:04.661669
60.508257,5447,5775,13:10:04.661669
60.510143,5407,5623,13:10:04.661669
60.512028,5087,6053,13:10:04.661669
60.513914,5635,5989,13:10:04.661669
60.515773,5554,5951,13:10:04.661669
60.517633,5343,5906,13:10:04.661669
60.519489,5252,5698,13:10:04.661669
60.521346,5675,5936,13:10:04.661669
60.523204,5451,5686,13:10:04.661669
60.52506,5398,5798,13:10:04.661669
60.526917,5590,5986,13:10:04.661669
60.528773,5340,5725,13:10:04.661669
60.530637,5748,5809,13:10:04.661669
60.532494,5373,5926,13:10:04.661669
60.53435,5562,5735,13:10:04.661669
60.536209,5432,5768,13:10:04.661669
60.538065,5498,5781,13:10:04.661669
60.539921,5285,5636,13:10:04.661669
60.541778,5342,5745,13:10:04.661669
60.543634,5358,5757,13:10:04.661669
60.545492,5732,5915,13:10:04.661669
60.547358,5506,5565,13:10:04.661669
60.549215,5285,5744,13:10:04.661669
60.551072,5377,5874,13:10:04.661669
60.55293,5448,5859,13:10:04.661669
60.554786,5426,5595,13:10:04.710291
60.556649,5264,5503,13:10:04.710291
60.558509,5558,5920,13:10:04.710291
60.560421,5428,5777,13:10:04.710291
60.56229,5362,5590,13:10:04.710291
60.564168,5321,5659,13:10:04.710291
60.566036,2955,5781,13:10:04.710291
60.567894,5382,5636,13:10:04.710291
60.569753,5388,5761,13:10:04.710291
60.571609,5317,5835,13:10:04.710291
60.573468,5617,5718,13:10:04.710291
60.57533,5364,5833,13:10:04.710291
60.577186,5416,5822,13:10:04.710291
60.579043,5383,5923,13:10:04.710291
60.580901,5388,5793,13:10:04.710291
60.582757,5401,5887,13:10:04.710291
60.584614,5373,5700,13:10:04.710291
60.586472,5330,5820,13:10:04.711284
60.588329,5485,5782,13:10:04.711284
60.590187,5709,5737,13:10:04.711284
60.592043,5553,5612,13:10:04.711284
60.593904,5362,5660,13:10:04.711284
60.595762,5340,5997,13:10:04.711284
60.597618,5668,5860,13:10:04.711284
60.599477,5532,6030,13:10:04.711284
60.601333,5380,5752,13:10:04.711284
60.60319,5609,5880,13:10:04.711284
60.605046,5416,5490,13:10:04.763085
60.606912,5477,5912,13:10:04.763085
60.608773,5386,5773,13:10:04.763085
60.610685,5103,5894,13:10:04.763085
60.612554,5338,5782,13:10:04.763085
60.614412,5193,6024,13:10:04.763085
60.616308,5295,5760,13:10:04.764085
60.618166,5640,5686,13:10:04.764085
60.620026,5432,5634,13:10:04.764085
60.621885,5489,5561,13:10:04.764085
60.623741,5518,5556,13:10:04.766084
60.6256,5514,5946,13:10:04.766084
60.627462,5292,5635,13:10:04.766084
60.629318,5352,5770,13:10:04.766084
60.631177,5669,6044,13:10:04.766084
60.633033,5215,5728,13:10:04.766084
60.634889,5361,5912,13:10:04.766084
60.636748,5297,5923,13:10:04.766084
60.638609,5695,5751,13:10:04.766084
60.640467,5343,5647,13:10:04.768085
60.642323,5541,5805,13:10:04.768085
60.644185,5468,6205,13:10:04.768085
60.646042,5283,5696,13:10:04.768085
60.647898,5466,5872,13:10:04.768085
60.649758,5590,5903,13:10:04.768085
60.651615,5338,5919,13:10:04.768085
60.653473,5401,5796,13:10:04.768085
60.65533,5503,5833,13:10:04.821074
60.657194,5442,5829,13:10:04.821074
60.659054,5536,5672,13:10:04.821074
60.660954,5349,6039,13:10:04.821074
60.662817,5598,5864,13:10:04.821074
60.664673,5488,5772,13:10:04.821074
60.66653,5587,5978,13:10:04.821074
60.668388,5246,5970,13:10:04.821074
60.670244,5473,5607,13:10:04.821074
60.672103,5594,6042,13:10:04.821074
60.673959,5386,5619,13:10:04.821074
60.675825,5532,5915,13:10:04.821074
60.677682,5459,5800,13:10:04.821074
60.679538,5445,5728,13:10:04.821074
60.681396,5558,6080,13:10:04.821074
60.683253,5474,5798,13:10:04.821074
60.685111,5594,5886,13:10:04.821074
60.686968,5461,5813,13:10:04.821074
60.688824,5455,5691,13:10:04.821074
60.690682,5592,5519,13:10:04.821074
60.692546,5454,6006,13:10:04.821074
60.694403,5602,5870,13:10:04.821074
60.696259,5252,5773,13:10:04.821074
60.698118,5390,5762,13:10:04.821074
60.699974,5299,5934,13:10:04.821074
60.701833,5702,5860,13:10:04.821074
60.703691,5525,6004,13:10:04.821074
60.705549,5453,5793,13:10:04.864051
60.707418,5512,5808,13:10:04.864051
60.709282,5358,5780,13:10:04.864051
60.711208,5080,5960,13:10:04.864051
60.713068,5499,5968,13:10:04.864051
60.714931,5413,5692,13:10:04.864051
60.716815,4894,5766,13:10:04.864051
60.718679,5572,5849,13:10:04.864051
60.720536,5569,5945,13:10:04.864051
60.722396,5456,5796,13:10:04.864051
60.724253,5491,6222,13:10:04.864051
60.726125,5149,5927,13:10:04.864051
60.727983,5542,5846,13:10:04.864051
60.729842,5432,5787,13:10:04.864051
60.731698,5184,5789,13:10:04.864051
60.733554,5650,6072,13:10:04.864051
60.735413,5388,5831,13:10:04.864051
60.737269,5439,5955,13:10:04.864051
60.739125,5527,5951,13:10:04.865052
60.740984,5343,5863,13:10:04.865052
60.74284,5550,5776,13:10:04.865052
60.744699,5574,5747,13:10:04.865052
60.746555,5333,5794,13:10:04.865052
60.748419,5436,5908,13:10:04.865052
60.750276,5551,5872,13:10:04.865052
60.752132,5229,5902,13:10:04.865052
60.75399,5564,5939,13:10:04.865052
60.755849,5777,5804,13:10:04.915328
60.757715,5465,6119,13:10:04.915328
60.759577,5511,5795,13:10:04.915328
60.761488,5080,5513,13:10:04.915328
60.763344,4906,5402,13:10:04.915328
60.765202,5177,6149,13:10:04.915328
60.767069,6035,5955,13:10:04.915328
60.768929,2701,5519,13:10:04.915328
60.770823,5073,5804,13:10:04.915328
60.772682,5887,5781,13:10:04.915328
60.774538,5190,5562,13:10:04.915328
60.7764,4935,5633,13:10:04.915328
60.778259,5897,6494,13:10:04.915328
60.780125,6086,6013,13:10:04.915328
60.781982,5551,5847,13:10:04.915328
60.783838,5462,6072,13:10:04.915328
60.785696,5588,5835,13:10:04.915328
60.787553,5100,5553,13:10:04.915328
60.789409,5237,6026,13:10:04.915328
60.791267,5830,6250,13:10:04.915328
60.793124,5359,5645,13:10:04.915328
60.794982,4865,5783,13:10:04.915328
60.796838,5675,6053,13:10:04.915328
60.798703,5496,5878,13:10:04.915328
60.800559,4983,5644,13:10:04.915328
60.802416,5517,6054,13:10:04.915328
60.804274,5830,5942,13:10:04.916320
60.80614,5370,5549,13:10:04.969012
60.808001,5280,5869,13:10:04.969012
60.809869,5626,6148,13:10:04.969012
60.81176,4912,5621,13:10:04.969012
60.81362,4892,5895,13:10:04.969012
60.815476,5880,6080,13:10:04.969012
60.817334,5299,5705,13:10:04.969012
60.819191,4990,6005,13:10:04.969012
60.821051,5311,5878,13:10:04.969012
60.822911,5665,5885,13:10:04.969012
60.824768,5142,5481,13:10:04.969012
60.826626,5237,6056,13:10:04.969012
60.828483,6381,6366,13:10:04.969012
60.830339,5209,5172,13:10:04.969012
60.832195,4547,5579,13:10:04.969012
60.834052,6417,6522,13:10:04.969012
60.83591,6192,5466,13:10:04.969012
60.837766,4338,5194,13:10:04.969012
60.839625,5914,6604,13:10:04.969012
60.841481,6744,6194,13:10:04.969012
60.843338,5000,5113,13:10:04.969012
60.845196,4810,6240,13:10:04.969012
60.847058,6526,6545,13:10:04.969012
60.848915,5764,5098,13:10:04.969012
60.850773,4688,5906,13:10:04.969012
60.852631,6299,6563,13:10:04.969012
60.854488,5991,5837,13:10:05.018568
60.85636,4577,5162,13:10:05.018568
60.85822,5482,6344,13:10:05.018568
60.860103,6283,5920,13:10:05.018568
60.861983,5199,5357,13:10:05.018568
60.863839,5118,6064,13:10:05.018568
60.865696,5537,6194,13:10:05.018568
60.867556,5714,5612,13:10:05.018568
60.869416,4932,5600,13:10:05.018568
60.871285,4737,6276,13:10:05.018568
60.873151,5297,5860,13:10:05.018568
60.875017,4934,5529,13:10:05.018568
60.87688,5162,6063,13:10:05.018568
60.878736,5615,5984,13:10:05.018568
60.880595,5479,5599,13:10:05.018568
60.882451,4975,5592,13:10:05.018568
60.884307,5843,6127,13:10:05.018568
60.886166,5634,5780,13:10:05.018568
60.888026,5225,5871,13:10:05.018568
60.889884,5606,6016,13:10:05.018568
60.891741,6021,5706,13:10:05.018568
60.893601,5190,5614,13:10:05.018568
60.895457,5190,5716,13:10:05.018568
60.897314,5938,6334,13:10:05.018568
60.899172,5630,5660,13:10:05.018568
60.901029,5421,5702,13:10:05.018568
60.902887,5586,6370,13:10:05.018568
60.904743,5521,5959,13:10:05.070365
60.90661,5398,5478,13:10:05.070365
60.908468,5365,6151,13:10:05.070365
60.910369,5848,5926,13:10:05.070365
60.912234,5348,5626,13:10:05.070365
60.914091,5254,5781,13:10:05.070365
60.915947,5510,5936,13:10:05.070365
60.917806,5547,5729,13:10:05.072437
60.919664,5269,5605,13:10:05.072437
60.92152,4983,6006,13:10:05.072437
60.923387,3378,6004,13:10:05.072437
60.925243,5366,5529,13:10:05.072437
60.927103,5607,5986,13:10:05.072437
60.928962,5701,5993,13:10:05.074439
60.93084,5390,5642,13:10:05.074439
60.932696,5396,6121,13:10:05.074439
60.934559,5698,5916,13:10:05.074439
60.936415,5564,5820,13:10:05.074439
60.938272,5565,5873,13:10:05.074439
60.94013,5712,5973,13:10:05.074439
60.941986,5769,5850,13:10:05.074439
60.943843,5412,5692,13:10:05.074439
60.945699,5500,5707,13:10:05.074439
60.947555,5566,5755,13:10:05.075442
60.949412,5259,5984,13:10:05.075442
60.951268,5145,5906,13:10:05.075442
60.953126,5447,5888,13:10:05.075442
60.954983,5629,5975,13:10:05.121279
60.956851,5350,5878,13:10:05.121279
60.958712,5438,5983,13:10:05.121279
60.960622,5539,5653,13:10:05.121279
60.962484,5442,5609,13:10:05.121279
60.96434,5224,5692,13:10:05.121279
60.966203,5085,5755,13:10:05.121279
60.968061,5062,5814,13:10:05.121279
60.969917,5334,5858,13:10:05.121279
60.971776,5653,5980,13:10:05.121279
60.973632,4641,5918,13:10:05.121279
60.975491,5293,5609,13:10:05.121279
60.977347,5450,5890,13:10:05.121279
60.979203,5609,5813,13:10:05.121279
60.981062,5388,5966,13:10:05.121279
60.982922,5709,5967,13:10:05.121279
60.984782,5397,5836,13:10:05.121279
60.986639,5450,5834,13:10:05.121279
60.988495,5400,5732,13:10:05.121279
60.990352,5400,5978,13:10:05.121279
60.992208,5540,5896,13:10:05.121279
60.994066,5538,5863,13:10:05.121279
60.995923,5512,6245,13:10:05.121279
60.997779,5778,5669,13:10:05.121279
60.999635,5523,5794,13:10:05.121279
61.0015,5643,5926,13:10:05.121279
61.003356,5642,5843,13:10:05.121279
61.005213,5508,5850,13:10:05.172949
61.007089,5604,5793,13:10:05.172949
61.008949,5604,5839,13:10:05.172949
61.010867,5185,5859,13:10:05.172949
61.012726,5549,5928,13:10:05.172949
61.014584,5792,5955,13:10:05.172949
61.016442,5710,5907,13:10:05.172949
61.018299,5374,5928,13:10:05.172949
61.020157,5486,5866,13:10:05.172949
61.02202,5027,5835,13:10:05.172949
61.023883,5165,5880,13:10:05.172949
61.025756,2212,5819,13:10:05.172949
61.027622,5673,6098,13:10:05.172949
61.029511,5573,5965,13:10:05.172949
61.031373,5827,5937,13:10:05.172949
61.033229,5631,5918,13:10:05.172949
61.035088,6031,6157,13:10:05.172949
61.036944,5595,5835,13:10:05.172949
61.038804,5779,5725,13:10:05.172949
61.040663,5767,5559,13:10:05.172949
61.042529,5659,5938,13:10:05.172949
61.044385,5641,6062,13:10:05.172949
61.046242,5523,5668,13:10:05.172949
61.0481,5514,5773,13:10:05.172949
61.049957,5800,5859,13:10:05.172949
61.051813,5886,6137,13:10:05.172949
61.053671,5563,6153,13:10:05.172949
61.055532,5765,5750,13:10:05.222493
61.057396,5509,5797,13:10:05.222493
61.059256,5565,5841,13:10:05.222493
61.061167,4968,5990,13:10:05.222493
61.063027,5557,5914,13:10:05.222493
61.064885,5559,5943,13:10:05.222493
61.066744,5382,5877,13:10:05.222493
61.068608,5452,6010,13:10:05.222493
61.070464,5558,5715,13:10:05.222493
61.072323,5470,5875,13:10:05.222493
61.074179,5497,5648,13:10:05.222493
61.076059,5212,6116,13:10:05.223493
61.077926,3921,5645,13:10:05.223493
61.079784,5210,5702,13:10:05.223493
61.081642,5659,5787,13:10:05.223493
61.083499,5536,5923,13:10:05.223493
61.085355,5587,5746,13:10:05.223493
61.087212,5673,5753,13:10:05.223493
61.089072,5511,5742,13:10:05.223493
61.090928,5221,5718,13:10:05.223493
61.092785,5592,5948,13:10:05.223493
61.094643,5578,5662,13:10:05.223493
61.096499,5556,5683,13:10:05.223493
61.098358,5338,5772,13:10:05.223493
61.100214,5646,5733,13:10:05.223493
61.102074,5512,5781,13:10:05.223493
61.103933,5592,5823,13:10:05.223493
61.105797,5377,5666,13:10:05.274770
61.107664,5401,5640,13:10:05.274770
61.109526,5436,5934,13:10:05.274770
61.111432,5015,5865,13:10:05.274770
61.11329,5303,5726,13:10:05.274770
61.115147,5130,5667,13:10:05.274770
61.117005,5298,5890,13:10:05.274770
61.118863,5458,5836,13:10:05.274770
61.120722,5509,5793,13:10:05.274770
61.12258,4855,5837,13:10:05.274770
61.124447,5015,5934,13:10:05.274770
61.126305,5592,6052,13:10:05.274770
61.128163,4174,5775,13:10:05.274770
61.130022,5565,5982,13:10:05.274770
61.13188,5483,5735,13:10:05.274770
61.133747,5402,5694,13:10:05.274770
61.135623,5500,6009,13:10:05.274770
61.137479,5533,5600,13:10:05.274770
61.139337,5524,5966,13:10:05.274770
61.141194,5512,5710,13:10:05.274770
61.14305,5644,5918,13:10:05.274770
61.144908,5796,5840,13:10:05.274770
61.146767,5575,5442,13:10:05.274770
61.148625,5707,5835,13:10:05.274770
61.150482,5691,5753,13:10:05.274770
61.152342,5612,5859,13:10:05.274770
61.154198,5606,5845,13:10:05.274770
61.156065,5813,5943,13:10:05.326745
61.157925,5571,5906,13:10:05.326745
61.159787,5579,5710,13:10:05.326745
61.161682,5589,5553,13:10:05.326745
61.16354,5682,6150,13:10:05.326745
61.165406,5477,5744,13:10:05.326745
61.167263,4599,5840,13:10:05.326745
61.169119,4905,5917,13:10:05.326745
61.170977,5150,5736,13:10:05.326745
61.172836,4856,5733,13:10:05.326745
61.174692,4723,6018,13:10:05.326745
61.176549,5668,5682,13:10:05.326745
61.178405,3486,5892,13:10:05.326745
61.180261,5182,5970,13:10:05.326745
61.182118,5825,5991,13:10:05.326745
61.183984,5515,5954,13:10:05.326745
61.18584,5393,5736,13:10:05.326745
61.187697,5539,5753,13:10:05.326745
61.189555,5801,5939,13:10:05.326745
61.191411,5589,5429,13:10:05.326745
61.193268,5307,5936,13:10:05.326745
61.195124,5543,5792,13:10:05.326745
61.196981,5602,5506,13:10:05.326745
61.198837,5292,5912,13:10:05.326745
61.200694,5503,6055,13:10:05.326745
61.202554,5659,5731,13:10:05.326745
61.20441,5186,5642,13:10:05.376450
61.206276,5440,5677,13:10:05.376450
61.208137,5511,5870,13:10:05.376450
61.210031,5550,5614,13:10:05.376450
61.211933,5202,5833,13:10:05.376450
61.213792,5566,5876,13:10:05.377441
61.215648,5261,6017,13:10:05.377441
61.217506,5052,5744,13:10:05.377441
61.219363,4798,5847,13:10:05.377441
61.221219,4945,5887,13:10:05.377441
61.223075,4746,5912,13:10:05.377441
61.224936,4871,5904,13:10:05.377441
61.226802,5863,5733,13:10:05.377441
61.228666,5330,5881,13:10:05.377441
61.230541,4754,5910,13:10:05.377441
61.232411,5580,5752,13:10:05.377441
61.234267,5509,5659,13:10:05.377441
61.236124,5693,5491,13:10:05.377441
61.23798,5351,5880,13:10:05.377441
61.239839,5708,5966,13:10:05.377441
61.241695,5372,5842,13:10:05.377441
61.243551,5685,5667,13:10:05.377441
61.245408,5588,5941,13:10:05.377441
61.247264,5582,5560,13:10:05.377441
61.24912,5533,5920,13:10:05.377441
61.250977,5429,5841,13:10:05.377441
61.252837,5499,5688,13:10:05.377441
61.254694,5683,5917,13:10:05.427581
61.256558,5684,5997,13:10:05.427581
61.258418,5421,5710,13:10:05.427581
61.26033,5597,5953,13:10:05.427581
61.262197,5145,5776,13:10:05.427581
61.264053,5524,5962,13:10:05.427581
61.265913,5601,5788,13:10:05.427581
61.267772,5292,5758,13:10:05.427581
61.269635,5345,5914,13:10:05.428215
61.271493,5704,5612,13:10:05.428215
61.273351,4762,5833,13:10:05.428215
61.275209,5493,5740,13:10:05.428215
61.277066,5121,5911,13:10:05.428215
61.278922,4852,5464,13:10:05.428215
61.280781,3592,5616,13:10:05.428215
61.282679,5366,5811,13:10:05.428215
61.284541,5572,5773,13:10:05.428215
61.286397,5468,5889,13:10:05.428215
61.288254,5511,5979,13:10:05.428215
61.290112,5816,5875,13:10:05.428215
61.291968,5256,5982,13:10:05.428215
61.293827,5807,5863,13:10:05.428215
61.295683,5607,6094,13:10:05.428215
61.297546,5712,5659,13:10:05.428215
61.299404,5621,5873,13:10:05.428215
61.30127,5657,5732,13:10:05.428215
61.303127,5512,5951,13:10:05.428215
61.304983,5605,5673,13:10:05.480018
61.306851,5812,5761,13:10:05.480018
61.308712,5563,5614,13:10:05.480018
61.31062,5480,5806,13:10:05.480018
61.31248,5469,5741,13:10:05.480018
61.314337,5623,5948,13:10:05.480018
61.316193,5334,5982,13:10:05.480018
61.318051,5698,6069,13:10:05.480018
61.319908,5769,5929,13:10:05.480018
61.321768,4951,5590,13:10:05.480018
61.323624,5663,5964,13:10:05.480018
61.325483,5573,6015,13:10:05.480018
61.327339,5447,5811,13:10:05.480018
61.3292,4921,5697,13:10:05.480018
61.331058,4955,6018,13:10:05.480018
61.332914,5498,5713,13:10:05.480018
61.334773,5610,5693,13:10:05.480018
61.336629,5404,5654,13:10:05.480018
61.338495,5675,5744,13:10:05.480018
61.340352,5317,5834,13:10:05.480018
61.342208,5649,5483,13:10:05.480018
61.344067,5613,5870,13:10:05.480018
61.345923,5647,5770,13:10:05.480018
61.347783,5412,5936,13:10:05.480018
61.34964,5717,5804,13:10:05.480018
61.351496,5655,5856,13:10:05.480018
61.353352,5502,5937,13:10:05.480018
61.355209,5624,5558,13:10:05.535139
61.357087,5330,5749,13:10:05.535139
61.358947,5537,5927,13:10:05.535139
61.360844,4864,5863,13:10:05.535139
61.362704,5463,5843,13:10:05.535139
61.36456,5381,6060,13:10:05.535139
61.366419,5351,5618,13:10:05.535139
61.368275,4949,5829,13:10:05.535139
61.370132,5578,5723,13:10:05.535139
61.371992,4974,5705,13:10:05.535139
61.373851,5393,5629,13:10:05.535139
61.375713,4757,5688,13:10:05.535139
61.377569,5379,5853,13:10:05.535139
61.379427,5730,5842,13:10:05.535139
61.381284,5352,6060,13:10:05.535139
61.383151,5025,6220,13:10:05.535139
61.385032,5317,5880,13:10:05.535139
61.386889,5658,5804,13:10:05.535139
61.388749,5664,5971,13:10:05.535139
61.390605,5469,5742,13:10:05.535139
61.392462,5576,5515,13:10:05.535139
61.39432,5696,6074,13:10:05.535139
61.396176,5358,5659,13:10:05.535139
61.398033,5752,5729,13:10:05.535139
61.399889,5670,5928,13:10:05.535139
61.401748,5588,5771,13:10:05.535139
61.403604,5546,5677,13:10:05.535139
61.405462,5270,5730,13:10:05.582194
61.407331,5365,5724,13:10:05.582194
61.409191,5448,5753,13:10:05.582194
61.411085,5373,5671,13:10:05.582194
61.412944,5411,6106,13:10:05.582194
61.414804,5665,5858,13:10:05.582194
61.416662,5303,5761,13:10:05.582194
61.418521,4870,5955,13:10:05.582194
61.420379,5555,5723,13:10:05.582194
61.422235,5393,5850,13:10:05.582194
61.424092,5485,5908,13:10:05.582194
61.42595,5507,5817,13:10:05.582194
61.42781,5514,5732,13:10:05.582194
61.429667,5485,5815,13:10:05.582194
61.431529,5662,5979,13:10:05.582194
61.433389,5433,5761,13:10:05.582194
61.435264,3322,5759,13:10:05.582194
61.437134,5417,5604,13:10:05.582194
61.438994,5836,5821,13:10:05.582194
61.440851,5281,5807,13:10:05.582194
61.442707,5898,5617,13:10:05.582194
61.444564,5565,5820,13:10:05.582194
61.44642,5491,5778,13:10:05.582194
61.448278,5621,5934,13:10:05.582194
61.450135,5429,5952,13:10:05.582194
61.451991,5355,5815,13:10:05.582194
61.453847,5468,5437,13:10:05.583185
61.455714,5388,5775,13:10:05.645764
61.457576,5359,5750,13:10:05.645764
61.459441,5541,5832,13:10:05.645764
61.461374,5128,5989,13:10:05.646771
61.463279,5286,5832,13:10:05.646771
61.465137,5514,5906,13:10:05.646771
61.466997,5619,5733,13:10:05.646771
61.468856,5325,5843,13:10:05.646771
61.470712,5513,5782,13:10:05.646771
61.472569,5102,5745,13:10:05.646771
61.47443,4961,5924,13:10:05.646771
61.476287,4938,6022,13:10:05.646771
61.478144,4720,5951,13:10:05.646771
61.480002,5816,5775,13:10:05.646771
61.481858,5040,5962,13:10:05.646771
61.483721,4985,5753,13:10:05.646771
61.485581,5043,5803,13:10:05.646771
61.487443,5168,5870,13:10:05.646771
61.489322,5614,5869,13:10:05.646771
61.491178,5669,5615,13:10:05.647763
61.493035,5558,5823,13:10:05.647763
61.494893,5575,5828,13:10:05.647763
61.496751,5568,5790,13:10:05.647763
61.498608,5607,5742,13:10:05.647763
61.500464,5914,5849,13:10:05.647763
61.502326,5582,5727,13:10:05.647763
61.504183,5412,5583,13:10:05.647763
61.506047,5642,5948,13:10:05.684755
61.507907,5523,5637,13:10:05.684755
61.509778,5133,5758,13:10:05.684755
61.511666,5433,5939,13:10:05.684755
61.513524,5356,6062,13:10:05.684755
61.515381,5340,5598,13:10:05.684755
61.517239,5416,5929,13:10:05.684755
61.519096,5591,5858,13:10:05.684755
61.520954,5555,5714,13:10:05.684755
61.52281,5320,5783,13:10:05.684755
61.524667,5665,5776,13:10:05.684755
61.526525,5207,5797,13:10:05.684755
61.528385,5698,5891,13:10:05.684755
61.530244,5449,5898,13:10:05.684755
61.5321,5869,6045,13:10:05.684755
61.533967,5742,5437,13:10:05.684755
61.535825,4645,5835,13:10:05.684755
61.537682,5233,5922,13:10:05.684755
61.53954,5837,5894,13:10:05.684755
61.541398,5313,5751,13:10:05.684755
61.543258,5383,6041,13:10:05.684755
61.545141,5591,5907,13:10:05.684755
61.546997,5503,6005,13:10:05.684755
61.548855,1587,5667,13:10:05.684755
61.550716,5598,5970,13:10:05.684755
61.552574,5536,5835,13:10:05.684755
61.55443,5251,5869,13:10:05.685763
61.556301,5430,5727,13:10:05.734524
61.558161,5670,5852,13:10:05.734524
61.560052,5596,5887,13:10:05.734524
61.56194,5252,5730,13:10:05.734524
61.563798,5437,5834,13:10:05.734524
61.565659,5572,5605,13:10:05.734524
61.567521,5280,5768,13:10:05.734524
61.569379,5779,6066,13:10:05.734524
61.571237,5637,5629,13:10:05.734524
61.573094,5426,5953,13:10:05.734524
61.57495,4525,5738,13:10:05.734524
61.576808,5049,5785,13:10:05.734524
61.578668,5287,5815,13:10:05.734524
61.580525,5054,5750,13:10:05.734524
61.582382,5705,5872,13:10:05.734524
61.584244,4838,5826,13:10:05.734524
61.5861,5333,5405,13:10:05.734524
61.587957,5507,6267,13:10:05.734524
61.589825,4345,5783,13:10:05.734524
61.591699,5285,6173,13:10:05.734524
61.593558,5464,5938,13:10:05.734524
61.595414,5596,5685,13:10:05.734524
61.59727,5669,5589,13:10:05.734524
61.599129,5354,5611,13:10:05.734524
61.600985,5592,6020,13:10:05.734524
61.602843,5625,5849,13:10:05.734524
61.6047,5622,5651,13:10:05.788063
61.606566,5646,5767,13:10:05.788063
61.608427,5686,5888,13:10:05.788063
61.61033,5681,5790,13:10:05.788063
61.612201,5489,5841,13:10:05.788063
61.614057,5401,5917,13:10:05.788063
61.615914,5468,5898,13:10:05.788063
61.617772,5648,5812,13:10:05.788063
61.619628,5109,5631,13:10:05.788063
61.621485,4223,5783,13:10:05.788063
61.623341,5424,5961,13:10:05.788063
61.625202,5507,5698,13:10:05.788063
61.627058,5681,5849,13:10:05.788063
61.628914,4844,5774,13:10:05.788063
61.630773,4711,5946,13:10:05.788063
61.632629,5862,5853,13:10:05.788063
61.634487,4593,5933,13:10:05.788063
61.63635,5664,5663,13:10:05.788063
61.638206,5087,5946,13:10:05.788063
61.640068,5552,5855,13:10:05.788063
61.641925,5494,5615,13:10:05.788063
61.643785,5874,5807,13:10:05.788063
61.645642,5933,5718,13:10:05.788063
61.6475,5577,5868,13:10:05.788063
61.649356,5709,5806,13:10:05.788063
61.651213,5746,5765,13:10:05.788063
61.653071,5558,5673,13:10:05.788063
61.654927,5601,5712,13:10:05.839434
61.656792,5658,5999,13:10:05.839434
61.658652,5452,5640,13:10:05.839434
61.660564,5325,5654,13:10:05.839434
61.662427,5467,5817,13:10:05.839434
61.664283,5399,5872,13:10:05.839434
61.666141,5413,5648,13:10:05.839434
61.667998,5557,6093,13:10:05.839434
61.669856,5541,5738,13:10:05.839434
61.671714,4932,5668,13:10:05.839434
61.673573,5601,6099,13:10:05.839434
61.675431,5253,5799,13:10:05.839434
61.677287,4791,5729,13:10:05.839434
61.679148,4648,6093,13:10:05.839434
61.681004,4804,5877,13:10:05.839434
61.682861,5664,5969,13:10:05.839434
61.684719,5386,6087,13:10:05.839434
61.686575,4879,5903,13:10:05.839434
61.688434,5600,5932,13:10:05.839434
61.690317,5317,5673,13:10:05.839434
61.692181,2957,5946,13:10:05.839434
61.694051,5831,5963,13:10:05.839434
61.695907,5834,5859,13:10:05.839434
61.697765,5701,5898,13:10:05.839434
61.699622,5460,5616,13:10:05.839434
61.701478,5739,5755,13:10:05.839434
61.703334,5325,5949,13:10:05.839434
61.705198,5351,5647,13:10:05.858022
61.707071,5615,5927,13:10:05.858022
61.708932,5616,5725,13:10:05.858022
61.710826,5212,5799,13:10:05.858022
61.712688,5831,5875,13:10:05.858022
61.714544,5633,6029,13:10:05.858022
61.716403,5164,5648,13:10:05.858022
61.718259,5589,5781,13:10:05.858022
61.720116,5183,5667,13:10:05.858022
61.721972,5404,5853,13:10:05.858022
61.723829,5775,5942,13:10:05.858022
61.725687,5011,5645,13:10:05.858022
61.727543,5502,5735,13:10:05.858022
61.729401,5264,5960,13:10:05.858022
61.731258,5582,5826,13:10:05.858022
61.733114,5533,5851,13:10:05.858022
61.734973,4763,5886,13:10:05.858022
61.736834,5602,5873,13:10:05.858022
61.738703,5393,5799,13:10:05.858022
61.740565,5263,5902,13:10:05.858022
61.742452,3795,5863,13:10:05.858022
61.744308,5484,5634,13:10:05.858022
61.746167,5250,6020,13:10:05.858022
61.748025,5155,5831,13:10:05.858022
61.749881,5532,5510,13:10:05.858022
61.751742,5431,5589,13:10:05.858022
61.753598,5601,5852,13:10:05.858022
61.755456,5379,5885,13:10:05.909307
61.757321,5777,5858,13:10:05.909307
61.759182,5545,6023,13:10:05.909307
61.761095,5553,5849,13:10:05.909307
61.762954,5568,6062,13:10:05.909307
61.764815,5594,5706,13:10:05.909307
61.766674,5383,5849,13:10:05.909307
61.768531,5390,5745,13:10:05.909307
61.770393,5725,5760,13:10:05.909307
61.772249,5641,5980,13:10:05.909307
61.774106,5435,5603,13:10:05.909307
61.775964,5471,5692,13:10:05.909307
61.777821,5493,5984,13:10:05.909307
61.779679,5317,5732,13:10:05.909307
61.781535,5369,5872,13:10:05.909307
61.783394,5506,5594,13:10:05.909307
61.78525,5548,5958,13:10:05.909307
61.787107,5769,5691,13:10:05.909307
61.788967,5404,5886,13:10:05.909307
61.790825,5568,5923,13:10:05.909307
61.792695,5577,5814,13:10:05.909307
61.794556,5675,5924,13:10:05.909307
61.796412,5286,5777,13:10:05.909307
61.798271,5473,5851,13:10:05.909307
61.800127,5433,5955,13:10:05.909307
61.801985,5484,5574,13:10:05.909307
61.803844,5718,5523,13:10:05.909307
61.805716,5493,5511,13:10:05.957523
61.80758,5510,5910,13:10:05.957523
61.809443,5603,5911,13:10:05.957523
61.811367,5153,5927,13:10:05.957523
61.813225,5466,5884,13:10:05.958522
61.815089,5482,5742,13:10:05.958522
61.816946,5571,5841,13:10:05.958522
61.818804,5584,6109,13:10:05.958522
61.820663,5601,6004,13:10:05.958522
61.822519,5446,5816,13:10:05.958522
61.824377,5440,5843,13:10:05.958522
61.826236,5366,5513,13:10:05.959521
61.828092,5556,5718,13:10:05.959521
61.829948,5812,5922,13:10:05.959521
61.831805,5421,5673,13:10:05.959521
61.833667,5469,5692,13:10:05.959521
61.835524,5507,5785,13:10:05.959521
61.83738,5490,5734,13:10:05.959521
61.839238,5483,5906,13:10:05.959521
61.841097,5523,5733,13:10:05.959521
61.842957,5557,5735,13:10:05.959521
61.844813,5499,5835,13:10:05.959521
61.84667,5493,5786,13:10:05.959521
61.848528,5197,5831,13:10:05.959521
61.850387,5688,5548,13:10:05.959521
61.852245,5604,5787,13:10:05.959521
61.854101,5656,5906,13:10:05.959521
61.855966,5454,6014,13:10:06.006694
61.857826,5673,6054,13:10:06.006694
61.859688,5596,5795,13:10:06.006694
61.861636,5315,5706,13:10:06.006694
61.863495,5392,5944,13:10:06.006694
61.865351,5476,5782,13:10:06.006694
61.867209,5604,5907,13:10:06.006694
61.869066,5674,5874,13:10:06.006694
61.870924,5554,6075,13:10:06.006694
61.872783,5362,5803,13:10:06.006694
61.874639,5466,5815,13:10:06.006694
61.876495,5589,5887,13:10:06.006694
61.878359,5312,5703,13:10:06.006694
61.880216,5689,5650,13:10:06.006694
61.882072,5389,5759,13:10:06.006694
61.883931,5331,5869,13:10:06.006694
61.885787,5346,5908,13:10:06.006694
61.887643,5615,5669,13:10:06.006694
61.8895,5804,5559,13:10:06.006694
61.891356,5552,5835,13:10:06.006694
61.893213,5330,5784,13:10:06.006694
61.895069,5524,5976,13:10:06.006694
61.896931,5462,5783,13:10:06.006694
61.89879,5453,5995,13:10:06.006694
61.900646,5597,5971,13:10:06.006694
61.902506,5718,5753,13:10:06.006694
61.904363,5495,5738,13:10:06.006694
61.906227,5866,5605,13:10:06.056179
61.908096,5460,5683,13:10:06.056179
61.909959,5538,5832,13:10:06.056179
61.911886,5455,6029,13:10:06.056179
61.913742,5554,5887,13:10:06.056179
61.915599,5620,6188,13:10:06.056179
61.917457,5631,5996,13:10:06.056179
61.919318,5653,5798,13:10:06.056179
61.921176,5576,5793,13:10:06.056179
61.923032,5683,5784,13:10:06.056179
61.92489,5740,5704,13:10:06.056179
61.926747,5692,5753,13:10:06.056179
61.928603,5217,5799,13:10:06.056179
61.930462,5495,5892,13:10:06.056179
61.932318,5289,5937,13:10:06.056179
61.934174,5584,5965,13:10:06.056179
61.936031,5734,5999,13:10:06.056179
61.937893,5305,5807,13:10:06.056179
61.939751,5763,5846,13:10:06.056179
61.941608,5561,5827,13:10:06.056179
61.943468,5534,5652,13:10:06.056179
61.945329,5672,5942,13:10:06.056179
61.947187,5469,5526,13:10:06.056179
61.949043,5651,5712,13:10:06.056179
61.9509,5731,5832,13:10:06.056179
61.952758,5345,5821,13:10:06.056179
61.954632,5456,5710,13:10:06.105773
61.956527,5406,5914,13:10:06.105773
61.958387,5475,5836,13:10:06.105773
61.960287,5458,5979,13:10:06.105773
61.962155,5545,5737,13:10:06.105773
61.964012,5376,5789,13:10:06.105773
61.965868,5442,5816,13:10:06.105773
61.967725,5642,5626,13:10:06.105773
61.969581,5556,5843,13:10:06.105773
61.971439,5534,5761,13:10:06.105773
61.973296,5629,5801,13:10:06.105773
61.975152,5633,6010,13:10:06.105773
61.977009,5535,5739,13:10:06.105773
61.978867,5581,5716,13:10:06.105773
61.980725,5661,5747,13:10:06.105773
61.982588,5586,5736,13:10:06.105773
61.984452,5248,5890,13:10:06.106763
61.986308,5591,5816,13:10:06.106763
61.988171,5546,5741,13:10:06.106763
61.990027,5512,5926,13:10:06.106763
61.991884,5403,6196,13:10:06.106763
61.993742,5623,5615,13:10:06.106763
61.995598,5636,5713,13:10:06.106763
61.997457,5844,5865,13:10:06.106763
61.999313,5542,6222,13:10:06.106763
62.001175,5572,5685,13:10:06.106763
62.003032,5642,5829,13:10:06.106763
62.004888,5519,5859,13:10:06.156045
62.006754,5679,5779,13:10:06.156045
62.008615,5499,5801,13:10:06.156045
62.010541,5491,5827,13:10:06.156045
62.012423,5596,5817,13:10:06.156045
62.01428,5361,5710,13:10:06.156045
62.016142,5601,5670,13:10:06.156045
62.017998,5700,6004,13:10:06.156045
62.019855,5639,5859,13:10:06.156045
62.021713,5531,5920,13:10:06.156045
62.023569,5486,5921,13:10:06.156045
62.025428,5637,5693,13:10:06.156045
62.027284,5456,5815,13:10:06.156045
62.029146,5483,5675,13:10:06.156045
62.031005,5467,5655,13:10:06.156045
62.032871,5395,6041,13:10:06.156045
62.034728,5717,5663,13:10:06.156045
62.036584,5692,5738,13:10:06.156045
62.038442,5691,5749,13:10:06.156045
62.040299,5666,5893,13:10:06.156045
62.042155,5717,5838,13:10:06.156045
62.044011,5445,5741,13:10:06.156045
62.045872,5451,5731,13:10:06.157031
62.047736,5704,5997,13:10:06.157031
62.049593,5888,5914,13:10:06.157031
62.051449,5302,5919,13:10:06.157031
62.053307,5615,5961,13:10:06.157031
62.055164,5418,5999,13:10:06.207348
62.05703,5376,5902,13:10:06.207348
62.05889,5602,5855,13:10:06.207348
62.060793,5266,5704,13:10:06.207348
62.062651,5412,5549,13:10:06.207348
62.064507,5402,5815,13:10:06.207348
62.066364,5611,6015,13:10:06.207348
62.06822,5466,5823,13:10:06.207348
62.070078,5653,5939,13:10:06.207348
62.071935,5596,5717,13:10:06.207348
62.073793,5678,5789,13:10:06.207348
62.075651,5691,5714,13:10:06.207348
62.077508,5654,5698,13:10:06.207348
62.079366,5424,5924,13:10:06.207348
62.081223,5511,5981,13:10:06.207348
62.083083,5252,5857,13:10:06.207348
62.084939,5628,5830,13:10:06.207348
62.086798,5603,5989,13:10:06.207348
62.088656,5456,5763,13:10:06.208340
62.090512,5644,6013,13:10:06.208340
62.092371,5356,5891,13:10:06.208340
62.094227,5802,5847,13:10:06.208340
62.096084,5613,5849,13:10:06.208340
62.097942,5328,5688,13:10:06.208340
62.099804,5618,5873,13:10:06.208340
62.101661,5789,5719,13:10:06.208340
62.103517,5449,5995,13:10:06.208340
62.105373,5505,5945,13:10:06.256920
62.107236,5515,5975,13:10:06.256920
62.109096,5387,5871,13:10:06.256920
62.111015,5584,5801,13:10:06.256920
62.112875,5558,5604,13:10:06.256920
62.114731,5192,5933,13:10:06.256920
62.116589,5454,5973,13:10:06.256920
62.118452,5449,6238,13:10:06.256920
62.12031,5557,6004,13:10:06.256920
62.122166,5567,5997,13:10:06.256920
62.124025,5445,5664,13:10:06.256920
62.125881,5524,5666,13:10:06.256920
62.127738,5428,5909,13:10:06.256920
62.129596,5581,5635,13:10:06.256920
62.131455,5800,5928,13:10:06.256920
62.133313,5595,5813,13:10:06.256920
62.135169,5472,5715,13:10:06.256920
62.137029,5419,5633,13:10:06.256920
62.138886,5632,5837,13:10:06.256920
62.140742,5598,5893,13:10:06.256920
62.1426,5490,5970,13:10:06.256920
62.144457,5763,5797,13:10:06.256920
62.146315,5709,5953,13:10:06.256920
62.148172,5440,5716,13:10:06.257931
62.150032,5442,5618,13:10:06.257931
62.151888,5779,5773,13:10:06.257931
62.15375,5727,5776,13:10:06.257931
62.155655,5603,5897,13:10:06.306580
62.157517,5553,5870,13:10:06.306580
62.159382,5468,5675,13:10:06.306580
62.161292,5570,5624,13:10:06.306580
62.163148,5671,5762,13:10:06.306580
62.16501,5426,5904,13:10:06.306580
62.166871,5699,5960,13:10:06.306580
62.168735,5645,5927,13:10:06.306580
62.170592,5541,5711,13:10:06.306580
62.172449,5591,5935,13:10:06.306580
62.174308,5507,5996,13:10:06.306580
62.176165,5689,5939,13:10:06.306580
62.178021,5511,6025,13:10:06.306580
62.179879,5573,5933,13:10:06.306580
62.181736,5565,5715,13:10:06.306580
62.183592,5572,5772,13:10:06.306580
62.185449,5710,6058,13:10:06.306580
62.187313,5379,6004,13:10:06.306580
62.189169,5721,5790,13:10:06.306580
62.191026,5515,5902,13:10:06.306580
62.192884,5621,5719,13:10:06.306580
62.19474,5488,5833,13:10:06.306580
62.196597,5463,6018,13:10:06.306580
62.198453,5269,5897,13:10:06.306580
62.200309,5660,5772,13:10:06.306580
62.202166,5541,5610,13:10:06.306580
62.204042,5470,6001,13:10:06.307775
62.205906,5505,5974,13:10:06.356470
62.207771,5541,5971,13:10:06.356470
62.209633,5552,5981,13:10:06.356470
62.211541,5648,5770,13:10:06.356470
62.213398,5475,5688,13:10:06.356470
62.215256,5802,6085,13:10:06.356470
62.217112,5345,5683,13:10:06.356470
62.218969,5379,5718,13:10:06.356470
62.220827,5589,6119,13:10:06.356470
62.222683,5579,5950,13:10:06.356470
62.22454,5673,5594,13:10:06.356470
62.226396,5660,5959,13:10:06.356470
62.228255,5504,5680,13:10:06.356470
62.230111,5669,5835,13:10:06.356470
62.231967,5702,5833,13:10:06.356470
62.233826,5444,5689,13:10:06.356470
62.235682,5761,5700,13:10:06.356470
62.237538,5496,5751,13:10:06.356470
62.239395,5703,5768,13:10:06.356470
62.241259,5683,5729,13:10:06.356470
62.243116,5429,5971,13:10:06.356470
62.244972,5631,6080,13:10:06.356470
62.246832,5549,5806,13:10:06.356470
62.248689,5750,5830,13:10:06.356470
62.250547,5552,6014,13:10:06.356470
62.252403,5583,5746,13:10:06.356470
62.25426,5365,5905,13:10:06.356470
62.256128,5448,5980,13:10:06.406825
62.257988,5784,5784,13:10:06.406825
62.259856,5787,5890,13:10:06.406825
62.261775,5440,6092,13:10:06.406825
62.263641,5546,5934,13:10:06.406825
62.265498,5557,6000,13:10:06.406825
62.267354,5576,5958,13:10:06.406825
62.269212,5574,5893,13:10:06.406825
62.271069,5613,5760,13:10:06.406825
62.272925,5559,6024,13:10:06.406825
62.274783,5757,5651,13:10:06.406825
62.27664,5893,6002,13:10:06.406825
62.278498,5317,5919,13:10:06.406825
62.280354,5788,5933,13:10:06.406825
62.282217,5415,6028,13:10:06.406825
62.284073,5610,5738,13:10:06.406825
62.28593,5625,6076,13:10:06.406825
62.287788,5789,5930,13:10:06.406825
62.289644,5651,5804,13:10:06.406825
62.291503,5483,5682,13:10:06.406825
62.293359,5645,5769,13:10:06.406825
62.295215,5633,5929,13:10:06.406825
62.297074,5718,5869,13:10:06.406825
62.298938,5586,5853,13:10:06.406825
62.300794,5563,5823,13:10:06.406825
62.302651,5625,5815,13:10:06.406825
62.304509,5433,5905,13:10:06.406825
62.30638,5685,6074,13:10:06.461527
62.308238,5618,5870,13:10:06.461527
62.310122,5414,5735,13:10:06.461527
62.311994,5780,5848,13:10:06.461527
62.313853,5435,5718,13:10:06.461527
62.315709,5410,6013,13:10:06.461527
62.317566,5507,5755,13:10:06.461527
62.319424,5635,5792,13:10:06.461527
62.32128,5563,5885,13:10:06.461527
62.323137,5568,5969,13:10:06.461527
62.324993,5424,5896,13:10:06.461527
62.326849,5510,5919,13:10:06.461527
62.328706,5589,5697,13:10:06.461527
62.330563,5809,6065,13:10:06.461527
62.332424,5515,5857,13:10:06.461527
62.334281,5632,5955,13:10:06.461527
62.336141,5634,5774,13:10:06.461527
62.337998,5564,5902,13:10:06.461527
62.339856,5612,5893,13:10:06.461527
62.341714,5583,6145,13:10:06.461527
62.343571,5537,5826,13:10:06.461527
62.345427,5558,5837,13:10:06.461527
62.347283,5565,5781,13:10:06.461527
62.349144,5392,5920,13:10:06.461527
62.351,5563,5926,13:10:06.461527
62.352857,5625,5808,13:10:06.461527
62.354717,5519,6009,13:10:06.507267
62.356585,5670,6087,13:10:06.507267
62.358452,5360,5882,13:10:06.507267
62.36035,5407,5810,13:10:06.507267
62.362223,5444,5864,13:10:06.507267
62.364108,5496,5604,13:10:06.507267
62.365965,5641,5606,13:10:06.507267
62.367823,5585,5706,13:10:06.507267
62.369681,5605,6072,13:10:06.507267
62.371541,5428,5752,13:10:06.507267
62.373398,5720,6044,13:10:06.507267
62.375255,5624,6002,13:10:06.507267
62.377117,5605,5839,13:10:06.507267
62.378973,5787,5692,13:10:06.507267
62.38083,5468,5667,13:10:06.507267
62.382688,5600,5671,13:10:06.507267
62.384544,5638,5762,13:10:06.507267
62.386403,5592,5586,13:10:06.507267
62.388259,5489,5663,13:10:06.507267
62.390119,5708,5857,13:10:06.507267
62.391976,5509,5727,13:10:06.507267
62.393833,5442,5996,13:10:06.507267
62.395695,5619,6094,13:10:06.507267
62.397551,5314,5914,13:10:06.507267
62.399409,5641,5713,13:10:06.507267
62.401266,5376,5886,13:10:06.507267
62.403122,5595,5517,13:10:06.507267
62.40498,5402,5698,13:10:06.560572
62.406861,5330,5920,13:10:06.560572
62.408721,5392,5754,13:10:06.560572
62.410637,5719,5834,13:10:06.560572
62.412511,5775,5864,13:10:06.560572
62.41437,5358,5595,13:10:06.560572
62.416226,5459,5931,13:10:06.560572
62.418083,5649,5738,13:10:06.560572
62.419939,5418,5482,13:10:06.560572
62.421797,5630,5883,13:10:06.560572
62.423656,5317,5570,13:10:06.560572
62.425512,5509,5761,13:10:06.560572
62.427371,5559,5727,13:10:06.560572
62.429227,5363,5757,13:10:06.560572
62.431083,5647,5988,13:10:06.560572
62.432942,5679,5835,13:10:06.560572
62.434803,5663,5858,13:10:06.561670
62.43666,5600,5919,13:10:06.561670
62.438517,5427,5754,13:10:06.561670
62.440373,5658,5817,13:10:06.561670
62.44223,5582,5855,13:10:06.561670
62.444086,5808,5499,13:10:06.561670
62.445944,5683,5817,13:10:06.561670
62.447803,5458,5935,13:10:06.561670
62.449659,5303,5448,13:10:06.561670
62.451516,5670,5916,13:10:06.561670
62.45338,5787,5910,13:10:06.561670
62.455236,5607,5761,13:10:06.605504
62.457112,5712,5933,13:10:06.605504
62.458971,5470,5730,13:10:06.605504
62.460865,5470,5954,13:10:06.605504
62.462724,5551,5575,13:10:06.605504
62.464582,5507,6013,13:10:06.605504
62.466464,5184,5610,13:10:06.606454
62.468323,5610,5710,13:10:06.606454
62.470179,5585,5986,13:10:06.606454
62.472037,5575,5967,13:10:06.606454
62.473894,5603,5900,13:10:06.606454
62.475751,5563,5751,13:10:06.606454
62.477612,5798,5990,13:10:06.606454
62.479469,5614,5999,13:10:06.606454
62.481329,5361,5946,13:10:06.606454
62.483185,5547,5755,13:10:06.606454
62.485042,5614,5876,13:10:06.606454
62.486898,5675,5922,13:10:06.606454
62.488757,5526,6055,13:10:06.606454
62.490615,5420,5758,13:10:06.606454
62.492471,5732,5811,13:10:06.606454
62.494332,5614,5922,13:10:06.606454
62.496188,5665,5755,13:10:06.606454
62.498044,5553,5750,13:10:06.606454
62.499903,5747,5797,13:10:06.606454
62.501761,5602,5904,13:10:06.606454
62.50362,5490,5658,13:10:06.606454
62.505478,5624,5539,13:10:06.663362
62.507344,5485,5975,13:10:06.663362
62.509205,5430,5788,13:10:06.663362
62.511115,5366,5869,13:10:06.663362
62.512979,5361,5859,13:10:06.663362
62.514836,5304,5784,13:10:06.663362
62.516692,5400,5966,13:10:06.663362
62.51855,5481,5893,13:10:06.663362
62.520407,5669,5843,13:10:06.663362
62.522265,5421,5884,13:10:06.663362
62.524121,5927,5726,13:10:06.663362
62.525982,5347,5870,13:10:06.663362
62.52784,5737,5680,13:10:06.663362
62.529697,5364,5757,13:10:06.663362
62.531557,5467,5933,13:10:06.663362
62.533413,5436,5827,13:10:06.663362
62.535272,5778,5762,13:10:06.664359
62.537128,5668,5670,13:10:06.664359
62.538984,5591,5966,13:10:06.664359
62.540843,5622,5886,13:10:06.664359
62.542703,5558,5729,13:10:06.664359
62.544561,5605,5746,13:10:06.664359
62.546418,5504,5668,13:10:06.664359
62.548284,5600,6010,13:10:06.664359
62.550141,5325,5923,13:10:06.664359
62.551997,5496,5568,13:10:06.664359
62.553855,5885,5913,13:10:06.664359
62.555718,5528,5596,13:10:06.710310
62.557578,5660,5628,13:10:06.710310
62.559439,5615,5828,13:10:06.710310
62.56136,5917,5935,13:10:06.710310
62.563253,5716,5887,13:10:06.710310
62.565109,5784,5938,13:10:06.710310
62.566966,5541,5810,13:10:06.710310
62.568832,5289,5886,13:10:06.710310
62.57071,5474,5695,13:10:06.710310
62.572569,5356,5728,13:10:06.710310
62.574425,5495,5694,13:10:06.710310
62.576281,5466,5981,13:10:06.710310
62.57814,5581,6065,13:10:06.710310
62.579999,5361,5603,13:10:06.710310
62.581858,5376,5984,13:10:06.710310
62.583715,5457,5781,13:10:06.710310
62.585581,5377,5705,13:10:06.710310
62.587437,5408,5963,13:10:06.710310
62.589294,5565,5761,13:10:06.710310
62.591152,5563,5793,13:10:06.710310
62.593009,5445,5821,13:10:06.710310
62.594867,5556,5759,13:10:06.710310
62.596723,5599,5897,13:10:06.710310
62.59858,5264,5783,13:10:06.710310
62.600436,5529,5894,13:10:06.710310
62.602301,5650,5805,13:10:06.710310
62.604159,5655,5578,13:10:06.710310
62.606025,5447,5832,13:10:06.768710
62.60789,5436,5745,13:10:06.771701
62.609752,5594,5829,13:10:06.771701
62.611652,5163,5716,13:10:06.771701
62.61351,5381,5728,13:10:06.771701
62.615369,5148,5647,13:10:06.771701
62.617225,5435,5629,13:10:06.771701
62.619084,5565,5994,13:10:06.771701
62.620949,5634,5979,13:10:06.771701
62.622812,5630,5834,13:10:06.771701
62.624669,5696,5407,13:10:06.771701
62.626531,5234,5593,13:10:06.771701
62.628387,5379,5710,13:10:06.771701
62.630244,5666,5655,13:10:06.771701
62.632102,5433,5890,13:10:06.771701
62.633958,5650,5698,13:10:06.771701
62.635817,5317,5728,13:10:06.771701
62.637673,5505,5667,13:10:06.771701
62.639536,5463,5932,13:10:06.771701
62.641394,5703,5893,13:10:06.771701
62.64326,5444,5701,13:10:06.771701
62.645117,5484,5778,13:10:06.772700
62.646973,5499,5943,13:10:06.772700
62.648831,5775,5806,13:10:06.772700
62.650688,5467,5552,13:10:06.772700
62.652544,5634,5691,13:10:06.772700
62.654402,5152,5725,13:10:06.772700
62.656263,5345,5907,13:10:06.810181
62.658123,5426,5824,13:10:06.810181
62.660008,5485,5843,13:10:06.810181
62.661895,5409,5755,13:10:06.810181
62.663756,5509,5505,13:10:06.810181
62.665612,5419,5580,13:10:06.810181
62.667471,5464,5789,13:10:06.810181
62.669328,5590,5965,13:10:06.810181
62.671199,5593,5821,13:10:06.810181
62.673074,3624,5595,13:10:06.810181
62.67493,5442,5751,13:10:06.810181
62.676788,5676,5741,13:10:06.810181
62.678645,5640,5905,13:10:06.810181
62.680501,5486,6010,13:10:06.810181
62.682358,5416,5552,13:10:06.810181
62.684219,5359,6035,13:10:06.810181
62.686076,5606,5777,13:10:06.810181
62.687933,5236,5874,13:10:06.810181
62.689791,5566,5826,13:10:06.810181
62.691647,5390,5621,13:10:06.810181
62.693504,5480,5777,13:10:06.810181
62.69536,5670,5713,13:10:06.810181
62.697217,5199,5713,13:10:06.810181
62.699073,5594,5813,13:10:06.810181
62.700929,5424,5748,13:10:06.810181
62.70279,5410,5731,13:10:06.810181
62.704646,5354,5788,13:10:06.861013
62.706508,5244,5801,13:10:06.861013
62.708369,5426,5731,13:10:06.861013
62.710271,5553,5772,13:10:06.861013
62.712145,4826,5975,13:10:06.861013
62.714006,5049,5932,13:10:06.861013
62.715882,5018,5732,13:10:06.861013
62.717754,5535,5835,13:10:06.861013
62.719611,5176,5467,13:10:06.861013
62.721467,5353,5828,13:10:06.861013
62.723325,5559,5722,13:10:06.861013
62.725187,5481,5785,13:10:06.861013
62.727044,5458,5807,13:10:06.861013
62.7289,5521,6092,13:10:06.861013
62.730763,5370,5638,13:10:06.861013
62.732619,5761,5520,13:10:06.861013
62.734476,5545,5411,13:10:06.861013
62.736334,5437,5799,13:10:06.861013
62.73819,5417,5923,13:10:06.861013
62.740049,5676,5965,13:10:06.861013
62.741905,5671,5936,13:10:06.861013
62.743765,5210,5737,13:10:06.861013
62.745622,5427,5677,13:10:06.861013
62.747479,5379,5749,13:10:06.861013
62.74934,5442,5777,13:10:06.861013
62.751197,5464,5912,13:10:06.861013
62.753057,5322,5667,13:10:06.861013
62.754914,5423,5809,13:10:06.913869
62.756786,5351,5760,13:10:06.913869
62.758646,5455,5547,13:10:06.913869
62.760546,5437,5940,13:10:06.913869
62.762409,5389,5811,13:10:06.913869
62.764269,5515,5850,13:10:06.913869
62.766137,5294,5842,13:10:06.913869
62.767994,5263,5969,13:10:06.913869
62.76985,5582,5683,13:10:06.913869
62.771709,5522,5808,13:10:06.913869
62.773565,5396,5898,13:10:06.913869
62.775421,5676,5943,13:10:06.913869
62.77728,5454,5713,13:10:06.913869
62.779136,5506,5733,13:10:06.913869
62.780994,5149,5717,13:10:06.913869
62.782853,5628,5805,13:10:06.913869
62.784715,5435,5951,13:10:06.913869
62.786572,5588,5832,13:10:06.913869
62.788428,5389,5777,13:10:06.913869
62.790286,5467,5838,13:10:06.913869
62.792143,5564,6031,13:10:06.913869
62.793999,5449,5511,13:10:06.913869
62.795855,5335,5793,13:10:06.913869
62.797712,5588,5883,13:10:06.913869
62.799568,5438,5660,13:10:06.913869
62.801425,5518,5864,13:10:06.913869
62.803285,5426,5785,13:10:06.913869
62.805141,5299,5761,13:10:06.970926
62.807026,5516,6016,13:10:06.970926
62.808886,5405,6026,13:10:06.970926
62.810784,5282,5865,13:10:06.970926
62.812643,5285,5816,13:10:06.970926
62.814501,5482,5797,13:10:06.970926
62.816362,4760,5596,13:10:06.970926
62.818237,2948,5924,13:10:06.970926
62.820102,5369,6007,13:10:06.970926
62.82196,5507,5922,13:10:06.970926
62.823817,5544,5607,13:10:06.970926
62.825675,5527,5838,13:10:06.970926
62.827531,5813,5686,13:10:06.971927
62.829388,5539,5990,13:10:06.971927
62.831246,5434,5836,13:10:06.971927
62.833102,5476,5838,13:10:06.971927
62.834961,5498,5877,13:10:06.971927
62.836817,5302,5773,13:10:06.971927
62.838674,5610,5784,13:10:06.971927
62.840532,5504,5698,13:10:06.971927
62.842394,5761,5922,13:10:06.971927
62.844251,5298,5866,13:10:06.971927
62.846107,5427,6031,13:10:06.971927
62.847965,5477,5523,13:10:06.971927
62.849822,5550,5812,13:10:06.971927
62.851678,5549,5808,13:10:06.971927
62.853537,5467,5795,13:10:06.971927
62.855393,5622,5879,13:10:07.017410
62.857261,5487,5823,13:10:07.017410
62.859122,5514,6035,13:10:07.017410
62.861022,5320,5586,13:10:07.017410
62.86288,5316,5603,13:10:07.017410
62.864737,5547,6000,13:10:07.017410
62.866601,5528,5639,13:10:07.017410
62.868459,5407,5943,13:10:07.017410
62.870316,5597,5816,13:10:07.017410
62.872176,5656,5916,13:10:07.017410
62.874036,5444,5876,13:10:07.017410
62.875915,2372,5748,13:10:07.017410
62.877781,5554,5826,13:10:07.017410
62.879637,5286,5810,13:10:07.017410
62.881494,5535,5757,13:10:07.017410
62.883353,5475,5535,13:10:07.017410
62.88521,5511,6043,13:10:07.017410
62.887067,5543,5994,13:10:07.017410
62.888925,5637,6023,13:10:07.017410
62.890782,5459,5771,13:10:07.017410
62.892638,5695,5819,13:10:07.017410
62.894494,5781,5821,13:10:07.017410
62.896351,5452,5863,13:10:07.017410
62.898207,5720,5761,13:10:07.017410
62.900063,5529,6018,13:10:07.017410
62.901924,5643,5799,13:10:07.017410
62.903782,5690,5872,13:10:07.017410
62.905641,5676,5840,13:10:07.066696
62.907503,5512,5787,13:10:07.066696
62.909365,5522,5795,13:10:07.066696
62.911279,5068,5856,13:10:07.066696
62.913138,5276,5686,13:10:07.066696
62.914997,5161,6122,13:10:07.066696
62.916856,5469,5885,13:10:07.066696
62.918717,4685,5584,13:10:07.066696
62.920593,4832,6164,13:10:07.066696
62.922461,5640,5907,13:10:07.066696
62.924321,5492,5941,13:10:07.066696
62.926178,5618,5793,13:10:07.066696
62.928035,5622,5937,13:10:07.066696
62.929897,5531,5846,13:10:07.066696
62.931753,5421,5720,13:10:07.066696
62.93361,5516,5809,13:10:07.066696
62.935468,5482,6161,13:10:07.066696
62.937324,5764,6187,13:10:07.066696
62.939183,5444,5877,13:10:07.066696
62.941039,5705,5871,13:10:07.066696
62.942896,5656,5925,13:10:07.066696
62.944754,5544,6027,13:10:07.066696
62.94661,5786,5691,13:10:07.066696
62.948471,5571,6089,13:10:07.066696
62.950327,5595,5677,13:10:07.066696
62.952185,5742,5826,13:10:07.066696
62.954042,5625,5831,13:10:07.066696
62.955902,5444,5837,13:10:07.118598
62.957764,5730,5989,13:10:07.118598
62.959627,5649,5713,13:10:07.118598
62.961531,5191,5711,13:10:07.118598
62.963387,5321,5640,13:10:07.118598
62.965246,5311,5918,13:10:07.118598
62.967105,5515,5896,13:10:07.118598
62.968974,5564,5826,13:10:07.118598
62.970855,3027,5834,13:10:07.118598
62.972727,5636,5769,13:10:07.118598
62.974583,5637,5920,13:10:07.118598
62.976449,5527,5761,13:10:07.118598
62.978306,5575,5924,13:10:07.118598
62.980164,5662,5940,13:10:07.118598
62.982021,5633,5823,13:10:07.118598
62.983879,5614,5908,13:10:07.118598
62.985738,5641,5777,13:10:07.118598
62.987594,5045,5830,13:10:07.118598
62.98945,5476,6208,13:10:07.118598
62.991307,5855,6125,13:10:07.118598
62.993173,5832,5941,13:10:07.118598
62.995029,5704,6390,13:10:07.118598
62.996886,5746,6120,13:10:07.118598
62.998744,5518,5652,13:10:07.118598
63.000601,5486,5860,13:10:07.118598
63.002457,5464,5948,13:10:07.118598
63.004313,5078,5515,13:10:07.118598
63.006176,5045,5627,13:10:07.168459
63.008036,5239,5978,13:10:07.168459
63.009914,5363,5713,13:10:07.168459
63.011801,5310,5809,13:10:07.168459
63.013657,5479,6161,13:10:07.168459
63.015513,5729,6059,13:10:07.168459
63.017374,5139,5805,13:10:07.168459
63.01923,4698,5879,13:10:07.168459
63.021089,5277,5891,13:10:07.168459
63.022962,2813,5971,13:10:07.168459
63.024827,5217,5942,13:10:07.168459
63.026685,5794,6154,13:10:07.168459
63.028542,5970,6189,13:10:07.168459
63.030398,5773,6049,13:10:07.168459
63.032255,5646,6085,13:10:07.168459
63.034113,5658,5880,13:10:07.168459
63.035969,5919,5604,13:10:07.168459
63.037826,5342,5913,13:10:07.168459
63.039682,5451,5922,13:10:07.168459
63.041538,5756,5921,13:10:07.168459
63.043395,5795,5929,13:10:07.168459
63.045251,5716,5991,13:10:07.168459
63.047112,5984,6059,13:10:07.168459
63.048968,5802,5897,13:10:07.168459
63.050824,5202,5995,13:10:07.168459
63.052683,5581,5897,13:10:07.168459
63.054539,5475,5780,13:10:07.219688
63.056408,5340,5898,13:10:07.219688
63.058268,5562,6217,13:10:07.219688
63.060148,5799,5739,13:10:07.219688
63.06202,5231,5745,13:10:07.219688
63.063877,5597,6151,13:10:07.219688
63.065739,5634,6241,13:10:07.219688
63.067596,5706,5773,13:10:07.219688
63.069452,5305,6009,13:10:07.219688
63.071314,5368,5989,13:10:07.219688
63.073173,2421,5810,13:10:07.219688
63.075035,5282,5544,13:10:07.219688
63.076893,5490,5883,13:10:07.219688
63.078756,5939,6011,13:10:07.219688
63.080646,5703,6007,13:10:07.220686
63.082502,5356,5827,13:10:07.220686
63.084361,5559,5990,13:10:07.220686
63.086217,5606,5571,13:10:07.220686
63.088078,5471,6071,13:10:07.220686
63.089934,5519,6005,13:10:07.220686
63.091793,5775,6123,13:10:07.220686
63.093651,5476,5878,13:10:07.220686
63.095507,5468,6024,13:10:07.220686
63.097365,5820,5946,13:10:07.220686
63.099222,5807,6129,13:10:07.220686
63.101078,5455,5968,13:10:07.220686
63.102935,5642,6074,13:10:07.220686
63.104799,5650,6055,13:10:07.275063
63.106667,5232,5840,13:10:07.275063
63.108528,5620,5809,13:10:07.275063
63.11045,5837,6109,13:10:07.275063
63.11231,5563,5748,13:10:07.275063
63.114167,5240,5980,13:10:07.275063
63.116025,5848,6323,13:10:07.275063
63.117881,5786,6132,13:10:07.275063
63.119738,5337,5980,13:10:07.275063
63.121596,4900,5924,13:10:07.275063
63.123455,5058,6025,13:10:07.275063
63.125315,4847,5951,13:10:07.275063
63.127171,5545,5837,13:10:07.275063
63.129037,5821,6015,13:10:07.275063
63.130894,5656,6027,13:10:07.275063
63.13275,5482,5998,13:10:07.275063
63.134609,5609,5949,13:10:07.275063
63.136465,5574,5936,13:10:07.275063
63.138323,5164,6002,13:10:07.275063
63.14018,5666,5800,13:10:07.275063
63.142036,5654,6065,13:10:07.275063
63.143894,5626,6016,13:10:07.275063
63.145757,5620,5923,13:10:07.275063
63.147613,5748,5862,13:10:07.275063
63.14947,5416,5784,13:10:07.275063
63.151328,5463,6052,13:10:07.277054
63.153184,5533,6195,13:10:07.277054
63.155041,5739,5945,13:10:07.323150
63.156917,5403,5712,13:10:07.323150
63.158777,5824,5832,13:10:07.323150
63.160668,5870,5953,13:10:07.323150
63.162524,5483,5901,13:10:07.323150
63.164381,5785,5847,13:10:07.323150
63.166239,5640,6022,13:10:07.323150
63.168095,5543,5865,13:10:07.323150
63.169953,5289,5984,13:10:07.323150
63.17181,5599,5882,13:10:07.323150
63.173672,4933,6075,13:10:07.323150
63.175556,4896,6150,13:10:07.323150
63.177421,5661,6188,13:10:07.323150
63.179277,5770,6051,13:10:07.323150
63.181138,5578,6184,13:10:07.323150
63.182994,5519,5844,13:10:07.324158
63.184854,5438,5733,13:10:07.324158
63.186716,5447,6272,13:10:07.324158
63.188573,5371,5919,13:10:07.327163
63.190429,5625,5969,13:10:07.327163
63.192288,5637,5918,13:10:07.327163
63.194144,5649,5981,13:10:07.327163
63.196001,5661,6197,13:10:07.327163
63.197857,5959,6086,13:10:07.327163
63.199713,5715,5844,13:10:07.327163
63.20157,5547,5932,13:10:07.327163
63.203426,5784,6027,13:10:07.327163
63.205287,5452,6170,13:10:07.373564
63.207151,5407,5915,13:10:07.373564
63.209011,5553,6036,13:10:07.373564
63.210933,5337,6053,13:10:07.373564
63.212792,5537,5874,13:10:07.373564
63.214648,5532,6132,13:10:07.373564
63.216506,5558,5700,13:10:07.373564
63.218363,5207,5911,13:10:07.373564
63.220221,5350,6003,13:10:07.373564
63.222078,5716,6054,13:10:07.373564
63.223942,4952,5757,13:10:07.373564
63.225802,5392,6083,13:10:07.373564
63.227659,2249,5612,13:10:07.373564
63.229549,5832,5760,13:10:07.373564
63.231405,5418,5839,13:10:07.373564
63.233266,5666,5989,13:10:07.373564
63.235122,5897,6042,13:10:07.374555
63.236978,5746,5989,13:10:07.374555
63.238837,5294,5978,13:10:07.374555
63.240693,5426,5833,13:10:07.374555
63.242552,5674,5888,13:10:07.374555
63.244408,5748,5862,13:10:07.374555
63.246264,5604,5858,13:10:07.374555
63.248121,5793,5884,13:10:07.374555
63.249986,5333,5877,13:10:07.374555
63.251845,5287,5736,13:10:07.374555
63.253702,5594,6128,13:10:07.374555
63.25556,5538,5685,13:10:07.424904
63.257424,5485,5888,13:10:07.424904
63.259286,5459,5931,13:10:07.424904
63.261193,5310,5945,13:10:07.424904
63.263051,5597,5964,13:10:07.424904
63.264914,5621,6035,13:10:07.424904
63.266772,5228,6093,13:10:07.424904
63.268634,5533,5966,13:10:07.424904
63.270491,5314,5987,13:10:07.424904
63.272347,4904,6008,13:10:07.424904
63.274206,4625,5929,13:10:07.424904
63.276068,4854,5985,13:10:07.424904
63.277926,4694,6098,13:10:07.424904
63.279787,5509,5988,13:10:07.424904
63.281644,5474,6001,13:10:07.424904
63.283525,5500,6070,13:10:07.424904
63.285382,5577,6059,13:10:07.424904
63.287238,5598,6030,13:10:07.424904
63.289096,5568,5774,13:10:07.424904
63.290954,5633,5802,13:10:07.424904
63.292811,5713,6002,13:10:07.424904
63.294668,5544,5993,13:10:07.424904
63.29653,5845,5796,13:10:07.424904
63.298386,5423,5945,13:10:07.424904
63.300243,5565,6134,13:10:07.424904
63.302101,5586,6011,13:10:07.424904
63.303957,5421,5977,13:10:07.424904
63.30582,5570,5939,13:10:07.476046
63.307682,5502,5992,13:10:07.476046
63.309544,5531,5935,13:10:07.476046
63.311449,5316,5886,13:10:07.476046
63.313307,5546,5981,13:10:07.476046
63.315165,5405,5916,13:10:07.476046
63.317022,5375,6027,13:10:07.476046
63.318878,5867,6085,13:10:07.476046
63.320737,5673,6227,13:10:07.476046
63.322593,5025,5887,13:10:07.476046
63.324452,5017,5883,13:10:07.476046
63.32631,5570,6040,13:10:07.476046
63.32817,5235,5911,13:10:07.476046
63.33005,5484,6343,13:10:07.476046
63.331915,5495,5813,13:10:07.476046
63.333775,5647,5883,13:10:07.476046
63.335631,5701,6105,13:10:07.476046
63.337494,5901,5987,13:10:07.476046
63.33935,5720,5792,13:10:07.476046
63.341207,5426,6068,13:10:07.476046
63.343065,5708,5757,13:10:07.476046
63.344921,5749,6145,13:10:07.476046
63.34678,5714,6034,13:10:07.476046
63.348636,5469,6110,13:10:07.476046
63.350492,5815,6024,13:10:07.476046
63.352351,5656,6026,13:10:07.476046
63.354215,5701,5914,13:10:07.476046
63.356082,5803,6179,13:10:07.533409
63.357942,5719,6122,13:10:07.533409
63.35981,5652,5958,13:10:07.533409
63.361698,5461,6154,13:10:07.533409
63.363555,5582,5891,13:10:07.533409
63.365413,5674,5918,13:10:07.533409
63.36727,5534,5796,13:10:07.533409
63.36913,5541,5972,13:10:07.533409
63.370986,5656,5967,13:10:07.533409
63.372843,5701,6069,13:10:07.533409
63.374701,5159,6075,13:10:07.533409
63.376557,5023,6131,13:10:07.533409
63.378418,5364,5978,13:10:07.533409
63.380278,3753,5940,13:10:07.533409
63.382163,5454,5724,13:10:07.533409
63.384023,5859,6146,13:10:07.533409
63.385879,5341,6003,13:10:07.533409
63.387736,5539,5744,13:10:07.533409
63.389592,6073,5876,13:10:07.533409
63.39145,5551,6080,13:10:07.533409
63.393307,5655,6180,13:10:07.533409
63.395164,5792,5991,13:10:07.533409
63.397025,5579,6116,13:10:07.533409
63.398882,5372,6021,13:10:07.533409
63.400742,5428,5838,13:10:07.533409
63.402599,5578,5959,13:10:07.533409
63.404455,5746,5859,13:10:07.533409
63.406315,5526,6231,13:10:07.579928
63.408176,5631,6023,13:10:07.579928
63.410052,5909,5928,13:10:07.579928
63.411936,5835,6173,13:10:07.579928
63.413795,5389,6079,13:10:07.579928
63.415653,5271,5979,13:10:07.579928
63.417509,5622,5931,13:10:07.579928
63.419368,5422,5918,13:10:07.579928
63.421226,5057,5913,13:10:07.579928
63.423085,5773,6261,13:10:07.579928
63.424943,5906,6230,13:10:07.579928
63.426811,5122,6024,13:10:07.579928
63.428672,5164,6005,13:10:07.579928
63.430532,4859,5988,13:10:07.579928
63.432391,5094,5879,13:10:07.579928
63.434273,5195,5907,13:10:07.579928
63.436133,2716,5949,13:10:07.579928
63.437993,5795,6073,13:10:07.579928
63.43985,5746,5976,13:10:07.579928
63.441706,5649,6059,13:10:07.579928
63.443563,6076,6009,13:10:07.579928
63.445419,5799,5860,13:10:07.579928
63.447277,5710,6061,13:10:07.579928
63.449134,5652,6052,13:10:07.579928
63.45099,5804,6051,13:10:07.579928
63.452846,5512,6119,13:10:07.579928
63.454711,5400,5995,13:10:07.629889
63.456577,5726,6086,13:10:07.629889
63.458443,5564,6002,13:10:07.629889
63.460341,5757,6093,13:10:07.629889
63.462204,5711,6298,13:10:07.629889
63.46406,5333,6398,13:10:07.629889
63.465919,5468,6002,13:10:07.629889
63.467777,5306,5925,13:10:07.629889
63.469636,4746,6332,13:10:07.629889
63.471492,4712,5711,13:10:07.629889
63.473358,5467,6083,13:10:07.629889
63.475219,5129,6239,13:10:07.629889
63.477074,5724,6202,13:10:07.629889
63.478932,4889,5936,13:10:07.629889
63.480794,5757,6147,13:10:07.629889
63.482662,3664,5753,13:10:07.629889
63.484544,5604,5988,13:10:07.629889
63.486403,5685,6089,13:10:07.629889
63.488265,5697,5857,13:10:07.629889
63.490121,5502,5813,13:10:07.629889
63.49198,5518,6158,13:10:07.629889
63.493836,5553,6048,13:10:07.629889
63.495693,5801,6033,13:10:07.629889
63.497551,5644,5844,13:10:07.629889
63.499412,5658,5936,13:10:07.629889
63.50127,5796,5875,13:10:07.629889
63.503126,5839,5960,13:10:07.629889
63.504988,5549,5900,13:10:07.681800
63.506857,5391,6190,13:10:07.681800
63.508725,5752,6034,13:10:07.681800
63.510629,5556,5951,13:10:07.681800
63.512488,5038,6115,13:10:07.681800
63.514344,6001,6417,13:10:07.681800
63.516202,6221,5929,13:10:07.681800
63.51806,4260,5264,13:10:07.681800
63.519917,5530,6277,13:10:07.681800
63.521774,6448,6798,13:10:07.681800
63.523636,5537,5461,13:10:07.681800
63.525492,3689,4937,13:10:07.681800
63.527349,6293,7500,13:10:07.681800
63.529207,7381,6111,13:10:07.681800
63.531063,3677,4953,13:10:07.681800
63.532924,4588,5804,13:10:07.681800
63.534806,4596,7868,13:10:07.681800
63.536662,7154,5632,13:10:07.681800
63.538521,2438,4219,13:10:07.681800
63.540379,6397,8004,13:10:07.681800
63.542238,8458,6091,13:10:07.681800
63.544094,2447,4095,13:10:07.681800
63.545952,5195,7016,13:10:07.681800
63.547809,7871,7054,13:10:07.681800
63.549665,5626,4767,13:10:07.681800
63.551523,3652,5266,13:10:07.681800
63.55338,6932,7814,13:10:07.681800
63.555238,6933,5299,13:10:07.733874
63.557109,3269,4704,13:10:07.733874
63.558969,5520,7010,13:10:07.733874
63.560859,7097,6556,13:10:07.733874
63.562716,4912,4677,13:10:07.733874
63.564576,4002,6252,13:10:07.733874
63.566432,7251,7240,13:10:07.733874
63.568289,6519,5087,13:10:07.733874
63.570147,3766,4989,13:10:07.733874
63.572006,6296,6866,13:10:07.733874
63.573866,7253,6192,13:10:07.733874
63.575722,4382,4769,13:10:07.733874
63.577588,4251,6424,13:10:07.733874
63.579444,6926,6944,13:10:07.733874
63.581301,5386,5092,13:10:07.734871
63.583167,3866,5890,13:10:07.734871
63.585024,6737,7418,13:10:07.734871
63.586886,6603,5241,13:10:07.734871
63.588743,3887,5123,13:10:07.734871
63.590599,5845,7371,13:10:07.734871
63.592481,6953,6241,13:10:07.734871
63.594348,4263,4901,13:10:07.734871
63.596208,4647,6520,13:10:07.734871
63.598064,7074,6694,13:10:07.734871
63.599921,5708,5288,13:10:07.734871
63.601779,4300,5400,13:10:07.734871
63.603641,6059,7047,13:10:07.734871
63.6055,6805,6075,13:10:07.785297
63.607362,4295,5178,13:10:07.785297
63.609222,5140,6611,13:10:07.785297
63.611135,6915,6709,13:10:07.785297
63.612993,4968,5135,13:10:07.785297
63.614851,4189,5873,13:10:07.785297
63.616708,6370,6995,13:10:07.785297
63.618564,6025,5506,13:10:07.785297
63.62042,3963,5293,13:10:07.785297
63.62228,5255,6997,13:10:07.785297
63.624137,6058,6367,13:10:07.785297
63.625993,4813,5076,13:10:07.785297
63.627852,4671,6101,13:10:07.785297
63.629708,6757,6834,13:10:07.785297
63.631565,5728,5365,13:10:07.785297
63.633421,4197,5510,13:10:07.785297
63.635277,6121,6574,13:10:07.785297
63.637134,6436,6185,13:10:07.785297
63.638996,2629,5159,13:10:07.785297
63.640858,5267,6510,13:10:07.785297
63.642717,6800,6708,13:10:07.785297
63.644573,5654,5488,13:10:07.785297
63.646431,4601,5874,13:10:07.785297
63.648288,6465,6742,13:10:07.785297
63.650146,6341,5891,13:10:07.785297
63.652003,4505,5467,13:10:07.785297
63.653859,5503,6400,13:10:07.785297
63.655725,6544,6228,13:10:07.835389
63.657588,4894,5414,13:10:07.836400
63.659456,4736,6223,13:10:07.836400
63.661362,6244,6436,13:10:07.836400
63.663223,5775,5713,13:10:07.836400
63.665081,4493,5695,13:10:07.836400
63.666937,6029,6462,13:10:07.836400
63.6688,6052,5980,13:10:07.836400
63.670656,4189,5466,13:10:07.836400
63.672512,5316,6382,13:10:07.836400
63.674371,6057,6356,13:10:07.836400
63.676227,5272,5345,13:10:07.836400
63.678084,4589,5975,13:10:07.836400
63.67994,5426,6422,13:10:07.836400
63.6818,5480,5644,13:10:07.836400
63.683657,4514,5472,13:10:07.836400
63.685515,5667,6288,13:10:07.836400
63.687399,4128,6095,13:10:07.836400
63.689264,5350,5418,13:10:07.836400
63.691122,5041,6067,13:10:07.836400
63.692978,6268,6747,13:10:07.836400
63.694835,5887,5570,13:10:07.836400
63.696691,4693,5617,13:10:07.836400
63.698548,5899,6666,13:10:07.836400
63.700404,6388,6140,13:10:07.836400
63.70226,5027,5650,13:10:07.836400
63.704121,5149,6392,13:10:07.836400
63.705989,6275,6325,13:10:07.893071
63.707851,5295,5577,13:10:07.893071
63.709716,5072,5986,13:10:07.893071
63.711626,5966,6459,13:10:07.893071
63.713506,5636,5870,13:10:07.893071
63.715364,5089,5638,13:10:07.893071
63.717221,5501,6512,13:10:07.893071
63.719079,6220,6026,13:10:07.893071
63.720936,4955,5660,13:10:07.893071
63.722794,5063,6141,13:10:07.893071
63.724652,5354,6598,13:10:07.893071
63.726509,4818,5567,13:10:07.893071
63.728365,4170,5671,13:10:07.893071
63.730221,4913,6063,13:10:07.893071
63.73208,4925,6014,13:10:07.893071
63.733936,4519,5787,13:10:07.893071
63.735795,5119,6136,13:10:07.893071
63.737653,5582,5935,13:10:07.893071
63.739511,3694,5333,13:10:07.893071
63.741404,5049,6091,13:10:07.893071
63.74326,6257,6531,13:10:07.893071
63.745116,5565,6086,13:10:07.893071
63.746975,4905,5746,13:10:07.893071
63.748833,5720,6221,13:10:07.893071
63.750689,6229,5938,13:10:07.893071
63.752546,5522,5862,13:10:07.893071
63.75441,5312,6365,13:10:07.893071
63.756276,5987,6476,13:10:07.939156
63.758144,5866,5668,13:10:07.939156
63.760021,5114,5818,13:10:07.939156
63.761899,5393,6162,13:10:07.939156
63.763756,6060,5890,13:10:07.939156
63.765614,5303,5683,13:10:07.939156
63.767471,5311,6022,13:10:07.939156
63.769331,6208,6308,13:10:07.939156
63.771187,4647,5656,13:10:07.939156
63.77305,4931,5875,13:10:07.939156
63.774906,6032,6277,13:10:07.939156
63.776766,5237,5650,13:10:07.939156
63.778625,5306,5824,13:10:07.939156
63.780481,5665,6272,13:10:07.939156
63.782339,6249,6196,13:10:07.939156
63.784196,4488,5871,13:10:07.939156
63.786054,5519,5899,13:10:07.939156
63.787917,5898,6414,13:10:07.939156
63.789799,5448,5719,13:10:07.939156
63.791657,5317,5578,13:10:07.939156
63.793516,5837,5929,13:10:07.940156
63.795374,5955,6115,13:10:07.940156
63.797232,2492,5768,13:10:07.940156
63.799103,5537,5991,13:10:07.940156
63.800961,5887,6034,13:10:07.940156
63.802817,5632,5692,13:10:07.940156
63.804676,5367,6150,13:10:07.995239
63.806536,5943,6216,13:10:07.995239
63.808396,5992,5838,13:10:07.995239
63.810314,5427,5746,13:10:07.995239
63.812181,5482,6098,13:10:07.995239
63.814039,5680,6161,13:10:07.995239
63.815898,5522,5833,13:10:07.995239
63.81776,5065,5846,13:10:07.995239
63.819618,5917,6362,13:10:07.995239
63.821475,5710,5603,13:10:07.995239
63.823341,4739,5814,13:10:07.995239
63.825197,5739,6056,13:10:07.995239
63.827054,6036,5920,13:10:07.995239
63.828912,4134,5761,13:10:07.995239
63.830769,5480,6118,13:10:07.995239
63.832627,5340,5985,13:10:07.996297
63.834483,5697,5855,13:10:07.996297
63.83634,4846,5701,13:10:07.996297
63.838198,5757,5934,13:10:07.996297
63.840062,5779,5875,13:10:07.996297
63.841919,5503,5613,13:10:07.996297
63.843776,2877,6063,13:10:07.996297
63.845669,5795,6036,13:10:07.996297
63.847528,5394,5829,13:10:07.996297
63.849386,5656,6008,13:10:07.996297
63.851242,5828,5984,13:10:07.996297
63.853099,5952,5876,13:10:07.996297
63.854957,5236,5793,13:10:08.006023
63.856826,5886,6363,13:10:08.006023
63.858686,5962,5994,13:10:08.006023
63.86059,5266,5592,13:10:08.006023
63.862449,5624,6197,13:10:08.006023
63.864309,5789,6162,13:10:08.006023
63.866167,5463,5735,13:10:08.006023
63.868034,5239,5998,13:10:08.006023
63.869892,5877,6281,13:10:08.006023
63.871748,5159,5894,13:10:08.006023
63.873606,4956,5686,13:10:08.006023
63.875463,5652,6159,13:10:08.006023
63.877319,5120,6005,13:10:08.006023
63.879176,5304,5829,13:10:08.006023
63.881032,5462,5854,13:10:08.006023
63.882888,4983,5995,13:10:08.006023
63.884745,5320,5900,13:10:08.006023
63.886605,5293,6121,13:10:08.006023
63.888461,5605,6131,13:10:08.006023
63.890324,5267,5818,13:10:08.006023
63.892182,5536,5969,13:10:08.006023
63.894038,5707,5989,13:10:08.006023
63.895897,5623,6214,13:10:08.006023
63.897753,5239,5993,13:10:08.006023
63.89961,3595,6008,13:10:08.006023
63.901468,5748,6351,13:10:08.006023
63.903332,5781,5827,13:10:08.006023
63.905189,5632,5946,13:10:08.056018
63.907067,5840,6205,13:10:08.056018
63.908931,5729,6030,13:10:08.056018
63.910841,5289,6064,13:10:08.056018
63.912698,5578,6019,13:10:08.056018
63.914556,5590,6120,13:10:08.056018
63.916412,5573,5970,13:10:08.056018
63.918269,5295,6034,13:10:08.056018
63.920127,5692,6039,13:10:08.056018
63.921983,5521,5875,13:10:08.056018
63.92384,5403,6054,13:10:08.056018
63.925696,5545,5963,13:10:08.056018
63.927555,6070,6241,13:10:08.056018
63.929411,5613,5734,13:10:08.056018
63.931267,5446,5898,13:10:08.056018
63.933126,5651,6019,13:10:08.056018
63.934982,5448,5781,13:10:08.056018
63.93684,5276,6013,13:10:08.056018
63.938697,5565,5949,13:10:08.056018
63.940557,5810,6059,13:10:08.056018
63.942417,5330,5937,13:10:08.056018
63.944291,5685,5912,13:10:08.056018
63.946148,5946,5845,13:10:08.056018
63.948005,5640,5879,13:10:08.056018
63.949863,5201,5808,13:10:08.056018
63.951719,5487,6110,13:10:08.056018
63.953576,5307,5999,13:10:08.056018
63.955434,5442,5874,13:10:08.108698
63.957304,5639,5823,13:10:08.108698
63.959165,5827,6077,13:10:08.108698
63.961063,5094,6134,13:10:08.108698
63.962919,5510,6071,13:10:08.108698
63.964778,5583,6173,13:10:08.108698
63.966634,5674,5874,13:10:08.108698
63.968492,5248,6049,13:10:08.108698
63.970349,5566,5866,13:10:08.108698
63.972205,5524,5877,13:10:08.108698
63.974063,5805,5635,13:10:08.108698
63.975926,5630,6429,13:10:08.108698
63.977784,5867,6208,13:10:08.108698
63.97964,5340,5949,13:10:08.108698
63.981499,5343,6163,13:10:08.108698
63.983355,5772,6135,13:10:08.108698
63.985216,5694,6107,13:10:08.108698
63.987074,5497,5894,13:10:08.108698
63.98893,5610,5932,13:10:08.108698
63.990789,5561,6044,13:10:08.108698
63.992647,5660,6068,13:10:08.108698
63.994505,5664,6125,13:10:08.108698
63.996364,5536,6102,13:10:08.108698
63.998219,5340,5967,13:10:08.108698
64.000076,5602,5744,13:10:08.108698
64.001933,5744,5909,13:10:08.108698
64.003791,5694,6070,13:10:08.108698
64.005662,5381,5905,13:10:08.160551
64.007532,5663,5887,13:10:08.160551
64.009394,5698,6307,13:10:08.160551
64.01133,5180,5742,13:10:08.160551
64.013189,5408,6114,13:10:08.160551
64.015049,5414,6262,13:10:08.160551
64.016905,5548,6009,13:10:08.160551
64.018766,5548,5677,13:10:08.160551
64.020622,5628,6089,13:10:08.160551
64.022484,5550,6025,13:10:08.160551
64.024343,5423,6204,13:10:08.160551
64.026209,5564,6122,13:10:08.160551
64.028065,5626,5893,13:10:08.160551
64.029922,5749,5917,13:10:08.160551
64.03178,5370,5759,13:10:08.160551
64.033637,5663,6043,13:10:08.160551
64.035493,5434,5958,13:10:08.160551
64.037351,5577,5794,13:10:08.160551
64.039208,5696,5788,13:10:08.160551
64.041066,5423,6270,13:10:08.160551
64.042922,5584,6257,13:10:08.160551
64.044787,5654,6144,13:10:08.160551
64.046643,5659,6113,13:10:08.160551
64.0485,5810,5797,13:10:08.160551
64.050358,5123,5795,13:10:08.160551
64.052232,5429,5965,13:10:08.160551
64.054091,5381,6082,13:10:08.160551
64.055957,5511,5873,13:10:08.207043
64.057821,5655,6112,13:10:08.207043
64.059685,5648,5990,13:10:08.207043
64.061586,5719,5928,13:10:08.207043
64.063444,5607,5689,13:10:08.207043
64.065303,5586,6241,13:10:08.207043
64.067168,5484,6032,13:10:08.207043
64.069025,5488,5923,13:10:08.207043
64.070882,5490,5907,13:10:08.207043
64.07274,5644,6241,13:10:08.207043
64.074596,5612,6148,13:10:08.207043
64.076453,5524,6126,13:10:08.207043
64.078309,5842,6111,13:10:08.207043
64.080166,5618,6039,13:10:08.207043
64.082022,5673,6089,13:10:08.207043
64.083878,5631,5987,13:10:08.207043
64.085739,5706,5934,13:10:08.207043
64.087595,5552,5814,13:10:08.207043
64.089451,5467,5984,13:10:08.207043
64.09131,6081,6027,13:10:08.207043
64.093166,5573,5970,13:10:08.207043
64.095027,5361,6029,13:10:08.207043
64.096883,5569,6064,13:10:08.207043
64.098741,5544,6098,13:10:08.207043
64.1006,5495,5800,13:10:08.207043
64.102458,5575,5853,13:10:08.207043
64.104316,5507,5929,13:10:08.207043
64.106179,5658,6086,13:10:08.256218
64.108039,5343,6011,13:10:08.256218
64.109913,5691,5978,13:10:08.256218
64.111812,5392,6032,13:10:08.256218
64.113674,5687,5993,13:10:08.256218
64.11553,5393,5828,13:10:08.256218
64.117389,5816,5977,13:10:08.256218
64.119245,5587,5938,13:10:08.256218
64.121101,5672,5942,13:10:08.256218
64.122962,5394,5946,13:10:08.256218
64.124818,5664,6257,13:10:08.256218
64.126677,5478,6143,13:10:08.256218
64.128533,5493,6062,13:10:08.256218
64.130389,5571,5882,13:10:08.256218
64.132248,5713,6117,13:10:08.256218
64.13411,5619,6048,13:10:08.256218
64.135968,5694,6011,13:10:08.256218
64.137825,5731,6132,13:10:08.256218
64.139691,5687,5948,13:10:08.256218
64.141547,5441,6192,13:10:08.256218
64.143404,5512,5920,13:10:08.256218
64.145262,5778,5927,13:10:08.256218
64.147119,5505,6133,13:10:08.256218
64.148977,5716,5960,13:10:08.256218
64.150835,5518,6029,13:10:08.256218
64.152692,5815,5876,13:10:08.256218
64.154548,5843,5888,13:10:08.307183
64.15642,5403,5869,13:10:08.307183
64.158281,5927,5969,13:10:08.307183
64.160165,5522,5995,13:10:08.307183
64.162037,5618,5920,13:10:08.307183
64.163896,5546,6247,13:10:08.307183
64.165752,5636,6104,13:10:08.307183
64.167608,5621,5970,13:10:08.307183
64.169465,5628,6017,13:10:08.307183
64.171327,5473,6174,13:10:08.307183
64.173184,5620,6094,13:10:08.307183
64.17504,5646,5964,13:10:08.307183
64.176898,5657,5718,13:10:08.307183
64.178755,5657,5995,13:10:08.307183
64.180611,5375,5923,13:10:08.307183
64.182467,5696,5970,13:10:08.307183
64.184324,5543,5790,13:10:08.307183
64.18618,5815,6330,13:10:08.307183
64.188037,5599,5981,13:10:08.307183
64.189897,5600,6001,13:10:08.307183
64.191753,5314,6156,13:10:08.307183
64.193612,5599,6009,13:10:08.307183
64.195468,5551,5827,13:10:08.307183
64.19733,5505,5988,13:10:08.307183
64.199189,5774,5945,13:10:08.307183
64.201045,5663,5910,13:10:08.307183
64.202903,5697,6078,13:10:08.307183
64.204762,5801,6186,13:10:08.357598
64.20663,5639,5830,13:10:08.357598
64.208496,5410,5941,13:10:08.357598
64.21039,5689,6060,13:10:08.357598
64.212299,5723,6080,13:10:08.357598
64.214155,5266,5846,13:10:08.357598
64.216019,5668,6023,13:10:08.357598
64.217878,5568,6077,13:10:08.357598
64.219734,5715,6056,13:10:08.357598
64.221593,5622,6075,13:10:08.357598
64.223449,5779,6036,13:10:08.357598
64.225307,5589,6074,13:10:08.357598
64.227166,5623,5845,13:10:08.357598
64.229022,5436,5898,13:10:08.357598
64.23088,5836,6111,13:10:08.357598
64.232737,5541,5936,13:10:08.357598
64.234597,5554,5846,13:10:08.357598
64.236454,5547,5958,13:10:08.357598
64.23831,5801,6262,13:10:08.357598
64.240168,5490,5915,13:10:08.357598
64.242025,5688,6086,13:10:08.357598
64.243881,5564,5713,13:10:08.357598
64.245737,5547,5810,13:10:08.357598
64.247594,5488,6150,13:10:08.357598
64.24945,5733,6065,13:10:08.357598
64.251307,5598,6191,13:10:08.357598
64.253169,5592,6035,13:10:08.357598
64.255041,5643,5973,13:10:08.406098
64.256915,5900,5922,13:10:08.406098
64.258776,5516,5805,13:10:08.406098
64.260686,5399,6027,13:10:08.406098
64.262544,5671,6053,13:10:08.406098
64.264401,5578,5917,13:10:08.406098
64.266257,5534,5967,13:10:08.406098
64.268116,5612,6004,13:10:08.407104
64.269971,5785,5834,13:10:08.407104
64.27183,5628,5995,13:10:08.407104
64.273687,5648,6236,13:10:08.407104
64.275549,5698,5991,13:10:08.407104
64.277405,5527,6011,13:10:08.407104
64.279262,5481,6073,13:10:08.407104
64.28112,5613,5972,13:10:08.407104
64.282977,5661,6106,13:10:08.407104
64.284835,5748,5893,13:10:08.407104
64.286691,5807,6110,13:10:08.407104
64.288552,5714,6065,13:10:08.407104
64.29041,5783,5943,13:10:08.407104
64.292276,5656,6030,13:10:08.407104
64.294133,5509,5877,13:10:08.407104
64.295989,5628,6041,13:10:08.407104
64.297848,5635,6133,13:10:08.407104
64.299706,5528,5893,13:10:08.407104
64.301562,5493,6006,13:10:08.407104
64.303421,5726,6044,13:10:08.407104
64.305281,5591,6191,13:10:08.456063
64.307143,5632,5877,13:10:08.457063
64.309004,5537,5951,13:10:08.457063
64.310909,5302,5967,13:10:08.457063
64.31278,5621,6241,13:10:08.458055
64.314637,5426,5915,13:10:08.458055
64.316495,5591,5864,13:10:08.458055
64.318351,5441,5652,13:10:08.458055
64.320208,5399,5789,13:10:08.458055
64.322066,5754,5720,13:10:08.458055
64.323922,5450,5869,13:10:08.458055
64.325781,5587,6175,13:10:08.458055
64.327637,5768,6120,13:10:08.458055
64.329502,5662,5897,13:10:08.458055
64.331358,5386,5942,13:10:08.458055
64.333214,5483,5843,13:10:08.458055
64.335073,5431,6056,13:10:08.459054
64.336929,5477,5833,13:10:08.459054
64.338787,5385,5736,13:10:08.459054
64.340644,5642,5711,13:10:08.459054
64.3425,5762,5942,13:10:08.459054
64.344359,5758,5948,13:10:08.459054
64.346222,5628,6243,13:10:08.459054
64.348079,5518,5949,13:10:08.459054
64.349936,5499,5926,13:10:08.459054
64.351796,5909,6079,13:10:08.459054
64.353652,5649,5949,13:10:08.460054
64.355511,5450,5789,13:10:08.507400
64.357381,5836,5983,13:10:08.507400
64.359243,5884,5796,13:10:08.507400
64.361161,5569,5815,13:10:08.507400
64.36302,5715,5833,13:10:08.507400
64.364879,5410,5975,13:10:08.507400
64.366737,5462,5952,13:10:08.507400
64.368593,5790,5879,13:10:08.507400
64.370455,5586,5974,13:10:08.507400
64.372312,5634,5867,13:10:08.507400
64.374168,5541,5911,13:10:08.507400
64.376028,5641,6048,13:10:08.507400
64.377885,5592,5864,13:10:08.507400
64.379743,5729,5948,13:10:08.507400
64.381599,5521,5825,13:10:08.507400
64.383456,5522,5925,13:10:08.507400
64.385314,5373,5903,13:10:08.507400
64.387171,5570,5941,13:10:08.507400
64.389031,5839,5973,13:10:08.507400
64.390887,5720,5902,13:10:08.507400
64.392746,5540,5757,13:10:08.507400
64.394602,5551,5978,13:10:08.507400
64.396458,5611,5850,13:10:08.507400
64.398317,5799,5901,13:10:08.507400
64.400177,5689,5943,13:10:08.507400
64.402043,5412,5910,13:10:08.507400
64.4039,5637,5871,13:10:08.507400
64.405768,5559,5896,13:10:08.556223
64.40763,5640,5752,13:10:08.556223
64.409513,5418,5813,13:10:08.556223
64.411409,5635,5878,13:10:08.556223
64.413287,5808,6034,13:10:08.556223
64.415153,5722,5984,13:10:08.556223
64.41701,5310,5634,13:10:08.556223
64.418868,5705,5902,13:10:08.556223
64.420727,5613,5917,13:10:08.556223
64.422583,5648,5846,13:10:08.556223
64.424439,5672,5907,13:10:08.556223
64.426298,5707,6014,13:10:08.556223
64.428154,5580,5665,13:10:08.556223
64.43001,5622,6033,13:10:08.556223
64.431869,5688,6040,13:10:08.556223
64.433731,5551,6077,13:10:08.556223
64.43559,5834,5894,13:10:08.556223
64.437449,5733,5695,13:10:08.556223
64.439312,5650,6166,13:10:08.556223
64.441169,5656,5894,13:10:08.556223
64.443027,5717,5861,13:10:08.556223
64.444883,5522,5811,13:10:08.556223
64.44674,5619,5665,13:10:08.556223
64.448598,5526,5952,13:10:08.556223
64.45046,5231,6019,13:10:08.556223
64.452319,5597,5825,13:10:08.556223
64.454175,5500,5872,13:10:08.556223
64.456071,5535,5981,13:10:08.610989
64.457932,5428,5739,13:10:08.610989
64.459803,5594,6132,13:10:08.610989
64.461708,5666,5833,13:10:08.610989
64.463567,5506,5933,13:10:08.610989
64.465423,5497,5787,13:10:08.610989
64.467285,5619,5776,13:10:08.610989
64.469142,5660,5678,13:10:08.610989
64.471,5768,5853,13:10:08.610989
64.472857,5626,5656,13:10:08.610989
64.474713,5484,5853,13:10:08.610989
64.476571,5720,5811,13:10:08.610989
64.478432,5570,5922,13:10:08.610989
64.48029,5638,6032,13:10:08.610989
64.482146,5751,6156,13:10:08.610989
64.484007,5591,5920,13:10:08.610989
64.485865,5769,5834,13:10:08.610989
64.487721,5311,5649,13:10:08.610989
64.48958,5638,5716,13:10:08.610989
64.491436,5426,5830,13:10:08.610989
64.493295,5481,5882,13:10:08.610989
64.495151,5909,5715,13:10:08.610989
64.497009,5516,5749,13:10:08.610989
64.49887,5732,5951,13:10:08.610989
64.500734,5723,5831,13:10:08.610989
64.50259,5493,5837,13:10:08.610989
64.504449,5909,5792,13:10:08.658232
64.506313,5553,5835,13:10:08.658232
64.508174,5479,5937,13:10:08.658232
64.510067,5656,6016,13:10:08.658232
64.511943,5699,6026,13:10:08.658232
64.513842,5216,5809,13:10:08.658232
64.515701,5730,5859,13:10:08.658232
64.517559,5650,5803,13:10:08.658232
64.519415,5492,5814,13:10:08.658232
64.521274,5630,6026,13:10:08.658232
64.52313,5584,5671,13:10:08.658232
64.524987,5588,5725,13:10:08.658232
64.526845,5364,5819,13:10:08.658232
64.528706,5380,5926,13:10:08.658232
64.530564,5730,5922,13:10:08.658232
64.53242,5643,5871,13:10:08.658232
64.534278,5689,5722,13:10:08.658232
64.536135,5597,5788,13:10:08.658232
64.537991,5650,5946,13:10:08.658232
64.539848,5439,5790,13:10:08.658232
64.541704,5464,5812,13:10:08.658232
64.54356,5586,5893,13:10:08.658232
64.545417,5502,5908,13:10:08.658232
64.547277,5594,5721,13:10:08.658232
64.549133,6034,5896,13:10:08.658232
64.55099,5644,5817,13:10:08.658232
64.552848,5708,5824,13:10:08.658232
64.554704,5707,5822,13:10:08.714076
64.556573,5518,5747,13:10:08.714076
64.558433,5784,5903,13:10:08.714076
64.560344,5557,5997,13:10:08.714076
64.56221,5602,5974,13:10:08.714076
64.564066,5618,5807,13:10:08.714076
64.565932,5720,5840,13:10:08.714076
64.567791,5413,5724,13:10:08.714076
64.569647,5707,5839,13:10:08.714076
64.571505,5813,5897,13:10:08.714076
64.573362,6056,5858,13:10:08.714076
64.57522,5677,6056,13:10:08.714076
64.577077,5605,5915,13:10:08.714076
64.578933,5711,5780,13:10:08.714076
64.580791,5492,5917,13:10:08.714076
64.582652,5628,5638,13:10:08.714076
64.584508,5757,5806,13:10:08.714076
64.586364,5801,6124,13:10:08.714076
64.588223,5696,5733,13:10:08.714076
64.590079,6055,6050,13:10:08.714076
64.591935,5701,6058,13:10:08.714076
64.593794,5651,5718,13:10:08.714076
64.59565,5674,6168,13:10:08.714076
64.597507,5349,5773,13:10:08.714076
64.599363,5460,5941,13:10:08.714076
64.601229,5778,5704,13:10:08.714076
64.603086,5929,5934,13:10:08.714076
64.604942,5882,5751,13:10:08.756593
64.606816,5789,5915,13:10:08.756593
64.608677,5682,5815,13:10:08.756593
64.610581,5516,5732,13:10:08.756593
64.612437,5665,5523,13:10:08.756593
64.614296,5464,5683,13:10:08.756593
64.616174,5532,5895,13:10:08.756593
64.61803,5414,5791,13:10:08.756593
64.619887,5606,5715,13:10:08.756593
64.621745,5725,5924,13:10:08.756593
64.623611,5756,5646,13:10:08.756593
64.625468,5690,5864,13:10:08.756593
64.627324,5605,5839,13:10:08.756593
64.629182,5700,5818,13:10:08.756593
64.631039,5635,5675,13:10:08.756593
64.632895,5814,5847,13:10:08.756593
64.634753,5643,5698,13:10:08.756593
64.63661,5824,6037,13:10:08.756593
64.638468,5570,5816,13:10:08.756593
64.640325,5939,5696,13:10:08.756593
64.642189,5819,5657,13:10:08.756593
64.644045,5620,5714,13:10:08.756593
64.645902,5421,5656,13:10:08.756593
64.64776,5761,5720,13:10:08.756593
64.649616,5294,5625,13:10:08.756593
64.651473,5961,5604,13:10:08.756593
64.653329,5584,5882,13:10:08.756593
64.655186,5710,6050,13:10:08.806719
64.657054,5565,5701,13:10:08.806719
64.658913,5693,5822,13:10:08.806719
64.660834,5551,5740,13:10:08.806719
64.662701,5775,5602,13:10:08.806719
64.664557,5737,6089,13:10:08.806719
64.666419,5489,5861,13:10:08.806719
64.668276,5858,5733,13:10:08.806719
64.670134,5811,5780,13:10:08.806719
64.67199,5746,5981,13:10:08.806719
64.673847,5833,5646,13:10:08.806719
64.675705,5708,5775,13:10:08.806719
64.677566,5839,5700,13:10:08.806719
64.679424,5852,5904,13:10:08.806719
64.68128,5517,5686,13:10:08.806719
64.683141,5471,5822,13:10:08.806719
64.684997,5636,5787,13:10:08.806719
64.686853,5791,5832,13:10:08.806719
64.688712,5739,5780,13:10:08.806719
64.690568,5637,5928,13:10:08.806719
64.692427,5576,5703,13:10:08.806719
64.694283,5678,5687,13:10:08.806719
64.696143,5725,5794,13:10:08.806719
64.698002,5810,5897,13:10:08.806719
64.699868,5578,5620,13:10:08.806719
64.701724,5648,6015,13:10:08.806719
64.703581,5732,5861,13:10:08.806719
64.705439,5910,5673,13:10:08.857664
64.707311,5721,5637,13:10:08.857664
64.709174,5300,5793,13:10:08.857664
64.711071,5682,5707,13:10:08.857664
64.71293,5586,5590,13:10:08.857664
64.714791,5782,5405,13:10:08.857664
64.716647,5689,5838,13:10:08.857664
64.718527,5683,5556,13:10:08.857664
64.720384,5723,5973,13:10:08.857664
64.72224,5662,5609,13:10:08.857664
64.724106,5709,5852,13:10:08.857664
64.725963,5867,6078,13:10:08.857664
64.727819,5483,5848,13:10:08.857664
64.729677,5779,5691,13:10:08.857664
64.731534,5638,5768,13:10:08.857664
64.733392,5598,6043,13:10:08.858659
64.735248,5659,5654,13:10:08.858659
64.737105,5668,5644,13:10:08.858659
64.738963,5616,5780,13:10:08.858659
64.740827,5638,5688,13:10:08.858659
64.742684,5648,5769,13:10:08.858659
64.74454,5341,5692,13:10:08.858659
64.746399,5683,5827,13:10:08.858659
64.748255,5677,5829,13:10:08.858659
64.750111,5709,5918,13:10:08.858659
64.751968,5724,5531,13:10:08.858659
64.753824,5642,5826,13:10:08.858659
64.755686,5608,6022,13:10:08.908543
64.757547,5997,5816,13:10:08.908543
64.759413,5589,5708,13:10:08.908543
64.761329,5470,5810,13:10:08.908543
64.763194,5484,5626,13:10:08.908543
64.765074,5435,5783,13:10:08.908543
64.766932,5363,5955,13:10:08.908543
64.768789,5594,5798,13:10:08.908543
64.770649,5721,5783,13:10:08.908543
64.772505,5774,5863,13:10:08.908543
64.774364,5911,5850,13:10:08.908543
64.77622,5677,5584,13:10:08.908543
64.778077,5474,5879,13:10:08.908543
64.779935,5824,5564,13:10:08.908543
64.781795,5480,5725,13:10:08.908543
64.783654,5515,5739,13:10:08.908543
64.78551,5450,5734,13:10:08.908543
64.787376,5822,5913,13:10:08.910543
64.789233,5656,5858,13:10:08.910543
64.791089,5503,5833,13:10:08.910543
64.792947,5695,5846,13:10:08.910543
64.794804,5883,5848,13:10:08.910543
64.796662,5536,5670,13:10:08.910543
64.798519,5494,5594,13:10:08.910543
64.800375,5692,5910,13:10:08.910543
64.802233,5646,5729,13:10:08.910543
64.804097,5645,5861,13:10:08.910543
64.805966,5830,5839,13:10:08.962001
64.807826,5853,5918,13:10:08.962001
64.809688,5965,5865,13:10:08.962001
64.811607,5597,6040,13:10:08.962001
64.813485,5254,5970,13:10:08.962001
64.815377,5960,5867,13:10:08.962001
64.817238,5317,5736,13:10:08.962001
64.819098,5538,5716,13:10:08.962001
64.820954,5689,5733,13:10:08.962001
64.822811,5712,5586,13:10:08.962001
64.824673,5468,6060,13:10:08.962001
64.826529,5515,5695,13:10:08.962001
64.828386,5682,5703,13:10:08.962001
64.830244,5915,5755,13:10:08.962001
64.8321,5593,5654,13:10:08.962001
64.833957,6021,5903,13:10:08.962001
64.835813,5892,5842,13:10:08.962001
64.83767,5836,5744,13:10:08.962001
64.839526,5683,5788,13:10:08.962001
64.841383,5673,5653,13:10:08.962001
64.843243,5470,5893,13:10:08.962001
64.845099,5756,5781,13:10:08.962001
64.846957,5720,5783,13:10:08.962001
64.848814,5751,5695,13:10:08.962001
64.85067,5699,5779,13:10:08.962001
64.852528,5460,5920,13:10:08.962001
64.854389,5702,5840,13:10:09.012694
64.856253,5690,5709,13:10:09.012694
64.858114,5768,5816,13:10:09.012694
64.85999,5741,5721,13:10:09.012694
64.861872,5183,5870,13:10:09.012694
64.863728,5847,5853,13:10:09.012694
64.865589,5310,5807,13:10:09.012694
64.867444,5731,5917,13:10:09.012694
64.869304,5720,5858,13:10:09.012694
64.871162,5797,5949,13:10:09.012694
64.873028,5675,5923,13:10:09.012694
64.874885,5593,5761,13:10:09.012694
64.876741,5636,6001,13:10:09.012694
64.878599,5626,5848,13:10:09.012694
64.880456,5654,5832,13:10:09.012694
64.882312,5704,5837,13:10:09.012694
64.88417,5581,5960,13:10:09.012694
64.886027,5745,5903,13:10:09.012694
64.887885,5411,5568,13:10:09.012694
64.889742,5645,5951,13:10:09.012694
64.891606,5837,5991,13:10:09.012694
64.893462,5563,5903,13:10:09.012694
64.895319,5718,5752,13:10:09.012694
64.897177,5415,5663,13:10:09.012694
64.899033,5740,5844,13:10:09.012694
64.900892,5640,5697,13:10:09.012694
64.902748,5890,5953,13:10:09.012694
64.904604,5968,5854,13:10:09.063426
64.906479,5750,6005,13:10:09.063426
64.908339,5609,5763,13:10:09.063426
64.910243,5664,5722,13:10:09.063426
64.912114,5481,5899,13:10:09.063426
64.913974,5614,5885,13:10:09.063426
64.915836,5654,5766,13:10:09.063426
64.917703,3794,5926,13:10:09.063426
64.919561,5790,5859,13:10:09.063426
64.921419,5926,6017,13:10:09.063426
64.923294,5419,5815,13:10:09.063426
64.925168,5782,5619,13:10:09.063426
64.927024,5712,5635,13:10:09.063426
64.928883,5761,5754,13:10:09.063426
64.930739,5696,5633,13:10:09.063426
64.932595,5541,5771,13:10:09.063426
64.934452,5736,5885,13:10:09.063426
64.936308,5631,5720,13:10:09.063426
64.938164,5965,5539,13:10:09.063426
64.940021,5531,5772,13:10:09.063426
64.941879,5549,5813,13:10:09.063426
64.943736,5644,5653,13:10:09.063426
64.945592,5812,5815,13:10:09.063426
64.94745,5623,5766,13:10:09.063426
64.949307,5587,5748,13:10:09.063426
64.951165,5632,6044,13:10:09.063426
64.953021,5566,6017,13:10:09.063426
64.954882,5442,5877,13:10:09.114729
64.956754,6045,5931,13:10:09.114729
64.958616,5653,5841,13:10:09.114729
64.960519,5740,5872,13:10:09.114729
64.962379,5645,5719,13:10:09.114729
64.964235,5599,5581,13:10:09.114729
64.966098,5372,5855,13:10:09.114729
64.96796,2344,5758,13:10:09.114729
64.969818,5543,5879,13:10:09.114729
64.971675,5768,5599,13:10:09.114729
64.973533,5777,5901,13:10:09.114729
64.975392,5646,5963,13:10:09.114729
64.977257,5917,5681,13:10:09.114729
64.979114,5714,6078,13:10:09.114729
64.980971,5790,5855,13:10:09.114729
64.982829,5452,5901,13:10:09.114729
64.984689,5602,5768,13:10:09.114729
64.986546,5837,5897,13:10:09.114729
64.988404,5531,5726,13:10:09.114729
64.99026,5707,5871,13:10:09.114729
64.992119,5638,6107,13:10:09.114729
64.993975,5561,5604,13:10:09.114729
64.995836,5817,6032,13:10:09.114729
64.997692,5624,5798,13:10:09.114729
64.999548,5504,5856,13:10:09.114729
65.001407,5502,5927,13:10:09.114729
65.003263,5579,5900,13:10:09.114729
65.005121,5732,5877,13:10:09.165834
65.006992,5705,5920,13:10:09.165834
65.008852,5546,5750,13:10:09.165834
65.010774,5595,5811,13:10:09.165834
65.01263,5579,5858,13:10:09.165834
65.014491,5318,5793,13:10:09.165834
65.016355,5318,5772,13:10:09.165834
65.018235,5671,6045,13:10:09.165834
65.0201,4336,5920,13:10:09.165834
65.021956,5618,5962,13:10:09.165834
65.023816,5634,5933,13:10:09.165834
65.025673,5723,5843,13:10:09.165834
65.02753,5784,5817,13:10:09.165834
65.029392,5738,6143,13:10:09.165834
65.031248,5604,6061,13:10:09.165834
65.033106,5274,5981,13:10:09.165834
65.034963,5821,5857,13:10:09.165834
65.036819,5451,5904,13:10:09.165834
65.038677,5625,6009,13:10:09.165834
65.040536,5726,5774,13:10:09.165834
65.042394,5698,6171,13:10:09.165834
65.04425,5909,5761,13:10:09.165834
65.046111,5682,5997,13:10:09.165834
65.047967,5819,5633,13:10:09.165834
65.049824,5851,5701,13:10:09.165834
65.051682,5475,5929,13:10:09.165834
65.053538,5773,5983,13:10:09.165834
65.055397,5427,5617,13:10:09.216697
65.057265,5654,6040,13:10:09.216697
65.059125,5804,5467,13:10:09.216697
65.061022,5730,5684,13:10:09.216697
65.062878,5389,5990,13:10:09.216697
65.064738,5524,6019,13:10:09.216697
65.066595,5759,5896,13:10:09.220694
65.068452,5096,5703,13:10:09.220694
65.070326,3045,5970,13:10:09.220694
65.072196,5617,5891,13:10:09.220694
65.074054,5556,5771,13:10:09.220694
65.07591,5537,6043,13:10:09.220694
65.077767,5848,5731,13:10:09.220694
65.079625,5581,5757,13:10:09.220694
65.081486,5592,6101,13:10:09.220694
65.083344,5824,5944,13:10:09.220694
65.0852,5716,6102,13:10:09.220694
65.087058,5677,5985,13:10:09.220694
65.088915,5752,6048,13:10:09.220694
65.090773,5775,5592,13:10:09.220694
65.092631,5810,5918,13:10:09.220694
65.094488,5624,5931,13:10:09.220694
65.096346,5633,6026,13:10:09.220694
65.098203,5869,5850,13:10:09.220694
65.100063,5518,5905,13:10:09.220694
65.101919,5592,5977,13:10:09.220694
65.103776,5704,5999,13:10:09.220694
65.105636,5545,5560,13:10:09.274089
65.107502,5430,5991,13:10:09.274089
65.109367,5857,5998,13:10:09.274089
65.111273,5333,6122,13:10:09.274089
65.113131,5256,5914,13:10:09.274089
65.114988,5660,6042,13:10:09.274089
65.116846,5952,5729,13:10:09.274089
65.118712,5505,5947,13:10:09.274089
65.120571,2644,5736,13:10:09.274089
65.122469,5567,6116,13:10:09.274089
65.124327,5618,5936,13:10:09.274089
65.126188,5381,6046,13:10:09.274089
65.128044,5529,6001,13:10:09.274089
65.129902,5826,5958,13:10:09.274089
65.131769,5725,5910,13:10:09.274089
65.133625,5544,5824,13:10:09.274089
65.135481,5814,5931,13:10:09.274089
65.13734,5549,5701,13:10:09.274089
65.139196,5481,6037,13:10:09.274089
65.141052,5709,6021,13:10:09.274089
65.142911,5765,5900,13:10:09.274089
65.144767,5634,5877,13:10:09.274089
65.146623,5743,5961,13:10:09.274089
65.14848,5819,5699,13:10:09.274089
65.150346,5625,5972,13:10:09.274089
65.152203,5887,5955,13:10:09.274089
65.154059,5721,6165,13:10:09.274089
65.155921,5458,5618,13:10:09.319661
65.157782,5296,5769,13:10:09.319661
65.159645,5540,6039,13:10:09.319661
65.161536,5662,5888,13:10:09.319661
65.163392,5542,5821,13:10:09.319661
65.165257,5448,6038,13:10:09.319661
65.167113,5912,6091,13:10:09.319661
65.168972,3918,5907,13:10:09.319661
65.17083,4730,5912,13:10:09.319661
65.172686,1637,5890,13:10:09.319661
65.174545,5920,5989,13:10:09.319661
65.176401,5597,5735,13:10:09.319661
65.178259,5831,5995,13:10:09.319661
65.180116,5862,5966,13:10:09.319661
65.181982,5767,5862,13:10:09.319661
65.183838,5278,6022,13:10:09.319661
65.185695,5915,6263,13:10:09.319661
65.187553,5704,5695,13:10:09.319661
65.189409,5329,5996,13:10:09.319661
65.191266,5678,6062,13:10:09.321653
65.193122,5735,5950,13:10:09.321653
65.194979,5582,5879,13:10:09.321653
65.196835,5536,6026,13:10:09.321653
65.198692,5808,6189,13:10:09.321653
65.200552,5873,5960,13:10:09.321653
65.202408,5503,6050,13:10:09.321653
65.204266,5650,6091,13:10:09.321653
65.206135,5696,5833,13:10:09.370635
65.207995,5424,5755,13:10:09.370635
65.209871,5717,5918,13:10:09.370635
65.211758,5063,5922,13:10:09.370635
65.213616,5429,5859,13:10:09.370635
65.215472,5426,6014,13:10:09.370635
65.217331,5730,6163,13:10:09.370635
65.219189,5637,5656,13:10:09.370635
65.221053,5294,6005,13:10:09.370635
65.222936,5355,6011,13:10:09.370635
65.224804,2930,5964,13:10:09.370635
65.226674,5332,5719,13:10:09.370635
65.228531,5705,6042,13:10:09.370635
65.230387,5504,6255,13:10:09.370635
65.232245,5636,5772,13:10:09.370635
65.234102,5640,5814,13:10:09.370635
65.235958,5595,5930,13:10:09.370635
65.237817,5507,6005,13:10:09.370635
65.239673,5502,5937,13:10:09.370635
65.241529,5316,5962,13:10:09.370635
65.243386,5608,5935,13:10:09.370635
65.245252,5667,5971,13:10:09.370635
65.247108,5488,5912,13:10:09.370635
65.248965,5741,6061,13:10:09.370635
65.250825,5576,5895,13:10:09.370635
65.252681,5580,5904,13:10:09.370635
65.25454,5587,6089,13:10:09.370635
65.256402,5781,5901,13:10:09.421450
65.258263,5758,5768,13:10:09.421450
65.260153,5481,5840,13:10:09.421450
65.262031,5598,6071,13:10:09.421450
65.263895,5337,5984,13:10:09.421450
65.265752,5642,6115,13:10:09.421450
65.267609,5699,6075,13:10:09.421450
65.269467,5809,5955,13:10:09.421450
65.271323,4861,5960,13:10:09.421450
65.273181,5586,6123,13:10:09.421450
65.275038,2955,6122,13:10:09.421450
65.276928,5693,5908,13:10:09.421450
65.278786,5796,5718,13:10:09.421450
65.280643,5729,6024,13:10:09.421450
65.282501,5420,5665,13:10:09.421450
65.284357,5516,5857,13:10:09.421450
65.28622,5660,5788,13:10:09.421450
65.288078,5382,6075,13:10:09.421450
65.289944,5837,5814,13:10:09.421450
65.291807,5583,5977,13:10:09.421450
65.293663,5790,6192,13:10:09.421450
65.295526,5467,6039,13:10:09.421450
65.297382,5458,5965,13:10:09.421450
65.299238,5857,6226,13:10:09.421450
65.301097,5894,5898,13:10:09.421450
65.302953,5559,5748,13:10:09.421450
65.304811,5711,5963,13:10:09.475156
65.30668,5627,6257,13:10:09.475156
65.30854,5475,6077,13:10:09.475156
65.310449,5563,5888,13:10:09.475156
65.312309,5692,5906,13:10:09.475156
65.314165,5692,5977,13:10:09.475156
65.316021,5099,6022,13:10:09.475156
65.317878,5352,5953,13:10:09.475156
65.319736,4919,5942,13:10:09.475156
65.321592,5437,5816,13:10:09.475156
65.323451,5680,6165,13:10:09.475156
65.325307,4920,6024,13:10:09.475156
65.327179,5640,5900,13:10:09.475156
65.329036,5599,5837,13:10:09.475156
65.330893,5714,6059,13:10:09.475156
65.332755,5899,5747,13:10:09.475156
65.334611,5471,6187,13:10:09.475156
65.336471,5603,5361,13:10:09.475156
65.338328,4517,7313,13:10:09.475156
65.340184,10754,6511,13:10:09.475156
65.342042,2228,3608,13:10:09.475156
65.343899,6642,7801,13:10:09.475156
65.345757,6632,5593,13:10:09.475156
65.347613,3366,3627,13:10:09.475156
65.349474,3695,7570,13:10:09.475156
65.35133,11916,9536,13:10:09.475156
65.353186,9192,5381,13:10:09.475156
65.355045,2540,4029,13:10:09.525036
65.356927,3742,4981,13:10:09.525036
65.358787,2465,3580,13:10:09.525036
65.360676,762,3833,13:10:09.525036
65.362538,3872,6616,13:10:09.525036
65.364394,7847,6777,13:10:09.525036
65.366255,6881,6871,13:10:09.525036
65.368111,8513,7681,13:10:09.525036
65.369967,9371,8595,13:10:09.525036
65.371824,8291,5755,13:10:09.525036
65.373682,3829,5526,13:10:09.525036
65.375539,5687,6215,13:10:09.525036
65.377415,5090,5856,13:10:09.525036
65.379279,3399,4375,13:10:09.525036
65.381136,3769,5945,13:10:09.525036
65.382994,6886,6763,13:10:09.526044
65.38485,5354,4664,13:10:09.526044
65.386707,3373,5368,13:10:09.526044
65.388563,6033,6688,13:10:09.526044
65.390421,6010,5483,13:10:09.526044
65.392278,3687,4607,13:10:09.527033
65.394134,5070,6612,13:10:09.527033
65.39599,7682,6641,13:10:09.527033
65.397847,6137,5628,13:10:09.527033
65.399703,5568,6182,13:10:09.527033
65.40156,7504,6801,13:10:09.527033
65.40342,6043,5556,13:10:09.527033
65.405276,4400,5033,13:10:09.577405
65.407149,5211,6163,13:10:09.577405
65.409011,6073,5810,13:10:09.577405
65.410905,4097,5381,13:10:09.577405
65.412763,4776,5982,13:10:09.577405
65.41462,6583,6550,13:10:09.577405
65.416484,5795,5694,13:10:09.577405
65.418341,4954,5934,13:10:09.577405
65.420197,6115,6599,13:10:09.577405
65.422055,6214,5880,13:10:09.577405
65.423912,4285,5468,13:10:09.577405
65.425773,5456,6548,13:10:09.577405
65.42763,6311,6432,13:10:09.577405
65.429487,2804,5746,13:10:09.577405
65.431345,5691,6331,13:10:09.577405
65.433201,6997,6375,13:10:09.577405
65.435062,6400,5866,13:10:09.577405
65.436962,5276,5945,13:10:09.577405
65.438818,5902,6409,13:10:09.577405
65.440677,5706,5493,13:10:09.577405
65.442533,4505,5607,13:10:09.577405
65.444394,5570,6173,13:10:09.577405
65.446252,6049,6090,13:10:09.577405
65.448109,5940,5996,13:10:09.577405
65.449971,5570,6321,13:10:09.577405
65.451827,6691,6614,13:10:09.577405
65.453685,6456,6226,13:10:09.577405
65.455546,6335,6366,13:10:09.634574
65.457406,4968,4863,13:10:09.634574
65.459268,4342,5422,13:10:09.634574
65.461188,3407,4642,13:10:09.634574
65.463049,4635,6157,13:10:09.634574
65.464905,7185,6733,13:10:09.634574
65.466767,6377,6310,13:10:09.634574
65.468624,6287,6445,13:10:09.634574
65.47048,6897,7422,13:10:09.634574
65.472339,5975,5285,13:10:09.634574
65.474195,3523,4777,13:10:09.634574
65.476051,4383,6408,13:10:09.634574
65.47791,5583,5469,13:10:09.634574
65.479766,3878,5261,13:10:09.634574
65.481628,4540,6591,13:10:09.634574
65.483485,7335,7086,13:10:09.634574
65.485345,6215,5803,13:10:09.634574
65.487201,5383,6269,13:10:09.634574
65.489058,7200,6686,13:10:09.634574
65.490916,6125,5559,13:10:09.635580
65.492773,4350,5067,13:10:09.635580
65.494629,4985,6044,13:10:09.635580
65.496485,5809,5934,13:10:09.635580
65.498342,4603,5413,13:10:09.635580
65.500198,5122,6183,13:10:09.635580
65.502055,6813,6609,13:10:09.636581
65.503915,6559,6229,13:10:09.636581
65.505783,5437,5691,13:10:09.677680
65.507647,5855,6442,13:10:09.677680
65.50951,6237,6053,13:10:09.677680
65.511402,4447,4903,13:10:09.677680
65.513264,4693,6091,13:10:09.677680
65.515127,6202,6366,13:10:09.677680
65.516989,5681,5597,13:10:09.677680
65.518845,5278,5922,13:10:09.677680
65.520702,6737,6934,13:10:09.677680
65.522564,6111,6088,13:10:09.677680
65.524421,4688,5741,13:10:09.677680
65.526279,4891,5898,13:10:09.677680
65.528141,5901,5936,13:10:09.677680
65.530003,4719,5337,13:10:09.677680
65.531882,4702,5908,13:10:09.677680
65.53374,5979,6590,13:10:09.677680
65.535628,6059,5966,13:10:09.677680
65.537485,5654,6206,13:10:09.677680
65.539343,3301,6584,13:10:09.677680
65.54121,6522,5994,13:10:09.677680
65.543066,5057,5453,13:10:09.677680
65.544924,5301,6071,13:10:09.678684
65.546783,5846,6056,13:10:09.678684
65.548639,5017,5281,13:10:09.678684
65.550497,4988,5658,13:10:09.678684
65.552357,6187,6491,13:10:09.678684
65.554214,6378,5841,13:10:09.678684
65.556086,5603,5881,13:10:09.735357
65.557947,5889,6175,13:10:09.735357
65.559811,6268,6008,13:10:09.735357
65.561719,5315,5452,13:10:09.735357
65.56358,4782,5896,13:10:09.735357
65.565436,5485,6162,13:10:09.735357
65.567292,5314,5816,13:10:09.735357
65.569151,5214,5751,13:10:09.735357
65.571007,5705,6659,13:10:09.735357
65.572865,6384,6391,13:10:09.735357
65.574722,5781,6058,13:10:09.735357
65.576586,5860,6197,13:10:09.735357
65.578442,6474,6351,13:10:09.735357
65.580299,5567,5841,13:10:09.735357
65.582157,1418,5564,13:10:09.735357
65.584042,5498,6202,13:10:09.735357
65.585904,5884,5694,13:10:09.735357
65.58776,5304,5626,13:10:09.735357
65.589617,5720,6037,13:10:09.735357
65.591475,6333,6422,13:10:09.735357
65.593331,5728,5621,13:10:09.735357
65.59519,5288,5890,13:10:09.735357
65.597046,5990,6255,13:10:09.735357
65.598904,5464,6057,13:10:09.735357
65.600761,5278,5676,13:10:09.735357
65.602618,5647,6216,13:10:09.735357
65.60448,6172,6324,13:10:09.735357
65.606348,5470,6054,13:10:09.781028
65.608206,5402,6248,13:10:09.781028
65.610076,6207,6376,13:10:09.781028
65.611964,5533,5814,13:10:09.781028
65.613821,5153,5888,13:10:09.781028
65.615678,5881,6215,13:10:09.781028
65.617546,5756,5778,13:10:09.781028
65.619402,4750,5934,13:10:09.781028
65.621259,5688,6327,13:10:09.781028
65.623117,6170,6316,13:10:09.781028
65.624973,5672,6129,13:10:09.781028
65.626832,4255,6071,13:10:09.781028
65.628688,6262,6345,13:10:09.781028
65.630549,5120,6148,13:10:09.781028
65.632407,5441,5734,13:10:09.781028
65.634266,5655,6066,13:10:09.781028
65.636126,5790,5918,13:10:09.781028
65.637984,5547,5888,13:10:09.781028
65.639848,2921,6077,13:10:09.781028
65.641709,6092,6157,13:10:09.781028
65.643565,5814,6098,13:10:09.781028
65.645423,5744,6023,13:10:09.781028
65.64728,6195,6258,13:10:09.781028
65.649138,5863,5968,13:10:09.781028
65.650994,5524,5852,13:10:09.781028
65.652853,5463,6027,13:10:09.781028
65.654709,5841,5943,13:10:09.831756
65.656586,5634,5825,13:10:09.831756
65.658452,5553,5973,13:10:09.831756
65.660351,5901,6122,13:10:09.831756
65.662216,5285,5936,13:10:09.831756
65.664075,5171,5833,13:10:09.831756
65.665933,5610,5854,13:10:09.831756
65.667791,5747,6080,13:10:09.831756
65.669648,4565,5908,13:10:09.831756
65.671504,5538,5898,13:10:09.831756
65.673361,5525,6287,13:10:09.831756
65.675225,5522,6026,13:10:09.831756
65.677081,4415,6158,13:10:09.831756
65.678938,4908,5987,13:10:09.831756
65.680798,5791,6022,13:10:09.831756
65.682654,5674,6464,13:10:09.831756
65.684536,7131,8522,13:10:09.831756
65.686409,7358,9187,13:10:09.831756
65.688265,10491,10249,13:10:09.831756
65.690124,12332,11683,13:10:09.831756
65.69198,15102,13374,13:10:09.831756
65.693836,16245,13652,13:10:09.832756
65.695695,17049,15055,13:10:09.832756
65.697551,19439,16708,13:10:09.832756
65.699409,20705,17104,13:10:09.832756
65.701266,20915,17629,13:10:09.832756
65.703126,22546,19205,13:10:09.832756
65.704983,24528,19909,13:10:09.884990
65.706848,24622,20323,13:10:09.884990
65.708709,25902,21226,13:10:09.887999
65.710598,27318,22463,13:10:09.887999
65.71246,28138,22592,13:10:09.887999
65.714316,28845,23157,13:10:09.887999
65.716173,29628,24217,13:10:09.887999
65.718035,31252,24738,13:10:09.887999
65.719891,31284,24973,13:10:09.887999
65.72175,32100,25800,13:10:09.887999
65.723608,33053,26510,13:10:09.887999
65.725466,33816,26509,13:10:09.887999
65.727325,34308,27502,13:10:09.887999
65.729183,34650,27970,13:10:09.887999
65.731042,35958,28223,13:10:09.887999
65.732902,35894,28270,13:10:09.887999
65.734786,36324,29108,13:10:09.888996
65.736653,33392,29280,13:10:09.888996
65.738517,37160,29127,13:10:09.888996
65.740373,37759,29943,13:10:09.888996
65.74223,38769,30484,13:10:09.888996
65.744086,38916,30422,13:10:09.888996
65.745942,39440,30814,13:10:09.888996
65.747801,40075,31589,13:10:09.888996
65.749659,40577,31705,13:10:09.888996
65.751515,40815,32150,13:10:09.888996
65.753374,41712,32578,13:10:09.888996
65.75523,42604,33044,13:10:09.934147
65.757097,42832,33446,13:10:09.934147
65.758957,43313,34134,13:10:09.934147
65.760877,44246,35208,13:10:09.934147
65.762735,45756,35607,13:10:09.934147
65.764592,46152,36082,13:10:09.934147
65.766452,47295,37043,13:10:09.934147
65.768309,48281,37720,13:10:09.934147
65.770165,48238,38099,13:10:09.934147
65.772023,49007,38838,13:10:09.934147
65.77388,51011,39385,13:10:09.934147
65.775736,51602,40053,13:10:09.934147
65.777594,52690,40714,13:10:09.934147
65.779454,52886,41520,13:10:09.934147
65.781311,54358,42262,13:10:09.934147
65.783167,54880,42344,13:10:09.934147
65.785026,54969,42634,13:10:09.934147
65.786882,55886,42897,13:10:09.934147
65.788739,55735,43654,13:10:09.934147
65.790608,56422,43313,13:10:09.934147
65.792483,56288,43684,13:10:09.934147
65.794342,56805,43714,13:10:09.934147
65.796198,56595,43211,13:10:09.934147
65.798054,56410,43307,13:10:09.934147
65.799913,56314,43163,13:10:09.934147
65.801774,55798,42874,13:10:09.934147
65.803633,55402,42493,13:10:09.934147
65.805494,55253,42370,13:10:09.985278
65.807356,55018,42066,13:10:09.985278
65.809217,54373,41803,13:10:09.985278
65.811124,53334,41531,13:10:09.985278
65.812983,53284,40994,13:10:09.985278
65.814845,52767,40775,13:10:09.985278
65.816702,51821,40123,13:10:09.985278
65.81856,51589,39718,13:10:09.985278
65.820422,50992,39078,13:10:09.985278
65.822281,50406,38713,13:10:09.985278
65.824137,50113,38189,13:10:09.985278
65.826003,48442,37674,13:10:09.985278
65.82786,47475,37113,13:10:09.985278
65.829716,47425,36749,13:10:09.985278
65.831574,47164,36596,13:10:09.985278
65.833431,46162,35934,13:10:09.985278
65.83529,46085,35973,13:10:09.985278
65.837151,45571,35111,13:10:09.985278
65.839032,42359,35152,13:10:09.985278
65.840896,45084,35110,13:10:09.985278
65.842753,45000,34914,13:10:09.985278
65.844609,44820,34689,13:10:09.985278
65.846467,44798,35101,13:10:09.985278
65.848324,45715,35244,13:10:09.985278
65.850182,44894,34806,13:10:09.985278
65.852048,44891,35331,13:10:09.985278
65.853905,45558,35219,13:10:09.985278
65.855765,45626,35595,13:10:10.036585
65.857629,46067,35885,13:10:10.036585
65.859494,46647,36759,13:10:10.036585
65.8614,46410,36606,13:10:10.036585
65.863258,47243,37119,13:10:10.036585
65.865115,48257,38028,13:10:10.036585
65.866971,49155,38264,13:10:10.036585
65.868829,49155,38749,13:10:10.036585
65.870686,50367,39206,13:10:10.036585
65.872546,50867,39766,13:10:10.036585
65.874402,51694,40237,13:10:10.036585
65.876261,52158,40788,13:10:10.036585
65.878117,52238,41288,13:10:10.036585
65.879974,53299,42153,13:10:10.036585
65.881834,54919,42665,13:10:10.036585
65.883692,55857,43581,13:10:10.036585
65.885557,56180,44172,13:10:10.036585
65.887413,57436,44764,13:10:10.036585
65.889295,57285,45618,13:10:10.036585
65.891164,59561,46192,13:10:10.036585
65.89302,60821,47132,13:10:10.036585
65.894878,61618,48098,13:10:10.042674
65.896735,62630,48885,13:10:10.042674
65.898597,64267,49821,13:10:10.042674
65.900453,64973,50189,13:10:10.042674
65.90231,66007,50946,13:10:10.042674
65.904168,66933,51979,13:10:10.042674
65.906037,67684,52110,13:10:10.095568
65.907899,68272,52828,13:10:10.095568
65.909763,69206,53408,13:10:10.095568
65.911713,69506,53578,13:10:10.095568
65.913575,69979,53984,13:10:10.095568
65.915432,70338,54074,13:10:10.095568
65.917288,70594,54221,13:10:10.095568
65.919147,70526,54344,13:10:10.095568
65.921003,70999,54215,13:10:10.095568
65.922861,71011,54476,13:10:10.095568
65.92472,69522,54226,13:10:10.095568
65.926578,70365,54110,13:10:10.095568
65.928436,69097,53875,13:10:10.095568
65.930293,69756,53605,13:10:10.095568
65.932153,69410,53434,13:10:10.095568
65.93401,68752,53151,13:10:10.095568
65.935868,69311,52962,13:10:10.095568
65.937729,68756,52693,13:10:10.095568
65.939587,68555,52244,13:10:10.095568
65.941451,65831,51835,13:10:10.095568
65.943307,67596,51590,13:10:10.095568
65.945164,67195,51233,13:10:10.095568
65.947024,66402,50618,13:10:10.095568
65.948902,65836,50189,13:10:10.095568
65.950761,64931,49615,13:10:10.095568
65.952623,63933,48663,13:10:10.095568
65.954482,62550,47740,13:10:10.095568
65.956352,61389,46733,13:10:10.139861
65.958212,60003,45718,13:10:10.139861
65.960086,58264,44366,13:10:10.139861
65.961981,56596,43313,13:10:10.139861
65.963839,55133,42104,13:10:10.139861
65.965695,53448,40531,13:10:10.139861
65.967552,51381,39332,13:10:10.139861
65.96941,49789,37986,13:10:10.139861
65.971271,47052,36427,13:10:10.139861
65.973129,44870,34598,13:10:10.139861
65.974985,43968,33416,13:10:10.139861
65.976846,40946,31754,13:10:10.139861
65.978702,38814,29970,13:10:10.139861
65.980558,36518,28706,13:10:10.139861
65.982417,35528,27212,13:10:10.139861
65.984273,32695,25874,13:10:10.139861
65.986132,31946,24119,13:10:10.139861
65.987988,27927,22102,13:10:10.139861
65.989848,25658,20709,13:10:10.139861
65.991735,24237,19100,13:10:10.139861
65.993591,22093,16891,13:10:10.139861
65.995449,19285,15096,13:10:10.139861
65.997306,15277,12845,13:10:10.139861
65.999168,13636,11560,13:10:10.139861
66.001026,13241,11072,13:10:10.139861
66.002884,12198,9568,13:10:10.139861
66.004745,9244,7999,13:10:10.156301
66.006609,8772,8122,13:10:10.156301
66.00847,7974,6414,13:10:10.156301
66.010374,4869,4783,13:10:10.156301
66.012236,4605,6139,13:10:10.156301
66.014095,7018,6684,13:10:10.156301
66.015951,5960,5206,13:10:10.156301
66.017811,3810,5581,13:10:10.156301
66.01967,6437,7175,13:10:10.156301
66.021527,6904,5948,13:10:10.156301
66.023385,3850,5183,13:10:10.156301
66.025243,5018,6459,13:10:10.156301
66.027101,7078,6687,13:10:10.156301
66.028958,5055,5153,13:10:10.156301
66.030814,4509,5583,13:10:10.156301
66.032672,6202,7003,13:10:10.156301
66.034532,6554,5953,13:10:10.156301
66.036389,4172,5525,13:10:10.156301
66.038245,5742,6972,13:10:10.156301
66.040106,7026,6322,13:10:10.156301
66.041962,5314,5504,13:10:10.156301
66.043829,2647,6314,13:10:10.156301
66.045687,6917,6557,13:10:10.156301
66.047545,5984,5344,13:10:10.156301
66.049405,4321,5419,13:10:10.156301
66.051284,5902,6674,13:10:10.156301
66.05314,6798,6027,13:10:10.156301
66.054999,4882,5330,13:10:10.209131
66.056873,5228,6280,13:10:10.209131
66.058733,6886,6782,13:10:10.209131
66.060641,5365,5416,13:10:10.209131
66.062504,4681,5876,13:10:10.209131
66.06436,6453,6607,13:10:10.209131
66.066217,6103,5680,13:10:10.209131
66.068075,4490,5460,13:10:10.209131
66.069931,5615,6518,13:10:10.209131
66.071788,6704,6153,13:10:10.209131
66.073646,5325,5504,13:10:10.209131
66.075502,5074,6085,13:10:10.209131
66.077361,6542,6630,13:10:10.209131
66.079217,6231,5649,13:10:10.209131
66.081081,4892,5625,13:10:10.209131
66.082938,5979,6433,13:10:10.209131
66.084797,6328,6066,13:10:10.209131
66.086655,5146,5498,13:10:10.209131
66.088511,5406,6551,13:10:10.209131
66.090369,6757,6507,13:10:10.209131
66.092226,5685,5611,13:10:10.209131
66.094082,4818,5725,13:10:10.209131
66.095939,6204,6538,13:10:10.209131
66.097802,6186,5849,13:10:10.209131
66.099659,4822,5232,13:10:10.209131
66.101516,5806,6365,13:10:10.209131
66.103374,6609,6351,13:10:10.209131
66.10523,5611,5711,13:10:10.256067
66.107097,5323,6322,13:10:10.256067
66.108959,6549,6577,13:10:10.256067
66.110856,5753,5832,13:10:10.256067
66.112734,5112,5606,13:10:10.256067
66.11459,6056,6478,13:10:10.256067
66.11645,6185,6070,13:10:10.256067
66.118307,5334,5386,13:10:10.256067
66.120163,5437,6031,13:10:10.256067
66.122022,6451,6442,13:10:10.256067
66.123878,5628,5423,13:10:10.256067
66.125734,4990,5747,13:10:10.256067
66.127593,6210,6493,13:10:10.256067
66.129453,6201,5658,13:10:10.256067
66.131309,4939,5800,13:10:10.256067
66.133166,5742,6410,13:10:10.256067
66.135028,6229,6461,13:10:10.256067
66.136884,5579,5704,13:10:10.256067
66.138741,5153,6175,13:10:10.256067
66.140599,6575,6485,13:10:10.256067
66.142466,5911,5794,13:10:10.256067
66.144324,5230,5794,13:10:10.256067
66.14618,5845,6181,13:10:10.256067
66.148037,6301,6112,13:10:10.257075
66.149895,5215,5645,13:10:10.257075
66.151757,5523,5993,13:10:10.257075
66.153616,6193,6372,13:10:10.257075
66.155476,5933,5759,13:10:10.306666
66.157338,5273,5865,13:10:10.306666
66.159202,5902,6286,13:10:10.306666
66.161113,6194,5684,13:10:10.306666
66.162971,5484,5763,13:10:10.306666
66.164828,5890,6146,13:10:10.306666
66.166684,6282,6109,13:10:10.306666
66.168542,5617,5540,13:10:10.306666
66.170405,5463,5962,13:10:10.306666
66.172263,6179,6320,13:10:10.306666
66.17412,5985,5842,13:10:10.306666
66.17598,5411,5612,13:10:10.306666
66.177836,5835,6215,13:10:10.306666
66.179693,5893,5856,13:10:10.306666
66.181551,5732,5629,13:10:10.306666
66.183407,5396,6188,13:10:10.306666
66.185266,6287,6176,13:10:10.306666
66.187122,5585,5677,13:10:10.306666
66.188982,5316,5818,13:10:10.306666
66.190843,5981,6134,13:10:10.306666
66.192707,6089,5987,13:10:10.306666
66.194564,5841,5738,13:10:10.306666
66.19642,5579,6253,13:10:10.306666
66.198278,6265,6148,13:10:10.306666
66.200135,5700,5991,13:10:10.306666
66.201991,5368,5735,13:10:10.306666
66.203847,6344,6366,13:10:10.306666
66.205708,5854,6096,13:10:10.357833
66.207572,5233,5653,13:10:10.357833
66.209439,5999,6328,13:10:10.357833
66.211379,5825,5930,13:10:10.357833
66.213239,5710,5834,13:10:10.357833
66.215095,5400,6083,13:10:10.357833
66.216954,6163,5995,13:10:10.357833
66.21881,5893,5930,13:10:10.357833
66.220666,5724,5918,13:10:10.357833
66.222527,5867,6197,13:10:10.357833
66.224383,5975,5734,13:10:10.357833
66.226242,5565,5874,13:10:10.357833
66.228098,5709,6186,13:10:10.357833
66.229954,6294,6123,13:10:10.357833
66.231813,5541,5720,13:10:10.357833
66.233675,5416,6056,13:10:10.357833
66.235533,5870,6366,13:10:10.357833
66.23739,5730,5886,13:10:10.357833
66.239256,5260,5830,13:10:10.357833
66.241112,5875,6086,13:10:10.357833
66.242969,5941,5955,13:10:10.357833
66.244827,5342,5855,13:10:10.357833
66.246684,5701,5714,13:10:10.357833
66.248542,6099,5885,13:10:10.357833
66.250398,5801,5897,13:10:10.357833
66.252255,5502,5826,13:10:10.357833
66.254113,6048,6178,13:10:10.357833
66.255984,5618,5864,13:10:10.410846
66.257848,5686,5725,13:10:10.410846
66.259711,5783,5886,13:10:10.410846
66.26164,5732,5908,13:10:10.410846
66.263496,5801,6032,13:10:10.410846
66.265353,5691,5974,13:10:10.410846
66.267211,6097,6097,13:10:10.410846
66.269068,6068,5997,13:10:10.410846
66.270924,5742,5905,13:10:10.410846
66.272782,5887,5831,13:10:10.410846
66.274639,6186,6110,13:10:10.410846
66.276495,5623,5767,13:10:10.410846
66.278351,5828,6073,13:10:10.410846
66.280216,6024,6005,13:10:10.410846
66.282072,5743,6000,13:10:10.410846
66.283929,5614,5951,13:10:10.410846
66.285787,5848,6094,13:10:10.410846
66.287643,5729,5978,13:10:10.410846
66.2895,5555,5857,13:10:10.410846
66.291356,5705,6150,13:10:10.410846
66.293212,5957,6233,13:10:10.410846
66.295069,5905,5979,13:10:10.410846
66.296926,5868,6170,13:10:10.410846
66.298787,5797,6024,13:10:10.410846
66.300644,5886,6001,13:10:10.410846
66.302504,5611,6170,13:10:10.410846
66.30436,5856,6097,13:10:10.410846
66.306231,5950,6043,13:10:10.456080
66.308091,5540,5798,13:10:10.456080
66.309971,5809,6026,13:10:10.456080
66.311873,6060,6046,13:10:10.456080
66.313732,5550,6110,13:10:10.456080
66.315593,5520,6126,13:10:10.456080
66.317451,5981,6317,13:10:10.456080
66.319307,5958,6086,13:10:10.456080
66.321169,5639,5974,13:10:10.456080
66.323026,5575,5912,13:10:10.456080
66.324882,5763,6086,13:10:10.456080
66.326741,5601,5884,13:10:10.456080
66.328597,5718,5881,13:10:10.456080
66.330455,6004,5934,13:10:10.456080
66.332312,5689,5852,13:10:10.456080
66.33417,5672,5813,13:10:10.456080
66.336028,6024,6191,13:10:10.456080
66.337885,5825,5926,13:10:10.456080
66.339745,5690,5881,13:10:10.456080
66.341602,5946,5944,13:10:10.456080
66.34346,6010,6306,13:10:10.456080
66.345316,5836,6120,13:10:10.456080
66.347185,5610,6053,13:10:10.456080
66.349043,5955,6095,13:10:10.456080
66.350899,6128,6008,13:10:10.456080
66.352758,5804,5870,13:10:10.456080
66.354616,5859,6226,13:10:10.506510
66.356483,5883,5711,13:10:10.506510
66.358341,5827,5958,13:10:10.506510
66.360255,5742,5823,13:10:10.506510
66.362125,5557,6022,13:10:10.506510
66.363982,5915,5747,13:10:10.506510
66.365838,5924,6054,13:10:10.506510
66.367697,5717,5995,13:10:10.506510
66.369553,6166,5882,13:10:10.506510
66.371411,5804,5838,13:10:10.506510
66.373268,5577,5777,13:10:10.506510
66.37513,5796,5927,13:10:10.506510
66.376986,5706,5860,13:10:10.506510
66.378843,5614,5809,13:10:10.506510
66.380705,5992,5984,13:10:10.506510
66.382561,5903,5897,13:10:10.506510
66.38442,5737,5844,13:10:10.506510
66.386276,6046,5956,13:10:10.506510
66.388133,5922,5908,13:10:10.506510
66.389991,5895,5956,13:10:10.506510
66.39185,5856,5706,13:10:10.506510
66.393708,5927,6142,13:10:10.506510
66.395564,5740,5676,13:10:10.506510
66.397424,5833,5685,13:10:10.506510
66.399281,5802,5809,13:10:10.506510
66.401137,5898,5887,13:10:10.506510
66.402996,5675,5961,13:10:10.506510
66.404854,5949,6002,13:10:10.556105
66.406726,6006,6043,13:10:10.556105
66.408587,5762,5831,13:10:10.556105
66.410485,5695,5922,13:10:10.556105
66.412381,5838,6028,13:10:10.556105
66.414237,5871,5828,13:10:10.557098
66.416094,5689,6146,13:10:10.557098
66.417952,5823,6138,13:10:10.557098
66.419813,6052,5877,13:10:10.557098
66.421669,5788,5875,13:10:10.557098
66.423525,5886,5777,13:10:10.557098
66.425386,6065,5978,13:10:10.557098
66.427242,5993,5837,13:10:10.557098
66.429098,5486,5932,13:10:10.557098
66.430957,5734,5831,13:10:10.557098
66.432813,5911,5953,13:10:10.557098
66.434672,5503,5591,13:10:10.557098
66.436528,5938,6025,13:10:10.557098
66.438392,5701,5922,13:10:10.557098
66.440249,5842,5680,13:10:10.557098
66.442105,5925,5998,13:10:10.557098
66.443963,5697,6075,13:10:10.557098
66.44582,5807,6005,13:10:10.557098
66.447678,5742,5901,13:10:10.557098
66.449537,5765,5895,13:10:10.557098
66.451393,5964,5917,13:10:10.557098
66.453251,5615,5937,13:10:10.557098
66.45511,5791,5918,13:10:10.605982
66.456972,5944,5961,13:10:10.605982
66.458838,5589,6045,13:10:10.605982
66.46075,5761,6051,13:10:10.605982
66.462625,6007,6032,13:10:10.605982
66.464481,5545,6120,13:10:10.605982
66.46634,5747,5947,13:10:10.605982
66.468196,5613,5882,13:10:10.605982
66.470052,5810,5842,13:10:10.605982
66.471911,5839,5842,13:10:10.605982
66.473768,5716,5970,13:10:10.605982
66.475626,5792,5942,13:10:10.605982
66.477482,5770,5934,13:10:10.605982
66.479344,5757,5648,13:10:10.605982
66.481201,5810,5777,13:10:10.605982
66.483057,5768,6048,13:10:10.605982
66.484917,5883,5937,13:10:10.605982
66.486774,5795,5859,13:10:10.605982
66.48863,5901,6116,13:10:10.605982
66.490487,6045,5810,13:10:10.605982
66.492345,5642,5949,13:10:10.605982
66.494203,5686,6103,13:10:10.605982
66.49606,5990,5892,13:10:10.605982
66.49792,5928,5903,13:10:10.605982
66.499776,5623,6025,13:10:10.605982
66.501635,5879,5934,13:10:10.605982
66.503509,5631,6005,13:10:10.605982
66.505365,5391,6284,13:10:10.658875
66.507234,5695,6242,13:10:10.658875
66.509096,5872,5962,13:10:10.658875
66.511002,5745,6054,13:10:10.658875
66.512859,5853,5932,13:10:10.658875
66.514718,5863,5970,13:10:10.658875
66.516575,5977,5922,13:10:10.658875
66.518432,5586,5883,13:10:10.658875
66.52029,5803,6228,13:10:10.658875
66.522147,5963,5805,13:10:10.658875
66.524003,5849,5951,13:10:10.658875
66.525859,5966,6132,13:10:10.658875
66.527716,6127,5797,13:10:10.658875
66.529572,5955,5929,13:10:10.658875
66.531428,5794,5853,13:10:10.658875
66.533289,5547,5874,13:10:10.658875
66.535145,5865,5760,13:10:10.658875
66.537002,5725,5777,13:10:10.658875
66.53886,5792,5864,13:10:10.658875
66.540716,5870,5698,13:10:10.658875
66.542575,6027,6064,13:10:10.658875
66.544431,5791,6199,13:10:10.658875
66.546291,6082,6115,13:10:10.658875
66.54815,5736,5871,13:10:10.658875
66.550016,5727,5824,13:10:10.658875
66.551878,6035,6085,13:10:10.658875
66.553735,5875,6043,13:10:10.658875
66.555599,5826,5929,13:10:10.706063
66.55746,5773,6040,13:10:10.706063
66.559323,5659,5901,13:10:10.706063
66.561237,5450,5848,13:10:10.706063
66.563114,5709,5865,13:10:10.707061
66.564971,5848,5842,13:10:10.707061
66.566829,5798,5771,13:10:10.708062
66.568685,5879,5948,13:10:10.708062
66.570542,5670,6075,13:10:10.708062
66.572398,5811,6072,13:10:10.708062
66.574257,5842,5950,13:10:10.708062
66.576113,5840,5943,13:10:10.708062
66.57797,5769,6007,13:10:10.708062
66.579828,5541,5800,13:10:10.708062
66.581684,5965,5853,13:10:10.708062
66.583542,5838,5956,13:10:10.708062
66.585399,5735,6018,13:10:10.708062
66.587255,5622,5893,13:10:10.708062
66.589112,5705,5871,13:10:10.708062
66.590977,5848,6040,13:10:10.708062
66.592834,5991,5865,13:10:10.708062
66.594691,5866,5813,13:10:10.708062
66.596549,5996,5911,13:10:10.708062
66.598405,5943,5815,13:10:10.708062
66.600262,5628,5835,13:10:10.708062
66.60212,5663,5805,13:10:10.708062
66.603977,5796,6229,13:10:10.708062
66.605837,5869,5881,13:10:10.758730
66.607701,5647,6010,13:10:10.758730
66.609563,5689,5973,13:10:10.758730
66.611464,5649,5811,13:10:10.758730
66.61332,6052,5971,13:10:10.758730
66.615179,6028,6024,13:10:10.758730
66.617035,5798,6033,13:10:10.758730
66.618891,5696,5984,13:10:10.758730
66.62075,5807,6055,13:10:10.758730
66.62261,5820,5859,13:10:10.758730
66.624466,5821,5988,13:10:10.758730
66.626323,5792,6133,13:10:10.758730
66.628181,5868,5779,13:10:10.758730
66.630038,5895,6062,13:10:10.758730
66.631894,5709,5757,13:10:10.758730
66.633752,5979,5842,13:10:10.758730
66.635609,5871,5897,13:10:10.758730
66.637467,5664,5991,13:10:10.758730
66.639323,6159,5894,13:10:10.758730
66.641188,5976,5713,13:10:10.758730
66.643044,5820,5902,13:10:10.758730
66.6449,5685,5973,13:10:10.758730
66.646759,5593,6056,13:10:10.758730
66.648615,5890,5814,13:10:10.758730
66.650474,6130,6055,13:10:10.758730
66.65233,5760,5811,13:10:10.758730
66.654186,5698,5829,13:10:10.758730
66.656051,5729,5984,13:10:10.806693
66.657921,5716,5863,13:10:10.806693
66.659785,6065,6022,13:10:10.806693
66.661757,6009,6001,13:10:10.806693
66.663616,5820,5972,13:10:10.806693
66.665474,5834,6036,13:10:10.806693
66.66733,5933,6108,13:10:10.808708
66.669187,6114,5954,13:10:10.808708
66.671045,5701,6042,13:10:10.808708
66.672902,5882,5953,13:10:10.808708
66.67476,5628,5893,13:10:10.808708
66.676616,5988,5804,13:10:10.808708
66.678477,5933,5953,13:10:10.808708
66.680333,5733,6190,13:10:10.808708
66.682189,5876,5912,13:10:10.808708
66.684048,5681,6155,13:10:10.808708
66.685904,5858,6105,13:10:10.808708
66.687762,5702,6025,13:10:10.808708
66.689619,6024,6220,13:10:10.808708
66.691479,5818,5940,13:10:10.808708
66.693338,5787,5967,13:10:10.808708
66.695204,6165,5950,13:10:10.808708
66.69706,5804,6187,13:10:10.808708
66.698917,5913,6137,13:10:10.808708
66.700775,5913,6010,13:10:10.808708
66.702631,5741,6214,13:10:10.808708
66.704488,5740,5941,13:10:10.808708
66.706348,6069,5932,13:10:10.861016
66.708226,5546,5685,13:10:10.861016
66.710093,5891,6136,13:10:10.861016
66.711995,5693,5992,13:10:10.861016
66.713854,5692,5930,13:10:10.861016
66.715712,5914,5939,13:10:10.861016
66.717568,5800,5864,13:10:10.861016
66.719427,6043,6046,13:10:10.861016
66.721283,5828,6096,13:10:10.861016
66.723139,6031,6128,13:10:10.861016
66.724998,5827,6045,13:10:10.861016
66.726856,5888,6237,13:10:10.861016
66.728714,5794,5925,13:10:10.861016
66.730571,5873,6152,13:10:10.861016
66.732429,5867,6029,13:10:10.861016
66.734286,6268,5905,13:10:10.861016
66.736142,5936,6125,13:10:10.861016
66.738,5956,5857,13:10:10.861016
66.739857,5672,5915,13:10:10.861016
66.741715,5953,5961,13:10:10.861016
66.743571,5868,5905,13:10:10.861016
66.745428,5798,6026,13:10:10.861016
66.747286,5884,5930,13:10:10.861016
66.74915,5914,5938,13:10:10.861016
66.751007,5658,5899,13:10:10.861016
66.752865,5983,6041,13:10:10.861016
66.754724,5877,5995,13:10:10.907745
66.756592,6016,6217,13:10:10.907745
66.758452,5935,6189,13:10:10.907745
66.760372,5909,6143,13:10:10.907745
66.762235,6108,5936,13:10:10.907745
66.764091,5894,5937,13:10:10.907745
66.765961,5164,6016,13:10:10.907745
66.767836,5883,5910,13:10:10.907745
66.769696,5925,5858,13:10:10.907745
66.771553,6130,6133,13:10:10.907745
66.773409,5957,5913,13:10:10.907745
66.775267,5927,6029,13:10:10.907745
66.777124,5990,6025,13:10:10.907745
66.77898,5716,6021,13:10:10.907745
66.780836,6010,5704,13:10:10.907745
66.782695,5970,5892,13:10:10.907745
66.784551,6040,6143,13:10:10.907745
66.786408,5992,6066,13:10:10.907745
66.788266,6183,5914,13:10:10.907745
66.790122,5953,5900,13:10:10.907745
66.791979,5956,6032,13:10:10.907745
66.793835,6017,6118,13:10:10.907745
66.795699,5904,6204,13:10:10.907745
66.797556,5903,5773,13:10:10.907745
66.799412,5594,5941,13:10:10.907745
66.801271,5868,6105,13:10:10.907745
66.803127,5805,6057,13:10:10.907745
66.804983,6101,5974,13:10:10.957165
66.806852,5858,6110,13:10:10.957165
66.808712,5858,5942,13:10:10.957165
66.810608,6067,6001,13:10:10.957165
66.81249,5871,6014,13:10:10.957165
66.814347,5893,6006,13:10:10.957165
66.816203,6027,6158,13:10:10.957165
66.81806,5695,6155,13:10:10.957165
66.819918,5727,5956,13:10:10.957165
66.821774,6192,6169,13:10:10.957165
66.823633,6059,6019,13:10:10.957165
66.825489,6159,6022,13:10:10.957165
66.827345,5802,6170,13:10:10.957165
66.829202,5969,6000,13:10:10.957165
66.831068,5910,6151,13:10:10.957165
66.832925,5984,5986,13:10:10.957165
66.834783,6031,6163,13:10:10.957165
66.836641,5719,5898,13:10:10.957165
66.838498,6025,6019,13:10:10.957165
66.840354,5970,5984,13:10:10.957165
66.842212,6013,6244,13:10:10.957165
66.844069,5835,5877,13:10:10.957165
66.845925,5741,6121,13:10:10.957165
66.847784,5920,5982,13:10:10.957165
66.849646,5832,6019,13:10:10.957165
66.851502,5931,6153,13:10:10.957165
66.853359,5902,5900,13:10:10.957165
66.855217,6021,5962,13:10:11.008860
66.857085,5849,6256,13:10:11.008860
66.858954,5822,6109,13:10:11.008860
66.860866,5654,6114,13:10:11.008860
66.862722,6003,6066,13:10:11.008860
66.864581,5821,6177,13:10:11.008860
66.866437,5966,5731,13:10:11.008860
66.868295,5881,5915,13:10:11.008860
66.870152,5784,6108,13:10:11.009866
66.872009,5806,6122,13:10:11.009866
66.873867,5893,6204,13:10:11.009866
66.875723,5790,6184,13:10:11.009866
66.877579,5841,5902,13:10:11.009866
66.879436,5696,5886,13:10:11.009866
66.881292,5890,6091,13:10:11.009866
66.883148,5745,6040,13:10:11.009866
66.885014,5754,5977,13:10:11.009866
66.886873,5821,5950,13:10:11.009866
66.88873,5901,6268,13:10:11.009866
66.890588,5901,6052,13:10:11.009866
66.892444,6033,6126,13:10:11.009866
66.894301,6005,6401,13:10:11.009866
66.896159,6157,5951,13:10:11.010865
66.898015,5958,6117,13:10:11.010865
66.899876,5906,5974,13:10:11.010865
66.901732,5976,6049,13:10:11.010865
66.903593,5855,6047,13:10:11.010865
66.905451,5829,5975,13:10:11.058527
66.907314,5890,6181,13:10:11.058527
66.909176,5904,6020,13:10:11.058527
66.91107,5540,6036,13:10:11.058527
66.912951,5682,6265,13:10:11.058527
66.914827,5931,6153,13:10:11.058527
66.916683,5834,6120,13:10:11.058527
66.918541,5902,5821,13:10:11.058527
66.920398,5808,5992,13:10:11.058527
66.922254,5983,6011,13:10:11.058527
66.924112,5802,5891,13:10:11.058527
66.925977,5847,5759,13:10:11.058527
66.927835,5787,6026,13:10:11.058527
66.929692,5877,5778,13:10:11.058527
66.931556,5892,5971,13:10:11.058527
66.933412,5963,6213,13:10:11.058527
66.935269,5840,5844,13:10:11.058527
66.937127,6092,5890,13:10:11.058527
66.938983,5827,5879,13:10:11.058527
66.940842,6062,6123,13:10:11.058527
66.942698,5913,6183,13:10:11.058527
66.944561,5991,6220,13:10:11.058527
66.946417,6074,6042,13:10:11.058527
66.948274,5841,6161,13:10:11.058527
66.950134,5966,5988,13:10:11.058527
66.95199,6102,5999,13:10:11.058527
66.953848,5987,6073,13:10:11.058527
66.955707,5900,6125,13:10:11.112667
66.957573,5983,5904,13:10:11.112667
66.959435,6085,6070,13:10:11.112667
66.961346,5453,6197,13:10:11.112667
66.963209,5683,6302,13:10:11.112667
66.9651,5658,5941,13:10:11.112667
66.966957,5845,6124,13:10:11.112667
66.968817,6069,5738,13:10:11.112667
66.970673,6047,6062,13:10:11.112667
66.972532,6088,6009,13:10:11.112667
66.97439,5998,6157,13:10:11.112667
66.976256,6032,6004,13:10:11.112667
66.978113,5824,5959,13:10:11.112667
66.979969,5953,6107,13:10:11.112667
66.981828,5932,6111,13:10:11.112667
66.983684,5896,6026,13:10:11.112667
66.985546,5856,6032,13:10:11.112667
66.987405,5975,5949,13:10:11.112667
66.989261,5710,5819,13:10:11.112667
66.991117,6232,5899,13:10:11.112667
66.992974,6014,6410,13:10:11.112667
66.994834,6036,5749,13:10:11.112667
66.996693,5882,5654,13:10:11.112667
66.998549,6065,6056,13:10:11.112667
67.000407,5965,5990,13:10:11.112667
67.002264,6053,6193,13:10:11.112667
67.004122,5919,5983,13:10:11.112667
67.005988,6072,6047,13:10:11.163048
67.007851,6085,6085,13:10:11.163048
67.009721,6044,6246,13:10:11.163048
67.011637,6025,6022,13:10:11.168037
67.013496,5804,5993,13:10:11.168037
67.015354,6115,5909,13:10:11.168037
67.017215,3761,5907,13:10:11.168037
67.019075,5941,5817,13:10:11.168037
67.020931,5937,5796,13:10:11.168037
67.022789,6010,6012,13:10:11.168037
67.024646,5751,5877,13:10:11.168037
67.026502,6140,5970,13:10:11.168037
67.028361,6123,5953,13:10:11.168037
67.030217,5984,6023,13:10:11.168037
67.032075,5975,6129,13:10:11.168037
67.033932,6183,6010,13:10:11.168037
67.035792,5988,6271,13:10:11.168037
67.037648,6042,6233,13:10:11.168037
67.039505,6040,5994,13:10:11.168037
67.041363,5934,6062,13:10:11.168037
67.04322,5738,6027,13:10:11.168037
67.045078,5864,6069,13:10:11.168037
67.046934,5929,5973,13:10:11.168037
67.048793,5960,6303,13:10:11.168037
67.050649,5963,5949,13:10:11.168037
67.052513,5954,6059,13:10:11.168037
67.05437,5873,6297,13:10:11.168037
67.05623,5971,6197,13:10:11.218251
67.058094,6078,6274,13:10:11.218251
67.059977,5743,6000,13:10:11.218251
67.061927,5749,5754,13:10:11.218251
67.063785,5919,5953,13:10:11.218251
67.065655,5671,6208,13:10:11.218251
67.067544,4720,6087,13:10:11.218251
67.069402,6018,6095,13:10:11.218251
67.071258,6076,6153,13:10:11.218251
67.073119,5792,6008,13:10:11.218251
67.075007,6023,5981,13:10:11.218251
67.076865,5786,6062,13:10:11.218251
67.078724,5790,6071,13:10:11.218251
67.08058,5978,5878,13:10:11.218251
67.082436,5708,6270,13:10:11.218251
67.084295,6168,6070,13:10:11.218251
67.086155,5914,6019,13:10:11.218251
67.088013,6007,6073,13:10:11.218251
67.089874,6031,6195,13:10:11.218251
67.091736,5986,5942,13:10:11.218251
67.093593,6168,6239,13:10:11.218251
67.095452,5848,5861,13:10:11.218251
67.097309,5941,5873,13:10:11.218251
67.099166,5788,5794,13:10:11.218251
67.101024,6026,6243,13:10:11.218251
67.10288,5959,5962,13:10:11.218251
67.104737,5972,6349,13:10:11.265060
67.106599,6113,6057,13:10:11.265060
67.108464,6099,6043,13:10:11.265060
67.110378,5918,6125,13:10:11.265060
67.112238,5458,5803,13:10:11.265060
67.114096,5642,6074,13:10:11.265060
67.115955,6069,6072,13:10:11.265060
67.117813,5986,6487,13:10:11.265060
67.119675,6001,6101,13:10:11.265060
67.121532,6116,5966,13:10:11.266075
67.123388,6112,6021,13:10:11.266075
67.125247,6082,6137,13:10:11.267067
67.127105,5857,6344,13:10:11.267067
67.128961,6013,5822,13:10:11.267067
67.130818,5867,5999,13:10:11.268067
67.132676,5826,6075,13:10:11.268067
67.134532,5980,6019,13:10:11.268067
67.136389,6098,6221,13:10:11.268067
67.138247,5970,6210,13:10:11.268067
67.140104,5907,6163,13:10:11.268067
67.141962,6010,5889,13:10:11.268067
67.143818,5978,5947,13:10:11.268067
67.145683,6000,6034,13:10:11.269067
67.147539,5827,6046,13:10:11.269067
67.149395,6005,6068,13:10:11.269067
67.151254,6033,6048,13:10:11.269067
67.15311,5891,5760,13:10:11.269067
67.154967,6250,6012,13:10:11.316231
67.156837,6072,6137,13:10:11.316231
67.158697,5951,6253,13:10:11.316231
67.160595,5873,6145,13:10:11.316231
67.162454,5955,6077,13:10:11.316231
67.164322,5660,6086,13:10:11.316231
67.166182,5228,6010,13:10:11.316231
67.168039,5910,6213,13:10:11.316231
67.1699,2508,6134,13:10:11.316231
67.171762,6010,6156,13:10:11.316231
67.17363,5713,5960,13:10:11.316231
67.175498,5984,6286,13:10:11.316231
67.177355,6146,6098,13:10:11.316231
67.179215,5879,6034,13:10:11.316231
67.181071,5874,5848,13:10:11.316231
67.18293,5980,5993,13:10:11.316231
67.184786,6126,5825,13:10:11.316231
67.186642,6401,5946,13:10:11.316231
67.188499,5997,6011,13:10:11.316231
67.190355,6233,6122,13:10:11.316231
67.192214,6012,6065,13:10:11.316231
67.19407,6026,6143,13:10:11.316231
67.195928,6248,6069,13:10:11.316231
67.197785,5940,6006,13:10:11.316231
67.199641,5898,5832,13:10:11.316231
67.201499,6000,6173,13:10:11.316231
67.203362,5938,6120,13:10:11.316231
67.205218,5675,6191,13:10:11.366377
67.207084,6092,6123,13:10:11.366377
67.208951,5784,6000,13:10:11.366377
67.210851,5277,6323,13:10:11.366377
67.212709,5721,6072,13:10:11.366377
67.21457,6038,6162,13:10:11.366377
67.216426,5813,5848,13:10:11.366377
67.218286,5997,6063,13:10:11.366377
67.220179,5193,5941,13:10:11.366377
67.222041,5999,6095,13:10:11.366377
67.223899,5917,5994,13:10:11.366377
67.225756,5695,6089,13:10:11.366377
67.227612,5905,6233,13:10:11.366377
67.22947,6063,5964,13:10:11.366377
67.231334,6200,5896,13:10:11.366377
67.233191,5724,6141,13:10:11.366377
67.235047,6086,6319,13:10:11.366377
67.236906,6108,6134,13:10:11.366377
67.238762,6088,6027,13:10:11.366377
67.240619,5876,6190,13:10:11.366377
67.242475,5900,6058,13:10:11.366377
67.244331,6145,6117,13:10:11.366377
67.246188,6103,6035,13:10:11.366377
67.248044,6020,6089,13:10:11.366377
67.249906,6051,6153,13:10:11.366377
67.251763,6053,6220,13:10:11.366377
67.253619,6031,5910,13:10:11.367377
67.25548,6114,5925,13:10:11.419403
67.257344,6013,6319,13:10:11.419403
67.259207,5668,6214,13:10:11.419403
67.261124,5757,6296,13:10:11.419403
67.262983,5973,6034,13:10:11.419403
67.264843,5842,6049,13:10:11.419403
67.266699,6122,6120,13:10:11.419403
67.268568,4955,6140,13:10:11.419403
67.270436,5255,6429,13:10:11.419403
67.272316,5753,5899,13:10:11.419403
67.274175,6038,6249,13:10:11.419403
67.276033,6042,6033,13:10:11.419403
67.277893,5791,5999,13:10:11.419403
67.27975,6119,6091,13:10:11.419403
67.281607,5909,6033,13:10:11.419403
67.283469,6116,5913,13:10:11.419403
67.285325,5815,6272,13:10:11.419403
67.287183,5854,6080,13:10:11.419403
67.28904,5983,5985,13:10:11.419403
67.290896,6115,5875,13:10:11.419403
67.292754,5965,6034,13:10:11.419403
67.294613,6014,5987,13:10:11.419403
67.296471,6071,6245,13:10:11.419403
67.298327,5726,6196,13:10:11.419403
67.300188,5836,5867,13:10:11.419403
67.302044,5813,6108,13:10:11.419403
67.303901,5940,6182,13:10:11.419403
67.305763,5816,5934,13:10:11.470011
67.307623,5846,6078,13:10:11.470011
67.309487,5940,6249,13:10:11.470011
67.311394,5751,6053,13:10:11.470011
67.313252,6008,6301,13:10:11.470011
67.315109,5992,5927,13:10:11.470011
67.316965,5814,5931,13:10:11.470011
67.318823,5422,5946,13:10:11.470011
67.32068,5562,5993,13:10:11.470011
67.322536,5981,6212,13:10:11.470011
67.324398,2778,6125,13:10:11.470011
67.326305,6008,5868,13:10:11.470011
67.328167,6071,6073,13:10:11.470011
67.330023,6118,6430,13:10:11.470011
67.33188,5883,5869,13:10:11.470011
67.333738,5865,6383,13:10:11.470011
67.335594,5837,6055,13:10:11.470011
67.337451,6157,6012,13:10:11.470011
67.339307,5945,5750,13:10:11.470011
67.341163,6086,5974,13:10:11.470011
67.34302,6016,5802,13:10:11.470011
67.344877,5841,6221,13:10:11.470011
67.346739,5975,6206,13:10:11.470011
67.348595,6062,6117,13:10:11.470011
67.350453,6310,5945,13:10:11.470011
67.35231,5933,5979,13:10:11.470011
67.354166,6016,5939,13:10:11.470011
67.356036,5984,6329,13:10:11.524403
67.357897,6020,6125,13:10:11.524403
67.359763,5970,6095,13:10:11.524403
67.361679,5592,6013,13:10:11.524403
67.363536,5859,5915,13:10:11.524403
67.365392,5562,6055,13:10:11.524403
67.367248,5530,6016,13:10:11.524403
67.369107,6085,6153,13:10:11.524403
67.370965,5473,6045,13:10:11.524403
67.372827,4589,6181,13:10:11.524403
67.374688,2149,6035,13:10:11.524403
67.376546,6034,6242,13:10:11.524403
67.378404,5938,5998,13:10:11.524403
67.380261,5927,5833,13:10:11.524403
67.382121,5909,5850,13:10:11.524403
67.38398,5895,6086,13:10:11.524403
67.385846,5874,6153,13:10:11.524403
67.387702,5960,6054,13:10:11.524403
67.389559,5795,6423,13:10:11.524403
67.391417,5864,5971,13:10:11.524403
67.393273,5971,5848,13:10:11.524403
67.39513,5961,6069,13:10:11.524403
67.396988,6049,6439,13:10:11.524403
67.398846,6016,6051,13:10:11.524403
67.400705,5962,6058,13:10:11.524403
67.402561,5777,6122,13:10:11.524403
67.404424,5748,6006,13:10:11.524403
67.4063,6009,6260,13:10:11.579863
67.408165,5968,6232,13:10:11.579863
67.410046,6057,6126,13:10:11.579863
67.411927,5954,5867,13:10:11.579863
67.413787,6000,6080,13:10:11.579863
67.415647,6005,6322,13:10:11.579863
67.417504,6065,5849,13:10:11.579863
67.419362,5864,6382,13:10:11.579863
67.421219,5586,6070,13:10:11.579863
67.423081,5795,6087,13:10:11.579863
67.424959,5665,6193,13:10:11.579863
67.426817,2765,6070,13:10:11.579863
67.428684,6030,5872,13:10:11.579863
67.43054,5775,5823,13:10:11.579863
67.432401,6129,5969,13:10:11.579863
67.434259,5981,6151,13:10:11.579863
67.436116,6040,6237,13:10:11.579863
67.437978,5683,6014,13:10:11.579863
67.439836,6133,6249,13:10:11.579863
67.441694,6019,6168,13:10:11.579863
67.443551,6132,6273,13:10:11.579863
67.445407,6127,6127,13:10:11.579863
67.447266,6062,6049,13:10:11.579863
67.449125,5898,6128,13:10:11.579863
67.450984,5907,6096,13:10:11.579863
67.452843,6085,6166,13:10:11.579863
67.454707,5753,6264,13:10:11.622555
67.456571,5853,6064,13:10:11.622555
67.45844,5958,6058,13:10:11.622555
67.460341,5984,6094,13:10:11.622555
67.462206,5875,6133,13:10:11.622555
67.464063,6060,6290,13:10:11.622555
67.465921,5984,6161,13:10:11.622555
67.467777,5852,6408,13:10:11.622555
67.469636,5794,6406,13:10:11.622555
67.471492,5982,6084,13:10:11.622555
67.47336,6273,5942,13:10:11.622555
67.475235,5793,6136,13:10:11.622555
67.477111,5963,6327,13:10:11.622555
67.478969,5922,6366,13:10:11.622555
67.480826,5805,5883,13:10:11.622555
67.482688,5850,6150,13:10:11.622555
67.484552,5585,6008,13:10:11.622555
67.486412,6163,6310,13:10:11.622555
67.488269,6137,6084,13:10:11.622555
67.490126,6111,6157,13:10:11.622555
67.491984,5956,6406,13:10:11.622555
67.49384,5917,6136,13:10:11.622555
67.495697,5994,5995,13:10:11.622555
67.497553,6083,6016,13:10:11.622555
67.499409,5926,5949,13:10:11.622555
67.501266,6169,5927,13:10:11.622555
67.503122,5946,6172,13:10:11.623540
67.504984,6114,6349,13:10:11.674163
67.506853,6233,6270,13:10:11.674163
67.508713,6065,6255,13:10:11.674163
67.510615,6071,6008,13:10:11.674163
67.512474,5936,6261,13:10:11.674163
67.51433,6171,6111,13:10:11.674163
67.516188,5737,6152,13:10:11.674163
67.518047,5443,5994,13:10:11.674163
67.519903,5928,6104,13:10:11.674163
67.521761,6255,6169,13:10:11.674163
67.52362,5975,6177,13:10:11.674163
67.525476,5469,6128,13:10:11.674163
67.527333,3440,6124,13:10:11.674163
67.529219,6347,6129,13:10:11.674163
67.531075,5932,6170,13:10:11.674163
67.532934,5901,5990,13:10:11.674163
67.534792,6086,5975,13:10:11.675168
67.536648,5949,6324,13:10:11.675168
67.538507,5953,6198,13:10:11.675168
67.540367,6069,6052,13:10:11.675168
67.542225,6027,6259,13:10:11.675168
67.544082,6128,6190,13:10:11.675168
67.545948,5980,6062,13:10:11.675168
67.547804,6008,5791,13:10:11.675168
67.549661,5922,5806,13:10:11.675168
67.551519,6247,5680,13:10:11.675168
67.553378,6165,5962,13:10:11.675168
67.555236,5723,6175,13:10:11.726316
67.557102,5830,5947,13:10:11.726316
67.558963,5946,6066,13:10:11.726316
67.560857,5752,6192,13:10:11.726316
67.562713,5739,5907,13:10:11.726316
67.564574,5289,5846,13:10:11.726316
67.56643,6028,6159,13:10:11.726316
67.568286,5725,5968,13:10:11.726316
67.570145,5241,5841,13:10:11.726316
67.572002,5425,6020,13:10:11.726316
67.573861,6171,6066,13:10:11.726316
67.575718,5663,6054,13:10:11.726316
67.577584,6054,6452,13:10:11.726316
67.579442,5046,6318,13:10:11.726316
67.581299,6116,6114,13:10:11.726316
67.583157,5778,6175,13:10:11.726316
67.585013,5993,6060,13:10:11.726316
67.586874,5655,6089,13:10:11.726316
67.58873,5995,6142,13:10:11.726316
67.590587,5995,6175,13:10:11.726316
67.592444,5807,6174,13:10:11.726316
67.594304,5905,6129,13:10:11.726316
67.596162,5651,5983,13:10:11.726316
67.598018,5986,6032,13:10:11.726316
67.599876,5934,6035,13:10:11.726316
67.601733,6042,6229,13:10:11.726316
67.603589,5816,6132,13:10:11.726316
67.605451,5994,6005,13:10:11.776908
67.607326,6034,5999,13:10:11.776908
67.609188,6348,6079,13:10:11.776908
67.611086,5768,6070,13:10:11.776908
67.612947,5956,6025,13:10:11.776908
67.614809,5848,6324,13:10:11.776908
67.616665,5964,6224,13:10:11.776908
67.618524,6152,5841,13:10:11.776908
67.62038,6039,6103,13:10:11.776908
67.622237,6022,6289,13:10:11.777891
67.624093,5118,5883,13:10:11.777891
67.625949,6019,6267,13:10:11.777891
67.627806,5494,6075,13:10:11.777891
67.629689,5669,6225,13:10:11.777891
67.631562,4749,6042,13:10:11.777891
67.633421,5928,5987,13:10:11.777891
67.635277,5918,6197,13:10:11.777891
67.637133,6087,6161,13:10:11.777891
67.63899,6014,6183,13:10:11.777891
67.640854,6091,6088,13:10:11.777891
67.64271,6328,5991,13:10:11.777891
67.644567,6002,6018,13:10:11.777891
67.646425,5903,6258,13:10:11.777891
67.648282,5983,6243,13:10:11.777891
67.650138,6037,6059,13:10:11.777891
67.651994,5893,5975,13:10:11.777891
67.653851,5939,6085,13:10:11.777891
67.655711,6165,5971,13:10:11.828079
67.657575,5805,6117,13:10:11.828079
67.659438,5847,6203,13:10:11.828079
67.661342,5643,6203,13:10:11.829074
67.6632,5771,6230,13:10:11.829074
67.665059,6065,5970,13:10:11.829074
67.666915,5944,6199,13:10:11.829074
67.668775,5957,6002,13:10:11.829074
67.670632,6117,6043,13:10:11.829074
67.67249,6058,6073,13:10:11.829074
67.674346,5910,6458,13:10:11.829074
67.676203,4628,6195,13:10:11.829074
67.678067,6005,6253,13:10:11.830073
67.679926,5995,6269,13:10:11.830073
67.681792,4328,6123,13:10:11.830073
67.683648,6221,5985,13:10:11.830073
67.685505,6045,6256,13:10:11.830073
67.687374,5744,6311,13:10:11.830073
67.689249,5872,6503,13:10:11.830073
67.691108,5995,6187,13:10:11.830073
67.692964,5930,6310,13:10:11.830073
67.69482,5857,6280,13:10:11.830073
67.696677,5938,6009,13:10:11.830073
67.698534,5953,6212,13:10:11.830073
67.700391,5981,6211,13:10:11.830073
67.702248,6006,6111,13:10:11.830073
67.704106,6052,6262,13:10:11.830073
67.705971,5982,6108,13:10:11.878905
67.707831,5901,6199,13:10:11.878905
67.709693,5986,6093,13:10:11.878905
67.711603,5791,6013,13:10:11.878905
67.71346,5702,6146,13:10:11.878905
67.715318,5568,6009,13:10:11.878905
67.717181,5692,6129,13:10:11.878905
67.719039,5104,5921,13:10:11.878905
67.720895,5511,6089,13:10:11.878905
67.722754,5869,6211,13:10:11.878905
67.72461,5197,6292,13:10:11.878905
67.726466,5439,5939,13:10:11.878905
67.728325,5862,6209,13:10:11.878905
67.730183,5887,6137,13:10:11.878905
67.732042,3431,6214,13:10:11.878905
67.7339,6052,6037,13:10:11.878905
67.735758,6016,6503,13:10:11.878905
67.737615,5973,6054,13:10:11.878905
67.739471,6147,6176,13:10:11.878905
67.741329,6272,6056,13:10:11.878905
67.743186,6050,5887,13:10:11.878905
67.745044,6037,6074,13:10:11.878905
67.746901,6030,6345,13:10:11.878905
67.748757,5864,5967,13:10:11.878905
67.750615,6015,5912,13:10:11.878905
67.752479,5943,6182,13:10:11.878905
67.754336,6169,6286,13:10:11.878905
67.75621,6050,6005,13:10:11.935178
67.758071,5891,6200,13:10:11.935178
67.759943,6141,6225,13:10:11.935178
67.761833,6119,6536,13:10:11.935178
67.763692,5735,6262,13:10:11.935178
67.765548,5990,6163,13:10:11.935178
67.767408,5227,6287,13:10:11.935178
67.769267,5820,6179,13:10:11.935178
67.771127,5840,6132,13:10:11.935178
67.772983,5584,6221,13:10:11.935178
67.77484,6024,6035,13:10:11.935178
67.776698,6009,6081,13:10:11.935178
67.778554,5678,6240,13:10:11.935887
67.780415,5999,6124,13:10:11.935887
67.782281,5934,6309,13:10:11.935887
67.784161,4518,6164,13:10:11.935887
67.78602,6290,5958,13:10:11.935887
67.787904,5988,6176,13:10:11.935887
67.789762,6041,6024,13:10:11.935887
67.791623,5965,6315,13:10:11.935887
67.793479,6222,6259,13:10:11.935887
67.795337,5984,6177,13:10:11.935887
67.797194,6064,6271,13:10:11.935887
67.79905,6036,6314,13:10:11.935887
67.800909,5965,6140,13:10:11.935887
67.802771,5744,6430,13:10:11.935887
67.804629,5921,6361,13:10:11.982453
67.806498,5918,6139,13:10:11.982453
67.808362,6242,6108,13:10:11.982453
67.810256,6013,6092,13:10:11.982453
67.81213,5888,6113,13:10:11.982453
67.813989,5946,6296,13:10:11.982453
67.815845,6040,6077,13:10:11.982453
67.817702,5814,6178,13:10:11.982453
67.81956,5891,6139,13:10:11.982453
67.821419,4540,5838,13:10:11.982453
67.823277,5219,6544,13:10:11.982453
67.825133,5075,6073,13:10:11.982453
67.827001,5359,6035,13:10:11.982453
67.82886,6203,6146,13:10:11.982453
67.830716,6049,6165,13:10:11.982453
67.832574,6231,6254,13:10:11.982453
67.834431,5988,6341,13:10:11.982453
67.836289,5994,5893,13:10:11.982453
67.838146,5391,6292,13:10:11.982453
67.84001,4689,6306,13:10:11.982453
67.84189,6049,6035,13:10:11.982453
67.843746,6053,6091,13:10:11.982453
67.845605,6321,6453,13:10:11.982453
67.847461,6129,5809,13:10:11.982453
67.84932,6053,6147,13:10:11.982453
67.851178,6257,6325,13:10:11.982453
67.853035,6147,5993,13:10:11.982453
67.854897,6097,6241,13:10:12.033698
67.856767,6261,6081,13:10:12.033698
67.858635,5909,6228,13:10:12.033698
67.860547,6297,6233,13:10:12.033698
67.862408,5867,6058,13:10:12.033698
67.864266,5558,6326,13:10:12.033698
67.866123,6203,5835,13:10:12.033698
67.867979,5781,6216,13:10:12.033698
67.869837,5927,6258,13:10:12.033698
67.871694,5375,5963,13:10:12.033698
67.87355,5753,6172,13:10:12.033698
67.875406,6076,6162,13:10:12.033698
67.877265,6059,6116,13:10:12.033698
67.879121,5875,5953,13:10:12.033698
67.880977,6243,6107,13:10:12.033698
67.882838,5818,6101,13:10:12.033698
67.884696,5147,6208,13:10:12.033698
67.886555,4406,6357,13:10:12.033698
67.888411,5827,6219,13:10:12.033698
67.890271,6212,6175,13:10:12.033698
67.892128,6077,6197,13:10:12.033698
67.894016,6283,6231,13:10:12.033698
67.895876,6069,6236,13:10:12.033698
67.897733,5877,6257,13:10:12.033698
67.899595,6093,6241,13:10:12.034698
67.901451,6197,6239,13:10:12.034698
67.903308,5892,6260,13:10:12.034698
67.905166,6017,6247,13:10:12.083402
67.907029,6159,6202,13:10:12.083402
67.908889,6185,6272,13:10:12.083402
67.910815,6240,6317,13:10:12.083402
67.912671,5867,6245,13:10:12.083402
67.91453,5491,6190,13:10:12.083402
67.916386,5755,6032,13:10:12.083402
67.918244,5502,6105,13:10:12.083402
67.920101,5305,6307,13:10:12.083402
67.921957,5961,6468,13:10:12.083402
67.923816,6151,6129,13:10:12.083402
67.925674,5954,6293,13:10:12.083402
67.927532,5553,6025,13:10:12.083402
67.929389,5567,6027,13:10:12.083402
67.931247,5287,6055,13:10:12.083402
67.933103,6204,6171,13:10:12.083402
67.934969,5942,6129,13:10:12.083402
67.936844,5961,6214,13:10:12.083402
67.938706,2097,6152,13:10:12.084393
67.940573,6072,6073,13:10:12.084393
67.942431,5978,6121,13:10:12.084393
67.944288,5845,6306,13:10:12.084393
67.946146,5962,6312,13:10:12.084393
67.948002,6044,6178,13:10:12.084393
67.94986,6115,6055,13:10:12.084393
67.951717,6186,6215,13:10:12.084393
67.953573,6257,6274,13:10:12.084393
67.955432,5996,6120,13:10:12.135569
67.957298,5781,6229,13:10:12.135569
67.959158,6248,6389,13:10:12.136578
67.961056,6157,6144,13:10:12.136578
67.962913,5962,6188,13:10:12.136578
67.964771,6026,6365,13:10:12.136578
67.966628,5819,5966,13:10:12.136578
67.968486,5163,5984,13:10:12.136578
67.970342,5950,6210,13:10:12.136578
67.972199,5667,6045,13:10:12.136578
67.974055,5348,5987,13:10:12.136578
67.975912,5285,6078,13:10:12.136578
67.977774,5410,6222,13:10:12.136578
67.97963,6302,6120,13:10:12.136578
67.981489,6213,6244,13:10:12.136578
67.983345,6221,6360,13:10:12.136578
67.985207,5322,6282,13:10:12.136578
67.987082,5729,6366,13:10:12.136578
67.988968,5383,6483,13:10:12.136578
67.99083,5947,6447,13:10:12.136578
67.992688,6037,6361,13:10:12.136578
67.994545,6120,6169,13:10:12.136578
67.996403,5694,5964,13:10:12.136578
67.99826,5943,6196,13:10:12.136578
68.000118,5883,6045,13:10:12.136578
68.001974,5879,5976,13:10:12.136578
68.003833,5847,6123,13:10:12.136578
68.005693,6367,6220,13:10:12.187210
68.007557,5929,5986,13:10:12.187210
68.009419,5883,6320,13:10:12.187210
68.01133,6092,6054,13:10:12.187210
68.013186,6224,6272,13:10:12.187210
68.015049,5813,5956,13:10:12.187210
68.016905,5570,6438,13:10:12.187210
68.018765,6120,6170,13:10:12.187210
68.020622,5861,6260,13:10:12.187210
68.02248,6667,6707,13:10:12.187210
68.024339,6151,5734,13:10:12.187210
68.026195,5395,6186,13:10:12.187210
68.028053,6562,6371,13:10:12.187210
68.02991,5533,6026,13:10:12.189641
68.031768,5867,6175,13:10:12.189641
68.033624,5968,6265,13:10:12.189641
68.035481,5098,6043,13:10:12.189641
68.037339,4981,6233,13:10:12.189641
68.039201,6164,6725,13:10:12.189641
68.041078,6120,6116,13:10:12.189641
68.042956,5834,5931,13:10:12.189641
68.044812,6295,6193,13:10:12.189641
68.046671,6377,6288,13:10:12.189641
68.048527,6129,5927,13:10:12.189641
68.050384,5872,6018,13:10:12.189641
68.05224,6614,6250,13:10:12.189641
68.054106,6127,6323,13:10:12.189641
68.055977,6137,6127,13:10:12.238365
68.057838,6214,6239,13:10:12.238365
68.059699,6071,6191,13:10:12.238365
68.061594,5607,5920,13:10:12.238365
68.063462,5657,6055,13:10:12.238365
68.065318,6037,6322,13:10:12.238365
68.067175,6178,6201,13:10:12.238365
68.069031,6160,6119,13:10:12.238365
68.070887,5751,6349,13:10:12.238365
68.072748,6100,6211,13:10:12.238365
68.074604,6070,6167,13:10:12.238365
68.07646,5931,6454,13:10:12.238365
68.078319,6135,6106,13:10:12.238365
68.080175,5059,6122,13:10:12.238365
68.082034,4892,6077,13:10:12.238365
68.08389,5569,6301,13:10:12.238365
68.08575,6262,5933,13:10:12.238365
68.087611,5629,6141,13:10:12.238365
68.089479,6368,6297,13:10:12.238365
68.091339,5245,6441,13:10:12.238365
68.093198,5951,6017,13:10:12.238365
68.09506,6078,6310,13:10:12.238365
68.096916,6131,6234,13:10:12.238365
68.098775,5956,6310,13:10:12.238365
68.100633,5855,6277,13:10:12.238365
68.10249,6095,6175,13:10:12.238365
68.104348,6314,6480,13:10:12.238365
68.106224,6066,6224,13:10:12.255955
68.108085,5929,6334,13:10:12.255955
68.109963,6238,6493,13:10:12.255955
68.111839,5949,6051,13:10:12.255955
68.113697,5748,6038,13:10:12.255955
68.115556,5831,6283,13:10:12.255955
68.117412,5429,6049,13:10:12.255955
68.119271,6063,6286,13:10:12.255955
68.121127,5938,6294,13:10:12.255955
68.122991,6079,6112,13:10:12.255955
68.124848,6050,5977,13:10:12.255955
68.12671,5195,6261,13:10:12.255955
68.128566,6007,6358,13:10:12.300328
68.130423,5831,6102,13:10:12.300328
68.132285,5472,5989,13:10:12.300328
68.134142,4833,6064,13:10:12.300328
68.136,5486,6306,13:10:12.300328
68.137856,5749,6010,13:10:12.300328
68.139713,6017,6307,13:10:12.300328
68.1416,6036,6583,13:10:12.300328
68.143473,3685,6210,13:10:12.300328
68.145332,5901,6115,13:10:12.300328
68.147188,5912,6222,13:10:12.300328
68.149044,6134,6159,13:10:12.300328
68.150903,5975,6168,13:10:12.300328
68.152761,6043,6187,13:10:12.300328
68.154617,6523,6305,13:10:12.306225
68.156484,6084,5974,13:10:12.306225
68.158344,6021,6065,13:10:12.306225
68.160258,6241,6256,13:10:12.306225
68.162196,5910,5973,13:10:12.306225
68.164055,5771,5931,13:10:12.306225
68.165919,5920,6185,13:10:12.306225
68.167776,6477,6389,13:10:12.306225
68.169634,5871,6237,13:10:12.306225
68.17149,5247,6189,13:10:12.306225
68.173347,6098,6027,13:10:12.306225
68.175205,5986,6128,13:10:12.306225
68.177063,5822,6448,13:10:12.306225
68.178922,5506,6445,13:10:12.306225
68.180778,5436,6158,13:10:12.306225
68.18264,5405,6454,13:10:12.306225
68.184497,6209,6317,13:10:12.306225
68.186353,6269,6143,13:10:12.306225
68.188212,5925,6098,13:10:12.306225
68.190075,6059,6067,13:10:12.306225
68.191936,5886,6402,13:10:12.306225
68.193809,6160,5951,13:10:12.306225
68.195665,6045,6226,13:10:12.307247
68.197523,5966,6231,13:10:12.307247
68.19938,6108,6157,13:10:12.307247
68.201238,6205,6328,13:10:12.307247
68.203094,6199,6202,13:10:12.307247
68.204969,3801,6169,13:10:12.356144
68.206833,5902,6132,13:10:12.356144
68.208698,5871,6292,13:10:12.356144
68.210601,6062,6530,13:10:12.356144
68.212484,5853,6013,13:10:12.356144
68.21435,6201,6291,13:10:12.356144
68.216206,5822,6194,13:10:12.356144
68.218063,6229,6066,13:10:12.356144
68.219921,6303,6128,13:10:12.356144
68.221778,5940,6224,13:10:12.356144
68.223634,6086,6339,13:10:12.356144
68.225492,5906,6091,13:10:12.356144
68.227349,5848,6304,13:10:12.356144
68.229207,6232,6227,13:10:12.356144
68.231063,5829,6025,13:10:12.356144
68.232928,5962,6155,13:10:12.356144
68.234784,6189,6103,13:10:12.356144
68.23664,5994,6368,13:10:12.356144
68.238499,6111,6282,13:10:12.356144
68.240355,5905,6225,13:10:12.356144
68.242212,6207,6276,13:10:12.356144
68.244068,6350,6133,13:10:12.356144
68.245924,5744,6246,13:10:12.356144
68.247783,6056,6336,13:10:12.356144
68.249648,6009,6199,13:10:12.356144
68.251507,5983,6093,13:10:12.356144
68.253364,5964,6147,13:10:12.356828
68.255222,6033,6210,13:10:12.408778
68.25709,5996,6127,13:10:12.408778
68.258951,6185,6091,13:10:12.408778
68.260857,5717,6408,13:10:12.408778
68.262713,6320,5966,13:10:12.408778
68.264572,6029,5938,13:10:12.408778
68.26643,6184,6269,13:10:12.408778
68.268296,6172,6281,13:10:12.408778
68.270153,6021,6079,13:10:12.408778
68.272009,6135,6159,13:10:12.408778
68.273868,6082,6088,13:10:12.408778
68.275724,6200,6019,13:10:12.408778
68.27758,5727,5618,13:10:12.408778
68.279439,5985,5894,13:10:12.408778
68.281295,6099,6439,13:10:12.408778
68.283153,6183,6120,13:10:12.408778
68.28501,6165,6044,13:10:12.408778
68.286878,6496,6142,13:10:12.408778
68.288736,6053,6192,13:10:12.408778
68.290594,6003,6448,13:10:12.408778
68.292457,5985,6230,13:10:12.408778
68.294313,6185,6183,13:10:12.408778
68.296172,5939,6068,13:10:12.408778
68.298028,6142,6263,13:10:12.408778
68.299887,6141,6231,13:10:12.408778
68.301745,6174,6120,13:10:12.408778
68.303603,5941,6423,13:10:12.408778
68.305462,6296,6386,13:10:12.456176
68.307342,5992,6307,13:10:12.456176
68.309202,5986,6373,13:10:12.456176
68.31111,6116,6244,13:10:12.456176
68.312969,6125,6312,13:10:12.456176
68.314827,6106,6115,13:10:12.456176
68.316683,6055,6164,13:10:12.456176
68.31854,6091,6218,13:10:12.456176
68.320396,6106,6187,13:10:12.456176
68.322253,6072,6169,13:10:12.456176
68.324109,6011,6173,13:10:12.456176
68.325965,6172,6090,13:10:12.456176
68.327826,6005,6265,13:10:12.456176
68.329682,6261,6191,13:10:12.456176
68.331538,6271,6016,13:10:12.456176
68.333397,6001,6095,13:10:12.456176
68.335253,6077,6092,13:10:12.456176
68.337112,6365,6377,13:10:12.456176
68.338968,5938,6488,13:10:12.456176
68.340828,6114,6053,13:10:12.456176
68.342687,6135,6328,13:10:12.456176
68.344553,5844,6185,13:10:12.456176
68.346409,6175,6320,13:10:12.456176
68.348266,6144,5898,13:10:12.456176
68.350124,6437,6280,13:10:12.456176
68.35198,6136,6396,13:10:12.456176
68.353857,6186,6199,13:10:12.456176
68.355717,5765,6228,13:10:12.506378
68.357581,6080,6209,13:10:12.506378
68.359445,6255,6022,13:10:12.506378
68.36135,5818,6284,13:10:12.506378
68.36321,6245,5932,13:10:12.506378
68.365069,6166,6297,13:10:12.506378
68.366925,6091,6460,13:10:12.506378
68.368791,6267,6371,13:10:12.506378
68.370648,6003,6194,13:10:12.506378
68.372504,6142,6043,13:10:12.506378
68.374362,6120,6243,13:10:12.506378
68.376219,6024,6458,13:10:12.506378
68.378077,6382,6166,13:10:12.506378
68.379933,6147,6364,13:10:12.506378
68.381792,6149,6471,13:10:12.506378
68.383648,6301,6384,13:10:12.506378
68.385512,6096,6344,13:10:12.506378
68.387369,6271,6283,13:10:12.506378
68.389225,6085,6246,13:10:12.506378
68.391084,6013,6260,13:10:12.506378
68.39294,6201,6069,13:10:12.506378
68.3948,6241,6155,13:10:12.506378
68.396659,6185,6156,13:10:12.506378
68.398515,6204,6024,13:10:12.506378
68.400374,6070,6105,13:10:12.506378
68.40223,5990,6281,13:10:12.506378
68.40409,5874,6106,13:10:12.506378
68.405963,6213,6289,13:10:12.555700
68.407823,6037,6207,13:10:12.555700
68.409685,6061,6071,13:10:12.555700
68.411605,6034,6196,13:10:12.555700
68.413474,6088,6259,13:10:12.555700
68.415334,6209,6076,13:10:12.555700
68.417191,5901,6427,13:10:12.555700
68.419049,6092,6185,13:10:12.555700
68.420909,6377,6158,13:10:12.555700
68.422766,6062,6070,13:10:12.555700
68.424624,6219,6287,13:10:12.555700
68.426484,5992,6182,13:10:12.555700
68.428343,6162,6171,13:10:12.555700
68.430199,5883,6273,13:10:12.555700
68.432061,5941,6186,13:10:12.556725
68.433918,6190,6237,13:10:12.556725
68.435774,6264,6194,13:10:12.556725
68.437632,6125,6374,13:10:12.556725
68.439491,6102,6121,13:10:12.556725
68.441347,6063,5936,13:10:12.556725
68.443204,6165,6401,13:10:12.556725
68.44506,6200,6401,13:10:12.556725
68.446918,6103,6265,13:10:12.556725
68.448782,6234,6032,13:10:12.556725
68.450639,6088,6008,13:10:12.556725
68.452495,6264,6100,13:10:12.556725
68.454354,6143,6155,13:10:12.556725
68.456224,6048,6260,13:10:12.606718
68.458084,6119,6331,13:10:12.606718
68.459964,6137,6225,13:10:12.606718
68.461873,5876,6182,13:10:12.606718
68.463729,6203,6198,13:10:12.606718
68.465588,6226,6190,13:10:12.606718
68.467444,6242,6361,13:10:12.606718
68.469302,6023,6121,13:10:12.606718
68.471159,6126,6254,13:10:12.606718
68.473021,5943,5967,13:10:12.606718
68.474877,5967,6058,13:10:12.606718
68.476734,6186,6351,13:10:12.606718
68.478592,6039,6251,13:10:12.606718
68.480449,6026,6220,13:10:12.606718
68.482309,6061,6453,13:10:12.606718
68.484165,5878,6236,13:10:12.606718
68.486022,6149,6240,13:10:12.606718
68.48788,6141,6186,13:10:12.606718
68.489741,6195,6339,13:10:12.606718
68.491599,6264,6359,13:10:12.606718
68.493455,6047,6192,13:10:12.606718
68.495313,6213,6365,13:10:12.606718
68.497172,5981,6393,13:10:12.606718
68.499032,6129,6532,13:10:12.606718
68.500892,5965,6384,13:10:12.606718
68.502751,5993,6334,13:10:12.606718
68.504609,6246,6321,13:10:12.658989
68.506472,6155,6306,13:10:12.658989
68.508332,6021,6349,13:10:12.658989
68.510209,6098,6234,13:10:12.658989
68.512116,6094,6241,13:10:12.658989
68.513981,6070,6198,13:10:12.658989
68.515837,5921,6136,13:10:12.658989
68.517693,6042,6174,13:10:12.658989
68.519552,6351,6074,13:10:12.658989
68.521408,6164,6045,13:10:12.658989
68.523267,6005,6274,13:10:12.658989
68.525123,6006,6419,13:10:12.658989
68.526979,5876,6107,13:10:12.658989
68.528836,5941,6032,13:10:12.658989
68.5307,6350,6033,13:10:12.658989
68.532556,6244,6158,13:10:12.658989
68.534413,5977,6013,13:10:12.658989
68.536271,6213,6360,13:10:12.658989
68.538127,6149,6289,13:10:12.658989
68.539984,6204,6163,13:10:12.658989
68.541844,6066,5934,13:10:12.658989
68.543701,6191,6128,13:10:12.658989
68.545557,6332,6010,13:10:12.658989
68.547413,6165,5867,13:10:12.658989
68.549278,5998,6207,13:10:12.658989
68.551134,6094,6222,13:10:12.658989
68.55299,6043,6217,13:10:12.658989
68.554849,6226,6312,13:10:12.706084
68.556729,6314,6439,13:10:12.706084
68.558591,6220,6174,13:10:12.706084
68.560479,5838,6287,13:10:12.706084
68.562366,5893,6184,13:10:12.706084
68.564224,6206,6075,13:10:12.706084
68.566081,5927,6005,13:10:12.706084
68.567937,6067,6225,13:10:12.706084
68.569795,6009,6355,13:10:12.706084
68.571659,6067,6141,13:10:12.706084
68.573516,6171,6330,13:10:12.706084
68.575372,6192,6119,13:10:12.707097
68.577231,6149,6232,13:10:12.707097
68.579087,6055,6282,13:10:12.707097
68.580944,6253,5960,13:10:12.708174
68.582804,6148,6322,13:10:12.713280
68.58466,5971,6166,13:10:12.714286
68.586519,6198,-148,13:10:12.714286
68.588379,6275,-17,13:10:12.714286
68.590237,5999,-518,13:10:12.714286
68.592094,5992,-195,13:10:12.714286
68.59395,5986,-217,13:10:12.714286
68.595808,6191,-295,13:10:12.714286
68.597665,6135,63,13:10:12.714286
68.599521,6098,-98,13:10:12.714286
68.60138,6089,-127,13:10:12.714286
68.603236,6339,-208,13:10:12.714286
68.605094,6337,-88,13:10:12.755948
68.606967,6117,-376,13:10:12.755948
68.608827,6056,-380,13:10:12.755948
68.610717,5899,-67,13:10:12.755948
68.612605,6095,-260,13:10:12.755948
68.614466,5888,-189,13:10:12.755948
68.616322,6115,-175,13:10:12.755948
68.618181,5832,-206,13:10:12.755948
68.620037,6032,-151,13:10:12.755948
68.621893,6220,-302,13:10:12.755948
68.623752,6286,-68,13:10:12.755948
68.625614,6096,-234,13:10:12.755948
68.627472,6189,-361,13:10:12.755948
68.629329,5970,-468,13:10:12.755948
68.631195,5949,-252,13:10:12.755948
68.633051,5958,-131,13:10:12.755948
68.634908,6121,-97,13:10:12.755948
68.636766,6252,-71,13:10:12.755948
68.638623,6340,-177,13:10:12.756955
68.640481,6008,-142,13:10:12.756955
68.642337,5978,-277,13:10:12.756955
68.644194,6427,-122,13:10:12.756955
68.646052,5960,-329,13:10:12.756955
68.647916,6210,-51,13:10:12.756955
68.649773,6218,-156,13:10:12.756955
68.651629,5990,-296,13:10:12.756955
68.653487,6110,-103,13:10:12.756955
68.655344,5967,-167,13:10:12.806232
68.657208,5939,-280,13:10:12.806232
68.659071,6429,41,13:10:12.806232
68.660973,5889,-255,13:10:12.806232
68.662831,5901,-119,13:10:12.807223
68.664687,6073,-123,13:10:12.807223
68.666544,6153,-3,13:10:12.807223
68.668402,6140,-183,13:10:12.807223
68.670259,6244,-380,13:10:12.807223
68.672115,6272,-196,13:10:12.807223
68.673971,6092,-272,13:10:12.807223
68.675828,6210,-190,13:10:12.807223
68.677684,5961,-51,13:10:12.807223
68.679541,5966,-183,13:10:12.807223
68.681401,5999,40,13:10:12.807223
68.683257,6121,-270,13:10:12.807223
68.685115,6036,-389,13:10:12.807223
68.686972,6169,7,13:10:12.807223
68.688828,6026,-246,13:10:12.807223
68.690687,5885,9,13:10:12.807223
68.692547,6166,-232,13:10:12.807223
68.694405,6311,-153,13:10:12.807223
68.696262,5922,-142,13:10:12.807223
68.698122,5996,-214,13:10:12.807223
68.699978,6147,-50,13:10:12.807223
68.701835,5925,-86,13:10:12.807223
68.703693,6001,-286,13:10:12.807223
68.705555,5965,-216,13:10:12.859415
68.707418,6350,-110,13:10:12.859415
68.709281,6209,-126,13:10:12.859415
68.711191,5971,-196,13:10:12.859415
68.713073,6101,84,13:10:12.859415
68.714929,6091,-395,13:10:12.859415
68.716785,6227,-266,13:10:12.859415
68.718644,5947,-72,13:10:12.859415
68.72051,5933,-314,13:10:12.859415
68.722366,5903,-215,13:10:12.859415
68.724223,6253,-431,13:10:12.859415
68.726081,6148,-124,13:10:12.859415
68.727938,6208,-201,13:10:12.859415
68.729796,5966,-176,13:10:12.859415
68.731654,5844,-257,13:10:12.859415
68.733511,6131,-270,13:10:12.859415
68.735367,6007,-143,13:10:12.859415
68.737223,6081,-18,13:10:12.859415
68.739088,6068,-188,13:10:12.859415
68.740944,6223,-138,13:10:12.859415
68.742803,6080,-456,13:10:12.859415
68.744661,5829,-435,13:10:12.859415
68.746517,6267,-294,13:10:12.859415
68.74838,6200,-203,13:10:12.859415
68.750236,5827,-339,13:10:12.859415
68.752092,5930,-243,13:10:12.859415
68.753949,5784,-360,13:10:12.859415
68.755807,6243,-197,13:10:12.908499
68.757675,5970,144,13:10:12.908499
68.75954,6153,-165,13:10:12.908499
68.761459,5927,-229,13:10:12.908499
68.76332,6318,56,13:10:12.908499
68.765177,6115,-316,13:10:12.908499
68.767035,5925,-418,13:10:12.908499
68.768891,6081,-257,13:10:12.908499
68.770748,6211,-199,13:10:12.908499
68.772606,5987,-166,13:10:12.908499
68.774464,6151,-217,13:10:12.908499
68.776323,5917,-95,13:10:12.908499
68.778179,5907,-104,13:10:12.908499
68.780041,6289,-126,13:10:12.908499
68.781898,6145,-212,13:10:12.908499
68.783754,6415,-495,13:10:12.908499
68.785613,6089,-33,13:10:12.909498
68.787469,5920,-278,13:10:12.909498
68.789327,6244,-24,13:10:12.909498
68.791184,5777,-204,13:10:12.909498
68.793042,6151,-262,13:10:12.909498
68.7949,6135,-284,13:10:12.909498
68.796757,6028,-76,13:10:12.909498
68.798617,6012,-480,13:10:12.909498
68.800473,5935,-199,13:10:12.909498
68.802332,6109,-318,13:10:12.909498
68.804188,6095,-259,13:10:12.909498
68.806053,6284,-294,13:10:12.955988
68.807925,6022,-158,13:10:12.955988
68.809788,5898,-7,13:10:12.955988
68.811697,6002,-431,13:10:12.955988
68.813558,5987,-54,13:10:12.955988
68.815424,6113,-327,13:10:12.955988
68.817282,6056,-288,13:10:12.955988
68.819139,5958,-350,13:10:12.955988
68.821005,6103,-166,13:10:12.955988
68.822863,6050,-92,13:10:12.955988
68.82472,6156,-174,13:10:12.955988
68.826578,6158,-86,13:10:12.955988
68.828435,6204,-144,13:10:12.955988
68.830293,5977,-120,13:10:12.955988
68.832149,6048,-255,13:10:12.955988
68.834006,5894,-174,13:10:12.955988
68.835866,6137,-270,13:10:12.955988
68.837726,6100,-166,13:10:12.955988
68.839583,6112,-252,13:10:12.955988
68.841439,6026,-191,13:10:12.955988
68.843297,5988,-311,13:10:12.955988
68.845154,6103,-195,13:10:12.955988
68.84701,5972,9,13:10:12.955988
68.84887,6225,-370,13:10:12.955988
68.850727,6214,-292,13:10:12.957040
68.852583,6145,-391,13:10:12.957040
68.85444,6176,-241,13:10:13.014235
68.856318,6195,-266,13:10:13.014235
68.858178,6235,-268,13:10:13.014235
68.860052,6012,-208,13:10:13.014235
68.861955,5795,-331,13:10:13.014235
68.863811,6275,-248,13:10:13.014235
68.865668,6166,-90,13:10:13.014235
68.867526,6413,-218,13:10:13.014235
68.869382,5839,-244,13:10:13.014235
68.871239,6002,-280,13:10:13.014235
68.873095,6214,-232,13:10:13.014235
68.874953,6369,-251,13:10:13.014235
68.87681,6180,-388,13:10:13.014235
68.878666,6039,-341,13:10:13.014235
68.880524,6012,-102,13:10:13.014235
68.882381,6208,-129,13:10:13.014235
68.884239,6448,-294,13:10:13.014235
68.886096,5858,-273,13:10:13.014235
68.887952,6029,-193,13:10:13.014235
68.889808,6373,-160,13:10:13.014235
68.891672,6285,-300,13:10:13.014235
68.893529,6229,-144,13:10:13.014235
68.895385,6215,-397,13:10:13.014235
68.897244,6102,-22,13:10:13.014235
68.8991,6048,-148,13:10:13.014235
68.900956,5906,-5,13:10:13.014235
68.902813,6100,-285,13:10:13.014235
68.904669,6148,-148,13:10:13.056042
68.906542,6001,-394,13:10:13.056042
68.908404,6135,-496,13:10:13.056042
68.910302,6226,-298,13:10:13.056042
68.912168,5874,-227,13:10:13.056042
68.91405,6061,-332,13:10:13.056042
68.915911,6011,-148,13:10:13.056042
68.917775,6266,-52,13:10:13.056042
68.919632,6052,-341,13:10:13.056042
68.921494,6026,-189,13:10:13.056042
68.92335,6327,-301,13:10:13.056042
68.925209,6015,-138,13:10:13.056042
68.927065,6088,-161,13:10:13.056042
68.928922,6077,-182,13:10:13.056042
68.93078,5742,-299,13:10:13.056042
68.93264,6121,-159,13:10:13.056042
68.934499,6061,-127,13:10:13.056042
68.936355,6009,-297,13:10:13.056042
68.938221,6167,-90,13:10:13.056042
68.940078,6129,-195,13:10:13.056042
68.941934,6230,-198,13:10:13.056042
68.943792,6370,-226,13:10:13.056042
68.945649,6155,-280,13:10:13.056042
68.947507,6218,-399,13:10:13.056042
68.949363,5953,-452,13:10:13.056042
68.95122,6090,-239,13:10:13.056042
68.953078,6133,-180,13:10:13.056042
68.954942,6106,-262,13:10:13.107209
68.956803,6173,-29,13:10:13.107209
68.958663,5857,-389,13:10:13.107209
68.960587,6118,-335,13:10:13.107209
68.962468,6273,-434,13:10:13.107209
68.964324,5985,-89,13:10:13.107209
68.966186,6011,-425,13:10:13.107209
68.968043,6065,-432,13:10:13.107209
68.969899,6178,-498,13:10:13.107209
68.971757,6019,-376,13:10:13.107209
68.973614,6212,-134,13:10:13.107209
68.975472,6234,-239,13:10:13.107209
68.977329,5820,-434,13:10:13.107209
68.979189,5924,-66,13:10:13.107209
68.981047,6067,-382,13:10:13.107209
68.982904,6116,-271,13:10:13.107209
68.98477,6239,-257,13:10:13.107209
68.986626,5943,-262,13:10:13.107209
68.988485,6104,-180,13:10:13.107209
68.990341,6104,-161,13:10:13.107209
68.992197,6171,-256,13:10:13.107209
68.994056,5968,-421,13:10:13.107209
68.995912,6101,-155,13:10:13.107209
68.997769,6037,-175,13:10:13.107209
68.999625,5964,-348,13:10:13.107209
69.001491,6195,-265,13:10:13.107209
69.003348,6190,-266,13:10:13.107209
69.005204,6104,-47,13:10:13.159793
69.007072,6338,-104,13:10:13.159793
69.008933,6159,-270,13:10:13.159793
69.010855,6056,-297,13:10:13.159793
69.012735,6213,-140,13:10:13.159793
69.014591,6021,-329,13:10:13.159793
69.01645,6044,-164,13:10:13.159793
69.018306,5847,-164,13:10:13.159793
69.020162,6151,-456,13:10:13.159793
69.022021,6231,-378,13:10:13.159793
69.023882,6066,-131,13:10:13.159793
69.02574,6171,-125,13:10:13.159793
69.027596,6265,-133,13:10:13.159793
69.029458,6238,-355,13:10:13.159793
69.031315,6050,-386,13:10:13.159793
69.033171,5941,-296,13:10:13.159793
69.035031,6115,-400,13:10:13.159793
69.036888,6191,-312,13:10:13.159793
69.038746,5887,-141,13:10:13.159793
69.040602,6367,-133,13:10:13.159793
69.042459,6100,-21,13:10:13.159793
69.044317,6035,-408,13:10:13.159793
69.046174,6093,-460,13:10:13.159793
69.048034,6210,-192,13:10:13.159793
69.04989,5961,-532,13:10:13.159793
69.051749,5957,-91,13:10:13.159793
69.053605,6075,-519,13:10:13.159793
69.055463,6224,-130,13:10:13.216310
69.057334,6235,-420,13:10:13.216310
69.059194,6119,-111,13:10:13.216310
69.061092,6078,-50,13:10:13.216310
69.062959,5651,-182,13:10:13.216310
69.064841,5672,-357,13:10:13.216310
69.066699,6056,-238,13:10:13.216310
69.068556,6084,-151,13:10:13.216310
69.070416,6184,-257,13:10:13.216310
69.072272,6133,-307,13:10:13.216310
69.074129,6257,-500,13:10:13.216310
69.075987,6374,-580,13:10:13.216310
69.077845,6223,-379,13:10:13.216310
69.079704,6012,-501,13:10:13.216310
69.08156,6137,-195,13:10:13.216310
69.083418,6161,-249,13:10:13.216310
69.085277,6167,-358,13:10:13.216310
69.087143,6131,-200,13:10:13.216310
69.089,6294,-186,13:10:13.216310
69.090856,6423,-59,13:10:13.216310
69.092714,6277,-230,13:10:13.216310
69.094571,6183,-336,13:10:13.216310
69.096427,6316,-361,13:10:13.216310
69.098285,6172,-337,13:10:13.216310
69.100142,6198,-182,13:10:13.216310
69.102,6339,-402,13:10:13.216310
69.103856,6068,-269,13:10:13.216310
69.105725,6160,-194,13:10:13.263017
69.107593,6325,-484,13:10:13.263017
69.109457,6111,-276,13:10:13.263017
69.111367,5780,-526,13:10:13.263017
69.113236,5957,-184,13:10:13.263017
69.115115,6067,-285,13:10:13.263017
69.116973,6120,-533,13:10:13.263017
69.118833,6320,-492,13:10:13.263017
69.120697,6020,-157,13:10:13.263017
69.12256,6201,-264,13:10:13.263017
69.124416,5912,-212,13:10:13.263017
69.126274,6032,-173,13:10:13.263017
69.128131,6171,-273,13:10:13.263017
69.129987,6021,-302,13:10:13.263017
69.131846,6080,-267,13:10:13.263017
69.133702,5945,-311,13:10:13.263017
69.135558,6034,-327,13:10:13.263017
69.137415,5812,-329,13:10:13.263017
69.139277,6104,-290,13:10:13.263017
69.141133,6154,-320,13:10:13.263017
69.142992,6164,-366,13:10:13.263017
69.144848,6136,-380,13:10:13.263017
69.146705,5880,-345,13:10:13.263017
69.148563,6153,-445,13:10:13.264015
69.150422,6157,-332,13:10:13.264015
69.15228,6432,-93,13:10:13.264015
69.154136,6135,-511,13:10:13.264015
69.156,6114,-428,13:10:13.311848
69.157861,6292,-236,13:10:13.311848
69.159727,6282,-321,13:10:13.311848
69.161619,5847,-334,13:10:13.311848
69.163478,5890,-515,13:10:13.311848
69.165336,6015,-487,13:10:13.311848
69.167194,6018,-139,13:10:13.311848
69.169093,5831,-268,13:10:13.311848
69.170949,6131,-425,13:10:13.311848
69.172805,6178,-73,13:10:13.311848
69.174662,5974,-212,13:10:13.311848
69.176518,6106,-370,13:10:13.311848
69.178385,6163,-494,13:10:13.311848
69.180243,5996,-279,13:10:13.311848
69.182099,5972,-160,13:10:13.311848
69.183958,6219,-446,13:10:13.311848
69.185814,6130,-415,13:10:13.311848
69.18767,6199,-395,13:10:13.311848
69.189529,6165,-127,13:10:13.311848
69.191385,6101,-359,13:10:13.311848
69.193241,6272,-124,13:10:13.311848
69.195098,6287,-513,13:10:13.311848
69.196962,6003,-278,13:10:13.311848
69.198819,5846,-392,13:10:13.311848
69.200675,5986,-330,13:10:13.311848
69.202533,6021,-167,13:10:13.313226
69.20439,6229,-248,13:10:13.626848
69.206256,6050,-253,13:10:13.626848
69.208116,6012,-277,13:10:13.626848
69.209985,6120,-134,13:10:13.626848
69.211885,5932,-188,13:10:13.626848
69.213744,5799,-332,13:10:13.626848
69.21561,5805,-352,13:10:13.626848
69.217472,3691,-450,13:10:13.626848
69.219331,6182,-400,13:10:13.626848
69.221225,6145,-172,13:10:13.626848
69.223081,5936,-213,13:10:13.626848
69.224943,5907,-285,13:10:13.626848
69.226804,6277,-404,13:10:13.626848
69.228668,5960,-180,13:10:13.626848
69.230524,5866,-430,13:10:13.626848
69.232381,5848,-430,13:10:13.626848
69.234239,5984,-458,13:10:13.626848
69.236095,6035,-231,13:10:13.626848
69.237952,6368,-473,13:10:13.626848
69.23981,6336,-289,13:10:13.626848
69.241667,6031,-335,13:10:13.626848
69.243525,6119,-183,13:10:13.626848
69.245381,5896,-414,13:10:13.626848
69.247246,5922,-333,13:10:13.626848
69.249102,6125,-386,13:10:13.626848
69.250958,6091,-237,13:10:13.626848
69.252817,6142,-377,13:10:13.626848
69.254673,5901,-223,13:10:13.626848
69.256539,5990,-410,13:10:13.626848
69.2584,6032,-271,13:10:13.626848
69.260294,6108,-562,13:10:13.626848
69.262216,6073,-475,13:10:13.626848
69.264076,6012,-567,13:10:13.626848
69.265933,6272,-400,13:10:13.626848
69.267793,6020,-248,13:10:13.626848
69.269652,6049,-456,13:10:13.626848
69.27151,6235,-317,13:10:13.626848
69.273366,5243,-325,13:10:13.626848
69.275227,5249,-113,13:10:13.626848
69.277085,5365,-199,13:10:13.626848
69.278946,6014,-428,13:10:13.626848
69.280808,5236,-447,13:10:13.626848
69.282664,5344,-324,13:10:13.626848
69.284522,5898,-129,13:10:13.626848
69.286381,6062,-344,13:10:13.626848
69.288237,5388,-133,13:10:13.626848
69.290096,5933,-411,13:10:13.626848
69.291952,5873,-534,13:10:13.626848
69.293808,6136,-485,13:10:13.626848
69.295665,5846,-127,13:10:13.626848
69.297529,5800,-265,13:10:13.626848
69.299385,6037,-266,13:10:13.626848
69.301242,5819,-296,13:10:13.626848
69.3031,5794,-392,13:10:13.626848
69.304957,6168,-151,13:10:13.626848
69.306825,5468,-397,13:10:13.627848
69.308685,6147,-175,13:10:13.627848
69.310586,5897,-429,13:10:13.627848
69.31245,5626,-306,13:10:13.627848
69.314316,5016,-79,13:10:13.627848
69.316177,5362,-304,13:10:13.627848
69.318039,4713,-281,13:10:13.627848
69.319945,5719,-237,13:10:13.627848
69.321809,5964,-314,13:10:13.627848
69.323686,6058,-321,13:10:13.627848
69.325542,5958,-346,13:10:13.627848
69.3274,5893,-244,13:10:13.627848
69.329257,5941,-169,13:10:13.627848
69.331115,6046,-496,13:10:13.627848
69.332972,6178,-468,13:10:13.627848
69.334834,6137,-167,13:10:13.627848
69.33669,6144,-445,13:10:13.627848
69.338546,6147,-227,13:10:13.627848
69.340409,6083,-355,13:10:13.627848
69.342265,6018,-478,13:10:13.627848
69.344124,6018,-453,13:10:13.627848
69.34598,5956,-407,13:10:13.627848
69.347836,6096,-423,13:10:13.627848
69.349695,5947,-7,13:10:13.627848
69.351554,5940,-211,13:10:13.627848
69.353412,5900,-274,13:10:13.627848
69.355268,6031,-131,13:10:13.627848
69.357136,5855,-355,13:10:13.627848
69.358997,6138,-171,13:10:13.627848
69.360895,5873,-454,13:10:13.627848
69.362757,5779,-534,13:10:13.627848
69.364614,5358,-412,13:10:13.627848
69.36647,6117,-144,13:10:13.627848
69.368328,6032,-269,13:10:13.627848
69.370193,5542,-281,13:10:13.627848
69.372049,4232,-349,13:10:13.627848
69.373909,6151,-402,13:10:13.627848
69.375766,6079,-33,13:10:13.627848
69.377622,6065,-264,13:10:13.627848
69.379479,5905,-393,13:10:13.627848
69.381337,5984,-149,13:10:13.627848
69.383193,5945,-310,13:10:13.627848
69.385052,6226,-611,13:10:13.627848
69.386908,5903,-400,13:10:13.627848
69.38877,6143,-259,13:10:13.627848
69.390627,6074,-438,13:10:13.627848
69.392483,6038,-222,13:10:13.627848
69.394342,6007,-466,13:10:13.627848
69.396198,6162,-380,13:10:13.627848
69.398054,5927,-270,13:10:13.627848
69.399911,5958,-409,13:10:13.627848
69.401767,6001,-494,13:10:13.627848
69.403626,5823,-210,13:10:13.627848
69.405489,5965,-415,13:10:13.627848
69.407352,6222,-225,13:10:13.627848
69.409214,6033,-305,13:10:13.627848
69.411134,5907,-426,13:10:13.627848
69.412991,5792,-302,13:10:13.627848
69.414847,6196,-381,13:10:13.627848
69.416706,5701,-431,13:10:13.627848
69.418562,5767,-218,13:10:13.627848
69.420421,5947,-251,13:10:13.627848
69.422279,4547,-94,13:10:13.627848
69.424139,6027,-77,13:10:13.627848
69.425997,6102,-326,13:10:13.627848
69.42788,6100,-353,13:10:13.627848
69.429738,6072,-97,13:10:13.627848
69.431597,6035,-364,13:10:13.627848
69.433463,5988,-260,13:10:13.627848
69.435319,5851,-124,13:10:13.627848
69.437176,6339,-377,13:10:13.627848
69.439034,5956,-422,13:10:13.627848
69.44089,6101,-149,13:10:13.627848
69.442747,6216,-191,13:10:13.627848
69.444605,6302,-186,13:10:13.627848
69.446462,6197,-34,13:10:13.627848
69.44832,5787,-138,13:10:13.627848
69.450176,6034,-469,13:10:13.627848
69.452041,6110,-514,13:10:13.627848
69.453897,6150,-277,13:10:13.627848
69.455761,5854,-402,13:10:13.627848
69.457626,5879,-396,13:10:13.627848
69.459488,6114,-141,13:10:13.627848
69.461398,5779,-128,13:10:13.627848
69.463257,6037,-348,13:10:13.627848
69.465115,6178,-153,13:10:13.627848
69.466973,5666,-369,13:10:13.627848
69.46883,5434,-225,13:10:13.627848
69.47069,5800,-292,13:10:13.627848
69.472546,6024,-289,13:10:13.627848
69.474404,3448,-315,13:10:13.627848
69.476265,6181,-57,13:10:13.627848
69.478122,6227,-222,13:10:13.627848
69.47998,5845,-7,13:10:13.627848
69.481836,5944,-112,13:10:13.627848
69.483693,6074,-379,13:10:13.627848
69.485551,6058,-405,13:10:13.627848
69.487409,6096,-252,13:10:13.627848
69.489266,6269,-369,13:10:13.627848
69.491122,6108,-342,13:10:13.627848
69.492981,6323,-66,13:10:13.627848
69.494837,6004,-242,13:10:13.627848
69.496693,6207,-105,13:10:13.627848
69.498552,6187,-298,13:10:13.627848
69.500408,6235,-235,13:10:13.627848
69.502264,6286,-331,13:10:13.627848
69.504121,6215,-124,13:10:13.627848
69.506005,6094,-235,13:10:13.675000
69.507865,5946,-198,13:10:13.675000
69.509731,6190,-339,13:10:13.675000
69.51165,5795,-313,13:10:13.675000
69.513506,5909,-184,13:10:13.675000
69.515363,5912,-65,13:10:13.675000
69.517221,5797,-212,13:10:13.675000
69.519077,6131,-355,13:10:13.675000
69.520936,5939,-273,13:10:13.675000
69.522798,6133,-143,13:10:13.675000
69.524715,5178,78,13:10:13.675000
69.526604,6179,-78,13:10:13.675000
69.528463,6100,-192,13:10:13.675000
69.530345,-3,-145,13:10:13.675000
69.532243,-607,-57,13:10:13.675000
69.534106,234,-57,13:10:13.675000
69.535966,-244,-71,13:10:13.675000
69.537824,-22,-218,13:10:13.675000
69.53969,95,-223,13:10:13.675000
69.541547,92,-14,13:10:13.675000
69.543404,139,-187,13:10:13.675000
69.545262,85,-377,13:10:13.675000
69.547118,102,-319,13:10:13.675000
69.548975,48,-255,13:10:13.675000
69.550833,230,-192,13:10:13.675000
69.552689,-9,-345,13:10:13.675000
69.554548,59,-219,13:10:13.675000
69.556416,31,-292,13:10:13.722842
69.558277,231,7,13:10:13.722842
69.560163,71,-482,13:10:13.722842
69.562037,-227,25,13:10:13.722842
69.563895,-230,-170,13:10:13.724850
69.565752,118,113,13:10:13.724850
69.567608,69,-20,13:10:13.724850
69.569467,-97,-64,13:10:13.724850
69.571325,172,-308,13:10:13.724850
69.573181,-200,-121,13:10:13.724850
69.57504,35,-103,13:10:13.724850
69.5769,-2058,-230,13:10:13.724850
69.578756,70,-235,13:10:13.724850
69.580613,3,-121,13:10:13.724850
69.582471,-144,-457,13:10:13.724850
69.584327,-62,19,13:10:13.726840
69.586186,140,-203,13:10:13.726840
69.588042,362,-37,13:10:13.726840
69.589907,154,-54,13:10:13.726840
69.591763,105,-115,13:10:13.726840
69.593618,143,-103,13:10:13.726840
69.595476,28,-231,13:10:13.726840
69.597332,-148,-272,13:10:13.726840
69.59919,90,-394,13:10:13.726840
69.601047,254,-186,13:10:13.726840
69.602903,394,-93,13:10:13.726840
69.604762,-117,-90,13:10:13.775585
69.606631,282,-243,13:10:13.775585
69.60849,188,-142,13:10:13.775585
69.610398,46,-81,13:10:13.775585
69.612265,109,-199,13:10:13.775585
69.614123,345,-39,13:10:13.775585
69.61598,-213,-293,13:10:13.775585
69.617838,51,-11,13:10:13.775585
69.619694,3,-212,13:10:13.775585
69.621551,-392,15,13:10:13.775585
69.62341,-271,-149,13:10:13.775585
69.625269,91,-142,13:10:13.775585
69.627154,-2576,-174,13:10:13.775585
69.629018,159,-150,13:10:13.775585
69.630876,74,-87,13:10:13.775585
69.632757,70,-269,13:10:13.776601
69.634613,179,-316,13:10:13.776601
69.636469,335,-173,13:10:13.777603
69.638326,269,-77,13:10:13.777603
69.640186,294,-199,13:10:13.777603
69.642042,153,-245,13:10:13.777603
69.643899,51,-92,13:10:13.777603
69.645757,119,27,13:10:13.777603
69.647614,234,-27,13:10:13.777603
69.64947,135,-255,13:10:13.777603
69.651326,-43,-162,13:10:13.777603
69.653183,144,-254,13:10:13.777603
69.655039,101,-41,13:10:13.833373
69.656914,-114,-98,13:10:13.833373
69.658774,352,-221,13:10:13.833373
69.66066,-143,-297,13:10:13.833373
69.662526,-9,17,13:10:13.833373
69.664385,12,-243,13:10:13.833373
69.666241,-92,-419,13:10:13.833373
69.668098,145,-161,13:10:13.833373
69.669954,190,-9,13:10:13.833373
69.67182,384,-153,13:10:13.833373
69.673677,173,-1,13:10:13.833373
69.675533,-497,-147,13:10:13.833373
69.677397,-240,39,13:10:13.833373
69.679264,-427,55,13:10:13.833373
69.681136,164,-106,13:10:13.833373
69.682992,129,-178,13:10:13.833373
69.684849,119,-157,13:10:13.833373
69.686707,5,88,13:10:13.833373
69.688563,-8,-98,13:10:13.833373
69.690422,167,-156,13:10:13.833373
69.692278,73,-167,13:10:13.833373
69.69414,199,70,13:10:13.833373
69.695999,4,-70,13:10:13.833373
69.697865,113,-353,13:10:13.833373
69.699722,66,-126,13:10:13.833373
69.701578,-143,-205,13:10:13.833373
69.703436,-76,-54,13:10:13.833373
69.705293,-53,-253,13:10:13.878526
69.707161,44,-250,13:10:13.878526
69.709021,129,-61,13:10:13.878526
69.710943,-22,-1,13:10:13.878526
69.712804,-101,-17,13:10:13.878526
69.714662,-32,-250,13:10:13.878526
69.716522,-123,73,13:10:13.878526
69.718381,-520,-152,13:10:13.878526
69.720237,-1040,6,13:10:13.878526
69.722104,74,172,13:10:13.878526
69.723962,43,-158,13:10:13.878526
69.725819,107,-47,13:10:13.878526
69.727683,-84,-122,13:10:13.878526
69.729539,90,94,13:10:13.878526
69.731397,-14,-172,13:10:13.878526
69.73328,-25,-85,13:10:13.878526
69.735138,-11,37,13:10:13.878526
69.737008,-585,11,13:10:13.878526
69.738877,-188,-76,13:10:13.878526
69.740735,55,-252,13:10:13.878526
69.742591,-121,-34,13:10:13.878526
69.744449,108,80,13:10:13.878526
69.746308,213,121,13:10:13.878526
69.748164,67,-205,13:10:13.878526
69.750023,-166,-212,13:10:13.878526
69.751879,120,-261,13:10:13.878526
69.753739,-64,-167,13:10:13.878526
69.755608,70,-46,13:10:13.928666
69.757468,60,-272,13:10:13.928666
69.759332,-60,-149,13:10:13.928666
69.761245,-430,-299,13:10:13.928666
69.763103,-54,324,13:10:13.928666
69.764961,334,67,13:10:13.928666
69.76682,-14,-247,13:10:13.928666
69.768678,-115,-97,13:10:13.928666
69.770534,-370,-65,13:10:13.928666
69.772395,117,-86,13:10:13.928666
69.774253,62,-144,13:10:13.928666
69.77612,-1197,164,13:10:13.928666
69.777978,60,99,13:10:13.928666
69.779836,-62,-138,13:10:13.928666
69.781695,24,117,13:10:13.928666
69.783559,-1752,46,13:10:13.928666
69.785444,-146,30,13:10:13.928666
69.787301,-136,103,13:10:13.928666
69.789158,-113,26,13:10:13.928666
69.791016,12,-47,13:10:13.928666
69.792875,87,-65,13:10:13.928666
69.794731,173,61,13:10:13.928666
69.796589,-11,180,13:10:13.928666
69.798449,38,89,13:10:13.928666
69.800308,11,-9,13:10:13.928666
69.802164,23,-14,13:10:13.928666
69.804023,-5,108,13:10:13.928666
69.805885,120,-54,13:10:13.983653
69.807753,-123,-22,13:10:13.983653
69.809616,-177,-47,13:10:13.983653
69.811518,-96,-39,13:10:13.983653
69.813378,-73,-55,13:10:13.983653
69.815239,-72,-5,13:10:13.984644
69.817095,-250,-1,13:10:13.984644
69.818953,0,-1,13:10:13.984644
69.82081,-178,-137,13:10:13.984644
69.82267,19,28,13:10:13.984644
69.824526,-631,274,13:10:13.984644
69.826383,-1089,-25,13:10:13.984644
69.828242,138,147,13:10:13.984644
69.830102,-614,-165,13:10:13.984644
69.83196,-2540,114,13:10:13.984644
69.833822,-120,-49,13:10:13.984644
69.83568,-17,-82,13:10:13.984644
69.837565,-36,-140,13:10:13.984644
69.839421,46,153,13:10:13.984644
69.841278,-132,-42,13:10:13.984644
69.843134,-116,-162,13:10:13.984644
69.84499,152,139,13:10:13.984644
69.846847,25,-61,13:10:13.984644
69.848704,-241,-264,13:10:13.984644
69.850565,175,60,13:10:13.984644
69.852422,-115,-20,13:10:13.984644
69.854282,165,31,13:10:13.984644
69.856145,-48,38,13:10:14.031576
69.858005,-5,50,13:10:14.031576
69.859871,-34,44,13:10:14.031576
69.861759,-264,-17,13:10:14.031576
69.863622,87,-63,13:10:14.031576
69.865478,-12,117,13:10:14.031576
69.867335,-269,-181,13:10:14.031576
69.869193,142,-174,13:10:14.031576
69.871049,-229,44,13:10:14.031576
69.872908,20,-286,13:10:14.031576
69.874766,-729,-25,13:10:14.031576
69.876624,57,124,13:10:14.031576
69.878483,201,70,13:10:14.031576
69.880339,59,121,13:10:14.032577
69.882198,-741,399,13:10:14.032577
69.884066,-474,41,13:10:14.032577
69.88594,-51,-219,13:10:14.032577
69.887799,13,84,13:10:14.032577
69.889655,-122,-74,13:10:14.032577
69.891513,-175,-53,13:10:14.032577
69.89337,39,-84,13:10:14.032577
69.895228,140,116,13:10:14.032577
69.897084,-152,-97,13:10:14.032577
69.898941,-136,-17,13:10:14.032577
69.900799,-122,101,13:10:14.032577
69.90266,-121,-8,13:10:14.032577
69.904516,70,-185,13:10:14.033576
69.90638,11,207,13:10:14.082289
69.908243,-124,142,13:10:14.082289
69.910127,243,-140,13:10:14.082289
69.912009,-206,144,13:10:14.082289
69.913868,-336,112,13:10:14.082289
69.915724,-499,-39,13:10:14.082289
69.917584,-59,42,13:10:14.082289
69.919441,-128,67,13:10:14.082289
69.921298,-786,60,13:10:14.082289
69.923159,-514,-55,13:10:14.082289
69.925016,-505,100,13:10:14.082289
69.926874,-746,-43,13:10:14.082289
69.928731,108,-129,13:10:14.082289
69.930588,-232,52,13:10:14.082289
69.932449,-89,271,13:10:14.082289
69.934306,-3723,-74,13:10:14.082289
69.936164,-104,26,13:10:14.082289
69.938067,128,-84,13:10:14.082289
69.939927,154,234,13:10:14.082289
69.941785,-120,-170,13:10:14.082289
69.943641,-290,30,13:10:14.082289
69.9455,-54,-40,13:10:14.082289
69.947356,99,-162,13:10:14.082289
69.949218,-438,82,13:10:14.082289
69.951077,-226,50,13:10:14.082289
69.952943,-197,393,13:10:14.082289
69.954803,-185,135,13:10:14.132924
69.956672,131,121,13:10:14.132924
69.958534,-49,-14,13:10:14.132924
69.960454,-178,148,13:10:14.132924
69.962317,-321,-17,13:10:14.132924
69.964175,28,39,13:10:14.132924
69.966031,-75,-4,13:10:14.132924
69.967888,-275,106,13:10:14.132924
69.969746,-341,-150,13:10:14.132924
69.971606,-651,171,13:10:14.132924
69.973465,-103,-29,13:10:14.132924
69.975323,-439,160,13:10:14.132924
69.977182,-1471,322,13:10:14.132924
69.979038,12,219,13:10:14.132924
69.980894,-454,149,13:10:14.132924
69.982753,-804,135,13:10:14.132924
69.984621,-364,15,13:10:14.132924
69.986505,-2143,284,13:10:14.132924
69.988368,-24,180,13:10:14.132924
69.990226,-235,114,13:10:14.132924
69.992088,-138,14,13:10:14.132924
69.993945,-30,10,13:10:14.132924
69.995807,-238,81,13:10:14.132924
69.997663,-481,-36,13:10:14.132924
69.99952,-115,263,13:10:14.132924
70.001378,-155,96,13:10:14.132924
70.003235,-80,202,13:10:14.132924
70.005093,-6,157,13:10:14.184415
70.006963,-237,54,13:10:14.184415
70.008824,225,259,13:10:14.184415
70.010738,-319,-35,13:10:14.184415
70.012594,-87,-25,13:10:14.184415
70.014453,-516,-28,13:10:14.184415
70.016309,-221,-16,13:10:14.184415
70.018165,-387,102,13:10:14.184415
70.020024,-120,74,13:10:14.184415
70.021883,-167,57,13:10:14.184415
70.02374,-408,313,13:10:14.184415
70.025597,-106,2,13:10:14.184415
70.027459,-909,219,13:10:14.184415
70.029316,-721,87,13:10:14.184415
70.031172,-1012,-62,13:10:14.184415
70.033032,-777,-87,13:10:14.184415
70.034897,-456,201,13:10:14.184415
70.036755,-957,223,13:10:14.184415
70.038615,-51,147,13:10:14.184415
70.040475,135,-15,13:10:14.184415
70.04236,182,30,13:10:14.184415
70.044234,-496,-162,13:10:14.184415
70.046093,10,150,13:10:14.184415
70.047949,-428,267,13:10:14.184415
70.049805,-173,349,13:10:14.184415
70.051664,85,-39,13:10:14.184415
70.05352,-188,171,13:10:14.184415
70.055379,-208,82,13:10:14.242049
70.057247,-236,219,13:10:14.242049
70.059109,-279,-64,13:10:14.242049
70.061007,-668,-22,13:10:14.242049
70.062868,73,-99,13:10:14.242049
70.064728,-148,463,13:10:14.242049
70.066585,-84,2,13:10:14.242049
70.068441,-147,4,13:10:14.242049
70.070299,29,311,13:10:14.242049
70.072157,-452,205,13:10:14.242049
70.074014,-1006,148,13:10:14.242049
70.075874,92,55,13:10:14.242049
70.077739,-238,-142,13:10:14.242049
70.079595,-1046,8,13:10:14.242049
70.081452,-104,26,13:10:14.242049
70.08331,22,-276,13:10:14.242049
70.085166,-589,180,13:10:14.242049
70.087025,-49,107,13:10:14.242049
70.088881,-3431,267,13:10:14.242049
70.090743,-4,76,13:10:14.242049
70.092602,-9,44,13:10:14.242049
70.094459,-10,-12,13:10:14.242049
70.096321,-46,246,13:10:14.242049
70.098177,-54,84,13:10:14.242049
70.100035,-107,191,13:10:14.242049
70.101892,-209,17,13:10:14.242049
70.103748,-131,-35,13:10:14.242049
70.105614,1,277,13:10:14.289838
70.107481,41,-121,13:10:14.289838
70.109343,28,-61,13:10:14.289838
70.111263,-544,223,13:10:14.289838
70.113125,-165,36,13:10:14.289838
70.114984,-459,31,13:10:14.289838
70.11684,-10,83,13:10:14.289838
70.118701,162,246,13:10:14.289838
70.120557,-74,105,13:10:14.289838
70.122414,81,-176,13:10:14.289838
70.124272,-702,119,13:10:14.289838
70.126128,-606,55,13:10:14.289838
70.127987,17,-47,13:10:14.289838
70.129845,-743,123,13:10:14.289838
70.131703,-927,399,13:10:14.289838
70.13356,-877,175,13:10:14.289838
70.135417,-363,-99,13:10:14.289838
70.137284,108,213,13:10:14.289838
70.139185,6,3,13:10:14.289838
70.141041,-220,226,13:10:14.289838
70.142925,-62,64,13:10:14.289838
70.144782,-19,38,13:10:14.289838
70.14664,-2610,30,13:10:14.289838
70.148502,-95,54,13:10:14.289838
70.150359,211,183,13:10:14.289838
70.152217,-2,-146,13:10:14.289838
70.154075,5,199,13:10:14.289838
70.15594,127,118,13:10:14.336443
70.1578,-195,13,13:10:14.336443
70.159666,-127,255,13:10:14.336443
70.161575,-282,-22,13:10:14.336443
70.163431,-77,120,13:10:14.336443
70.16529,-117,147,13:10:14.336443
70.167146,-162,51,13:10:14.336443
70.169002,-339,-61,13:10:14.336443
70.170859,-674,242,13:10:14.336443
70.172723,-639,77,13:10:14.336443
70.174579,-170,227,13:10:14.336443
70.176436,-1271,87,13:10:14.336443
70.178294,-51,354,13:10:14.336443
70.18015,37,-33,13:10:14.336443
70.182007,-65,81,13:10:14.336443
70.183867,-719,157,13:10:14.336443
70.185724,-549,247,13:10:14.337527
70.187586,-211,-173,13:10:14.337527
70.189442,-232,205,13:10:14.337527
70.191301,-2673,155,13:10:14.337527
70.193181,-81,84,13:10:14.337527
70.195043,262,76,13:10:14.337527
70.196902,-10,108,13:10:14.337527
70.198758,-134,136,13:10:14.337527
70.200624,-3,130,13:10:14.337527
70.202481,110,34,13:10:14.337527
70.204337,99,77,13:10:14.337527
70.206208,-27,106,13:10:14.390650
70.208068,-2,510,13:10:14.390650
70.209936,9,-63,13:10:14.390650
70.211834,-234,47,13:10:14.390650
70.213691,-209,406,13:10:14.390650
70.215549,21,166,13:10:14.390650
70.217408,-464,308,13:10:14.390650
70.219272,354,129,13:10:14.390650
70.221134,-804,78,13:10:14.390650
70.222993,-179,401,13:10:14.390650
70.224857,-680,197,13:10:14.390650
70.226713,-817,182,13:10:14.390650
70.228572,-976,131,13:10:14.390650
70.230428,-67,20,13:10:14.390650
70.232285,-1472,318,13:10:14.390650
70.234143,-71,232,13:10:14.390650
70.236002,-34,364,13:10:14.390650
70.237862,-865,20,13:10:14.390650
70.239722,13,130,13:10:14.390650
70.24158,-2729,532,13:10:14.390650
70.243437,-90,78,13:10:14.390650
70.245319,35,102,13:10:14.390650
70.247175,-231,194,13:10:14.390650
70.249032,192,90,13:10:14.390650
70.25089,10,69,13:10:14.390650
70.252746,-221,61,13:10:14.390650
70.254603,3,26,13:10:14.390650
70.256471,-57,127,13:10:14.405465
70.258332,172,387,13:10:14.405465
70.260224,174,121,13:10:14.405465
70.262098,-71,-5,13:10:14.405465
70.263958,-25,28,13:10:14.405465
70.265819,-10,95,13:10:14.405465
70.267675,-300,188,13:10:14.405465
70.269536,142,394,13:10:14.405465
70.271392,-85,66,13:10:14.405465
70.273248,-517,343,13:10:14.405465
70.275107,-567,277,13:10:14.405465
70.276963,12,338,13:10:14.405465
70.278819,4,111,13:10:14.405465
70.280676,-465,100,13:10:14.405465
70.282542,-11,143,13:10:14.405465
70.284398,-664,-44,13:10:14.405465
70.286255,-669,-58,13:10:14.406464
70.288113,221,21,13:10:14.406464
70.28997,18,263,13:10:14.406464
70.291834,-1014,335,13:10:14.406464
70.293704,-174,358,13:10:14.406464
70.295563,-2937,294,13:10:14.406464
70.297429,4,-3,13:10:14.406464
70.299285,-124,-36,13:10:14.406464
70.301144,-59,117,13:10:14.406464
70.303,6,201,13:10:14.406464
70.304862,202,207,13:10:14.455964
70.306731,15,198,13:10:14.455964
70.308596,-44,44,13:10:14.455964
70.310493,-13,173,13:10:14.455964
70.31236,-73,188,13:10:14.455964
70.314216,-148,15,13:10:14.455964
70.316074,-83,373,13:10:14.455964
70.317931,83,87,13:10:14.455964
70.319789,-63,257,13:10:14.455964
70.321645,76,127,13:10:14.455964
70.323502,215,164,13:10:14.455964
70.325358,32,114,13:10:14.455964
70.327215,46,76,13:10:14.455964
70.329073,140,63,13:10:14.455964
70.330929,-12,318,13:10:14.455964
70.332788,105,368,13:10:14.455964
70.334644,206,118,13:10:14.455964
70.3365,-108,236,13:10:14.455964
70.338357,-10,20,13:10:14.455964
70.340222,-84,85,13:10:14.455964
70.34208,109,134,13:10:14.455964
70.343962,-105,469,13:10:14.455964
70.345822,341,225,13:10:14.455964
70.347702,-90,166,13:10:14.455964
70.349559,49,124,13:10:14.455964
70.351417,142,22,13:10:14.455964
70.353274,-4,225,13:10:14.455964
70.355136,163,234,13:10:14.541096
70.357006,-2,191,13:10:14.541096
70.35887,178,154,13:10:14.541096
70.360773,-399,20,13:10:14.541096
70.362633,103,172,13:10:14.541096
70.36449,-145,393,13:10:14.541096
70.366348,126,289,13:10:14.541096
70.368204,-246,192,13:10:14.541096
70.370061,4,88,13:10:14.541096
70.371917,106,213,13:10:14.541096
70.373777,-74,154,13:10:14.541096
70.375634,267,-165,13:10:14.541096
70.37749,167,226,13:10:14.541096
70.379349,-96,-30,13:10:14.541096
70.381205,13,222,13:10:14.541096
70.383063,52,228,13:10:14.542095
70.38492,-194,112,13:10:14.542095
70.38678,118,96,13:10:14.542095
70.388638,209,332,13:10:14.542095
70.390495,88,191,13:10:14.542095
70.392355,55,24,13:10:14.542095
70.394212,149,254,13:10:14.542095
70.39607,-212,263,13:10:14.542095
70.397926,-225,324,13:10:14.542095
70.399785,-36,159,13:10:14.542095
70.401643,113,121,13:10:14.542095
70.403501,268,163,13:10:14.542095
70.40536,41,163,13:10:14.555489
70.40722,-22,295,13:10:14.555489
70.409083,289,181,13:10:14.555489
70.410996,-71,137,13:10:14.556488
70.412911,-83,-42,13:10:14.556488
70.414771,-158,125,13:10:14.556488
70.41663,72,190,13:10:14.556488
70.418488,-161,233,13:10:14.556488
70.420344,-711,117,13:10:14.556488
70.422201,-766,212,13:10:14.556488
70.424067,-139,54,13:10:14.556488
70.425923,160,76,13:10:14.556488
70.427782,-339,178,13:10:14.556488
70.42964,-512,73,13:10:14.556488
70.431497,77,172,13:10:14.556488
70.433355,-247,268,13:10:14.556488
70.435211,-57,99,13:10:14.556488
70.437068,-254,-14,13:10:14.556488
70.438926,245,148,13:10:14.556488
70.440788,-313,245,13:10:14.556488
70.442645,178,82,13:10:14.556488
70.444501,195,244,13:10:14.556488
70.446381,-1362,193,13:10:14.556488
70.448256,48,176,13:10:14.556488
70.450154,79,142,13:10:14.556488
70.452014,157,129,13:10:14.556488
70.453895,10,261,13:10:14.556488
70.455772,75,408,13:10:14.605375
70.457635,-160,42,13:10:14.605375
70.459497,194,-121,13:10:14.605375
70.4614,-222,258,13:10:14.605375
70.463258,473,488,13:10:14.606352
70.465115,59,-309,13:10:14.606352
70.466971,-404,-82,13:10:14.606352
70.468827,1231,1315,13:10:14.606352
70.470688,2151,390,13:10:14.606352
70.472544,-2365,-2218,13:10:14.606352
70.4744,-2834,184,13:10:14.606352
70.476259,1726,956,13:10:14.606352
70.478115,-486,-1101,13:10:14.606352
70.479971,-1330,380,13:10:14.606352
70.481828,2127,1608,13:10:14.606352
70.483684,1236,-185,13:10:14.606352
70.485541,-1598,-472,13:10:14.606352
70.487397,435,1047,13:10:14.606352
70.489259,1120,-22,13:10:14.606352
70.491116,-1537,-832,13:10:14.606352
70.492976,-1460,-200,13:10:14.606352
70.494834,1328,1313,13:10:14.606352
70.496691,928,-284,13:10:14.606352
70.498549,-751,-90,13:10:14.606352
70.500406,1207,1122,13:10:14.606352
70.502262,1658,488,13:10:14.606352
70.504118,-496,-494,13:10:14.606352
70.506025,-1122,-58,13:10:14.697864
70.507887,514,723,13:10:14.697864
70.509751,-22,-632,13:10:14.697864
70.511665,-1608,-53,13:10:14.697864
70.513524,1183,1124,13:10:14.697864
70.515381,1124,104,13:10:14.697864
70.517238,-328,-121,13:10:14.697864
70.519095,-22,398,13:10:14.697864
70.520953,774,406,13:10:14.697864
70.52281,-603,-955,13:10:14.697864
70.524666,-794,173,13:10:14.697864
70.526524,385,198,13:10:14.697864
70.528381,-804,-664,13:10:14.697864
70.530237,-645,293,13:10:14.697864
70.532093,1051,1120,13:10:14.697864
70.533958,2088,1509,13:10:14.697864
70.535814,569,-1283,13:10:14.697864
70.537671,-2904,-690,13:10:14.697864
70.539529,1352,1455,13:10:14.697864
70.541385,-73,-1373,13:10:14.697864
70.543242,-2375,-323,13:10:14.697864
70.545098,970,1582,13:10:14.697864
70.546956,2457,1234,13:10:14.697864
70.548815,661,-599,13:10:14.697864
70.550678,-1576,-199,13:10:14.697864
70.552555,1195,1030,13:10:14.697864
70.554412,61,-903,13:10:14.697864
70.556282,-2507,-814,13:10:14.705865
70.558143,-116,1426,13:10:14.705865
70.560017,2204,908,13:10:14.705865
70.561901,-1097,-1496,13:10:14.705865
70.563757,-1850,988,13:10:14.705865
70.565614,2889,1256,13:10:14.705865
70.567472,-516,-798,13:10:14.705865
70.569335,-1709,-166,13:10:14.705865
70.571193,207,1351,13:10:14.705865
70.573049,781,-111,13:10:14.705865
70.57491,-2264,-1635,13:10:14.705865
70.576766,-1494,1004,13:10:14.705865
70.578622,1473,1221,13:10:14.705865
70.580483,-883,-471,13:10:14.705865
70.582339,-964,64,13:10:14.705865
70.584198,606,943,13:10:14.705865
70.586054,1297,-98,13:10:14.705865
70.587914,-1627,-936,13:10:14.705865
70.589773,-1170,942,13:10:14.705865
70.591637,1593,693,13:10:14.705865
70.593493,-425,-810,13:10:14.705865
70.59535,-1236,210,13:10:14.705865
70.597208,1803,1469,13:10:14.705865
70.599065,1081,-374,13:10:14.705865
70.600935,-2282,-863,13:10:14.705865
70.602805,-2695,1243,13:10:14.705865
70.604672,1658,205,13:10:14.756060
70.60654,-1560,-1159,13:10:14.756060
70.6084,-631,530,13:10:14.756060
70.610299,1913,978,13:10:14.756060
70.612207,-541,-1106,13:10:14.756060
70.614063,-1017,-89,13:10:14.756060
70.615919,1535,1331,13:10:14.756060
70.617778,804,-493,13:10:14.756060
70.619634,-1911,-928,13:10:14.756060
70.621493,178,950,13:10:14.756060
70.623349,1357,415,13:10:14.756060
70.625209,-1043,-899,13:10:14.756060
70.627066,-543,360,13:10:14.756060
70.628923,2006,1205,13:10:14.756060
70.630784,327,-918,13:10:14.756060
70.632641,-1787,-523,13:10:14.756060
70.634501,1116,1206,13:10:14.757062
70.636358,805,-480,13:10:14.757062
70.638214,-1125,-687,13:10:14.757062
70.640072,177,451,13:10:14.757062
70.641929,1359,359,13:10:14.757062
70.643787,-231,-708,13:10:14.757062
70.645643,-606,98,13:10:14.757062
70.647504,990,605,13:10:14.757062
70.649366,591,-110,13:10:14.757062
70.651223,-832,-444,13:10:14.757062
70.653081,-343,556,13:10:14.757062
70.654961,802,457,13:10:14.808286
70.656836,-432,-519,13:10:14.808286
70.658696,-783,-10,13:10:14.808286
70.660602,1134,1010,13:10:14.808286
70.662466,811,-362,13:10:14.808286
70.664323,-1033,-488,13:10:14.808286
70.666179,176,922,13:10:14.808286
70.668036,1487,-26,13:10:14.808286
70.669893,-1210,-980,13:10:14.808286
70.67175,-486,514,13:10:14.808286
70.673607,1532,762,13:10:14.808286
70.675465,-193,-573,13:10:14.808286
70.677322,-675,267,13:10:14.808286
70.679178,1111,868,13:10:14.808286
70.681036,665,-246,13:10:14.808286
70.682893,-1081,-473,13:10:14.808286
70.684751,320,718,13:10:14.808286
70.686607,683,60,13:10:14.808286
70.68847,-320,-583,13:10:14.808286
70.690326,-671,259,13:10:14.808286
70.692183,777,481,13:10:14.808286
70.694041,205,-432,13:10:14.808286
70.695897,-938,-110,13:10:14.808286
70.697754,432,610,13:10:14.808286
70.69961,997,128,13:10:14.808286
70.701466,-619,-661,13:10:14.808286
70.703323,-390,225,13:10:14.808286
70.705181,814,660,13:10:14.857643
70.707046,231,-194,13:10:14.857643
70.708906,-123,224,13:10:14.857643
70.710812,122,130,13:10:14.857643
70.712676,268,-58,13:10:14.857643
70.714559,-361,-139,13:10:14.857643
70.716419,-104,270,13:10:14.857643
70.718275,336,161,13:10:14.857643
70.720132,-64,-442,13:10:14.857643
70.72199,-331,155,13:10:14.857643
70.723847,552,356,13:10:14.857643
70.725705,415,-183,13:10:14.857643
70.727561,-147,-49,13:10:14.857643
70.729422,143,364,13:10:14.857643
70.731278,543,107,13:10:14.857643
70.733134,-290,-40,13:10:14.857643
70.734993,35,-33,13:10:14.857643
70.736849,442,257,13:10:14.857643
70.738707,252,142,13:10:14.857643
70.740564,-243,-156,13:10:14.857643
70.742424,44,270,13:10:14.857643
70.744283,73,196,13:10:14.857643
70.746149,-226,-222,13:10:14.857643
70.748005,83,247,13:10:14.857643
70.749864,620,169,13:10:14.857643
70.751722,-115,-291,13:10:14.857643
70.753578,-181,102,13:10:14.857643
70.755435,402,374,13:10:14.952189
70.757339,247,26,13:10:14.952189
70.759199,-35,-57,13:10:14.952189
70.761107,60,123,13:10:14.952189
70.762992,624,120,13:10:14.952189
70.764848,-163,-333,13:10:14.952189
70.766706,-261,-70,13:10:14.952189
70.768563,118,247,13:10:14.952189
70.770419,318,55,13:10:14.952189
70.772278,-96,-22,13:10:14.952189
70.774134,263,290,13:10:14.952189
70.77599,525,562,13:10:14.952189
70.777847,-70,-307,13:10:14.952189
70.779713,-144,165,13:10:14.952189
70.781569,283,24,13:10:14.952189
70.783426,64,-180,13:10:14.952189
70.785284,-381,-52,13:10:14.952189
70.78714,59,76,13:10:14.952856
70.788999,370,-109,13:10:14.952856
70.790855,-220,-41,13:10:14.952856
70.792712,-54,215,13:10:14.952856
70.79457,363,166,13:10:14.952856
70.796432,-283,-314,13:10:14.952856
70.798289,3,-24,13:10:14.952856
70.800145,274,422,13:10:14.952856
70.802003,92,-370,13:10:14.952856
70.80386,-268,-71,13:10:14.952856
70.80572,151,303,13:10:14.957983
70.807581,404,123,13:10:14.957983
70.809441,132,-394,13:10:14.957983
70.811345,-278,215,13:10:14.957983
70.813203,428,233,13:10:14.957983
70.815062,96,-192,13:10:14.957983
70.81692,-272,-191,13:10:14.957983
70.818777,313,449,13:10:14.957983
70.820635,152,-34,13:10:14.957983
70.822491,-53,-151,13:10:14.957983
70.824348,26,122,13:10:14.957983
70.826206,152,136,13:10:14.957983
70.828067,-916,-207,13:10:14.957983
70.829925,-131,237,13:10:14.957983
70.831781,57,-80,13:10:14.957983
70.833639,53,-154,13:10:14.958852
70.835496,-866,-237,13:10:14.958852
70.837352,37,200,13:10:14.958852
70.839211,-604,-72,13:10:14.958852
70.841069,-899,-116,13:10:14.958852
70.842927,135,222,13:10:14.958852
70.844786,151,133,13:10:14.958852
70.846644,-544,-105,13:10:14.958852
70.8485,-1035,-128,13:10:14.958852
70.850357,-704,213,13:10:14.958852
70.852215,337,131,13:10:14.958852
70.854076,-1063,-223,13:10:14.958852
70.855965,-610,364,13:10:15.005839
70.85783,493,164,13:10:15.005839
70.859693,148,219,13:10:15.005839
70.861635,-112,32,13:10:15.005839
70.863507,266,256,13:10:15.005839
70.865381,-197,-43,13:10:15.005839
70.867238,-194,11,13:10:15.005839
70.869094,148,-204,13:10:15.005839
70.870954,251,19,13:10:15.005839
70.872811,-355,-194,13:10:15.005839
70.874667,-198,123,13:10:15.005839
70.876525,207,44,13:10:15.005839
70.878382,-45,-265,13:10:15.005839
70.880238,78,-182,13:10:15.005839
70.882094,240,101,13:10:15.005839
70.883951,319,-231,13:10:15.005839
70.885807,43,-265,13:10:15.005839
70.887664,70,-20,13:10:15.005839
70.889524,360,79,13:10:15.005839
70.89138,94,-14,13:10:15.005839
70.893239,-182,98,13:10:15.005839
70.895095,361,-81,13:10:15.005839
70.896951,-236,-18,13:10:15.006837
70.89881,-57,-444,13:10:15.006837
70.90067,110,239,13:10:15.006837
70.902529,240,-72,13:10:15.006837
70.904385,12,-206,13:10:15.006837
70.906251,-306,185,13:10:15.059579
70.908112,281,-89,13:10:15.059579
70.909988,139,79,13:10:15.059579
70.91187,-11,96,13:10:15.059579
70.913727,245,262,13:10:15.059579
70.915585,283,-172,13:10:15.059579
70.917441,-125,69,13:10:15.059579
70.919298,-83,52,13:10:15.059579
70.92116,411,17,13:10:15.059579
70.923016,7,-197,13:10:15.059579
70.924877,-32,60,13:10:15.059579
70.926733,153,101,13:10:15.059579
70.92859,-81,-169,13:10:15.059579
70.930449,-191,-264,13:10:15.059579
70.932306,-6,112,13:10:15.059579
70.934163,241,31,13:10:15.059579
70.936019,31,-185,13:10:15.059579
70.937879,105,74,13:10:15.059579
70.939736,323,210,13:10:15.059579
70.941592,117,-302,13:10:15.059579
70.943451,32,-98,13:10:15.059579
70.945307,189,73,13:10:15.059579
70.947165,138,-22,13:10:15.059579
70.949022,-45,-459,13:10:15.059579
70.950882,10,-161,13:10:15.059579
70.95274,2,-149,13:10:15.059579
70.954597,86,104,13:10:15.105883
70.956469,-135,-85,13:10:15.105883
70.958338,-4,-74,13:10:15.105883
70.960209,146,111,13:10:15.105883
70.962132,-179,42,13:10:15.105883
70.963988,85,20,13:10:15.105883
70.965859,123,-259,13:10:15.105883
70.967715,165,129,13:10:15.105883
70.969571,-170,182,13:10:15.105883
70.97143,281,-41,13:10:15.105883
70.973286,56,-80,13:10:15.105883
70.975143,74,43,13:10:15.105883
70.976999,28,73,13:10:15.105883
70.978855,-102,-23,13:10:15.105883
70.980712,-112,-49,13:10:15.105883
70.982569,136,201,13:10:15.105883
70.984436,112,161,13:10:15.105883
70.986293,74,85,13:10:15.105883
70.988151,-110,-189,13:10:15.105883
70.990008,81,-34,13:10:15.105883
70.991866,264,-178,13:10:15.105883
70.993724,-27,-402,13:10:15.105883
70.995581,-59,-64,13:10:15.105883
70.997439,-67,252,13:10:15.105883
70.999295,-170,147,13:10:15.105883
71.001158,-387,27,13:10:15.105883
71.003014,152,117,13:10:15.105883
71.004877,191,-52,13:10:15.155587
71.006743,-200,-40,13:10:15.155587
71.008603,-146,150,13:10:15.155587
71.010519,-13,-48,13:10:15.155587
71.012396,-252,-268,13:10:15.155587
71.014252,-192,-220,13:10:15.155587
71.016112,220,17,13:10:15.155587
71.017969,227,35,13:10:15.155587
71.019825,-40,-175,13:10:15.155587
71.021682,53,132,13:10:15.155587
71.023539,20,-46,13:10:15.155587
71.025396,22,-101,13:10:15.155587
71.027253,-15,-102,13:10:15.155587
71.029111,157,-23,13:10:15.155587
71.030967,-108,-137,13:10:15.155587
71.032826,-17,-149,13:10:15.155587
71.034684,344,78,13:10:15.155587
71.036541,69,-199,13:10:15.155587
71.038399,-339,-297,13:10:15.155587
71.040255,-60,-96,13:10:15.155587
71.042116,37,9,13:10:15.155587
71.043972,-34,-34,13:10:15.155587
71.045828,-126,-156,13:10:15.155587
71.047687,139,-304,13:10:15.155587
71.049543,116,54,13:10:15.155587
71.0514,70,-246,13:10:15.155587
71.053256,160,91,13:10:15.155587
71.055112,224,15,13:10:15.220829
71.056985,-78,-18,13:10:15.220829
71.058847,78,-165,13:10:15.220829
71.060765,-215,75,13:10:15.221925
71.062623,54,-126,13:10:15.221925
71.064506,-108,109,13:10:15.221925
71.066364,207,-7,13:10:15.221925
71.06822,132,153,13:10:15.221925
71.070081,32,-159,13:10:15.221925
71.071937,-153,54,13:10:15.221925
71.073796,335,-14,13:10:15.221925
71.075654,38,-180,13:10:15.221925
71.07751,83,-277,13:10:15.221925
71.079369,10,-119,13:10:15.221925
71.081225,-35,-106,13:10:15.221925
71.083083,46,123,13:10:15.221925
71.084942,155,26,13:10:15.221925
71.086808,112,-280,13:10:15.221925
71.088664,330,-140,13:10:15.221925
71.090521,195,22,13:10:15.223908
71.092381,181,-13,13:10:15.223908
71.094238,-75,-174,13:10:15.224892
71.096094,-143,71,13:10:15.224892
71.097952,-61,-340,13:10:15.224892
71.099809,-63,-214,13:10:15.224892
71.101665,12,-84,13:10:15.224892
71.103521,48,-43,13:10:15.224892
71.105386,118,-64,13:10:15.257984
71.10726,-13,-129,13:10:15.257984
71.109121,5,-10,13:10:15.257984
71.111013,19,-193,13:10:15.257984
71.112875,-226,118,13:10:15.257984
71.114731,-197,-218,13:10:15.257984
71.11659,-398,40,13:10:15.257984
71.118445,-556,-185,13:10:15.257984
71.120302,-633,1,13:10:15.257984
71.122159,-518,-28,13:10:15.257984
71.124043,-92,-86,13:10:15.257984
71.125913,-391,23,13:10:15.257984
71.127776,22,-194,13:10:15.257984
71.129634,61,-119,13:10:15.257984
71.13149,14,-252,13:10:15.257984
71.133351,-49,-21,13:10:15.257984
71.135207,49,115,13:10:15.257984
71.137064,22,-295,13:10:15.257984
71.138922,46,12,13:10:15.257984
71.140778,266,-193,13:10:15.257984
71.142637,-13,94,13:10:15.257984
71.144493,160,-254,13:10:15.257984
71.146353,-195,-123,13:10:15.257984
71.148212,-209,104,13:10:15.257984
71.150078,198,22,13:10:15.257984
71.151934,74,185,13:10:15.257984
71.153793,195,57,13:10:15.257984
71.155653,44,103,13:10:15.308796
71.157515,3,19,13:10:15.308796
71.159383,295,-60,13:10:15.308796
71.161304,-128,25,13:10:15.308796
71.163166,-492,-232,13:10:15.308796
71.165023,-168,-330,13:10:15.308796
71.166911,-62,-31,13:10:15.308796
71.168769,421,170,13:10:15.308796
71.170638,202,-280,13:10:15.308796
71.172494,18,-214,13:10:15.308796
71.17435,37,-130,13:10:15.308796
71.176209,-87,-68,13:10:15.308796
71.178065,0,40,13:10:15.308796
71.179923,-54,-288,13:10:15.308796
71.181782,48,33,13:10:15.308796
71.18364,-19,-43,13:10:15.308796
71.185496,-250,-367,13:10:15.308796
71.187353,61,-58,13:10:15.308796
71.189211,259,67,13:10:15.308796
71.191068,-12,86,13:10:15.308796
71.192926,-55,89,13:10:15.308796
71.194784,-51,-137,13:10:15.308796
71.196641,171,-140,13:10:15.308796
71.198497,66,-6,13:10:15.308796
71.200361,136,21,13:10:15.308796
71.202218,205,-14,13:10:15.308796
71.204074,112,-152,13:10:15.308796
71.205947,123,-393,13:10:15.360692
71.207807,-18,-151,13:10:15.360692
71.209669,225,229,13:10:15.360692
71.211561,-227,53,13:10:15.360692
71.21342,103,60,13:10:15.360692
71.215284,-75,-82,13:10:15.360692
71.217142,14,-283,13:10:15.360692
71.218999,156,-162,13:10:15.360692
71.220859,238,-372,13:10:15.360692
71.222716,31,-136,13:10:15.360692
71.224574,73,65,13:10:15.360692
71.22643,-33,288,13:10:15.360692
71.228287,-215,-178,13:10:15.360692
71.230145,-9,-50,13:10:15.360692
71.232005,38,-26,13:10:15.360692
71.233864,209,-185,13:10:15.360692
71.23572,-78,-148,13:10:15.360692
71.237586,272,26,13:10:15.360692
71.239444,31,-120,13:10:15.360692
71.241301,96,-177,13:10:15.360692
71.243159,198,50,13:10:15.360692
71.245016,269,-60,13:10:15.360692
71.246876,-169,-76,13:10:15.360692
71.248733,146,7,13:10:15.360692
71.250589,221,36,13:10:15.360692
71.252449,34,-307,13:10:15.360692
71.254307,355,-90,13:10:15.360692
71.256182,126,-52,13:10:15.411072
71.258042,-37,-223,13:10:15.411072
71.259914,228,-63,13:10:15.411072
71.261799,-296,-68,13:10:15.411072
71.263663,-135,135,13:10:15.411072
71.26555,-17,-156,13:10:15.412065
71.267414,32,28,13:10:15.412065
71.269292,-41,34,13:10:15.412065
71.271148,63,251,13:10:15.412065
71.273005,111,-132,13:10:15.412065
71.274863,104,-95,13:10:15.412065
71.27672,-70,212,13:10:15.412065
71.278576,182,87,13:10:15.412065
71.280434,13,-457,13:10:15.412065
71.282291,-1,5,13:10:15.412065
71.284149,143,-285,13:10:15.412065
71.286005,176,-44,13:10:15.412065
71.28787,89,98,13:10:15.412629
71.289726,169,-316,13:10:15.412629
71.291583,124,-115,13:10:15.412629
71.293441,-40,100,13:10:15.412629
71.295297,53,-100,13:10:15.412629
71.297154,85,-108,13:10:15.412629
71.29901,5,-73,13:10:15.412629
71.300868,-86,-185,13:10:15.412629
71.302725,266,-108,13:10:15.412629
71.304587,106,211,13:10:15.462174
71.306455,-270,-36,13:10:15.462174
71.308316,417,-58,13:10:15.462174
71.3102,286,-43,13:10:15.462174
71.312076,-106,-23,13:10:15.462174
71.313933,165,19,13:10:15.462174
71.315791,-1607,28,13:10:15.463190
71.317653,-111,17,13:10:15.463190
71.319514,177,-10,13:10:15.463190
71.321374,-17,44,13:10:15.463190
71.323238,44,-195,13:10:15.463190
71.325095,168,-10,13:10:15.463190
71.326951,286,-181,13:10:15.463190
71.32881,16,-143,13:10:15.463190
71.330666,162,57,13:10:15.464179
71.332522,268,-19,13:10:15.464179
71.334381,240,-60,13:10:15.464179
71.336237,-30,-135,13:10:15.464179
71.338093,320,22,13:10:15.464179
71.33995,276,-134,13:10:15.464179
71.341816,116,16,13:10:15.464179
71.343673,-6,301,13:10:15.464179
71.345529,119,-195,13:10:15.464179
71.347387,281,-399,13:10:15.464179
71.349244,180,-30,13:10:15.464179
71.351102,270,-196,13:10:15.464179
71.352958,81,156,13:10:15.464179
71.354815,143,-300,13:10:15.514262
71.356683,56,140,13:10:15.514262
71.358544,256,24,13:10:15.514262
71.360452,301,-83,13:10:15.514262
71.362312,-131,-149,13:10:15.514262
71.364169,95,-138,13:10:15.514262
71.366029,337,415,13:10:15.514262
71.367935,-35,19,13:10:15.514262
71.369797,-35,-48,13:10:15.514262
71.371671,198,-368,13:10:15.514262
71.37353,317,-180,13:10:15.514262
71.375388,147,168,13:10:15.514262
71.377245,245,-353,13:10:15.514262
71.379105,364,88,13:10:15.514262
71.380961,536,-241,13:10:15.514262
71.382818,-106,-246,13:10:15.514262
71.384676,240,25,13:10:15.514262
71.386532,70,-321,13:10:15.514262
71.388391,-53,-296,13:10:15.514262
71.390247,355,52,13:10:15.514262
71.392107,236,-222,13:10:15.514262
71.393966,216,-32,13:10:15.514262
71.395832,50,-179,13:10:15.514262
71.397689,41,33,13:10:15.514262
71.399545,234,-176,13:10:15.514262
71.401403,221,-185,13:10:15.514262
71.40326,209,20,13:10:15.514262
71.405116,206,-199,13:10:15.566626
71.40699,225,-15,13:10:15.566626
71.408851,196,-121,13:10:15.566626
71.410757,35,-13,13:10:15.566626
71.412621,-257,-164,13:10:15.566626
71.41448,115,-73,13:10:15.566626
71.416338,-2,-142,13:10:15.566626
71.418194,145,333,13:10:15.566626
71.42008,134,3,13:10:15.566626
71.421939,362,0,13:10:15.566626
71.423804,225,-5,13:10:15.566626
71.425661,268,112,13:10:15.566626
71.427518,292,-113,13:10:15.566626
71.429386,-88,183,13:10:15.566626
71.431243,96,-36,13:10:15.566626
71.433099,42,-14,13:10:15.566626
71.434957,158,-75,13:10:15.566626
71.436814,473,-247,13:10:15.566626
71.438672,147,-112,13:10:15.566626
71.440528,24,-54,13:10:15.566626
71.442389,148,-73,13:10:15.566626
71.444245,189,-74,13:10:15.566626
71.446102,298,-7,13:10:15.566626
71.447964,-33,-266,13:10:15.566626
71.44982,44,60,13:10:15.566626
71.451679,151,74,13:10:15.566626
71.453535,247,-212,13:10:15.566626
71.455391,331,-23,13:10:15.667375
71.457264,127,-43,13:10:15.667375
71.459125,337,-10,13:10:15.667375
71.461018,-110,8,13:10:15.667375
71.462877,241,-117,13:10:15.667375
71.464733,176,-43,13:10:15.667375
71.466591,-31,-313,13:10:15.667375
71.468456,-198,-78,13:10:15.667375
71.470314,-567,13,13:10:15.667375
71.472174,107,50,13:10:15.667375
71.474032,275,1,13:10:15.667375
71.475921,192,99,13:10:15.667375
71.477777,330,56,13:10:15.667375
71.479636,196,159,13:10:15.667375
71.481492,34,-269,13:10:15.667375
71.48335,-145,28,13:10:15.667375
71.485207,434,-164,13:10:15.667375
71.487064,-156,41,13:10:15.667375
71.488926,344,210,13:10:15.667375
71.490784,433,20,13:10:15.667375
71.492644,129,52,13:10:15.667375
71.494501,48,-114,13:10:15.667375
71.496357,-33,-122,13:10:15.667375
71.498215,173,79,13:10:15.667375
71.500072,301,5,13:10:15.667375
71.501928,-74,-64,13:10:15.667375
71.503785,96,-112,13:10:15.667375
71.505657,148,138,13:10:15.673582
71.507519,100,130,13:10:15.673582
71.509384,365,161,13:10:15.673582
71.511306,290,-81,13:10:15.673582
71.513184,178,-102,13:10:15.673582
71.515046,-121,-386,13:10:15.673582
71.516903,-62,168,13:10:15.673582
71.518763,122,-73,13:10:15.673582
71.520622,-216,-59,13:10:15.673582
71.522478,81,-150,13:10:15.673582
71.524334,230,81,13:10:15.673582
71.526193,499,-66,13:10:15.673582
71.528049,-107,-68,13:10:15.673582
71.529905,77,-38,13:10:15.673582
71.531764,-59,47,13:10:15.673582
71.533624,52,-86,13:10:15.674572
71.53548,99,151,13:10:15.674572
71.537337,177,-223,13:10:15.674572
71.539195,129,69,13:10:15.674572
71.541052,275,134,13:10:15.674572
71.542908,254,-1,13:10:15.674572
71.544764,203,250,13:10:15.674572
71.546621,276,54,13:10:15.674572
71.548477,181,132,13:10:15.674572
71.550334,23,-85,13:10:15.674572
71.552194,-63,-161,13:10:15.674572
71.55405,261,-306,13:10:15.674572
71.555909,60,6,13:10:15.719954
71.557771,461,24,13:10:15.719954
71.559633,144,151,13:10:15.719954
71.561522,343,43,13:10:15.719954
71.563378,327,79,13:10:15.719954
71.565238,-113,-20,13:10:15.719954
71.567101,259,87,13:10:15.719954
71.568958,176,23,13:10:15.719954
71.570815,210,119,13:10:15.719954
71.57269,-874,96,13:10:15.719954
71.574574,125,-251,13:10:15.719954
71.57647,324,-41,13:10:15.723954
71.57833,320,22,13:10:15.723954
71.580215,166,-27,13:10:15.723954
71.582071,-119,169,13:10:15.723954
71.583928,269,40,13:10:15.723954
71.585786,124,152,13:10:15.723954
71.587642,181,-50,13:10:15.723954
71.589499,52,-150,13:10:15.723954
71.591355,-37,-185,13:10:15.723954
71.593213,344,-177,13:10:15.723954
71.59507,266,-168,13:10:15.723954
71.596926,197,-101,13:10:15.723954
71.598785,-14,178,13:10:15.723954
71.600641,-164,-123,13:10:15.723954
71.602497,63,210,13:10:15.723954
71.604354,55,-302,13:10:15.723954
71.606226,56,-312,13:10:15.779060
71.608087,223,-8,13:10:15.779060
71.609954,241,3,13:10:15.779060
71.611845,50,-9,13:10:15.779060
71.613701,-30,-65,13:10:15.779060
71.615558,43,100,13:10:15.779060
71.617416,238,-220,13:10:15.779060
71.619275,-47,90,13:10:15.779060
71.621131,-287,79,13:10:15.779060
71.622991,-329,93,13:10:15.779060
71.624876,-1638,75,13:10:15.779060
71.626732,133,47,13:10:15.779060
71.628589,292,104,13:10:15.779060
71.630449,354,-156,13:10:15.779060
71.632307,352,47,13:10:15.779060
71.634165,218,-101,13:10:15.779060
71.636022,21,4,13:10:15.779060
71.637878,138,-7,13:10:15.779060
71.639737,230,-56,13:10:15.779060
71.641595,277,-80,13:10:15.779060
71.643453,281,109,13:10:15.779060
71.64531,71,44,13:10:15.781050
71.647176,121,151,13:10:15.783051
71.649032,153,64,13:10:15.783051
71.650889,261,-113,13:10:15.783051
71.652747,335,209,13:10:15.783051
71.654604,1,103,13:10:15.823194
71.656466,40,-24,13:10:15.823194
71.658326,48,-97,13:10:15.823194
71.660234,35,-220,13:10:15.823194
71.662107,119,-99,13:10:15.823194
71.663965,-43,-61,13:10:15.823194
71.665826,235,-32,13:10:15.823194
71.667682,-57,-134,13:10:15.823194
71.669538,-397,32,13:10:15.823194
71.671397,365,-95,13:10:15.823194
71.673257,288,-95,13:10:15.823194
71.675145,60,-134,13:10:15.823194
71.677002,118,59,13:10:15.823194
71.678882,87,102,13:10:15.823194
71.680738,306,147,13:10:15.823194
71.682595,-372,316,13:10:15.823194
71.684457,222,27,13:10:15.823194
71.686313,224,42,13:10:15.823194
71.68817,120,208,13:10:15.823194
71.690028,-194,243,13:10:15.823194
71.691884,112,223,13:10:15.823194
71.693743,282,-112,13:10:15.823194
71.695599,107,-8,13:10:15.823194
71.69746,-18,31,13:10:15.823194
71.699316,197,60,13:10:15.823194
71.701172,159,32,13:10:15.823194
71.703031,248,-78,13:10:15.823194
71.704887,216,90,13:10:15.879468
71.706757,-72,62,13:10:15.879468
71.708618,-6,-63,13:10:15.879468
71.710526,305,-57,13:10:15.879468
71.712394,-29,40,13:10:15.879468
71.714251,105,214,13:10:15.879468
71.716107,311,181,13:10:15.879468
71.717963,-76,239,13:10:15.879468
71.71982,284,146,13:10:15.880464
71.721678,-22,-100,13:10:15.880464
71.723534,-77,42,13:10:15.880464
71.725397,227,-123,13:10:15.880464
71.727253,-904,154,13:10:15.880464
71.729165,25,86,13:10:15.880464
71.731022,231,-37,13:10:15.880464
71.732878,46,123,13:10:15.880464
71.734736,8,158,13:10:15.880464
71.736593,178,198,13:10:15.880464
71.738449,222,156,13:10:15.880464
71.740308,298,284,13:10:15.880464
71.742164,-12,-3,13:10:15.880464
71.74402,289,-108,13:10:15.880464
71.745877,229,-54,13:10:15.880464
71.747743,264,-132,13:10:15.880464
71.749599,243,147,13:10:15.880464
71.751456,349,191,13:10:15.880464
71.753314,88,225,13:10:15.880464
71.755171,311,204,13:10:15.926847
71.757033,295,126,13:10:15.926847
71.758893,576,23,13:10:15.926847
71.7608,-45,53,13:10:15.926847
71.762658,-246,-73,13:10:15.926847
71.764514,125,129,13:10:15.926847
71.766373,-30,-64,13:10:15.926847
71.768229,29,174,13:10:15.926847
71.770085,13,-67,13:10:15.926847
71.771944,356,267,13:10:15.926847
71.773804,404,213,13:10:15.926847
71.775664,-432,162,13:10:15.926847
71.777521,187,67,13:10:15.926847
71.779377,21,-123,13:10:15.926847
71.781257,70,-46,13:10:15.926847
71.78312,175,294,13:10:15.926847
71.784984,-2443,268,13:10:15.926847
71.786844,87,40,13:10:15.926847
71.788701,250,-205,13:10:15.927838
71.790557,255,23,13:10:15.927838
71.792414,93,-85,13:10:15.927838
71.794272,290,-52,13:10:15.927838
71.796128,-277,134,13:10:15.927838
71.797987,10,106,13:10:15.927838
71.799845,269,130,13:10:15.927838
71.801701,404,282,13:10:15.927838
71.803558,421,212,13:10:15.927838
71.80542,535,72,13:10:15.981811
71.807289,115,138,13:10:15.981811
71.809149,153,277,13:10:15.981811
71.811055,114,57,13:10:15.981811
71.812915,-93,-40,13:10:15.981811
71.814774,-243,-82,13:10:15.983810
71.816632,-257,211,13:10:15.983810
71.818489,282,-40,13:10:15.983810
71.820347,242,73,13:10:15.983810
71.822203,-568,34,13:10:15.983810
71.82406,178,-147,13:10:15.983810
71.825926,-805,306,13:10:15.983810
71.827784,102,71,13:10:15.983810
71.829643,-2570,-34,13:10:15.983810
71.831537,-80,94,13:10:15.983810
71.833394,283,247,13:10:15.983810
71.835252,478,163,13:10:15.983810
71.837108,116,-135,13:10:15.983810
71.838966,237,346,13:10:15.983810
71.840825,374,78,13:10:15.983810
71.842681,63,-126,13:10:15.983810
71.84454,202,15,13:10:15.983810
71.846396,515,199,13:10:15.983810
71.848254,94,-22,13:10:15.983810
71.850111,392,50,13:10:15.983810
71.851971,377,201,13:10:15.983810
71.853827,294,294,13:10:15.983810
71.855686,225,105,13:10:16.027323
71.857548,172,124,13:10:16.027323
71.85941,317,117,13:10:16.027323
71.861317,-323,124,13:10:16.027323
71.863173,163,147,13:10:16.027323
71.86503,-1,101,13:10:16.027323
71.866888,-15,69,13:10:16.027323
71.868744,-255,250,13:10:16.027323
71.870603,290,224,13:10:16.027323
71.872459,269,109,13:10:16.027323
71.874315,-500,238,13:10:16.027323
71.876174,205,123,13:10:16.027323
71.878034,226,-28,13:10:16.027323
71.87989,261,38,13:10:16.027323
71.881747,131,23,13:10:16.027323
71.883639,149,256,13:10:16.027323
71.885497,236,90,13:10:16.027323
71.887356,-1280,242,13:10:16.027323
71.889212,130,195,13:10:16.027323
71.891068,236,264,13:10:16.027323
71.892931,51,-39,13:10:16.027323
71.894787,214,26,13:10:16.027323
71.896644,294,106,13:10:16.027323
71.898502,388,191,13:10:16.027323
71.900358,254,47,13:10:16.027323
71.902215,350,88,13:10:16.028333
71.904071,228,241,13:10:16.028333
71.905931,387,111,13:10:16.078090
71.907792,352,130,13:10:16.078090
71.90966,178,1,13:10:16.078090
71.911574,76,-16,13:10:16.078090
71.913431,248,236,13:10:16.078090
71.915287,194,-164,13:10:16.078090
71.917145,344,176,13:10:16.078090
71.919002,-193,-46,13:10:16.078090
71.92086,176,201,13:10:16.078090
71.922716,319,146,13:10:16.078090
71.924577,-1019,157,13:10:16.078090
71.926435,-237,70,13:10:16.078090
71.928299,317,86,13:10:16.078090
71.930156,176,-47,13:10:16.078090
71.932012,-3248,254,13:10:16.078090
71.933901,252,231,13:10:16.078090
71.935759,133,-70,13:10:16.078090
71.937623,165,120,13:10:16.078090
71.93948,125,131,13:10:16.078090
71.941336,95,91,13:10:16.078090
71.943194,180,304,13:10:16.078090
71.945051,303,145,13:10:16.078090
71.946907,299,244,13:10:16.078090
71.948765,317,84,13:10:16.078090
71.950622,311,145,13:10:16.078090
71.95248,234,-47,13:10:16.078090
71.954337,258,70,13:10:16.078090
71.956213,249,200,13:10:16.128583
71.958073,175,235,13:10:16.128583
71.959946,484,158,13:10:16.128583
71.961856,38,23,13:10:16.128583
71.963712,33,245,13:10:16.128583
71.965569,-71,-151,13:10:16.128583
71.967427,253,67,13:10:16.128583
71.969283,78,67,13:10:16.128583
71.971142,241,246,13:10:16.128583
71.972998,90,361,13:10:16.128583
71.974858,63,48,13:10:16.128583
71.976715,-95,12,13:10:16.128583
71.978572,203,132,13:10:16.128583
71.980435,-619,117,13:10:16.128583
71.982292,-2410,376,13:10:16.128583
71.984158,121,-10,13:10:16.128583
71.986016,474,-10,13:10:16.128583
71.987906,-146,-77,13:10:16.128583
71.989763,160,66,13:10:16.128583
71.991619,251,205,13:10:16.128583
71.993478,302,42,13:10:16.128583
71.995334,205,160,13:10:16.128583
71.997191,175,204,13:10:16.128583
71.999049,265,94,13:10:16.129590
72.000905,208,-42,13:10:16.129590
72.002766,103,189,13:10:16.129590
72.004622,218,28,13:10:16.179864
72.006486,50,26,13:10:16.179864
72.008347,158,367,13:10:16.179864
72.010249,374,264,13:10:16.179864
72.012121,128,385,13:10:16.179864
72.013978,287,216,13:10:16.179864
72.015834,6,106,13:10:16.179864
72.017692,9,301,13:10:16.179864
72.01955,99,69,13:10:16.179864
72.021409,-354,-210,13:10:16.179864
72.023265,-475,107,13:10:16.179864
72.025132,302,-31,13:10:16.179864
72.026988,-389,141,13:10:16.179864
72.028847,-424,144,13:10:16.179864
72.030705,65,-68,13:10:16.179864
72.032561,-769,177,13:10:16.179864
72.034455,-261,55,13:10:16.179864
72.036312,379,153,13:10:16.179864
72.038168,281,297,13:10:16.179864
72.040027,215,150,13:10:16.179864
72.041883,220,302,13:10:16.179864
72.043741,311,27,13:10:16.179864
72.045598,128,10,13:10:16.179864
72.047454,102,211,13:10:16.179864
72.049312,208,253,13:10:16.179864
72.051176,388,289,13:10:16.179864
72.053033,318,226,13:10:16.179864
72.054889,203,143,13:10:17.311644
72.056752,230,112,13:10:17.311644
72.058612,145,267,13:10:17.311644
72.060522,253,138,13:10:17.311644
72.062383,199,190,13:10:17.312642
72.064239,113,260,13:10:17.312642
72.066101,-75,251,13:10:17.312642
72.067958,260,36,13:10:17.312642
72.069824,295,-31,13:10:17.312642
72.07168,206,53,13:10:17.312642
72.073537,224,-91,13:10:17.312642
72.075395,173,97,13:10:17.312642
72.077253,-1000,232,13:10:17.312642
72.07911,154,326,13:10:17.312642
72.080969,86,218,13:10:17.312642
72.082828,186,93,13:10:17.312642
72.084685,-3188,289,13:10:17.312642
72.086541,64,173,13:10:17.312642
72.088453,136,89,13:10:17.312642
72.090315,171,329,13:10:17.312642
72.092188,404,124,13:10:17.312642
72.094046,411,240,13:10:17.312642
72.095903,440,245,13:10:17.312642
72.097761,95,44,13:10:17.312642
72.099619,215,337,13:10:17.312642
72.101476,142,175,13:10:17.312642
72.103334,386,232,13:10:17.312642
72.105191,10,81,13:10:17.312642
72.107061,156,19,13:10:17.312642
72.108921,418,317,13:10:17.312642
72.110815,-105,139,13:10:17.312642
72.112674,-462,16,13:10:17.312642
72.11453,118,7,13:10:17.312642
72.116386,-413,125,13:10:17.312642
72.118245,184,139,13:10:17.312642
72.120107,-391,131,13:10:17.312642
72.121964,286,199,13:10:17.312642
72.12382,-487,140,13:10:17.312642
72.125678,216,146,13:10:17.312642
72.127535,271,-175,13:10:17.312642
72.129391,294,125,13:10:17.312642
72.131249,13,77,13:10:17.312642
72.133106,190,114,13:10:17.312642
72.134964,178,99,13:10:17.312642
72.136822,82,31,13:10:17.312642
72.138685,296,213,13:10:17.312642
72.140541,160,351,13:10:17.312642
72.1424,240,303,13:10:17.312642
72.144258,224,-13,13:10:17.312642
72.146114,-411,402,13:10:17.312642
72.147975,281,244,13:10:17.312642
72.149833,432,21,13:10:17.312642
72.151689,220,338,13:10:17.312642
72.153546,189,211,13:10:17.312642
72.155406,-895,113,13:10:17.312642
72.157268,193,118,13:10:17.312642
72.159135,-829,192,13:10:17.312642
72.161055,-134,354,13:10:17.312642
72.162917,-506,61,13:10:17.312642
72.164774,-1515,238,13:10:17.312642
72.166634,-1457,360,13:10:17.312642
72.16849,-1281,313,13:10:17.312642
72.170349,-1290,239,13:10:17.312642
72.172207,229,169,13:10:17.313643
72.174063,251,343,13:10:17.313643
72.17592,65,380,13:10:17.313643
72.177776,-230,210,13:10:17.313643
72.179636,392,39,13:10:17.313643
72.181493,157,95,13:10:17.313643
72.18335,107,171,13:10:17.313643
72.185208,-17,308,13:10:17.313643
72.187064,386,174,13:10:17.313643
72.188922,146,146,13:10:17.313643
72.190811,76,380,13:10:17.313643
72.192667,240,249,13:10:17.313643
72.194525,187,161,13:10:17.313643
72.196382,-26,-89,13:10:17.313643
72.19824,73,243,13:10:17.313643
72.200096,151,177,13:10:17.313643
72.201955,51,56,13:10:17.313643
72.203811,248,84,13:10:17.313643
72.205669,155,76,13:10:17.317649
72.207534,50,2,13:10:17.317649
72.209396,256,49,13:10:17.318650
72.211314,-123,398,13:10:17.318650
72.213173,-791,78,13:10:17.318650
72.215033,-1621,241,13:10:17.318650
72.216893,-1398,-16,13:10:17.318650
72.218752,-1154,299,13:10:17.318650
72.22062,-1141,59,13:10:17.318650
72.222476,347,152,13:10:17.318650
72.224336,221,187,13:10:17.318650
72.226193,27,107,13:10:17.318650
72.228049,328,523,13:10:17.318650
72.229908,154,159,13:10:17.318650
72.231764,-18,225,13:10:17.318650
72.23362,424,161,13:10:17.318650
72.235479,205,75,13:10:17.318650
72.237335,138,326,13:10:17.318650
72.239194,152,129,13:10:17.318650
72.24105,224,133,13:10:17.318650
72.242914,430,281,13:10:17.318650
72.244773,461,111,13:10:17.318650
72.246629,333,253,13:10:17.318650
72.248487,64,14,13:10:17.318650
72.250344,142,288,13:10:17.318650
72.252202,166,319,13:10:17.318650
72.254058,302,196,13:10:17.318650
72.255927,245,241,13:10:17.318650
72.257787,491,147,13:10:17.318650
72.259651,373,193,13:10:17.318650
72.261566,-152,150,13:10:17.318650
72.263424,-1194,403,13:10:17.318650
72.265282,-1524,290,13:10:17.318650
72.267143,-1288,85,13:10:17.318650
72.268999,-1147,260,13:10:17.318650
72.270857,-813,117,13:10:17.318650
72.272714,281,134,13:10:17.318650
72.27457,194,263,13:10:17.318650
72.276429,311,214,13:10:17.318650
72.278291,150,110,13:10:17.318650
72.280149,243,379,13:10:17.318650
72.282006,287,196,13:10:17.318650
72.283866,106,135,13:10:17.318650
72.285722,73,164,13:10:17.318650
72.287581,244,68,13:10:17.318650
72.289439,373,109,13:10:17.318650
72.291295,141,231,13:10:17.318650
72.293192,199,307,13:10:17.318650
72.295048,246,118,13:10:17.318650
72.296904,194,35,13:10:17.318650
72.298763,-23,206,13:10:17.318650
72.300619,182,138,13:10:17.318650
72.302477,259,295,13:10:17.318650
72.304334,132,202,13:10:17.318650
72.306198,402,255,13:10:17.319642
72.308059,417,346,13:10:17.319642
72.309932,389,164,13:10:17.319642
72.311823,-51,21,13:10:17.319642
72.313679,-1563,297,13:10:17.319642
72.31554,-422,96,13:10:17.319642
72.3174,-1602,337,13:10:17.319642
72.319257,-1603,334,13:10:17.319642
72.321115,-609,234,13:10:17.319642
72.322971,81,198,13:10:17.319642
72.324832,226,107,13:10:17.319642
72.326688,206,451,13:10:17.319642
72.328544,208,-11,13:10:17.319642
72.330403,76,123,13:10:17.319642
72.332259,151,-52,13:10:17.319642
72.334115,401,261,13:10:17.319642
72.335972,229,378,13:10:17.319642
72.337828,131,433,13:10:17.319642
72.339687,523,63,13:10:17.319642
72.341552,113,-64,13:10:17.319642
72.343409,332,39,13:10:17.319642
72.345266,293,207,13:10:17.319642
72.347124,157,473,13:10:17.319642
72.34898,271,60,13:10:17.319642
72.350837,269,233,13:10:17.319642
72.352693,112,292,13:10:17.319642
72.354549,198,281,13:10:17.320642
72.356416,173,87,13:10:17.320642
72.358276,114,268,13:10:17.320642
72.360168,8,219,13:10:17.320642
72.362043,-534,269,13:10:17.320642
72.363899,-1850,118,13:10:17.320642
72.365757,-1138,367,13:10:17.320642
72.367616,-1681,430,13:10:17.320642
72.369474,-401,212,13:10:17.320642
72.371339,-604,340,13:10:17.320642
72.373196,110,368,13:10:17.320642
72.375053,317,128,13:10:17.320642
72.37691,250,226,13:10:17.320642
72.378772,252,229,13:10:17.320642
72.380628,101,315,13:10:17.320642
72.382485,223,-61,13:10:17.320642
72.384343,103,398,13:10:17.320642
72.386199,38,177,13:10:17.320642
72.388058,162,235,13:10:17.320642
72.389914,281,178,13:10:17.320642
72.391773,187,240,13:10:17.320642
72.393631,232,68,13:10:17.320642
72.395525,353,294,13:10:17.320642
72.397385,298,410,13:10:17.320642
72.399242,-22,121,13:10:17.320642
72.401098,252,228,13:10:17.320642
72.402957,328,230,13:10:17.320642
72.404813,17,321,13:10:17.320642
72.406681,273,290,13:10:17.320642
72.408542,275,338,13:10:17.320642
72.410452,85,84,13:10:17.320642
72.41232,-425,316,13:10:17.320642
72.414177,-1457,213,13:10:17.321643
72.416035,-1330,190,13:10:17.321643
72.417895,-1573,413,13:10:17.321643
72.419754,-1639,355,13:10:17.321643
72.421612,323,196,13:10:17.321643
72.423472,320,76,13:10:17.321643
72.425329,112,6,13:10:17.321643
72.427185,148,171,13:10:17.321643
72.429043,242,156,13:10:17.321643
72.4309,214,452,13:10:17.321643
72.432756,247,108,13:10:17.321643
72.434613,173,170,13:10:17.321643
72.436474,364,97,13:10:17.321643
72.438331,106,124,13:10:17.321643
72.440188,290,286,13:10:17.321643
72.442048,198,416,13:10:17.321643
72.443904,464,176,13:10:17.321643
72.445763,215,455,13:10:17.321643
72.447621,-62,259,13:10:17.321643
72.449478,342,212,13:10:17.321643
72.451336,188,499,13:10:17.321643
72.453192,294,105,13:10:17.321643
72.455049,206,367,13:10:17.322807
72.456927,335,220,13:10:17.322807
72.458787,226,151,13:10:17.322807
72.460707,-212,227,13:10:17.322807
72.462568,169,218,13:10:17.322807
72.464429,258,379,13:10:17.322807
72.466287,225,248,13:10:17.322807
72.468143,131,123,13:10:17.322807
72.470001,226,300,13:10:17.322807
72.471858,33,4,13:10:17.322807
72.473714,328,94,13:10:17.322807
72.47557,322,189,13:10:17.322807
72.477427,557,123,13:10:17.322807
72.479283,279,265,13:10:17.322807
72.48114,171,331,13:10:17.322807
72.483,237,367,13:10:17.322807
72.484856,509,188,13:10:17.322807
72.486713,488,271,13:10:17.322807
72.488571,246,247,13:10:17.322807
72.490427,356,189,13:10:17.322807
72.492286,277,157,13:10:17.322807
72.494142,330,8,13:10:17.322807
72.496003,237,-32,13:10:17.322807
72.497897,62,386,13:10:17.322807
72.499753,-36,49,13:10:17.322807
72.501612,207,262,13:10:17.322807
72.503468,144,57,13:10:17.322807
72.505326,296,310,13:10:17.358193
72.507197,287,282,13:10:17.358193
72.509053,2,289,13:10:17.358193
72.510909,51,208,13:10:17.358193
72.512766,172,101,13:10:17.358193
72.514624,288,109,13:10:17.358193
72.51648,164,247,13:10:17.358193
72.518337,157,113,13:10:17.358193
72.520195,87,99,13:10:17.358193
72.522052,150,153,13:10:17.358193
72.523908,216,385,13:10:17.358193
72.525764,-286,130,13:10:17.358193
72.527629,254,134,13:10:17.358193
72.529485,142,96,13:10:17.358193
72.531341,319,16,13:10:17.358193
72.5332,115,333,13:10:17.358193
72.535056,407,342,13:10:17.358193
72.536913,315,326,13:10:17.358193
72.538771,139,267,13:10:17.358193
72.540627,249,346,13:10:17.358193
72.542484,164,193,13:10:17.358193
72.544349,16,-52,13:10:17.358193
72.546208,233,256,13:10:17.358193
72.548065,163,361,13:10:17.358193
72.549923,15,328,13:10:17.358193
72.551782,5,596,13:10:17.358193
72.553638,198,-15,13:10:17.358193
72.555496,147,79,13:10:17.358193
72.557353,105,204,13:10:17.358193
72.559211,261,392,13:10:17.358193
72.561067,-38,226,13:10:17.358193
72.562928,269,362,13:10:17.358193
72.564784,192,247,13:10:17.358193
72.566641,84,391,13:10:17.358193
72.568499,-11,-22,13:10:17.358193
72.570355,102,358,13:10:17.358193
72.572214,181,395,13:10:17.358193
72.57407,322,49,13:10:17.358193
72.575926,333,327,13:10:17.358193
72.577785,193,88,13:10:17.358193
72.579647,151,279,13:10:17.358193
72.581503,132,382,13:10:17.358193
72.58336,263,155,13:10:17.358193
72.585218,165,355,13:10:17.358193
72.587075,156,112,13:10:17.358193
72.588931,127,99,13:10:17.358193
72.590789,228,339,13:10:17.358193
72.592646,24,-26,13:10:17.358193
72.594504,46,340,13:10:17.359200
72.59636,-59,501,13:10:17.360200
72.598225,233,122,13:10:17.360200
72.600118,20,411,13:10:17.360200
72.601979,133,248,13:10:17.360200
72.603838,102,205,13:10:17.360200
72.605694,75,123,13:10:17.360200
72.60755,263,143,13:10:17.360200
72.609407,154,327,13:10:17.360200
72.611263,-432,99,13:10:17.360200
72.613122,36,117,13:10:17.360200
72.614978,220,178,13:10:17.360200
72.616836,143,438,13:10:17.360200
72.618693,210,153,13:10:17.360200
72.620549,182,49,13:10:17.360200
72.622407,357,184,13:10:17.360200
72.624269,144,127,13:10:17.360200
72.626126,413,181,13:10:17.360200
72.627983,438,272,13:10:17.360200
72.629841,272,428,13:10:17.361199
72.631697,222,159,13:10:17.361199
72.633554,112,197,13:10:17.361199
72.63541,54,177,13:10:17.361199
72.637266,126,368,13:10:17.361199
72.639123,132,254,13:10:17.361199
72.640979,326,335,13:10:17.361199
72.64284,45,276,13:10:17.362200
72.644696,144,127,13:10:17.362200
72.646553,119,99,13:10:17.362200
72.648429,88,297,13:10:17.362200
72.650285,101,229,13:10:17.362200
72.652143,215,106,13:10:17.362200
72.654,156,439,13:10:17.362200
72.655856,251,230,13:10:17.362200
72.657714,142,267,13:10:17.362200
72.659576,650,335,13:10:17.362200
72.661433,195,-27,13:10:17.364199
72.66329,-14,213,13:10:17.364199
72.665152,-38,266,13:10:17.364199
72.667008,270,45,13:10:17.364199
72.668867,177,354,13:10:17.364199
72.670725,-18,316,13:10:17.364199
72.672581,294,216,13:10:17.364199
72.67444,286,192,13:10:17.364199
72.676296,262,485,13:10:17.364199
72.678155,211,98,13:10:17.364199
72.680011,18,300,13:10:17.364199
72.681878,402,223,13:10:17.364199
72.683736,257,237,13:10:17.364199
72.685592,197,289,13:10:17.364199
72.68745,-75,178,13:10:17.364199
72.689307,362,49,13:10:17.364199
72.691163,294,67,13:10:17.364199
72.693022,316,207,13:10:17.364199
72.694883,267,231,13:10:17.364199
72.69675,-36,-17,13:10:17.364199
72.698607,422,320,13:10:17.364199
72.700465,290,262,13:10:17.364199
72.702325,194,-42,13:10:17.364199
72.704202,164,211,13:10:17.364199
72.70606,-24,-98,13:10:17.364199
72.707916,281,328,13:10:17.364199
72.709779,94,274,13:10:17.364199
72.711635,100,349,13:10:17.364199
72.713495,190,63,13:10:17.364199
72.715354,35,144,13:10:17.364199
72.71721,-25,313,13:10:17.364199
72.719069,-118,-36,13:10:17.364199
72.720925,33,24,13:10:17.364199
72.722783,169,426,13:10:17.364199
72.72464,526,155,13:10:17.364199
72.7265,402,177,13:10:17.364199
72.728357,59,408,13:10:17.364199
72.730213,268,328,13:10:17.364199
72.732071,316,127,13:10:17.364199
72.733928,135,238,13:10:17.364199
72.735784,-59,152,13:10:17.364199
72.737642,185,237,13:10:17.364199
72.739499,175,270,13:10:17.364199
72.741357,203,492,13:10:17.364199
72.743214,237,309,13:10:17.364199
72.745078,117,363,13:10:17.364199
72.746934,100,176,13:10:17.364199
72.748793,267,312,13:10:17.364199
72.750651,-1,294,13:10:17.364199
72.752507,260,174,13:10:17.364199
72.754366,-44,199,13:10:17.364199
72.756222,54,293,13:10:17.364199
72.758079,207,288,13:10:17.364199
72.759937,-115,253,13:10:17.364199
72.761798,276,327,13:10:17.364199
72.763656,266,292,13:10:17.364199
72.765512,201,141,13:10:17.364199
72.76737,88,228,13:10:17.364199
72.769227,222,10,13:10:17.364199
72.771083,260,230,13:10:17.364199
72.772939,187,287,13:10:17.364199
72.774798,248,41,13:10:17.364199
72.776656,242,276,13:10:17.364199
72.778513,280,335,13:10:17.364199
72.780375,267,345,13:10:17.364199
72.782231,379,580,13:10:17.364199
72.784088,182,298,13:10:17.364199
72.785946,77,210,13:10:17.364199
72.787804,402,412,13:10:17.364199
72.789663,215,1,13:10:17.364199
72.791519,-107,60,13:10:17.364199
72.793379,441,343,13:10:17.364199
72.795238,159,56,13:10:17.364199
72.797096,13,133,13:10:17.364199
72.798957,200,468,13:10:17.364199
72.800813,495,448,13:10:17.364199
72.802669,35,82,13:10:17.364199
72.804528,-42,160,13:10:17.364199
72.806402,298,356,13:10:17.364199
72.80826,164,207,13:10:17.364199
72.810117,-200,228,13:10:17.364199
72.811975,366,694,13:10:17.364199
72.813834,598,304,13:10:17.364199
72.81569,55,313,13:10:17.364199
72.817548,-43,231,13:10:17.364199
72.819407,441,194,13:10:17.364199
72.821263,280,-13,13:10:17.364199
72.823119,-208,-77,13:10:17.364199
72.824978,516,170,13:10:17.364199
72.826836,263,107,13:10:17.364199
72.828693,66,173,13:10:17.364199
72.830551,219,277,13:10:17.364199
72.832407,426,-87,13:10:17.364199
72.834266,164,325,13:10:17.364199
72.836122,147,119,13:10:17.364199
72.837984,376,68,13:10:17.364199
72.839843,141,133,13:10:17.364199
72.8417,-50,32,13:10:17.364199
72.843558,205,194,13:10:17.364199
72.845414,279,120,13:10:17.364199
72.84727,156,181,13:10:17.364199
72.849127,270,515,13:10:17.364199
72.850983,692,334,13:10:17.364199
72.852843,280,112,13:10:17.364199
72.854705,158,122,13:10:17.364199
72.856562,256,439,13:10:17.364199
72.858419,326,89,13:10:17.364199
72.860277,137,41,13:10:17.364199
72.862133,131,239,13:10:17.364199
72.86399,491,417,13:10:17.364199
72.865846,162,340,13:10:17.364199
72.867702,324,38,13:10:17.364199
72.869559,149,211,13:10:17.364199
72.871415,260,340,13:10:17.364199
72.873276,-26,113,13:10:17.364199
72.875132,31,374,13:10:17.365200
72.876988,207,336,13:10:17.365200
72.878847,223,233,13:10:17.365200
72.880703,79,229,13:10:17.365200
72.882561,496,210,13:10:17.365200
72.884418,299,39,13:10:17.365200
72.886278,-39,-129,13:10:17.365200
72.888137,292,216,13:10:17.365200
72.890003,199,87,13:10:17.365200
72.891859,188,98,13:10:17.365200
72.893716,422,300,13:10:17.365200
72.895574,500,427,13:10:17.365200
72.89743,314,54,13:10:17.365200
72.899287,129,422,13:10:17.365200
72.901145,305,431,13:10:17.365200
72.903001,199,239,13:10:17.365200
72.90486,-80,293,13:10:17.365200
72.906718,97,342,13:10:17.365200
72.908589,310,337,13:10:17.365200
72.910449,8,89,13:10:17.365200
72.912314,205,293,13:10:17.365200
72.914172,37,179,13:10:17.365200
72.916028,444,127,13:10:17.365200
72.917886,187,312,13:10:17.365200
72.919743,177,210,13:10:17.365200
72.921599,111,89,13:10:17.365200
72.923458,78,140,13:10:17.365200
72.925314,23,254,13:10:17.365200
72.92717,264,424,13:10:17.365200
72.929027,-94,421,13:10:17.365200
72.930889,419,284,13:10:17.365200
72.932745,319,307,13:10:17.365200
72.934602,154,193,13:10:17.365200
72.93646,490,148,13:10:17.365200
72.938317,394,258,13:10:17.365200
72.940173,130,344,13:10:17.365200
72.942029,365,92,13:10:17.365200
72.943886,232,337,13:10:17.365200
72.945742,78,71,13:10:17.365200
72.947599,64,192,13:10:17.365200
72.949461,262,398,13:10:17.365200
72.951317,-87,94,13:10:17.365200
72.953176,163,311,13:10:17.365200
72.955032,208,452,13:10:17.365200
72.956888,212,194,13:10:17.365200
72.958747,273,116,13:10:17.365200
72.960608,400,356,13:10:17.365200
72.962467,487,268,13:10:17.365200
72.964324,148,101,13:10:17.365200
72.96619,141,218,13:10:17.365200
72.968047,262,166,13:10:17.365200
72.969903,125,115,13:10:17.365200
72.971761,244,276,13:10:17.365200
72.973618,-48,407,13:10:17.365200
72.975474,263,120,13:10:17.365200
72.97733,210,-70,13:10:17.365200
72.979187,273,318,13:10:17.365200
72.981043,306,107,13:10:17.365200
72.9829,103,610,13:10:17.365200
72.98477,552,466,13:10:17.365200
72.986626,144,243,13:10:17.365200
72.988485,339,361,13:10:17.365200
72.990341,239,90,13:10:17.365200
72.992197,259,328,13:10:17.365200
72.994056,275,216,13:10:17.365200
72.995912,-5,-38,13:10:17.365200
72.997771,248,306,13:10:17.365200
72.999627,176,134,13:10:17.365200
73.001487,-28,105,13:10:17.365200
73.003348,74,130,13:10:17.365200
73.005203,312,354,13:10:17.365200
73.00706,570,187,13:10:17.365200
73.008919,381,23,13:10:17.365200
73.010795,552,282,13:10:17.365200
73.012651,308,-12,13:10:17.365200
73.014508,27,257,13:10:17.365200
73.016366,192,306,13:10:17.365200
73.018223,264,293,13:10:17.365200
73.020081,162,189,13:10:17.365200
73.021937,294,267,13:10:17.365200
73.0238,544,139,13:10:17.365200
73.025656,335,366,13:10:17.365200
73.027512,152,65,13:10:17.365200
73.029371,234,212,13:10:17.365200
73.031227,669,134,13:10:17.365200
73.033085,131,152,13:10:17.365200
73.034942,443,259,13:10:17.365200
73.036802,139,139,13:10:17.365200
73.038661,227,324,13:10:17.365200
73.040519,345,-47,13:10:17.365200
73.042379,369,179,13:10:17.365200
73.044236,200,-153,13:10:17.365200
73.046092,385,309,13:10:17.365200
73.047948,502,249,13:10:17.365200
73.049805,379,90,13:10:17.365200
73.051663,-22,236,13:10:17.365200
73.05352,257,432,13:10:17.365200
73.055378,565,158,13:10:17.365200
73.057234,244,-30,13:10:17.365200
73.059097,-149,190,13:10:17.365200
73.060953,371,174,13:10:17.365200
73.062809,351,26,13:10:17.365200
73.064668,-21,105,13:10:17.365200
73.066524,441,419,13:10:17.365200
73.068381,292,154,13:10:17.365200
73.070237,-66,102,13:10:17.365200
73.072093,62,397,13:10:17.365200
73.07395,282,118,13:10:17.365200
73.075807,322,184,13:10:17.365200
73.077668,266,27,13:10:17.365200
73.079525,110,431,13:10:17.365200
73.081383,344,282,13:10:17.365200
73.083239,188,207,13:10:17.365200
73.085096,93,106,13:10:17.365200
73.086954,305,-83,13:10:17.365200
73.088813,251,199,13:10:17.365200
73.090671,227,243,13:10:17.365200
73.092527,199,237,13:10:17.365200
73.094388,360,213,13:10:17.365200
73.096244,82,244,13:10:17.365200
73.0981,199,207,13:10:17.365200
73.099959,227,375,13:10:17.365200
73.101815,417,103,13:10:17.365200
73.103673,268,144,13:10:17.365200
73.10553,316,219,13:10:17.365200
73.107388,298,231,13:10:17.365200
73.109245,445,245,13:10:17.365200
73.111101,218,116,13:10:17.365200
73.112977,-4,193,13:10:17.365200
73.114836,221,339,13:10:17.365200
73.116698,130,349,13:10:17.365200
73.118554,77,235,13:10:17.365200
73.120411,410,383,13:10:17.365200
73.122269,426,278,13:10:17.365200
73.124126,453,135,13:10:17.365200
73.125984,302,375,13:10:17.365200
73.12784,539,322,13:10:17.365200
73.129701,22,221,13:10:17.365200
73.131557,234,159,13:10:17.365200
73.133413,440,133,13:10:17.365200
73.135274,363,270,13:10:17.365200
73.13713,276,204,13:10:17.365200
73.138988,433,100,13:10:17.365200
73.140845,547,124,13:10:17.365200
73.142701,264,234,13:10:17.365200
73.14456,33,390,13:10:17.365200
73.146422,224,-13,13:10:17.365200
73.14828,349,626,13:10:17.365200
73.150137,461,251,13:10:17.365200
73.152003,175,131,13:10:17.365200
73.153859,279,328,13:10:17.365200
73.155716,347,294,13:10:17.365200
73.157574,280,385,13:10:17.365200
73.159431,190,16,13:10:17.365200
73.161289,-203,426,13:10:17.365200
73.163145,147,359,13:10:17.365200
73.165002,301,20,13:10:17.365200
73.16686,225,269,13:10:17.365200
73.168724,694,158,13:10:17.365200
73.170581,234,-47,13:10:17.365200
73.172437,224,234,13:10:17.365200
73.174295,-2,269,13:10:17.365200
73.176152,223,62,13:10:17.365200
73.178008,183,440,13:10:17.365200
73.179869,425,-4,13:10:17.365200
73.181725,447,326,13:10:17.365200
73.183581,474,361,13:10:17.365200
73.185438,284,257,13:10:17.365200
73.187302,153,-14,13:10:17.365200
73.189158,587,351,13:10:17.365200
73.191015,-101,-19,13:10:17.365200
73.192875,222,276,13:10:17.365200
73.194731,345,230,13:10:17.365200
73.19659,250,116,13:10:17.365200
73.198449,92,189,13:10:17.365200
73.200307,30,397,13:10:17.365200
73.202163,290,475,13:10:17.365200
73.204022,183,41,13:10:17.365200
73.20588,85,210,13:10:17.365200
73.207738,237,120,13:10:17.365200
73.209596,359,215,13:10:17.365200
73.211457,472,475,13:10:17.365200
73.213369,579,466,13:10:17.365200
73.215255,374,77,13:10:17.365200
73.217126,-123,436,13:10:17.365200
73.219024,648,492,13:10:17.365200
73.220884,449,172,13:10:17.365200
73.22278,-395,-54,13:10:17.365200
73.22473,104,629,13:10:17.365200
73.226665,482,49,13:10:17.365200
73.228588,-140,140,13:10:17.370200
73.230452,230,242,13:10:17.370200
73.232313,361,275,13:10:17.370200
73.234233,-138,111,13:10:17.370200
73.236147,362,290,13:10:17.370200
73.238004,636,301,13:10:17.370200
73.239862,27,-7,13:10:17.370200
73.241718,-109,198,13:10:17.370200
73.243579,381,253,13:10:17.370200
73.245435,566,37,13:10:17.370200
73.247294,-247,-67,13:10:17.370200
73.249152,23,88,13:10:17.370200
73.251008,476,440,13:10:17.370200
73.252867,-11,-165,13:10:17.370200
73.254723,-54,294,13:10:17.370200
73.256579,261,373,13:10:17.370200
73.258436,407,114,13:10:17.370200
73.260299,-408,-126,13:10:17.370200
73.262156,-715,306,13:10:17.370200
73.264078,588,272,13:10:17.370200
73.266034,-131,40,13:10:17.370200
73.267988,-216,101,13:10:17.415262
73.269853,607,372,13:10:17.415262
73.271713,304,148,13:10:17.415262
73.273619,23,-44,13:10:17.415262
73.27548,155,479,13:10:17.415262
73.277352,770,619,13:10:17.415262
73.27921,299,97,13:10:17.415262
73.281067,-236,216,13:10:17.415262
73.282923,669,753,13:10:17.415262
73.284781,432,-23,13:10:17.415262
73.286638,-144,-221,13:10:17.415262
73.288494,317,133,13:10:17.415262
73.290351,605,371,13:10:17.415262
73.292207,266,-112,13:10:17.415262
73.294063,6,85,13:10:17.415262
73.29592,586,638,13:10:17.415262
73.29778,486,394,13:10:17.415262
73.299636,-321,39,13:10:17.415262
73.301495,33,455,13:10:17.415262
73.303351,613,360,13:10:17.415262
73.305208,229,-66,13:10:17.722407
73.307076,-22,106,13:10:17.722407
73.308936,547,484,13:10:17.722407
73.310841,195,236,13:10:17.722407
73.312701,-241,-18,13:10:17.722407
73.314557,80,316,13:10:17.722407
73.316417,592,239,13:10:17.722407
73.31829,199,78,13:10:17.722407
73.320158,-6,231,13:10:17.722407
73.322015,457,319,13:10:17.722407
73.323873,500,-396,13:10:17.722407
73.325731,217,268,13:10:17.722407
73.327588,125,369,13:10:17.722407
73.329449,380,476,13:10:17.722407
73.331306,-29,19,13:10:17.722407
73.333165,375,281,13:10:17.722407
73.335021,55,76,13:10:17.722407
73.336878,-36,12,13:10:17.722407
73.33874,49,175,13:10:17.722407
73.340596,584,215,13:10:17.722407
73.342455,99,21,13:10:17.722407
73.344311,-1,186,13:10:17.722407
73.346167,608,544,13:10:17.722407
73.348026,452,195,13:10:17.722407
73.349885,-61,223,13:10:17.722407
73.351743,451,244,13:10:17.723414
73.353599,388,74,13:10:17.723414
73.355461,-244,390,13:10:17.723414
73.357328,29,103,13:10:17.723414
73.35919,500,92,13:10:17.723414
73.361084,35,231,13:10:17.723414
73.362945,244,161,13:10:17.723414
73.364803,-158,414,13:10:17.723414
73.366661,509,58,13:10:17.723414
73.368524,335,320,13:10:17.723414
73.37038,-219,-21,13:10:17.723414
73.372236,316,399,13:10:17.723414
73.374095,541,410,13:10:17.723414
73.375951,-529,-58,13:10:17.723414
73.377808,142,5,13:10:17.723414
73.379666,324,256,13:10:17.723414
73.381522,314,51,13:10:17.723414
73.383379,-155,3,13:10:17.723414
73.385235,296,221,13:10:17.723414
73.387101,668,-7,13:10:17.723414
73.388958,-114,-29,13:10:17.723414
73.390814,-104,72,13:10:17.723414
73.392674,244,390,13:10:17.723414
73.394531,447,268,13:10:17.723414
73.396389,-125,-14,13:10:17.723414
73.398246,-45,225,13:10:17.723414
73.400102,251,213,13:10:17.723414
73.401958,358,205,13:10:17.723414
73.403822,122,299,13:10:17.723414
73.405687,206,294,13:10:17.723414
73.407548,221,197,13:10:17.723414
73.409414,230,400,13:10:17.723414
73.41133,-44,110,13:10:17.723414
73.413192,-279,132,13:10:17.723414
73.415053,-185,12,13:10:17.723414
73.416909,38,413,13:10:17.723414
73.418765,53,111,13:10:17.723414
73.42066,175,55,13:10:17.723414
73.422534,391,92,13:10:17.723414
73.4244,122,-13,13:10:17.723414
73.426257,116,4,13:10:17.723414
73.428113,196,181,13:10:17.723414
73.429971,185,243,13:10:17.723414
73.431828,194,-247,13:10:17.723414
73.433686,-209,551,13:10:17.723414
73.435543,440,99,13:10:17.723414
73.437401,130,-13,13:10:17.723414
73.439259,-57,127,13:10:17.723414
73.441118,557,364,13:10:17.723414
73.442974,51,68,13:10:17.723414
73.444832,-10,-91,13:10:17.723414
73.446691,59,322,13:10:17.723414
73.448547,652,379,13:10:17.723414
73.450404,191,-62,13:10:17.723414
73.452262,-89,-199,13:10:17.723414
73.454118,269,222,13:10:17.723414
73.455989,136,230,13:10:17.723414
73.457849,60,61,13:10:17.723414
73.459711,100,76,13:10:17.723414
73.461604,258,218,13:10:17.723414
73.46346,198,128,13:10:17.723414
73.465318,172,260,13:10:17.723414
73.467179,-675,-170,13:10:17.723414
73.469035,154,145,13:10:17.723414
73.470892,490,375,13:10:17.723414
73.472753,487,337,13:10:17.723414
73.474612,-143,-358,13:10:17.723414
73.476469,-600,-217,13:10:17.723414
73.478327,444,980,13:10:17.723414
73.480184,1222,312,13:10:17.723414
73.48204,-45,-324,13:10:17.723414
73.483898,-31,91,13:10:17.723414
73.485755,1044,604,13:10:17.723414
73.487613,-80,-617,13:10:17.723414
73.489469,-778,-126,13:10:17.723414
73.49133,554,522,13:10:17.723414
73.493186,696,202,13:10:17.723414
73.495043,-600,-238,13:10:17.723414
73.496901,-101,477,13:10:17.723414
73.498757,1331,370,13:10:17.723414
73.500616,156,-187,13:10:17.723414
73.502472,-589,74,13:10:17.723414
73.504328,587,594,13:10:17.723414
73.506197,377,-210,13:10:17.723414
73.508058,-646,-145,13:10:17.723414
73.509929,414,503,13:10:17.723414
73.511812,734,117,13:10:17.723414
73.513668,-346,-400,13:10:17.723414
73.515529,-172,505,13:10:17.723414
73.517391,846,492,13:10:17.723414
73.519249,-67,-286,13:10:17.723414
73.521107,-559,-62,13:10:17.723414
73.522984,550,608,13:10:17.723414
73.524844,677,41,13:10:17.723414
73.526701,-383,-126,13:10:17.723414
73.528557,378,459,13:10:17.723414
73.530413,787,239,13:10:17.723414
73.532272,-78,-185,13:10:17.723414
73.534128,-163,252,13:10:17.723414
73.535985,679,508,13:10:17.723414
73.537843,133,-74,13:10:17.723414
73.539699,-506,88,13:10:17.723414
73.541558,337,706,13:10:17.723414
73.543414,546,105,13:10:17.723414
73.545276,-180,-215,13:10:17.723414
73.547133,-124,472,13:10:17.723414
73.548989,725,471,13:10:17.723414
73.550848,209,-361,13:10:17.723414
73.552704,11,107,13:10:17.723414
73.554562,248,418,13:10:17.723414
73.556431,321,84,13:10:17.723414
73.558291,-373,63,13:10:17.723414
73.560179,310,508,13:10:17.723414
73.562066,675,79,13:10:17.723414
73.563924,-148,-133,13:10:17.723414
73.565782,-466,211,13:10:17.723414
73.567639,693,484,13:10:17.723414
73.569497,-764,-109,13:10:17.723414
73.571358,-419,-34,13:10:17.723414
73.573216,412,551,13:10:17.723414
73.575072,650,-37,13:10:17.723414
73.576929,-409,-354,13:10:17.723414
73.578787,122,101,13:10:17.723414
73.580645,863,272,13:10:17.723414
73.582502,55,-265,13:10:17.723414
73.584358,-218,-4,13:10:17.723414
73.586217,407,730,13:10:17.723414
73.588073,668,-62,13:10:17.723414
73.589929,-295,111,13:10:17.723414
73.591788,34,669,13:10:17.723414
73.593644,893,363,13:10:17.724413
73.5955,191,-310,13:10:17.724413
73.597357,-130,164,13:10:17.724413
73.599223,566,759,13:10:17.724413
73.601079,457,-145,13:10:17.724413
73.602936,-369,188,13:10:17.724413
73.604794,560,534,13:10:18.032146
73.606661,793,321,13:10:18.032146
73.608521,-245,-95,13:10:18.032146
73.610435,-64,439,13:10:18.032146
73.612297,711,412,13:10:18.032146
73.614156,21,-212,13:10:18.032146
73.616012,-150,-185,13:10:18.032146
73.617881,571,515,13:10:18.032146
73.619738,-600,47,13:10:18.032146
73.621659,-296,72,13:10:18.032146
73.623525,217,451,13:10:18.032146
73.625406,697,532,13:10:18.032146
73.62729,-473,-53,13:10:18.032146
73.62917,-293,215,13:10:18.032146
73.631026,538,83,13:10:18.032146
73.632883,141,-9,13:10:18.032146
73.634741,-283,-63,13:10:18.032146
73.636598,219,557,13:10:18.032146
73.638456,529,243,13:10:18.032146
73.640312,-339,5,13:10:18.032146
73.642173,68,272,13:10:18.032146
73.644029,433,331,13:10:18.032146
73.645886,72,-63,13:10:18.032146
73.647744,-408,247,13:10:18.032146
73.6496,425,345,13:10:18.032146
73.651459,429,112,13:10:18.032146
73.653315,-375,-148,13:10:18.032146
73.655175,164,444,13:10:18.032146
73.657042,612,580,13:10:18.032146
73.658903,282,20,13:10:18.033141
73.660794,-380,301,13:10:18.033141
73.662653,548,515,13:10:18.033141
73.664509,108,-103,13:10:18.033141
73.666365,-370,118,13:10:18.033141
73.668224,373,328,13:10:18.033141
73.67008,-83,231,13:10:18.033141
73.671937,-467,-5,13:10:18.033141
73.673797,11,88,13:10:18.033141
73.675653,351,432,13:10:18.033141
73.67751,-165,-13,13:10:18.033141
73.679368,-742,-156,13:10:18.033141
73.681224,-72,115,13:10:18.033141
73.683083,248,247,13:10:18.033141
73.684939,-306,-200,13:10:18.033141
73.686802,-195,310,13:10:18.033141
73.688658,832,345,13:10:18.033141
73.690514,-26,73,13:10:18.033141
73.692373,139,200,13:10:18.033141
73.694229,85,322,13:10:18.033141
73.696087,170,429,13:10:18.033141
73.697944,-113,-295,13:10:18.033141
73.699804,79,243,13:10:18.033141
73.701662,530,411,13:10:18.033141
73.703522,-299,71,13:10:18.033141
73.705379,-295,250,13:10:18.033141
73.707246,169,421,13:10:18.033141
73.709112,358,109,13:10:18.033141
73.711004,-117,278,13:10:18.033141
73.712863,54,498,13:10:18.033141
73.714721,-337,39,13:10:18.033141
73.716577,-806,-117,13:10:18.033141
73.718438,-591,331,13:10:18.033141
73.7203,-1012,-13,13:10:18.033141
73.722157,-916,19,13:10:18.033141
73.724023,-159,213,13:10:18.033141
73.725881,274,240,13:10:18.033141
73.727769,393,123,13:10:18.033141
73.729628,5,-139,13:10:18.033141
73.731494,177,127,13:10:18.033141
73.73335,315,142,13:10:18.033141
73.735207,120,-201,13:10:18.033141
73.737065,-127,132,13:10:18.033141
73.738921,426,325,13:10:18.033141
73.740778,293,-6,13:10:18.033141
73.742636,35,82,13:10:18.033141
73.744493,124,269,13:10:18.033141
73.746351,487,158,13:10:18.033141
73.748207,-34,213,13:10:18.033141
73.750072,110,169,13:10:18.033141
73.751928,296,321,13:10:18.033141
73.753784,366,292,13:10:18.033141
73.755645,102,-102,13:10:18.033141
73.757507,299,287,13:10:18.033141
73.75937,538,110,13:10:18.033141
73.761307,-32,20,13:10:18.033141
73.763218,31,257,13:10:18.033141
73.765074,606,503,13:10:18.033141
73.766934,-197,30,13:10:18.033141
73.768799,-374,315,13:10:18.033141
73.770657,357,425,13:10:18.033141
73.772515,176,108,13:10:18.033141
73.774378,-405,201,13:10:18.033141
73.77624,144,156,13:10:18.033141
73.778096,462,163,13:10:18.033141
73.779955,102,235,13:10:18.033141
73.781811,-79,151,13:10:18.033141
73.78367,148,160,13:10:18.033141
73.785526,370,76,13:10:18.033141
73.787384,-86,245,13:10:18.033141
73.789241,241,513,13:10:18.033141
73.791101,223,253,13:10:18.033141
73.792958,218,77,13:10:18.033141
73.794814,260,374,13:10:18.033141
73.796672,439,461,13:10:18.033141
73.798529,182,-131,13:10:18.033141
73.800385,-74,211,13:10:18.033141
73.802243,523,250,13:10:18.033141
73.8041,474,19,13:10:18.033141
73.805962,89,65,13:10:18.033141
73.807823,81,213,13:10:18.033141
73.809689,402,124,13:10:18.033141
73.811581,75,139,13:10:18.033141
73.813437,192,109,13:10:18.033141
73.815296,406,505,13:10:18.033141
73.817152,549,278,13:10:18.033141
73.819013,161,-18,13:10:18.033141
73.820871,71,198,13:10:18.033141
73.822736,338,337,13:10:18.033141
73.824594,-74,119,13:10:18.033141
73.82645,-279,237,13:10:18.033141
73.828308,487,111,13:10:18.033141
73.830199,365,307,13:10:18.033141
73.83206,-90,154,13:10:18.033141
73.833919,345,357,13:10:18.033141
73.835776,195,141,13:10:18.033141
73.837634,-40,283,13:10:18.033141
73.839491,279,443,13:10:18.033141
73.841347,267,119,13:10:18.033141
73.843205,442,-292,13:10:18.033141
73.845062,158,56,13:10:18.033141
73.84692,492,202,13:10:18.033141
73.848776,328,-75,13:10:18.033141
73.850637,-1,25,13:10:18.033141
73.852493,80,329,13:10:18.033141
73.85435,358,-5,13:10:18.033141
73.856216,340,293,13:10:18.033141
73.858076,349,242,13:10:18.033141
73.859942,13,190,13:10:18.033141
73.861847,234,213,13:10:18.033141
73.863704,-11,277,13:10:18.033141
73.865561,165,332,13:10:18.033141
73.867418,148,97,13:10:18.033141
73.86928,-361,208,13:10:18.033141
73.871137,234,223,13:10:18.033141
73.872993,221,37,13:10:18.033141
73.874855,113,258,13:10:18.033141
73.876712,-1949,87,13:10:18.033141
73.87857,332,381,13:10:18.033141
73.880426,336,359,13:10:18.033141
73.882283,209,385,13:10:18.033141
73.884139,160,12,13:10:18.033141
73.885996,241,284,13:10:18.033141
73.887856,334,128,13:10:18.033141
73.889712,453,234,13:10:18.033141
73.891571,540,372,13:10:18.033141
73.893427,294,-31,13:10:18.033141
73.895283,98,441,13:10:18.033141
73.897142,189,451,13:10:18.033141
73.899002,525,55,13:10:18.033141
73.900861,716,252,13:10:18.033141
73.902717,718,819,13:10:18.033141
73.904583,1671,1138,13:10:18.033141
73.906452,2412,1382,13:10:22.330582
73.908317,2672,1514,13:10:22.330582
73.910214,3706,2285,13:10:22.330582
73.912085,4292,2549,13:10:22.330582
73.913941,4618,2726,13:10:22.330582
73.915799,5527,3346,13:10:22.331396
73.917656,6512,3572,13:10:22.331396
73.919514,6762,3695,13:10:22.331396
73.921372,6206,4023,13:10:22.331396
73.923231,7720,4477,13:10:22.331396
73.925091,8117,4649,13:10:22.331396
73.926951,8417,5002,13:10:22.331396
73.928882,9216,5298,13:10:22.331396
73.93074,9361,5517,13:10:22.331396
73.932626,9747,5230,13:10:22.331396
73.934483,9843,5825,13:10:22.331396
73.936355,9171,5684,13:10:22.331396
73.938245,9957,5530,13:10:22.331396
73.940103,10382,5644,13:10:22.331396
73.94196,10628,5972,13:10:22.331396
73.943816,10985,5982,13:10:22.331396
73.945673,10626,6148,13:10:22.331396
73.947535,10809,6060,13:10:22.331396
73.949391,10737,5993,13:10:22.331396
73.951248,10829,5802,13:10:22.331396
73.953106,10447,5586,13:10:22.331396
73.954963,10621,5987,13:10:22.331396
73.956829,10397,5647,13:10:22.331396
73.958689,9898,5486,13:10:22.331396
73.960599,9527,5373,13:10:22.331396
73.962458,9586,5359,13:10:22.331396
73.964316,9913,5360,13:10:22.331396
73.96618,9719,5597,13:10:22.331396
73.968037,9627,5379,13:10:22.331396
73.969893,9690,5596,13:10:22.331396
73.971752,9544,5856,13:10:22.331396
73.973608,9388,5426,13:10:22.331396
73.975466,9269,5285,13:10:22.331396
73.977323,8840,5359,13:10:22.331396
73.979185,9515,5504,13:10:22.331396
73.981043,9382,5396,13:10:22.331396
73.982909,8862,5621,13:10:22.331396
73.984768,9951,5502,13:10:22.331396
73.986625,9645,5200,13:10:22.331396
73.988483,9482,5538,13:10:22.331396
73.990339,9469,5569,13:10:22.331396
73.992196,9848,5133,13:10:22.331396
73.994054,10091,5357,13:10:22.331396
73.995911,10222,5994,13:10:22.331396
73.997771,10418,5752,13:10:22.331396
73.999627,9755,5682,13:10:22.331396
74.001488,10741,6291,13:10:22.331396
74.003344,11404,6414,13:10:22.331396
74.0052,11193,6059,13:10:22.331396
74.007077,10724,6231,13:10:22.331396
74.008943,10678,6655,13:10:22.331396
74.010855,11958,6396,13:10:22.331396
74.012713,10686,6244,13:10:22.331396
74.01457,10752,6916,13:10:22.331396
74.016428,11475,6706,13:10:22.331396
74.018287,10714,6641,13:10:22.331396
74.020146,11133,7601,13:10:22.331396
74.022011,14678,8179,13:10:22.331396
74.02387,13605,6712,13:10:22.331396
74.025726,12421,7172,13:10:22.331396
74.027584,14065,8164,13:10:22.331396
74.029444,14196,7203,13:10:22.331396
74.031301,12559,6810,13:10:22.331396
74.033159,12914,7601,13:10:22.331396
74.03505,15378,8644,13:10:22.331396
74.036906,14997,7553,13:10:22.331396
74.038766,13715,7583,13:10:22.331396
74.040623,15077,8696,13:10:22.331396
74.042479,15620,8069,13:10:22.331396
74.044337,13631,6971,13:10:22.331396
74.046194,13289,7696,13:10:22.331396
74.048052,14285,7604,13:10:22.331396
74.049909,13170,6717,13:10:22.331396
74.051769,12263,6968,13:10:22.331396
74.053625,13875,7964,13:10:22.331396
74.055484,14406,7258,13:10:22.336569
74.05735,13404,7275,13:10:22.336569
74.05921,14826,8750,13:10:22.336569
74.061117,15901,7960,13:10:22.336569
74.062977,12842,7040,13:10:22.336569
74.064836,12379,7665,13:10:22.336569
74.066696,13560,7778,13:10:22.336569
74.068552,12595,6833,13:10:22.336569
74.070418,11399,6513,13:10:22.336569
74.072281,13005,7368,13:10:22.336569
74.074138,13301,6663,13:10:22.336569
74.075999,11451,6078,13:10:22.336569
74.077856,11525,6769,13:10:22.336569
74.079714,12390,6665,13:10:22.336569
74.08157,11275,5745,13:10:22.336569
74.083427,10432,5566,13:10:22.336569
74.085285,11460,6288,13:10:22.336569
74.087147,10806,5173,13:10:22.336569
74.089004,9441,5260,13:10:22.336569
74.09086,10065,5860,13:10:22.336569
74.092723,10227,5358,13:10:22.336569
74.094579,9051,4657,13:10:22.336569
74.096435,8421,4782,13:10:22.336569
74.098294,8924,4781,13:10:22.336569
74.10015,7973,3893,13:10:22.336569
74.102009,6720,3585,13:10:22.336569
74.103867,7277,4311,13:10:22.336569
74.105729,7458,3983,13:10:22.336569
74.107592,6324,3480,13:10:22.337571
74.109456,6460,3877,13:10:22.337571
74.111376,6378,3471,13:10:22.337571
74.113232,4567,2837,13:10:22.337571
74.115089,4270,2966,13:10:22.337571
74.116947,4822,3233,13:10:22.337571
74.118805,4216,2721,13:10:22.337571
74.120668,3508,2275,13:10:22.337571
74.122524,4539,3053,13:10:22.337571
74.124381,4908,2470,13:10:22.337571
74.126239,3648,1661,13:10:22.337571
74.128097,3613,2445,13:10:22.337571
74.12996,3988,2049,13:10:22.337571
74.131816,2997,1497,13:10:22.337571
74.13368,2115,1448,13:10:22.337571
74.135537,2934,1763,13:10:22.337571
74.137422,2744,1190,13:10:22.337571
74.139279,1425,823,13:10:22.337571
74.141136,1976,1493,13:10:22.337571
74.142994,2116,850,13:10:22.337571
74.144852,1213,334,13:10:22.337571
74.146709,665,764,13:10:22.337571
74.148567,1124,709,13:10:22.337571
74.150424,603,226,13:10:22.337571
74.152282,120,-141,13:10:22.337571
74.154138,319,274,13:10:22.337571
74.156003,590,242,13:10:22.337571
74.157865,414,162,13:10:22.337571
74.159729,271,311,13:10:22.337571
74.161621,485,478,13:10:22.337571
74.163478,-348,-31,13:10:22.337571
74.165336,-891,-20,13:10:22.337571
74.167197,-319,47,13:10:22.337571
74.169056,-687,89,13:10:22.337571
74.170917,64,154,13:10:22.337571
74.172774,64,161,13:10:22.337571
74.174638,709,225,13:10:22.337571
74.176494,515,68,13:10:22.337571
74.178351,161,205,13:10:22.337571
74.180209,595,263,13:10:22.337571
74.182065,448,-64,13:10:22.337571
74.183924,150,-48,13:10:22.337571
74.185782,505,401,13:10:22.337571
74.187643,602,446,13:10:22.337571
74.189501,224,-8,13:10:22.337571
74.191367,124,340,13:10:22.337571
74.193224,696,428,13:10:22.337571
74.19508,216,113,13:10:22.337571
74.196938,68,50,13:10:22.337571
74.198797,285,514,13:10:22.337571
74.200653,583,151,13:10:22.337571
74.202509,197,71,13:10:22.337571
74.204366,214,447,13:10:22.337571
74.206228,681,194,13:10:22.337571
74.208089,196,132,13:10:22.337571
74.209965,-114,44,13:10:22.337571
74.211857,358,388,13:10:22.337571
74.213715,-5,106,13:10:22.337571
74.215576,-565,-136,13:10:22.337571
74.217438,-576,157,13:10:22.337571
74.219294,7,6,13:10:22.337571
74.221157,42,-353,13:10:22.337571
74.223013,225,267,13:10:22.337571
74.224872,682,287,13:10:22.337571
74.226728,556,127,13:10:22.337571
74.228592,171,321,13:10:22.337571
74.230449,318,196,13:10:22.338573
74.232313,710,163,13:10:22.338573
74.234175,139,62,13:10:22.338573
74.236032,87,221,13:10:22.338573
74.237894,595,364,13:10:22.338573
74.239782,581,114,13:10:22.338573
74.241639,280,194,13:10:22.338573
74.243501,801,222,13:10:22.338573
74.245357,371,44,13:10:22.338573
74.247216,276,14,13:10:22.338573
74.249072,249,305,13:10:22.338573
74.250928,534,318,13:10:22.338573
74.252787,328,-117,13:10:22.338573
74.254645,216,126,13:10:22.338573
74.256514,643,64,13:10:22.338573
74.258374,488,175,13:10:22.338573
74.260266,435,289,13:10:22.338573
74.262142,-73,238,13:10:22.338573
74.264001,-596,153,13:10:22.338573
74.265861,-875,-80,13:10:22.338573
74.267719,-38,177,13:10:22.338573
74.269576,-337,-1,13:10:22.338573
74.271438,403,173,13:10:22.338573
74.273295,284,534,13:10:22.338573
74.275153,279,326,13:10:22.338573
74.277009,485,147,13:10:22.338573
74.27888,178,50,13:10:22.338573
74.280738,120,274,13:10:22.338573
74.282596,620,135,13:10:22.338573
74.284457,551,112,13:10:22.338573
74.286313,203,83,13:10:22.338573
74.288171,525,383,13:10:22.338573
74.290028,346,234,13:10:22.338573
74.291884,64,336,13:10:22.338573
74.293743,525,83,13:10:22.338573
74.295605,363,166,13:10:22.338573
74.297463,253,355,13:10:22.338573
74.29932,380,-109,13:10:22.338573
74.30118,394,54,13:10:22.338573
74.303036,448,8,13:10:22.338573
77.64999,122815,69853,13:10:22.339570
77.651847,122191,69721,13:10:22.339570
77.653705,121947,69465,13:10:22.339570
77.655566,121393,69382,13:10:22.339570
77.657424,121214,69242,13:10:22.339570
77.65928,121077,68991,13:10:22.339570
77.661139,120729,68949,13:10:22.339570
77.662995,120499,68751,13:10:22.339570
77.664853,120717,68855,13:10:22.339570
77.666712,120524,68813,13:10:22.339570
77.668568,120598,68888,13:10:22.339570
77.670426,120810,68923,13:10:22.339570
77.672283,120745,69217,13:10:22.339570
77.674143,121268,69490,13:10:22.339570
77.676,121678,69230,13:10:22.339570
77.677856,121749,69546,13:10:22.339570
77.679714,122120,69621,13:10:22.339570
77.681571,121914,69840,13:10:22.339570
77.683429,122064,69862,13:10:22.339570
77.685285,122398,69782,13:10:22.339570
77.687142,122641,69824,13:10:22.339570
77.689,122536,69982,13:10:22.339570
77.690864,122776,69707,13:10:22.339570
77.692721,122933,69999,13:10:22.339570
77.694577,122802,69808,13:10:22.339570
77.696435,122479,69775,13:10:22.339570
77.698292,122173,69725,13:10:22.339570
78.244948,122612,70264,13:10:23.974626
78.246815,122798,70479,13:10:23.974626
77.133365,115608,65919,13:10:23.974626
77.135221,115252,65829,13:10:23.974626
77.137085,115057,65850,13:10:23.974626
77.138942,115356,66103,13:10:23.974626
77.140802,115447,66113,13:10:23.974626
77.142667,115680,65913,13:10:23.974626
77.144523,115273,65904,13:10:23.974626
77.14638,115822,66288,13:10:23.974626
77.148238,115684,66240,13:10:23.974626
77.150094,116090,66224,13:10:23.974626
77.151953,116260,66229,13:10:23.974626
77.153809,116350,66590,13:10:23.974626
77.155671,116711,66398,13:10:23.974626
77.15753,116631,66690,13:10:23.974626
77.159396,116812,66660,13:10:23.974626
77.161252,116688,66884,13:10:23.974626
77.163109,116883,66603,13:10:23.974626
77.164967,117141,66777,13:10:23.974626
77.166824,117369,66929,13:10:23.974626
77.16868,117586,67012,13:10:23.974626
77.170538,117471,67328,13:10:23.974626
77.172395,117561,67256,13:10:23.975922
77.174253,117856,67059,13:10:23.975922
77.176109,117842,67476,13:10:23.975922
77.177974,117815,67429,13:10:23.975922
77.17983,118099,67324,13:10:23.975922
77.181687,117994,67326,13:10:23.975922
77.183545,117503,67278,13:10:23.975922
77.185401,117500,67283,13:10:23.975922
77.187258,117395,67160,13:10:23.975922
77.189114,117309,67182,13:10:23.975922
77.19097,117210,66828,13:10:23.975922
77.192827,117055,66769,13:10:23.975922
77.194684,116998,66980,13:10:23.975922
77.196545,116848,66529,13:10:23.975922
77.198402,116704,66294,13:10:23.975922
77.200262,116410,66451,13:10:23.975922
77.202119,116360,66518,13:10:23.975922
77.203975,115964,66144,13:10:23.975922
77.205833,115874,66173,13:10:23.975922
77.207691,115891,66071,13:10:23.975922
77.209564,115623,65779,13:10:23.975922
77.21142,115534,65719,13:10:23.975922
77.213281,115367,65945,13:10:23.975922
77.215143,115534,65783,13:10:23.975922
77.217005,115402,65726,13:10:23.975922
77.218864,115463,66029,13:10:23.975922
77.22072,115593,65842,13:10:23.975922
77.222578,115941,66137,13:10:23.975922
77.224435,116073,66261,13:10:23.975922
77.226291,116101,66304,13:10:23.975922
77.22815,115972,66366,13:10:23.975922
77.230006,116338,66510,13:10:23.975922
77.231864,116744,66603,13:10:23.975922
77.233721,116929,66572,13:10:23.975922
77.235583,117088,66805,13:10:23.975922
77.237439,117291,66846,13:10:23.975922
77.239296,117460,67116,13:10:23.975922
77.241154,117733,66952,13:10:23.975922
77.243011,117859,67379,13:10:23.975922
77.244869,118116,67522,13:10:23.975922
77.246725,118106,67783,13:10:23.975922
77.248582,118347,67451,13:10:23.975922
77.25044,117990,67546,13:10:23.975922
77.252303,118388,67804,13:10:23.975922
77.254161,118239,67608,13:10:23.975922
77.256017,118519,67940,13:10:23.975922
77.257875,118441,67700,13:10:23.975922
77.259732,118802,68101,13:10:23.975922
77.261588,118840,67851,13:10:23.975922
77.263449,119185,68114,13:10:23.975922
77.265307,119435,68218,13:10:23.975922
77.267165,119665,68275,13:10:23.975922
77.269022,119835,68522,13:10:23.975922
77.27088,120228,68798,13:10:23.975922
77.272736,120372,68888,13:10:23.975922
77.274593,120805,68685,13:10:23.975922
77.276451,120771,68956,13:10:23.975922
77.278307,120885,68952,13:10:23.975922
77.280166,120784,69024,13:10:23.975922
77.282022,121130,68940,13:10:23.975922
77.283879,120933,69106,13:10:23.975922
77.285735,120807,68903,13:10:23.975922
77.287601,120369,68572,13:10:23.975922
77.289458,120522,68845,13:10:23.975922
77.291314,120271,68522,13:10:23.975922
77.293172,120241,68886,13:10:23.975922
77.295029,119901,68429,13:10:23.975922
77.296885,120123,68496,13:10:23.975922
77.298743,119754,68109,13:10:23.975922
77.3006,119337,67850,13:10:23.975922
77.302458,118900,67949,13:10:23.975922
77.304315,119060,67904,13:10:23.975922
77.306179,118822,67767,13:10:23.975922
77.308035,118804,67881,13:10:23.976807
77.309896,118285,67669,13:10:23.976807
77.311788,118558,67697,13:10:23.976807
77.313644,118279,67625,13:10:23.976807
77.315503,118578,67654,13:10:23.976807
77.317359,118519,67814,13:10:23.976807
77.319215,118387,67610,13:10:24.026383
77.321074,118113,67150,13:10:24.026383
77.32293,118012,67136,13:10:24.026383
77.324788,117818,67229,13:10:24.026383
77.326645,117243,66892,13:10:24.026383
77.328501,117134,66645,13:10:24.026383
77.33036,116412,66415,13:10:24.026383
77.332223,116626,66305,13:10:24.026383
77.33408,116474,66399,13:10:24.026383
77.335937,115992,66087,13:10:24.026383
77.337797,115766,65811,13:10:24.026383
77.339653,115555,65728,13:10:24.026383
77.34151,115501,65772,13:10:24.026383
77.343368,114692,65252,13:10:24.026383
77.345224,114693,65129,13:10:24.026383
77.347083,114363,65482,13:10:24.026383
77.348939,114592,65514,13:10:24.026383
77.350802,114854,66039,13:10:24.026383
77.352658,115597,66037,13:10:24.026383
77.354514,116148,66243,13:10:24.026383
77.356379,116743,66534,13:10:24.026383
77.358235,117048,66879,13:10:24.026383
77.360095,117472,66872,13:10:24.026383
77.361952,117055,66817,13:10:24.026383
77.363808,117089,66703,13:10:24.026383
77.365665,116916,66968,13:10:24.026383
77.367522,116292,66266,13:10:24.026383
77.369379,115666,65926,13:10:24.026383
77.371236,115187,65375,13:10:24.026383
77.373094,115148,65681,13:10:24.026383
77.37495,115364,65883,13:10:24.026383
77.376807,115108,65654,13:10:24.026383
77.378665,115015,65578,13:10:24.026383
77.380521,114997,65664,13:10:24.026383
77.382378,115097,65742,13:10:24.026383
77.384234,114624,65703,13:10:24.026383
77.386099,114933,65401,13:10:24.026383
77.387955,114827,65709,13:10:24.026383
77.389811,114723,65312,13:10:24.026383
77.39167,114500,65285,13:10:24.026383
77.393526,114516,65416,13:10:24.026383
77.395384,114118,65213,13:10:24.026383
77.397241,114218,65186,13:10:24.026383
77.399097,113894,65036,13:10:24.026383
77.400953,113686,65024,13:10:24.026383
77.402819,113954,65122,13:10:24.026383
77.404676,114425,65196,13:10:24.026383
77.406533,114239,65199,13:10:24.026383
77.408391,114535,65541,13:10:24.026383
77.410247,115063,65997,13:10:24.026383
77.412107,115301,65860,13:10:24.026383
77.414012,115325,65951,13:10:24.026383
77.41587,115692,66008,13:10:24.026383
77.417735,115839,66177,13:10:24.026383
77.419591,116059,66235,13:10:24.026383
77.421452,115920,66096,13:10:24.026383
77.42331,115830,66014,13:10:24.026383
77.425166,115665,66146,13:10:24.027388
77.427024,115622,65997,13:10:24.027388
77.428881,115019,65707,13:10:24.027388
77.430737,114928,65404,13:10:24.027388
77.432595,115066,65275,13:10:24.027388
77.434454,114131,65455,13:10:24.027388
77.436312,114314,65182,13:10:24.027388
77.438169,114190,65338,13:10:24.027388
77.440027,114140,65005,13:10:24.027388
77.441883,114207,65115,13:10:24.027388
77.44374,114051,65220,13:10:24.027388
77.445598,114221,65202,13:10:24.027388
77.447454,114339,65240,13:10:24.027388
77.449313,114211,65474,13:10:24.027388
77.451169,114561,65572,13:10:24.027388
77.453031,114598,65485,13:10:24.027388
77.454888,114489,65344,13:10:24.027388
77.456744,114578,65278,13:10:24.027388
77.458603,114216,64985,13:10:24.027388
77.460459,114484,65237,13:10:24.027388
77.462317,114242,65369,13:10:24.027388
77.464174,114315,65096,13:10:24.027388
77.46603,114159,65241,13:10:24.027388
77.467886,114307,65378,13:10:24.027388
77.469752,114310,65073,13:10:24.027388
77.471609,114078,65009,13:10:24.027388
77.473466,114360,64998,13:10:24.027388
77.475324,114176,64991,13:10:24.027388
77.47718,114209,65148,13:10:24.027388
77.479037,114568,65346,13:10:24.027388
77.480893,114894,65510,13:10:24.027388
77.482751,114641,65508,13:10:24.027388
77.484608,114882,65616,13:10:24.027388
77.486464,115233,65772,13:10:24.027388
77.488331,115571,66022,13:10:24.027388
77.490189,115848,66107,13:10:24.027388
77.492045,116287,66326,13:10:24.027388
77.493904,116389,66336,13:10:24.027388
77.495762,116355,66122,13:10:24.027388
77.49762,116379,66476,13:10:24.027388
77.499477,116534,66601,13:10:24.027388
77.501333,116717,66689,13:10:24.027388
77.503192,116993,67080,13:10:24.027388
77.50505,117001,66405,13:10:24.027388
77.506906,117119,66780,13:10:24.027388
77.508763,116795,66923,13:10:24.027388
77.510621,117224,67115,13:10:24.027388
77.512477,117379,67027,13:10:24.027388
77.514335,117687,67230,13:10:24.027388
77.516214,117719,66880,13:10:24.027388
77.51807,117746,67116,13:10:24.027388
77.519929,117894,67356,13:10:24.027388
77.521785,118434,67630,13:10:24.027388
77.523642,118649,67778,13:10:24.027388
77.5255,118808,67734,13:10:24.027388
77.527361,119133,68092,13:10:24.027388
77.529219,119410,67958,13:10:24.027388
77.531075,119236,67705,13:10:24.027388
77.532933,118974,68009,13:10:24.027388
77.534792,119751,68653,13:10:24.027388
77.536648,120281,68485,13:10:24.027388
77.538506,120258,68289,13:10:24.027388
77.540363,119862,68621,13:10:24.027388
77.542221,121090,69072,13:10:24.027388
77.544078,121719,69500,13:10:24.027388
77.545938,121793,69960,13:10:24.027388
77.547796,122425,69902,13:10:24.027388
77.549653,122695,70119,13:10:24.027388
77.551511,122945,70144,13:10:24.027388
77.553367,123501,70658,13:10:24.027388
77.555226,123710,70760,13:10:24.027388
77.557082,124265,70692,13:10:24.027388
77.558938,124477,70403,13:10:24.027388
77.560797,123822,70496,13:10:24.027388
77.562659,123272,69811,13:10:24.027388
77.564516,122518,69872,13:10:24.027388
77.566374,121951,69383,13:10:24.027388
77.568232,121354,69118,13:10:24.027388
77.570089,120706,68800,13:10:24.027388
77.571945,120110,68036,13:10:24.027388
77.573803,119761,67633,13:10:24.027388
77.57566,119122,67978,13:10:24.027388
77.577518,119056,68092,13:10:24.027388
77.579378,119463,68113,13:10:24.027388
77.581237,119450,68412,13:10:24.027388
77.583093,119865,68057,13:10:24.027388
77.58495,119431,68068,13:10:24.028388
77.586808,120366,69335,13:10:24.028388
77.588664,121721,69758,13:10:24.028388
77.590521,122842,70424,13:10:24.028388
77.592379,123719,70424,13:10:24.028388
77.594235,123889,70830,13:10:24.028388
77.596094,124641,71230,13:10:24.028388
77.597955,125052,71312,13:10:24.028388
77.599816,125409,71802,13:10:24.028388
77.601673,125435,71403,13:10:24.028388
77.603531,124781,71053,13:10:24.028388
77.605388,124443,71052,13:10:24.028388
77.607244,124104,70553,13:10:24.028388
77.609102,123356,70109,13:10:24.028388
77.610961,122805,69724,13:10:24.028388
77.612819,122050,69362,13:10:24.028388
77.614675,121298,69401,13:10:24.028388
77.616534,120862,69016,13:10:24.028388
77.618404,120454,68511,13:10:24.028388
77.620268,120492,68390,13:10:24.028388
77.622125,120342,68672,13:10:24.028388
77.623981,120343,68584,13:10:24.028388
77.62584,120783,69011,13:10:24.028388
77.627696,120566,68888,13:10:24.028388
77.629552,121118,69576,13:10:24.028388
77.631411,121948,69365,13:10:24.028388
77.633267,121898,69885,13:10:24.028388
77.635123,122664,69779,13:10:24.028388
77.63698,122557,70081,13:10:24.028388
77.638846,123285,70363,13:10:24.028388
77.640705,123083,70268,13:10:24.028388
77.642561,123369,70495,13:10:24.028388
77.644419,123461,70334,13:10:24.028388
77.646276,123091,70102,13:10:24.028388
77.648134,122854,69841,13:10:24.028388
77.64999,122815,69853,13:10:24.028388
77.651847,122191,69721,13:10:24.028388
77.653705,121947,69465,13:10:24.028388
77.655566,121393,69382,13:10:24.028388
77.657424,121214,69242,13:10:24.028388
77.65928,121077,68991,13:10:24.028388
77.661139,120729,68949,13:10:24.028388
77.662995,120499,68751,13:10:24.028388
77.664853,120717,68855,13:10:24.028388
77.666712,120524,68813,13:10:24.028388
77.668568,120598,68888,13:10:24.028388
77.670426,120810,68923,13:10:24.028388
77.672283,120745,69217,13:10:24.028388
77.674143,121268,69490,13:10:24.028388
77.676,121678,69230,13:10:24.028388
77.677856,121749,69546,13:10:24.028388
77.679714,122120,69621,13:10:24.028388
77.681571,121914,69840,13:10:24.028388
77.683429,122064,69862,13:10:24.028388
77.685285,122398,69782,13:10:24.028388
77.687142,122641,69824,13:10:24.028388
77.689,122536,69982,13:10:24.028388
77.690864,122776,69707,13:10:24.028388
77.692721,122933,69999,13:10:24.028388
77.694577,122802,69808,13:10:24.028388
77.696435,122479,69775,13:10:24.028388
77.698292,122173,69725,13:10:24.028388
77.700148,122109,69616,13:10:24.028388
77.702005,121823,69331,13:10:24.028388
77.703861,121588,69202,13:10:24.028388
77.705719,121221,69196,13:10:24.028388
77.707576,121093,69070,13:10:24.028388
77.709442,120905,68962,13:10:24.029388
77.711298,121095,69127,13:10:24.029388
77.713155,121188,69117,13:10:24.029388
77.715017,121473,69272,13:10:24.029388
77.716875,121629,69545,13:10:24.029388
77.718736,121474,69662,13:10:24.029388
77.72061,121853,69666,13:10:24.029388
77.722466,122071,69981,13:10:24.029388
77.724327,122416,69940,13:10:24.029388
77.726183,122514,70135,13:10:24.029388
77.728039,122745,70260,13:10:24.029388
77.729896,122753,70181,13:10:24.029388
77.731754,123118,70456,13:10:24.029388
77.733611,123488,70263,13:10:24.029388
77.735467,123449,70236,13:10:24.029388
77.737325,122873,70262,13:10:24.029388
77.739182,122796,70176,13:10:24.029388
77.74104,122757,69951,13:10:24.029388
77.742896,122410,69978,13:10:24.029388
77.744753,121862,69528,13:10:24.029388
77.746611,121331,69441,13:10:24.029388
77.748467,121069,69460,13:10:24.029388
77.750328,121693,69596,13:10:24.029388
77.752184,121750,69696,13:10:24.029388
77.754042,121720,69456,13:10:24.029388
77.755899,122002,69983,13:10:24.029388
77.757755,122322,69945,13:10:24.029388
77.759611,122404,70077,13:10:24.029388
77.761469,122821,70292,13:10:24.029388
77.763326,123178,70428,13:10:24.029388
77.765183,123350,70537,13:10:24.029388
77.767045,123262,70609,13:10:24.029388
77.768901,123221,70273,13:10:24.029388
77.770758,123078,70286,13:10:24.029388
77.772616,123070,70222,13:10:24.029388
77.774472,122872,70292,13:10:24.029388
77.776331,122914,70189,13:10:24.029388
77.778187,122501,70011,13:10:24.029388
77.780047,122334,70073,13:10:24.029388
77.781904,122296,69794,13:10:24.029388
77.783771,122200,69729,13:10:24.029388
77.785628,122258,69904,13:10:24.029388
77.787485,122271,69871,13:10:24.029388
77.789343,122077,69853,13:10:24.029388
77.7912,122252,69764,13:10:24.029388
77.793056,122305,69872,13:10:24.029388
77.794912,122215,69686,13:10:24.029388
77.796769,122283,69886,13:10:24.029388
77.798625,122489,70000,13:10:24.029388
77.800481,122821,70194,13:10:24.029388
77.802342,123038,70307,13:10:24.029388
77.804198,123264,70243,13:10:24.029388
77.806054,123289,70440,13:10:24.029388
77.807913,123261,70544,13:10:24.029388
77.809771,123729,70852,13:10:24.029388
77.81163,124110,71115,13:10:24.029388
77.813486,123816,71072,13:10:24.029388
77.815345,123689,70472,13:10:24.029388
77.817203,123746,70934,13:10:24.029388
77.819069,123555,70389,13:10:24.029388
77.820925,123232,70369,13:10:24.029388
77.822798,123366,70373,13:10:24.029388
77.82466,123145,70232,13:10:24.029388
77.826516,122708,70304,13:10:24.029388
77.828373,122396,70090,13:10:24.029388
77.830231,122309,69722,13:10:24.029388
77.832087,122114,69889,13:10:24.029388
77.833946,122032,69858,13:10:24.029388
77.835804,122038,69796,13:10:24.029388
77.83766,121833,69738,13:10:24.029388
77.839519,122010,70038,13:10:24.029388
77.84138,122352,69873,13:10:24.029388
77.843238,122340,70150,13:10:24.029388
77.845094,122445,70448,13:10:24.029388
77.846952,122708,70655,13:10:24.029388
77.848809,122983,70397,13:10:24.029388
77.850665,123291,70672,13:10:24.029388
77.852521,123680,70828,13:10:24.029388
77.854378,123527,70896,13:10:24.029388
77.856234,123993,70662,13:10:24.029388
77.858091,123675,71066,13:10:24.029388
77.859951,123598,70612,13:10:24.029388
77.861807,123507,70421,13:10:24.029388
77.863664,123220,70406,13:10:24.029388
77.865522,122872,70176,13:10:24.029388
77.867378,122664,70336,13:10:24.029388
77.869237,122480,70195,13:10:24.029388
77.871093,122019,70037,13:10:24.029388
77.872953,121970,69835,13:10:24.029388
77.874812,122168,69871,13:10:24.029388
77.876678,122059,69740,13:10:24.029388
77.878535,122144,69969,13:10:24.029388
77.880391,122258,69872,13:10:24.029388
77.882249,122471,70066,13:10:24.029388
77.884106,122468,70153,13:10:24.029388
77.885962,122371,70344,13:10:24.030388
77.88782,122840,70234,13:10:24.030388
77.889677,123045,70468,13:10:24.030388
77.891535,123479,70617,13:10:24.030388
79.010681,122908,69959,13:10:24.030459
79.012541,122999,70394,13:10:24.030459
79.014397,122908,70062,13:10:24.030459
79.016254,122792,69994,13:10:24.030459
79.018112,122815,70125,13:10:24.030459
79.019968,122888,70055,13:10:24.030459
79.021825,122670,70059,13:10:24.030459
79.023683,122676,70346,13:10:24.030459
79.025539,122730,70250,13:10:24.030459
79.027398,122904,70291,13:10:24.030459
79.029254,122644,70182,13:10:24.030459
79.031118,122939,70342,13:10:24.030459
79.032975,122814,70475,13:10:24.030459
79.034834,122944,70382,13:10:24.030459
79.036692,122805,70297,13:10:24.030459
79.038548,122940,70403,13:10:24.030459
79.040406,122899,70152,13:10:24.030459
79.042263,122751,70129,13:10:24.030459
79.044119,122848,70178,13:10:24.030459
79.045975,122710,70128,13:10:24.030459
79.047839,122759,70312,13:10:24.030459
79.049696,122687,70270,13:10:24.030459
79.05158,122666,70183,13:10:24.030459
79.053439,123084,70178,13:10:24.030459
79.055297,122838,70260,13:10:24.030459
79.057163,122740,70209,13:10:24.030459
79.05902,122994,70553,13:10:24.030459
79.060878,122553,70041,13:10:24.030459
79.062736,122715,70377,13:10:24.030459
79.064593,122816,70162,13:10:24.030459
79.066449,122814,70250,13:10:24.030459
79.068307,123086,70166,13:10:24.030459
79.070164,122991,70296,13:10:24.030459
79.072022,122918,70417,13:10:24.030459
79.073879,123444,70284,13:10:24.030459
79.075741,123048,70331,13:10:24.030459
79.077597,122929,70332,13:10:24.030459
79.079455,122808,70464,13:10:24.030459
79.081312,122949,70253,13:10:24.030459
79.083168,122733,70201,13:10:24.030459
79.085025,122715,70004,13:10:24.030459
79.086881,122801,70336,13:10:24.030459
79.088737,122692,70288,13:10:24.030459
79.090594,122648,70196,13:10:24.030459
79.092451,122606,70230,13:10:24.030459
79.094312,123004,70200,13:10:24.030459
79.096169,122776,70175,13:10:24.030459
79.098029,123068,70437,13:10:24.030459
79.099886,122848,70384,13:10:24.030459
79.101742,122874,70365,13:10:24.030459
79.1036,122986,70318,13:10:24.030459
79.105459,122900,70526,13:10:24.030459
79.107315,123033,70157,13:10:24.030459
79.109171,122934,70369,13:10:24.030459
79.111032,122613,70069,13:10:24.030459
79.112888,122710,70176,13:10:24.030459
79.114744,122964,70245,13:10:24.030459
79.116603,122896,70239,13:10:24.030459
79.118459,122954,70347,13:10:24.030459
79.120317,122673,70319,13:10:24.030459
79.122174,122969,70379,13:10:24.030459
79.124034,122875,70660,13:10:24.030459
79.125893,122950,70260,13:10:24.030459
79.127759,122858,70350,13:10:24.030459
79.129615,122740,70412,13:10:24.030459
79.131472,122846,70302,13:10:24.030459
79.13333,122958,70301,13:10:24.030459
79.135186,122887,70123,13:10:24.030459
79.137043,122742,70398,13:10:24.030459
79.138901,122885,70309,13:10:24.030459
79.140757,122745,70114,13:10:24.030459
79.142616,123001,70717,13:10:24.030459
79.144472,122890,70480,13:10:24.030459
79.146336,122749,70463,13:10:24.030459
79.148197,122842,70612,13:10:24.030459
79.150052,122860,70213,13:10:24.030459
79.15191,122958,70222,13:10:24.030459
79.153785,122805,70302,13:10:24.030459
79.155652,122897,70277,13:10:24.030459
79.157509,122671,70219,13:10:24.030459
79.159365,122779,70226,13:10:24.030459
79.161223,122696,70061,13:10:24.030459
79.16308,122903,70358,13:10:24.030459
79.164938,122923,70275,13:10:24.030459
79.166796,123057,70404,13:10:24.030459
79.168657,123020,70458,13:10:24.030459
79.170515,122943,70329,13:10:24.030459
79.172381,122829,70118,13:10:24.030459
79.174238,122845,70359,13:10:24.030459
79.176094,123149,70221,13:10:24.030459
79.177952,122871,70359,13:10:24.030459
79.179809,122849,70239,13:10:24.030459
79.181665,123073,70405,13:10:24.030459
79.183523,122906,70295,13:10:24.030459
79.18538,122854,70127,13:10:24.030459
79.187238,122732,70304,13:10:24.030459
79.189095,122941,70431,13:10:24.031465
79.190959,123094,70313,13:10:24.031465
79.192815,122864,70564,13:10:24.031465
79.194672,122919,70208,13:10:24.031465
79.19653,122829,70188,13:10:24.031465
79.198386,122738,70296,13:10:24.031465
79.200243,122787,70554,13:10:24.031465
79.202099,123089,70268,13:10:24.031465
79.203956,122799,70407,13:10:24.031465
79.205812,122932,70418,13:10:24.031465
79.207669,123159,70380,13:10:24.031465
79.209529,123108,70390,13:10:24.031465
79.211385,123224,70391,13:10:24.031465
79.213243,123075,70172,13:10:24.031465
79.215102,122979,70239,13:10:24.031465
79.216958,122720,70367,13:10:24.031465
79.218816,122861,70326,13:10:24.031465
79.220675,123007,70366,13:10:24.031465
79.222533,123051,70486,13:10:24.031465
79.224389,123229,70159,13:10:24.031465
79.22625,122930,70409,13:10:24.031465
79.228106,123048,70320,13:10:24.031465
79.229963,122851,70478,13:10:24.031465
79.231823,122889,70312,13:10:24.031465
79.233679,123027,70299,13:10:24.031465
79.235538,123038,70235,13:10:24.031465
79.237394,122917,70603,13:10:24.031465
79.239252,122968,70429,13:10:24.031465
79.241111,123033,70408,13:10:24.031465
79.242977,123064,70227,13:10:24.031465
79.244835,123005,70660,13:10:24.031465
79.246692,122742,70529,13:10:24.031465
79.24855,123099,70213,13:10:24.031465
79.250411,122898,70377,13:10:24.031465
79.252283,123025,70375,13:10:24.031465
79.254141,122819,70611,13:10:24.031465
79.256002,123312,70276,13:10:24.031465
79.257862,122961,70662,13:10:24.031465
79.259718,122956,70511,13:10:24.031465
79.261575,122850,70349,13:10:24.031465
79.263433,123066,70751,13:10:24.031465
79.265289,122828,70297,13:10:24.031465
79.267146,122991,70352,13:10:24.031465
79.269002,122711,70103,13:10:24.031465
79.27086,122954,70313,13:10:24.031465
79.272717,122865,70300,13:10:24.031465
79.274573,123077,70367,13:10:24.031465
79.276429,122903,70700,13:10:24.031465
79.278286,123307,70229,13:10:24.031465
79.280142,122973,70393,13:10:24.031465
79.281999,123055,70530,13:10:24.031465
79.283859,123010,70591,13:10:24.031465
79.285715,122848,70510,13:10:24.031465
79.287572,123027,70673,13:10:24.031465
79.28943,123026,70374,13:10:24.071930
79.291286,122865,70325,13:10:24.071930
79.293145,122858,70423,13:10:24.071930
79.295001,122794,70486,13:10:24.071930
79.296861,122616,70251,13:10:24.071930
79.29872,123166,70510,13:10:24.071930
79.300586,123060,70609,13:10:24.071930
79.302442,122985,70606,13:10:24.071930
79.304299,122899,70643,13:10:24.071930
79.306157,122885,70389,13:10:24.071930
79.308014,123049,70936,13:10:24.071930
79.309874,123195,70253,13:10:24.071930
79.311732,123126,70420,13:10:24.071930
79.313589,122864,70113,13:10:24.071930
79.315449,123063,70601,13:10:24.071930
79.317307,123077,70492,13:10:24.071930
79.319166,123194,70401,13:10:24.071930
79.321022,123065,70460,13:10:24.071930
79.322879,122958,70648,13:10:24.071930
79.324737,123103,70394,13:10:24.071930
79.326593,123038,70346,13:10:24.071930
79.328451,123107,70437,13:10:24.071930
79.330308,122907,70521,13:10:24.071930
79.332164,122973,70540,13:10:24.071930
79.334021,122960,70455,13:10:24.071930
79.335884,122970,70361,13:10:24.071930
79.337741,123191,70425,13:10:24.071930
79.339598,123235,70636,13:10:24.071930
79.341456,123020,70409,13:10:24.071930
79.343312,123114,70319,13:10:24.071930
79.345169,123054,70728,13:10:24.071930
79.347027,123124,70630,13:10:24.071930
79.348883,123114,70355,13:10:24.071930
79.350742,123192,70569,13:10:24.071930
79.352598,123202,70485,13:10:24.071930
79.354462,122998,70350,13:10:24.071930
79.356321,122937,70511,13:10:24.071930
79.358177,122952,70436,13:10:24.072941
79.938159,122526,70762,13:10:24.072941
79.940023,122621,70529,13:10:24.072941
78.826727,123065,70271,13:10:24.072941
78.828584,123002,70288,13:10:24.072941
78.83044,122903,70403,13:10:24.072941
78.832298,122806,70353,13:10:24.072941
78.834155,122770,70098,13:10:24.072941
78.836011,123114,70129,13:10:24.072941
78.837867,122850,70355,13:10:24.072941
78.839724,123004,70313,13:10:24.072941
78.841584,123050,70375,13:10:24.072941
78.843441,123053,70167,13:10:24.072941
78.845305,122643,70073,13:10:24.072941
78.847179,122602,70446,13:10:24.072941
78.849038,122835,70159,13:10:24.072941
78.850896,122845,70352,13:10:24.072941
78.852752,122904,70082,13:10:24.072941
78.854611,122907,70206,13:10:24.072941
78.856467,122912,70127,13:10:24.072941
78.858323,123045,70120,13:10:24.072941
78.860182,123039,70301,13:10:24.072941
78.862038,122941,70163,13:10:24.072941
78.863896,122955,70054,13:10:24.072941
78.865753,122953,70390,13:10:24.072941
78.867615,122953,70322,13:10:24.072941
78.869471,122979,70450,13:10:24.072941
78.871328,123066,70246,13:10:24.072941
78.873186,122819,70390,13:10:24.072941
78.875043,122844,70071,13:10:24.072941
78.876901,123159,70268,13:10:24.072941
78.878757,123003,70285,13:10:24.072941
78.880614,122768,70082,13:10:24.072941
78.882472,122612,70372,13:10:24.072941
78.884336,122817,70074,13:10:24.072941
78.886193,122919,70035,13:10:24.072941
78.888049,122707,70233,13:10:24.072941
78.889907,122787,70192,13:10:24.072941
78.891764,122745,70397,13:10:24.072941
78.89362,122882,70185,13:10:24.072941
78.895478,122741,70335,13:10:24.072941
78.897335,122946,70231,13:10:24.072941
78.899193,122751,70304,13:10:24.072941
78.901049,123052,70362,13:10:24.072941
78.902914,122753,70405,13:10:24.072941
78.904772,123080,70540,13:10:24.072941
78.906629,122906,70093,13:10:24.072941
78.908487,122884,70267,13:10:24.072941
78.910343,122681,70333,13:10:24.072941
78.912202,122655,70269,13:10:24.072941
78.914058,122724,70031,13:10:24.072941
78.915914,122764,70224,13:10:24.072941
78.917773,122797,70218,13:10:24.072941
78.919634,123030,70324,13:10:24.072941
78.921493,122809,70453,13:10:24.072941
78.92335,122891,70246,13:10:24.072941
78.925208,122780,70262,13:10:24.072941
78.927064,122708,70210,13:10:24.072941
78.928921,122932,70285,13:10:24.072941
78.930779,122634,70235,13:10:24.072941
78.932636,122655,70404,13:10:24.072941
78.934494,122814,69914,13:10:24.072941
78.93635,123054,70193,13:10:24.072941
78.938213,122773,70303,13:10:24.072941
78.940069,122854,70169,13:10:24.072941
78.941925,122815,70260,13:10:24.072941
78.943784,123062,70174,13:10:24.072941
78.94564,122834,70061,13:10:24.072941
78.947498,122594,70337,13:10:24.072941
78.949371,122983,69949,13:10:24.072941
78.951227,122942,70246,13:10:24.073940
78.953085,122562,70055,13:10:24.073940
78.954942,122853,70093,13:10:24.073940
78.956802,122749,70273,13:10:24.073940
78.958659,122800,70394,13:10:24.073940
78.960523,122698,70184,13:10:24.073940
78.962379,122720,70153,13:10:24.073940
78.964236,122762,70269,13:10:24.073940
78.966094,123133,70041,13:10:24.073940
78.96795,122966,70221,13:10:24.073940
78.969807,122702,70318,13:10:24.073940
78.971663,122919,70128,13:10:24.073940
78.973519,122813,70000,13:10:24.073940
78.975378,123124,70254,13:10:24.073940
78.977243,122719,70364,13:10:24.073940
78.979102,122814,70012,13:10:24.073940
78.980959,122724,70253,13:10:24.073940
78.982817,122733,69990,13:10:24.073940
78.984677,122923,70031,13:10:24.073940
78.986534,122870,70193,13:10:24.073940
78.988394,122904,70236,13:10:24.073940
78.990251,122837,70186,13:10:24.073940
78.992109,122876,70207,13:10:24.073940
78.993965,122715,70234,13:10:24.073940
78.995824,122770,70216,13:10:24.073940
78.99768,122819,70400,13:10:24.073940
78.999536,122792,70406,13:10:24.073940
79.001395,122743,70224,13:10:24.073940
79.003251,122927,70152,13:10:24.073940
79.005109,122873,70308,13:10:24.073940
79.006966,122637,70046,13:10:24.073940
79.008822,123059,70269,13:10:24.073940
79.010681,122908,69959,13:10:24.073940
79.012541,122999,70394,13:10:24.073940
79.014397,122908,70062,13:10:24.073940
79.016254,122792,69994,13:10:24.073940
79.018112,122815,70125,13:10:24.073940
79.019968,122888,70055,13:10:24.073940
79.021825,122670,70059,13:10:24.073940
79.023683,122676,70346,13:10:24.073940
79.025539,122730,70250,13:10:24.073940
79.027398,122904,70291,13:10:24.073940
79.029254,122644,70182,13:10:24.073940
79.031118,122939,70342,13:10:24.073940
79.032975,122814,70475,13:10:24.073940
79.034834,122944,70382,13:10:24.073940
79.036692,122805,70297,13:10:24.073940
79.038548,122940,70403,13:10:24.073940
79.040406,122899,70152,13:10:24.073940
79.042263,122751,70129,13:10:24.073940
79.044119,122848,70178,13:10:24.073940
79.045975,122710,70128,13:10:24.073940
79.047839,122759,70312,13:10:24.073940
79.049696,122687,70270,13:10:24.073940
79.05158,122666,70183,13:10:24.073940
79.053439,123084,70178,13:10:24.073940
79.055297,122838,70260,13:10:24.073940
79.057163,122740,70209,13:10:24.073940
79.05902,122994,70553,13:10:24.073940
79.060878,122553,70041,13:10:24.073940
79.062736,122715,70377,13:10:24.073940
79.064593,122816,70162,13:10:24.073940
79.066449,122814,70250,13:10:24.073940
79.068307,123086,70166,13:10:24.073940
79.070164,122991,70296,13:10:24.073940
79.072022,122918,70417,13:10:24.073940
79.073879,123444,70284,13:10:24.073940
79.075741,123048,70331,13:10:24.073940
79.077597,122929,70332,13:10:24.073940
79.079455,122808,70464,13:10:24.073940
79.081312,122949,70253,13:10:24.073940
79.083168,122733,70201,13:10:24.073940
79.085025,122715,70004,13:10:24.075938
79.086881,122801,70336,13:10:24.075938
79.088737,122692,70288,13:10:24.075938
79.090594,122648,70196,13:10:24.075938
79.092451,122606,70230,13:10:24.075938
79.094312,123004,70200,13:10:24.075938
79.096169,122776,70175,13:10:24.075938
79.098029,123068,70437,13:10:24.075938
79.099886,122848,70384,13:10:24.075938
79.101742,122874,70365,13:10:24.075938
79.1036,122986,70318,13:10:24.075938
79.105459,122900,70526,13:10:24.075938
79.107315,123033,70157,13:10:24.075938
79.109171,122934,70369,13:10:24.075938
79.111032,122613,70069,13:10:24.075938
79.112888,122710,70176,13:10:24.075938
79.114744,122964,70245,13:10:24.075938
79.116603,122896,70239,13:10:24.075938
79.118459,122954,70347,13:10:24.075938
79.120317,122673,70319,13:10:24.075938
79.122174,122969,70379,13:10:24.075938
79.124034,122875,70660,13:10:24.075938
79.125893,122950,70260,13:10:24.075938
79.127759,122858,70350,13:10:24.075938
79.129615,122740,70412,13:10:24.075938
79.131472,122846,70302,13:10:24.075938
79.13333,122958,70301,13:10:24.075938
79.135186,122887,70123,13:10:24.075938
79.137043,122742,70398,13:10:24.075938
79.138901,122885,70309,13:10:24.075938
79.140757,122745,70114,13:10:24.075938
79.142616,123001,70717,13:10:24.075938
79.144472,122890,70480,13:10:24.075938
79.146336,122749,70463,13:10:24.075938
79.148197,122842,70612,13:10:24.075938
79.150052,122860,70213,13:10:24.075938
79.15191,122958,70222,13:10:24.075938
79.153785,122805,70302,13:10:24.075938
79.155652,122897,70277,13:10:24.075938
79.157509,122671,70219,13:10:24.075938
79.159365,122779,70226,13:10:24.075938
79.161223,122696,70061,13:10:24.075938
79.16308,122903,70358,13:10:24.075938
79.164938,122923,70275,13:10:24.075938
79.166796,123057,70404,13:10:24.075938
79.168657,123020,70458,13:10:24.075938
79.170515,122943,70329,13:10:24.075938
79.172381,122829,70118,13:10:24.075938
79.174238,122845,70359,13:10:24.075938
79.176094,123149,70221,13:10:24.075938
79.177952,122871,70359,13:10:24.075938
79.179809,122849,70239,13:10:24.075938
79.181665,123073,70405,13:10:24.075938
79.183523,122906,70295,13:10:24.075938
79.18538,122854,70127,13:10:24.075938
79.187238,122732,70304,13:10:24.075938
79.189095,122941,70431,13:10:24.075938
79.190959,123094,70313,13:10:24.075938
79.192815,122864,70564,13:10:24.075938
79.194672,122919,70208,13:10:24.075938
79.19653,122829,70188,13:10:24.075938
79.198386,122738,70296,13:10:24.075938
79.200243,122787,70554,13:10:24.075938
79.202099,123089,70268,13:10:24.075938
79.203956,122799,70407,13:10:24.076937
79.205812,122932,70418,13:10:24.076937
79.207669,123159,70380,13:10:24.076937
79.209529,123108,70390,13:10:24.076937
79.211385,123224,70391,13:10:24.076937
79.213243,123075,70172,13:10:24.076937
79.215102,122979,70239,13:10:24.076937
79.216958,122720,70367,13:10:24.076937
79.218816,122861,70326,13:10:24.076937
79.220675,123007,70366,13:10:24.076937
79.222533,123051,70486,13:10:24.076937
79.224389,123229,70159,13:10:24.076937
79.22625,122930,70409,13:10:24.076937
79.228106,123048,70320,13:10:24.076937
79.229963,122851,70478,13:10:24.076937
79.231823,122889,70312,13:10:24.076937
79.233679,123027,70299,13:10:24.076937
79.235538,123038,70235,13:10:24.076937
79.237394,122917,70603,13:10:24.076937
79.239252,122968,70429,13:10:24.076937
79.241111,123033,70408,13:10:24.076937
79.242977,123064,70227,13:10:24.076937
79.244835,123005,70660,13:10:24.076937
79.246692,122742,70529,13:10:24.076937
79.24855,123099,70213,13:10:24.076937
79.250411,122898,70377,13:10:24.076937
79.252283,123025,70375,13:10:24.076937
79.254141,122819,70611,13:10:24.076937
79.256002,123312,70276,13:10:24.076937
79.257862,122961,70662,13:10:24.076937
79.259718,122956,70511,13:10:24.076937
79.261575,122850,70349,13:10:24.076937
79.263433,123066,70751,13:10:24.076937
79.265289,122828,70297,13:10:24.076937
79.267146,122991,70352,13:10:24.076937
79.269002,122711,70103,13:10:24.076937
79.27086,122954,70313,13:10:24.076937
79.272717,122865,70300,13:10:24.076937
79.274573,123077,70367,13:10:24.076937
79.276429,122903,70700,13:10:24.076937
79.278286,123307,70229,13:10:24.076937
79.280142,122973,70393,13:10:24.076937
79.281999,123055,70530,13:10:24.076937
79.283859,123010,70591,13:10:24.076937
79.285715,122848,70510,13:10:24.076937
79.287572,123027,70673,13:10:24.076937
79.28943,123026,70374,13:10:24.076937
79.291286,122865,70325,13:10:24.076937
79.293145,122858,70423,13:10:24.076937
79.295001,122794,70486,13:10:24.076937
79.296861,122616,70251,13:10:24.076937
79.29872,123166,70510,13:10:24.076937
79.300586,123060,70609,13:10:24.076937
79.302442,122985,70606,13:10:24.076937
79.304299,122899,70643,13:10:24.076937
79.306157,122885,70389,13:10:24.076937
79.308014,123049,70936,13:10:24.076937
79.309874,123195,70253,13:10:24.076937
79.311732,123126,70420,13:10:24.076937
79.313589,122864,70113,13:10:24.076937
79.315449,123063,70601,13:10:24.076937
79.317307,123077,70492,13:10:24.076937
79.319166,123194,70401,13:10:24.076937
79.321022,123065,70460,13:10:24.076937
79.322879,122958,70648,13:10:24.076937
79.324737,123103,70394,13:10:24.076937
79.326593,123038,70346,13:10:24.076937
79.328451,123107,70437,13:10:24.076937
79.330308,122907,70521,13:10:24.076937
79.332164,122973,70540,13:10:24.076937
79.334021,122960,70455,13:10:24.076937
79.335884,122970,70361,13:10:24.076937
79.337741,123191,70425,13:10:24.076937
79.339598,123235,70636,13:10:24.076937
79.341456,123020,70409,13:10:24.077937
79.343312,123114,70319,13:10:24.077937
79.345169,123054,70728,13:10:24.077937
79.347027,123124,70630,13:10:24.077937
79.348883,123114,70355,13:10:24.077937
79.350742,123192,70569,13:10:24.077937
79.352598,123202,70485,13:10:24.077937
79.354462,122998,70350,13:10:24.077937
79.356321,122937,70511,13:10:24.077937
79.358177,122952,70436,13:10:24.077937
79.360035,122932,70431,13:10:24.077937
79.361892,122947,70647,13:10:24.077937
79.36375,123120,70310,13:10:24.077937
79.365607,122990,70502,13:10:24.077937
79.367463,122866,70640,13:10:24.077937
79.369321,123237,70549,13:10:24.077937
79.371182,123149,70584,13:10:24.077937
79.37304,123171,70507,13:10:24.077937
79.374896,123131,70450,13:10:24.077937
79.376755,122838,70549,13:10:24.077937
79.378611,123090,70562,13:10:24.077937
79.380467,123224,70656,13:10:24.077937
79.382326,122874,70432,13:10:24.077937
79.384182,122707,70559,13:10:24.077937
79.38604,123087,70262,13:10:24.077937
79.387897,123035,70563,13:10:24.077937
79.389759,123224,70424,13:10:24.077937
79.391615,122969,70606,13:10:24.077937
79.393472,123097,70398,13:10:24.077937
79.39533,122909,70734,13:10:24.077937
79.397187,122890,70749,13:10:24.077937
79.399045,122846,70493,13:10:24.077937
79.400901,123090,70397,13:10:24.077937
79.402758,122752,70603,13:10:24.077937
79.404616,122958,70432,13:10:24.077937
79.40648,122998,70587,13:10:24.077937
79.408337,122987,70561,13:10:24.077937
79.410193,123322,70704,13:10:24.077937
79.412051,123003,70776,13:10:24.077937
79.413908,123297,70638,13:10:24.077937
79.415764,123157,70294,13:10:24.077937
79.417622,123269,70405,13:10:24.077937
79.41948,123316,70558,13:10:24.077937
79.421337,123226,70449,13:10:24.077937
79.423193,122939,70646,13:10:24.077937
79.425058,123263,70424,13:10:24.077937
79.426914,122982,70240,13:10:24.077937
79.428773,123046,70492,13:10:24.077937
79.430631,122898,70511,13:10:24.077937
79.432487,123014,70644,13:10:24.077937
79.434346,123154,70473,13:10:24.077937
79.436202,123146,70569,13:10:24.077937
79.438058,123105,70542,13:10:24.077937
79.439915,123221,70595,13:10:24.077937
79.441778,123149,70619,13:10:24.077937
79.443637,123437,70682,13:10:24.077937
79.445494,123015,70416,13:10:24.077937
79.447352,123040,70751,13:10:24.077937
79.449208,123160,70410,13:10:24.077937
79.451065,123000,70702,13:10:24.077937
79.452923,122975,70443,13:10:24.077937
79.454782,123194,70429,13:10:24.077937
79.45664,123041,70637,13:10:24.077937
79.458496,122977,70722,13:10:24.077937
79.460357,123397,70807,13:10:24.077937
79.462213,123041,70493,13:10:24.077937
79.464069,123245,70661,13:10:24.077937
79.465928,123018,70539,13:10:24.077937
79.467784,123063,70523,13:10:24.077937
79.46964,123046,70633,13:10:24.077937
79.471497,123278,70423,13:10:24.077937
79.473353,123353,70515,13:10:24.077937
79.475209,122942,70470,13:10:24.077937
79.477066,123094,70442,13:10:24.077937
79.478926,123093,70530,13:10:24.077937
79.480785,122957,70683,13:10:24.077937
79.482643,123214,70740,13:10:24.077937
79.484499,123067,70449,13:10:24.077937
79.486356,123121,70564,13:10:24.077937
79.488214,123195,70688,13:10:24.077937
79.490072,122989,70767,13:10:24.077937
79.491931,123377,70646,13:10:24.077937
79.493787,122912,70712,13:10:24.077937
79.495653,122819,70872,13:10:24.077937
79.49751,122967,70500,13:10:24.077937
79.499366,123013,70542,13:10:24.077937
79.501224,122995,70880,13:10:24.077937
79.503081,123050,70557,13:10:24.077937
79.504939,123219,70694,13:10:24.077937
79.506797,123155,70333,13:10:24.077937
79.508654,123267,70455,13:10:24.077937
79.51051,123160,70800,13:10:24.077937
79.512374,123062,70485,13:10:24.077937
79.514231,122909,70627,13:10:24.077937
79.516087,122895,70686,13:10:24.077937
79.517946,123152,70456,13:10:24.077937
79.519804,123113,70515,13:10:24.077937
79.52166,123214,70579,13:10:24.077937
79.523519,123053,70499,13:10:24.077937
79.525379,123144,70908,13:10:24.077937
79.527235,123114,70506,13:10:24.077937
79.529092,123124,70699,13:10:24.077937
79.530952,123142,70590,13:10:24.077937
79.532808,123053,70505,13:10:24.077937
79.534665,123182,70649,13:10:24.077937
79.536523,123022,70333,13:10:24.077937
79.53838,123142,70490,13:10:24.077937
79.540236,123236,70359,13:10:24.077937
79.542092,123032,70608,13:10:24.077937
79.543949,122949,70778,13:10:24.077937
79.545805,123065,70568,13:10:24.077937
79.547662,122939,70577,13:10:24.080946
79.549522,123431,70457,13:10:24.080946
79.551378,123480,70493,13:10:24.080946
79.553236,123389,70642,13:10:24.080946
79.555093,123258,70607,13:10:24.080946
79.556949,123213,70698,13:10:24.080946
79.558807,122971,70450,13:10:24.080946
79.560668,123168,70348,13:10:24.080946
79.562526,123184,70712,13:10:24.080946
79.564383,123001,70391,13:10:24.080946
79.566243,122936,70569,13:10:24.080946
79.568099,123136,70597,13:10:24.080946
79.569956,123045,70661,13:10:24.080946
79.571814,123026,70831,13:10:24.080946
79.57367,123069,70747,13:10:24.080946
79.575529,123028,70558,13:10:24.080946
79.577385,123017,70691,13:10:24.080946
79.579245,123075,70492,13:10:24.080946
79.581104,123240,71062,13:10:24.080946
79.582962,123021,70550,13:10:24.080946
79.584822,122954,70600,13:10:24.080946
79.586679,123019,70558,13:10:24.080946
79.588537,123107,70841,13:10:24.080946
79.590393,123187,70430,13:10:24.080946
79.59225,123029,70515,13:10:24.080946
79.594108,123008,70574,13:10:24.080946
79.595966,123189,70565,13:10:24.080946
79.597825,123122,70716,13:10:24.080946
79.599681,123294,70758,13:10:24.080946
79.601548,123202,70496,13:10:24.080946
79.603404,123121,70336,13:10:24.080946
79.60526,123111,70692,13:10:24.080946
79.607119,123029,70754,13:10:24.080946
79.608975,123426,70505,13:10:24.080946
79.610833,123270,70728,13:10:24.080946
79.61269,123282,70473,13:10:24.080946
79.614546,123031,70757,13:10:24.080946
79.616402,123115,70415,13:10:24.080946
79.618268,122984,70310,13:10:24.080946
79.620125,123073,70672,13:10:24.080946
79.621981,123042,70648,13:10:24.080946
79.62384,123269,70533,13:10:24.080946
79.625696,123030,70458,13:10:24.081961
79.627553,122977,70507,13:10:24.081961
79.629409,123027,70482,13:10:24.081961
79.631265,122941,70781,13:10:24.081961
79.633122,123141,70537,13:10:24.081961
79.634978,123074,70508,13:10:24.081961
79.63684,123106,70488,13:10:24.081961
79.638697,122924,70633,13:10:24.081961
79.640553,123253,70425,13:10:24.081961
79.642411,123070,70859,13:10:24.081961
79.644268,123053,70578,13:10:24.081961
79.646126,123018,70460,13:10:24.081961
79.647982,123199,70430,13:10:24.081961
79.649841,122882,70694,13:10:24.081961
79.651699,123084,70724,13:10:24.081961
79.653556,123337,70605,13:10:24.081961
79.655416,123063,70578,13:10:24.081961
79.657272,123183,70669,13:10:24.081961
79.659131,123060,70486,13:10:24.081961
79.660987,123145,70535,13:10:24.081961
79.662845,122870,70630,13:10:24.081961
79.664704,123173,70566,13:10:24.081961
79.666562,123120,70714,13:10:24.081961
79.66842,123105,70464,13:10:24.081961
79.670277,123143,70560,13:10:24.081961
79.672143,123144,70513,13:10:24.081961
79.673999,123110,70677,13:10:24.081961
79.675856,123057,70639,13:10:24.081961
79.677714,123114,70520,13:10:24.081961
79.67957,123012,70702,13:10:24.081961
79.681429,123240,70776,13:10:24.081961
79.683285,123149,70500,13:10:24.081961
79.685141,123039,70454,13:10:24.081961
79.687,123358,70811,13:10:24.081961
79.688864,123284,70545,13:10:24.081961
79.690721,123284,70496,13:10:24.081961
79.692577,123094,70603,13:10:24.081961
79.694435,122847,70634,13:10:24.081961
79.696292,122830,70637,13:10:24.081961
79.698148,122953,70454,13:10:24.081961
79.700006,122670,70477,13:10:24.081961
79.701865,123180,70504,13:10:24.081961
79.703723,123031,70543,13:10:24.081961
79.705579,123116,70583,13:10:24.081961
79.707442,122994,70596,13:10:24.081961
79.709298,123168,70414,13:10:24.081961
79.711154,123040,70588,13:10:24.081961
79.713013,123067,70784,13:10:24.081961
79.714873,122971,70552,13:10:24.081961
79.716767,123004,70689,13:10:24.081961
79.718624,123111,70852,13:10:24.081961
79.72048,122961,70775,13:10:24.081961
79.722338,122827,70451,13:10:24.081961
79.724195,123319,70758,13:10:24.081961
79.726053,123179,70691,13:10:24.081961
79.727909,123031,70435,13:10:24.081961
79.729766,122852,70540,13:10:24.081961
79.731622,123202,70755,13:10:24.081961
79.733486,122978,70574,13:10:24.081961
79.735343,122948,70628,13:10:24.081961
79.737199,122960,70350,13:10:24.081961
79.739058,122963,70458,13:10:24.081961
79.740914,123008,70421,13:10:24.081961
79.742772,123026,70342,13:10:24.081961
79.744631,122891,70517,13:10:24.081961
79.746487,122729,70469,13:10:24.081961
79.748343,123007,70621,13:10:24.081961
79.7502,122844,70723,13:10:24.081961
79.752064,122975,70679,13:10:24.081961
79.75392,123159,70624,13:10:24.081961
79.755777,122914,70501,13:10:24.081961
79.757635,123110,70792,13:10:24.081961
79.759492,123254,70485,13:10:24.081961
79.761348,122990,70912,13:10:24.081961
79.763206,123242,70583,13:10:24.081961
79.765063,122973,70598,13:10:24.081961
79.766919,123010,70552,13:10:24.081961
79.768784,122849,70650,13:10:24.081961
79.770642,122597,70471,13:10:24.081961
79.772498,122963,70723,13:10:24.081961
79.774356,123036,70562,13:10:24.081961
79.776213,122883,70847,13:10:24.081961
79.778069,123018,70537,13:10:24.081961
79.779928,122954,70826,13:10:24.081961
79.781784,122886,70569,13:10:24.081961
79.783642,122751,70568,13:10:24.081961
79.785499,123009,70397,13:10:24.082937
79.787361,122922,70511,13:10:24.082937
79.789217,122850,70524,13:10:24.082937
79.791074,122937,70558,13:10:24.082937
79.792932,122884,70526,13:10:24.082937
79.794788,123115,70852,13:10:24.082937
79.796647,122977,70773,13:10:24.082937
79.798503,122960,70480,13:10:24.082937
79.800359,122899,70677,13:10:24.082937
79.802216,122682,70679,13:10:24.082937
79.804082,122688,70581,13:10:24.082937
79.805939,122594,70415,13:10:24.082937
79.807797,123130,70485,13:10:24.082937
79.809655,122780,70828,13:10:24.082937
79.811512,122836,70428,13:10:24.082937
79.813368,122679,70643,13:10:24.082937
79.815226,122874,70531,13:10:24.082937
79.817083,122901,70524,13:10:24.082937
79.818939,122736,70702,13:10:24.082937
79.820797,123055,70526,13:10:24.082937
79.82266,122986,70676,13:10:24.082937
79.824516,122837,70659,13:10:24.082937
79.826372,123073,70703,13:10:24.082937
79.828231,123249,70542,13:10:24.082937
79.830087,122894,70542,13:10:24.082937
79.831944,122885,70433,13:10:24.082937
79.833804,122697,70325,13:10:24.082937
79.83566,122897,70483,13:10:24.082937
79.837517,122625,70331,13:10:24.082937
79.83938,122996,70544,13:10:24.082937
79.841237,122682,70599,13:10:24.082937
79.843094,122919,70362,13:10:24.082937
79.844952,122886,70537,13:10:24.082937
79.846808,122861,70747,13:10:24.082937
79.848665,123137,70500,13:10:24.082937
79.850521,122894,70812,13:10:24.082937
79.852377,122860,70607,13:10:24.082937
79.854234,122754,70506,13:10:24.082937
79.85609,122866,70687,13:10:24.082937
79.857952,122609,70582,13:10:24.082937
79.859809,122826,70455,13:10:24.082937
79.861665,122575,70756,13:10:24.082937
79.863524,122711,70520,13:10:24.082937
79.86538,122892,70709,13:10:24.082937
79.867238,122718,70817,13:10:24.082937
79.869095,122913,70576,13:10:24.082937
79.870953,122913,70549,13:10:24.082937
79.872811,122979,70592,13:10:24.082937
79.874668,122857,70493,13:10:24.082937
79.876528,122685,70501,13:10:24.082937
79.878384,122660,70611,13:10:24.082937
79.880243,122731,70596,13:10:24.082937
79.882099,122591,70296,13:10:24.082937
79.883955,122982,70629,13:10:24.082937
79.885814,122605,70718,13:10:24.082937
79.887674,122667,70582,13:10:24.082937
79.889533,122876,70559,13:10:24.082937
79.891389,122953,70569,13:10:24.082937
79.893255,122604,70435,13:10:24.082937
79.895112,122939,70657,13:10:24.082937
79.896968,122913,70404,13:10:24.082937
79.898826,122820,70559,13:10:24.082937
79.900683,122886,70721,13:10:24.082937
79.902541,122774,70576,13:10:24.082937
79.904397,122797,70710,13:10:24.082937
79.906254,122793,70497,13:10:24.082937
79.908112,122640,70666,13:10:24.082937
79.909977,122883,70780,13:10:24.082937
79.911835,122890,70423,13:10:24.082937
79.913691,122667,70576,13:10:24.082937
79.91555,122762,70615,13:10:24.082937
79.917406,122855,70458,13:10:24.082937
79.919262,122810,70617,13:10:24.082937
79.921121,122829,70600,13:10:24.082937
79.922977,122961,70809,13:10:24.082937
79.924835,122882,70399,13:10:24.082937
79.926692,122787,70457,13:10:24.082937
79.928554,122554,70690,13:10:24.082937
79.93044,122505,70557,13:10:24.082937
79.932363,122033,70763,13:10:24.082937
79.934306,122421,70734,13:10:24.082937
79.93624,122606,70598,13:10:24.082937
79.938159,122526,70762,13:10:24.116496
79.940023,122621,70529,13:10:24.116496
79.941883,122702,70924,13:10:24.116496
79.943799,122814,70755,13:10:24.116496
79.94566,122450,70448,13:10:24.116496
79.947518,122670,70687,13:10:24.116496
79.949378,122916,70523,13:10:24.116496
79.951235,122598,70709,13:10:24.116496
79.953095,122891,70578,13:10:24.116496
79.954952,122167,70661,13:10:24.116496
79.95681,122995,70668,13:10:24.116496
79.958666,122987,70739,13:10:24.116496
79.960525,122855,70398,13:10:24.117503
79.962381,122855,70656,13:10:24.117503
79.964237,122470,70608,13:10:24.117503
79.966096,122389,70481,13:10:24.117503
79.967964,122266,70417,13:10:24.117503
79.96989,122799,70574,13:10:24.117503
79.97175,122748,70626,13:10:24.117503
79.973607,122591,70824,13:10:24.117503
79.975463,122718,70492,13:10:24.117503
79.977324,121353,70571,13:10:24.117503
79.979236,122373,70501,13:10:24.117503
79.981176,122947,70588,13:10:24.118503
79.983091,122186,70381,13:10:24.118503
79.985038,122449,70538,13:10:24.118503
79.986908,122750,70685,13:10:24.118503
79.988768,122880,70714,13:10:24.118503
79.990671,122637,70699,13:10:24.118503
79.992527,122855,70458,13:10:24.119501
79.994387,122870,70469,13:10:24.119501
79.996244,122841,70557,13:10:24.119501
79.9981,122856,70688,13:10:24.119501
79.999956,122697,70629,13:10:24.119501
80.001815,122401,70733,13:10:24.119501
80.003673,122769,70703,13:10:24.119501
80.005535,122481,70681,13:10:24.179854
80.007404,122508,70579,13:10:24.179854
80.009264,122810,70498,13:10:24.179854
80.01116,122831,70548,13:10:24.179854
80.013027,122409,70613,13:10:24.179854
80.014885,122333,70701,13:10:24.179854
80.016743,122211,70598,13:10:24.180862
80.0186,122776,70258,13:10:24.180862
80.020462,122429,70806,13:10:24.180862
80.02234,122507,70667,13:10:24.180862
80.024217,123209,70634,13:10:24.180862
80.026075,122786,70389,13:10:24.180862
80.027931,122786,70553,13:10:24.180862
80.029794,123056,70785,13:10:24.180862
80.031652,122765,70874,13:10:24.180862
80.033509,122639,70598,13:10:24.180862
80.035369,122726,70650,13:10:24.180862
80.037225,122808,70656,13:10:24.180862
80.039084,122841,70592,13:10:24.180862
80.04094,122838,70795,13:10:24.180862
80.042798,122937,70717,13:10:24.180862
80.044657,122699,70592,13:10:24.180862
80.046515,122793,70777,13:10:24.180862
80.048373,122789,70739,13:10:24.180862
80.05023,122873,70597,13:10:24.180862
80.052096,122911,70649,13:10:24.180862
80.053952,123024,70550,13:10:24.180862
80.055813,122880,70510,13:10:24.218470
80.057677,122854,70730,13:10:24.218470
80.059542,122878,70667,13:10:24.218470
80.061452,122692,70744,13:10:24.218470
80.063308,122717,70566,13:10:24.218470
80.065164,122826,70659,13:10:24.218470
80.067021,122745,70816,13:10:24.218470
80.068883,122776,70826,13:10:24.218470
80.070757,122699,70673,13:10:24.218470
80.072644,122938,70487,13:10:24.218470
80.0745,123249,70541,13:10:24.218470
80.07636,123074,70696,13:10:24.218470
80.078217,122967,70778,13:10:24.218470
80.080077,122959,70796,13:10:24.218470
80.081935,122949,71066,13:10:24.218470
80.083802,122621,70738,13:10:24.218470
80.085658,122830,70755,13:10:24.218470
80.087514,122961,70470,13:10:24.218470
80.089373,123140,70623,13:10:24.218470
80.091229,123040,70605,13:10:24.218470
80.093086,123062,70649,13:10:24.218470
80.094944,123126,70610,13:10:24.218470
80.096804,122977,70699,13:10:24.218470
80.098663,123014,70593,13:10:24.218470
80.100519,122880,70469,13:10:24.218470
80.102379,123036,70799,13:10:24.218470
80.104236,122952,70579,13:10:24.218470
80.106111,123118,70592,13:10:24.270459
80.10797,123009,70365,13:10:24.270459
80.109842,123174,70691,13:10:24.270459
80.111731,123127,70721,13:10:24.270459
80.113589,122871,71003,13:10:24.270459
80.115446,122963,70457,13:10:24.270459
80.117304,122646,70792,13:10:24.271458
80.11916,122599,70847,13:10:24.271458
80.121021,122441,70782,13:10:24.271458
80.122877,121896,70798,13:10:24.271458
80.124762,122723,70589,13:10:24.271458
80.12662,122933,70806,13:10:24.271458
80.128476,123021,70574,13:10:24.271458
80.130334,122982,70829,13:10:24.271458
80.132191,123090,70659,13:10:24.271458
80.134047,123047,70513,13:10:24.271458
80.135903,123179,70783,13:10:24.271458
80.137762,123308,70852,13:10:24.271458
80.13962,123199,70738,13:10:24.271458
80.141477,123141,70620,13:10:24.271458
80.143339,123341,70816,13:10:24.271458
80.145195,123072,70854,13:10:24.271458
80.147052,122993,70756,13:10:24.271458
80.14891,122893,70504,13:10:24.271458
80.150766,123058,70755,13:10:24.271458
80.152623,122948,70586,13:10:24.271458
80.154479,122998,70502,13:10:24.322306
80.156343,123081,70625,13:10:24.322306
80.158204,123217,70872,13:10:24.322306
80.16008,122868,70433,13:10:24.322306
80.161962,122993,70734,13:10:24.322306
80.163823,123139,70767,13:10:24.322306
80.165679,122978,70389,13:10:24.322306
80.167537,122822,70862,13:10:24.322306
80.169394,123320,70741,13:10:24.322306
80.171254,122409,70497,13:10:24.322306
80.17311,122912,70949,13:10:24.322306
80.174979,121784,70692,13:10:24.322306
80.176837,123069,70846,13:10:24.322306
80.178695,122916,70700,13:10:24.322306
80.180558,123067,70734,13:10:24.322306
80.182414,123037,70840,13:10:24.322306
80.184272,123086,70696,13:10:24.322306
80.186129,123030,70759,13:10:24.322306
80.187985,123240,70747,13:10:24.322306
80.189846,123032,70658,13:10:24.322306
80.191703,122987,70812,13:10:24.322306
80.193562,123042,70994,13:10:24.322306
80.195419,123150,70578,13:10:24.322306
80.197285,122980,70782,13:10:24.322306
80.199141,123009,70719,13:10:24.322306
80.200998,123051,71095,13:10:24.322306
80.202856,123345,70733,13:10:24.322306
80.204712,123210,70864,13:10:24.379037
80.206589,123123,70835,13:10:24.379037
80.208451,123094,70681,13:10:24.379037
80.210354,123152,70737,13:10:24.379037
80.212218,122592,70725,13:10:24.379037
80.214074,123123,70766,13:10:24.379037
80.215938,122686,70618,13:10:24.379037
80.217797,122811,70563,13:10:24.379037
80.219653,122517,70775,13:10:24.379037
80.221515,122907,70860,13:10:24.379037
80.223374,122820,70876,13:10:24.379037
80.225276,122996,70711,13:10:24.379037
80.227134,121162,70869,13:10:24.379037
80.228999,123216,70736,13:10:24.379037
80.230857,123232,70672,13:10:24.379037
80.232713,123198,70827,13:10:24.379037
80.234574,123309,70786,13:10:24.379037
80.23643,123086,70968,13:10:24.379037
80.238286,123185,70456,13:10:24.379037
80.240145,123154,70744,13:10:24.379037
80.242001,123315,70578,13:10:24.379037
80.243859,123230,70659,13:10:24.379037
80.245716,123246,70898,13:10:24.379037
80.247576,123027,70840,13:10:24.379037
80.249434,123087,70658,13:10:24.379037
80.251291,123142,70858,13:10:24.379037
80.253151,123154,70539,13:10:24.379037
80.255008,123145,70853,13:10:24.425393
80.256872,123058,70722,13:10:24.425393
80.258732,123084,70587,13:10:24.425393
80.260642,122694,70479,13:10:24.425393
80.262499,122926,70539,13:10:24.425393
80.264355,122911,70527,13:10:24.425393
80.266216,122774,70869,13:10:24.425393
80.268072,123333,70944,13:10:24.425393
80.269928,122989,70690,13:10:24.425393
80.271787,123105,70424,13:10:24.425393
80.273648,123149,70612,13:10:24.425393
80.275511,122711,70717,13:10:24.425393
80.277396,123131,70755,13:10:24.425393
80.279252,122969,70865,13:10:24.425393
80.281134,123216,70736,13:10:24.425393
80.282991,122979,71042,13:10:24.425393
80.284861,122464,70751,13:10:24.425393
80.286717,122976,70604,13:10:24.425393
80.288574,123137,70954,13:10:24.425393
80.290432,123059,70538,13:10:24.425393
80.292288,123225,70769,13:10:24.425393
80.294147,122831,70878,13:10:24.426398
80.296003,123087,70616,13:10:24.426398
80.297859,123124,70845,13:10:24.426398
80.299718,123116,70860,13:10:24.426398
80.301584,123051,70974,13:10:24.426398
80.30344,123044,70576,13:10:24.426398
80.305297,123373,70888,13:10:24.474843
80.307173,123363,70877,13:10:24.474843
80.309033,123159,70854,13:10:24.474843
80.310922,122662,70593,13:10:24.474843
80.312786,123050,70755,13:10:24.474843
80.314642,123021,70818,13:10:24.474843
80.316499,122740,70469,13:10:24.474843
80.318355,122957,70906,13:10:24.474843
80.320211,122859,70723,13:10:24.474843
80.32207,123014,70891,13:10:24.474843
80.323926,122664,70559,13:10:24.474843
80.325786,122987,70787,13:10:24.474843
80.327643,123097,70700,13:10:24.474843
80.329499,122524,70627,13:10:24.474843
80.331391,122684,70552,13:10:24.474843
80.333256,123148,70573,13:10:24.474843
80.335114,123147,70693,13:10:24.474843
80.33697,123083,70839,13:10:24.474843
80.338827,123196,70868,13:10:24.474843
80.340683,123205,70835,13:10:24.474843
80.342543,122959,70853,13:10:24.474843
80.3444,123168,70579,13:10:24.474843
80.346256,123144,70943,13:10:24.474843
80.348115,123094,70829,13:10:24.474843
80.349971,123027,70750,13:10:24.474843
80.351827,123164,70701,13:10:24.474843
80.353684,122840,70398,13:10:24.474843
80.355544,123180,70570,13:10:24.527646
80.357409,123179,70670,13:10:24.527646
80.359273,123275,70629,13:10:24.527646
80.361192,122791,70545,13:10:24.527646
80.363051,123057,70784,13:10:24.527646
80.364908,122818,70624,13:10:24.527646
80.366764,123260,70969,13:10:24.527646
80.368622,123244,70910,13:10:24.527646
80.370479,123108,70833,13:10:24.527646
80.372337,122813,70918,13:10:24.527646
80.374194,122497,70757,13:10:24.527646
80.376056,122972,70874,13:10:24.527646
80.377912,122758,70812,13:10:24.527646
80.379777,121797,70790,13:10:24.527646
80.381635,122913,70592,13:10:24.527646
80.383492,122970,70765,13:10:24.527646
80.385352,122971,70922,13:10:24.527646
80.387208,123380,70638,13:10:24.527646
80.389066,123161,70817,13:10:24.527646
80.390923,123298,70735,13:10:24.527646
80.392779,123000,70825,13:10:24.527646
80.394637,123076,70742,13:10:24.527646
80.396498,122927,70828,13:10:24.527646
80.398356,123023,70763,13:10:24.527646
80.400212,122966,70937,13:10:24.527646
80.402073,122710,70769,13:10:24.527646
80.403929,123108,70754,13:10:24.527646
80.405794,123118,70553,13:10:24.577632
80.40766,123180,70990,13:10:24.577632
80.409524,123521,70637,13:10:24.577632
80.41142,123131,70737,13:10:24.577632
80.413279,122966,70599,13:10:24.577632
80.415137,122781,70839,13:10:24.577632
80.416993,123100,70898,13:10:24.577632
80.41885,122946,70720,13:10:24.577632
80.42071,122876,70707,13:10:24.577632
80.422566,123031,70860,13:10:24.577632
80.424423,123148,70628,13:10:24.577632
80.426281,123063,70836,13:10:24.577632
80.428138,122824,70938,13:10:24.577632
80.430003,122861,70852,13:10:24.577632
80.431875,121383,70845,13:10:24.577632
80.433742,123099,71065,13:10:24.577632
80.435601,123424,71139,13:10:24.577632
80.437457,122987,70525,13:10:24.577632
80.439316,123104,70637,13:10:24.577632
80.441172,123069,70729,13:10:24.577632
80.443038,123118,70814,13:10:24.577632
80.444895,123203,70922,13:10:24.577632
80.446753,123057,70571,13:10:24.577632
80.448611,123137,70836,13:10:24.577632
80.450468,122897,70961,13:10:24.577632
80.452326,123060,70804,13:10:24.577632
80.454182,123086,70581,13:10:24.577632
80.456051,123032,70822,13:10:24.634139
80.457911,123035,70808,13:10:24.634139
80.459775,122853,70822,13:10:24.634139
80.461696,123079,70595,13:10:24.634139
80.463554,122995,70963,13:10:24.634139
80.46542,122807,71025,13:10:24.634139
80.467279,123130,70574,13:10:24.634139
80.469135,123074,70644,13:10:24.634139
80.470993,123244,70932,13:10:24.634139
80.47285,122680,71064,13:10:24.634139
80.474712,123364,70965,13:10:24.634139
80.47657,122705,70628,13:10:24.634139
80.478431,123240,71226,13:10:24.634139
80.480294,122916,70891,13:10:24.634139
80.482171,122848,70859,13:10:24.634139
80.484034,123370,70760,13:10:24.634139
80.485892,123092,70729,13:10:24.634139
80.487748,122736,70992,13:10:24.634139
80.489605,123022,70678,13:10:24.634139
80.491461,123015,70529,13:10:24.634139
80.493322,123123,70713,13:10:24.634139
80.495178,123315,70924,13:10:24.634139
80.497034,123307,70823,13:10:24.634139
80.498893,123125,70991,13:10:24.634139
80.500751,123161,70980,13:10:24.634139
80.502607,123253,71021,13:10:24.634139
80.504464,123177,70744,13:10:24.679814
80.506326,123003,70895,13:10:24.679814
80.508186,123109,70845,13:10:24.679814
80.510078,123544,70961,13:10:24.679814
80.511965,123096,70970,13:10:24.679814
80.513825,123146,70888,13:10:24.679814
80.515682,123235,70992,13:10:24.679814
80.51754,123132,70933,13:10:24.679814
80.519396,122850,70736,13:10:24.679814
80.521255,122971,71014,13:10:24.679814
80.523111,122855,70954,13:10:24.679814
80.524967,123138,70953,13:10:24.679814
80.526824,122628,70848,13:10:24.679814
80.52869,122971,70846,13:10:24.679814
80.530546,122740,70798,13:10:24.679814
80.532403,122910,70905,13:10:24.679814
80.534263,121370,70706,13:10:24.679814
80.536151,123203,70680,13:10:24.679814
80.538014,122900,70934,13:10:24.679814
80.539874,123118,71051,13:10:24.679814
80.54173,122949,70853,13:10:24.679814
80.543587,123239,70747,13:10:24.679814
80.545444,123703,70986,13:10:24.679814
80.547301,123285,70755,13:10:24.679814
80.54916,123048,70857,13:10:24.679814
80.551016,123141,70802,13:10:24.679814
80.552877,123092,70783,13:10:24.679814
80.554733,123221,71015,13:10:24.731438
80.556601,123169,71016,13:10:24.731438
80.558462,123090,70955,13:10:24.731438
80.560369,123123,70675,13:10:24.731438
80.562244,122824,70825,13:10:24.731438
80.5641,123112,71052,13:10:24.731438
80.565959,123007,70824,13:10:24.731438
80.567817,123105,70824,13:10:24.731438
80.569675,122843,70971,13:10:24.731438
80.571532,123329,70964,13:10:24.731438
80.573388,122710,70957,13:10:24.731438
80.575249,123097,70880,13:10:24.731438
80.577107,122883,70809,13:10:24.731438
80.578964,122990,70614,13:10:24.731438
80.580828,122815,71075,13:10:24.731438
80.582684,123257,70860,13:10:24.731438
80.58455,121409,71075,13:10:24.731438
80.586409,123213,70859,13:10:24.731438
80.588267,123100,70673,13:10:24.731438
80.590125,123156,70830,13:10:24.731438
80.591982,123220,70921,13:10:24.731438
80.593838,123348,70964,13:10:24.731438
80.595694,123190,70619,13:10:24.731438
80.597551,123255,70758,13:10:24.731438
80.599407,123249,70740,13:10:24.731438
80.601263,123289,70692,13:10:24.731438
80.603122,123169,70732,13:10:24.731438
80.604978,122964,70979,13:10:24.780343
80.606849,123106,70786,13:10:24.780343
80.608709,123103,70878,13:10:24.780343
80.610629,123248,70772,13:10:24.780343
80.612491,123124,70886,13:10:24.780343
80.61435,123262,70956,13:10:24.780343
80.616208,123086,70912,13:10:24.780343
80.618064,122987,70854,13:10:24.780343
80.619921,123085,70645,13:10:24.780343
80.621783,122862,70731,13:10:24.780343
80.623639,122553,70821,13:10:24.780343
80.625498,122881,70913,13:10:24.780343
80.627354,123362,70669,13:10:24.781343
80.62921,123106,70847,13:10:24.781343
80.631069,122680,70831,13:10:24.781343
80.632928,122606,70887,13:10:24.781343
80.634811,123046,71022,13:10:24.781343
80.63668,122505,70801,13:10:24.781343
80.638536,123326,70802,13:10:24.781343
80.640394,122994,70890,13:10:24.781343
80.642252,123144,70916,13:10:24.781343
80.644109,123041,70912,13:10:24.781343
80.645965,123123,70831,13:10:24.781343
80.647828,123103,70990,13:10:24.781343
80.649684,123230,70676,13:10:24.781343
80.651541,123209,70894,13:10:24.781343
80.653399,122838,70702,13:10:24.781343
80.655255,123003,70785,13:10:24.834619
80.657126,122976,70823,13:10:24.834619
80.658986,123025,70743,13:10:24.834619
80.660891,122822,70782,13:10:24.834619
80.662748,123267,71069,13:10:24.834619
80.664605,122900,70667,13:10:24.834619
80.666463,123014,70838,13:10:24.834619
80.66832,123147,70824,13:10:24.834619
80.670176,123041,70863,13:10:24.834619
80.672032,122850,70864,13:10:24.834619
80.673889,123151,71087,13:10:24.834619
80.675745,122705,70938,13:10:24.834619
80.677601,122826,70764,13:10:24.834619
80.679462,123189,70770,13:10:24.834619
80.681318,122600,71003,13:10:24.834619
80.683179,123043,70648,13:10:24.834619
80.685037,122766,70899,13:10:24.834619
80.686949,122986,70695,13:10:24.834619
80.688807,123216,70469,13:10:24.834619
80.690666,123141,70618,13:10:24.834619
80.692526,122931,70889,13:10:24.834619
80.694382,122874,70841,13:10:24.834619
80.696239,122881,70728,13:10:24.834619
80.698097,123261,70907,13:10:24.834619
80.699954,123119,70973,13:10:24.834619
80.70181,123299,70986,13:10:24.834619
80.703668,123111,71005,13:10:24.834619
80.705527,123236,70941,13:10:24.883243
80.707387,123336,70825,13:10:24.883243
80.709247,123119,70927,13:10:24.883243
80.711161,122928,70828,13:10:24.883243
80.713022,123211,70589,13:10:24.883243
80.714882,122973,70846,13:10:24.883243
80.716745,122862,70763,13:10:24.883243
80.718601,122587,71027,13:10:24.883243
80.720457,123317,70566,13:10:24.883243
80.722316,123157,70784,13:10:24.883243
80.724172,123481,70840,13:10:24.883243
80.726028,122868,70975,13:10:24.883243
80.727891,122527,70636,13:10:24.883243
80.729751,122570,70714,13:10:24.885697
80.731607,123102,70805,13:10:24.885697
80.733466,122554,70779,13:10:24.885697
80.735324,122891,71159,13:10:24.886698
80.737181,121548,70996,13:10:24.886698
80.739043,122937,70743,13:10:24.886698
80.740899,123227,70976,13:10:24.886698
80.742756,123077,71007,13:10:24.886698
80.744614,123227,70907,13:10:24.886698
80.746476,123341,70961,13:10:24.886698
80.748335,123160,70945,13:10:24.886698
80.750191,123276,70617,13:10:24.886698
80.752055,122938,70908,13:10:24.886698
80.753912,123050,70950,13:10:24.886698
80.755778,123092,70901,13:10:24.938088
80.75764,123418,70898,13:10:24.938088
80.759502,122787,70878,13:10:24.938088
80.761403,122687,70496,13:10:24.938088
80.763263,122737,70888,13:10:24.938088
80.765129,122941,70857,13:10:24.938088
80.766988,123075,70760,13:10:24.938088
80.768844,122808,70866,13:10:24.938088
80.770705,123237,70689,13:10:24.938088
80.772561,123101,71035,13:10:24.938088
80.774417,123039,70847,13:10:24.938088
80.776276,122833,70876,13:10:24.938088
80.778132,123047,70894,13:10:24.938088
80.77999,122595,70984,13:10:24.938088
80.781847,122736,70809,13:10:24.938088
80.783707,122520,70948,13:10:24.938088
80.785569,122576,70903,13:10:24.938088
80.787433,122658,71153,13:10:24.938088
80.789318,122080,70951,13:10:24.938088
80.791174,123235,70716,13:10:24.938088
80.793033,123198,71154,13:10:24.938088
80.794891,123207,71107,13:10:24.938088
80.796755,123138,70446,13:10:24.938088
80.798612,123160,70807,13:10:24.938088
80.800468,123050,70680,13:10:24.940094
80.802326,123103,70761,13:10:24.940094
80.804183,122864,70707,13:10:24.940094
80.806049,122935,70702,13:10:24.985764
80.807912,123211,70815,13:10:24.985764
80.809776,123031,70738,13:10:24.985764
80.81169,122999,70798,13:10:24.985764
80.813546,122914,70725,13:10:24.985764
80.815403,122866,70871,13:10:24.985764
80.817259,123044,70720,13:10:24.985764
80.819115,122904,70796,13:10:24.985764
80.820974,122389,70988,13:10:24.985764
80.82283,122725,71005,13:10:24.985764
80.824686,123149,70560,13:10:24.985764
80.826545,123026,70860,13:10:24.985764
80.828401,122940,70691,13:10:24.985764
80.83026,122844,70565,13:10:24.985764
80.832116,122575,70835,13:10:24.985764
80.83398,123025,70683,13:10:24.985764
80.835837,122900,70821,13:10:24.985764
80.837693,123082,70953,13:10:24.985764
80.839584,123013,70650,13:10:24.985764
80.841444,123123,71000,13:10:24.985764
80.843308,121812,70921,13:10:24.985764
80.84517,123253,70900,13:10:24.985764
80.847027,123323,70676,13:10:24.985764
80.848889,123180,70746,13:10:24.985764
80.850745,123042,70787,13:10:24.985764
80.852604,122854,70719,13:10:24.985764
80.85446,122983,70884,13:10:25.038964
80.856326,123077,70659,13:10:25.038964
80.858187,122789,70744,13:10:25.038964
80.860066,123374,70952,13:10:25.038964
80.861949,123067,70860,13:10:25.038964
80.863806,123018,70836,13:10:25.038964
80.865662,123136,70700,13:10:25.038964
80.86752,123083,71081,13:10:25.038964
80.869379,122400,70534,13:10:25.038964
80.871237,122854,70921,13:10:25.038964
80.873093,123038,70653,13:10:25.038964
80.87495,122553,70813,13:10:25.038964
80.876808,122673,70756,13:10:25.038964
80.878673,122972,71062,13:10:25.038964
80.880531,122894,70729,13:10:25.038964
80.882387,123074,70754,13:10:25.038964
80.884246,123066,70885,13:10:25.038964
80.886102,123000,70660,13:10:25.038964
80.887968,122846,71060,13:10:25.038964
80.889827,122452,71152,13:10:25.038964
80.891687,122989,71025,13:10:25.038964
80.893545,122979,70747,13:10:25.038964
80.895404,123021,70682,13:10:25.038964
80.897264,122858,70852,13:10:25.038964
80.899142,123096,70788,13:10:25.038964
80.900999,123032,70853,13:10:25.038964
80.902857,123151,70847,13:10:25.038964
80.904713,122999,70702,13:10:25.055687
80.90658,123064,70662,13:10:25.055687
80.90844,123095,70723,13:10:25.055687
80.910337,123247,70988,13:10:25.055687
80.912205,123007,70705,13:10:25.055687
80.914061,123004,70965,13:10:25.055687
80.915917,122955,70919,13:10:25.055687
80.917776,123282,70822,13:10:25.055687
80.919633,122829,70823,13:10:25.055687
80.92149,123031,70808,13:10:25.055687
80.923347,122737,70784,13:10:25.055687
80.925205,123083,70855,13:10:25.055687
80.927062,122534,70664,13:10:25.055687
80.928918,122707,70959,13:10:25.055687
80.930776,122488,70766,13:10:25.055687
80.932633,122517,70926,13:10:25.055687
80.934489,123008,70776,13:10:25.055687
80.936345,123091,70851,13:10:25.055687
80.93821,123077,70716,13:10:25.055687
80.940066,122912,70715,13:10:25.055687
80.941922,123117,71008,13:10:25.055687
80.943781,121196,70776,13:10:25.056696
80.945639,123024,70797,13:10:25.056696
80.947497,123264,70917,13:10:25.056696
80.949354,123005,70675,13:10:25.056696
80.95121,123261,71032,13:10:25.056696
80.953069,123354,70578,13:10:25.056696
80.954929,123053,70680,13:10:25.106358
80.956799,123247,70848,13:10:25.106358
80.95866,122937,70839,13:10:25.106358
80.960572,122971,70848,13:10:25.106358
80.962434,123257,71264,13:10:25.106358
80.96429,122975,70812,13:10:25.106358
80.966149,122776,70515,13:10:25.106358
80.968005,123163,70969,13:10:25.106358
80.969863,123374,71047,13:10:25.106358
80.971722,122941,70779,13:10:25.106358
80.973579,123208,70734,13:10:25.106358
80.975437,123217,70659,13:10:25.106358
80.977293,123104,70756,13:10:25.106358
80.979151,123058,70730,13:10:25.106358
80.981008,123362,70990,13:10:25.106358
80.982866,123256,70772,13:10:25.106358
80.984726,123166,70634,13:10:25.106358
80.986583,123178,70621,13:10:25.106358
80.988441,122996,70935,13:10:25.106358
80.990299,123119,70939,13:10:25.106358
80.992166,123033,70985,13:10:25.106358
80.99405,123128,70889,13:10:25.106358
80.995906,122947,70998,13:10:25.106358
80.997767,123316,71048,13:10:25.106358
80.999623,123007,70741,13:10:25.106358
81.001481,123234,70830,13:10:25.106358
81.00334,123222,71002,13:10:25.106358
81.005196,123295,70734,13:10:25.155557
81.007058,123288,70728,13:10:25.155557
81.008919,123264,70554,13:10:25.155557
81.010825,123052,70819,13:10:25.155557
81.012683,123059,70667,13:10:25.155557
81.014546,123261,70910,13:10:25.155557
81.016404,123035,70732,13:10:25.155557
81.01826,123226,70915,13:10:25.155557
81.020121,123265,70835,13:10:25.155557
81.021977,123180,70921,13:10:25.155557
81.023835,123377,71047,13:10:25.155557
81.025694,123197,70818,13:10:25.155557
81.02755,122951,71002,13:10:25.155557
81.029408,123082,71006,13:10:25.155557
81.031265,123233,70939,13:10:25.155557
81.033123,123174,70902,13:10:25.155557
81.034982,123233,70608,13:10:25.155557
81.036848,123135,70843,13:10:25.155557
81.038704,123062,70770,13:10:25.155557
81.040561,123384,71095,13:10:25.155557
81.042419,123452,70736,13:10:25.155557
81.044275,123298,70777,13:10:25.155557
81.046132,123189,70981,13:10:25.155557
81.04799,123268,70814,13:10:25.155557
81.049846,123017,70933,13:10:25.155557
81.051705,123013,70804,13:10:25.155557
81.053561,122953,70824,13:10:25.155557
81.055426,123344,70886,13:10:25.206160
81.05729,123305,70822,13:10:25.206160
81.05915,123286,70892,13:10:25.206160
81.061049,123100,70894,13:10:25.206160
81.062919,123305,70890,13:10:25.206160
81.064775,123272,70743,13:10:25.206160
81.066633,123249,70720,13:10:25.206160
81.068492,123155,70816,13:10:25.206160
81.07035,123323,70935,13:10:25.206160
81.072206,123243,70826,13:10:25.206160
81.074067,123383,70887,13:10:25.206160
81.075923,123331,70923,13:10:25.206160
81.077782,123080,70859,13:10:25.206160
81.07964,122999,70802,13:10:25.206160
81.081496,123136,70654,13:10:25.206160
81.083355,122988,70927,13:10:25.206160
81.085211,123171,70714,13:10:25.206160
81.087069,123213,71226,13:10:25.206160
81.088928,123374,70835,13:10:25.206160
81.090794,123387,70902,13:10:25.206160
81.092654,123131,70808,13:10:25.206160
81.094519,123289,70916,13:10:25.206160
81.096379,123155,71068,13:10:25.206160
81.098235,122781,70651,13:10:25.206160
81.100094,123045,70675,13:10:25.206160
81.101952,123093,70878,13:10:25.206160
81.103808,123207,70945,13:10:25.206160
81.105671,123250,70764,13:10:25.259711
81.107531,123149,70670,13:10:25.259711
81.109393,123203,71023,13:10:25.259711
81.11131,122974,70765,13:10:25.259711
81.113166,122993,70698,13:10:25.259711
81.115032,123037,70824,13:10:25.259711
81.116889,123092,70707,13:10:25.259711
81.118745,123074,71225,13:10:25.259711
81.120603,123155,70919,13:10:25.259711
81.12246,123254,70821,13:10:25.259711
81.124318,123367,70905,13:10:25.259711
81.126174,123159,70782,13:10:25.259711
81.128031,123211,70784,13:10:25.259711
81.129889,123073,70814,13:10:25.259711
81.131753,122957,70823,13:10:25.259711
81.13361,123112,70987,13:10:25.259711
81.135466,123173,70569,13:10:25.259711
81.137325,123207,70753,13:10:25.259711
81.139181,123304,70929,13:10:25.259711
81.141037,123405,70823,13:10:25.259711
81.142896,123182,71168,13:10:25.259711
81.144752,123050,71115,13:10:25.259711
81.14661,122989,70545,13:10:25.259711
81.148467,123006,70548,13:10:25.259711
81.150331,123067,70866,13:10:25.259711
81.152187,123065,70773,13:10:25.259711
81.154044,123190,70891,13:10:25.259711
81.155906,123296,70664,13:10:25.305246
81.157782,123244,70923,13:10:25.305246
81.159651,123074,71031,13:10:25.305246
81.161565,123022,70926,13:10:25.305246
81.163421,123216,70800,13:10:25.305246
81.16528,123160,70869,13:10:25.305246
81.167136,123256,70646,13:10:25.305246
81.168992,123205,70891,13:10:25.305246
81.170851,123003,70973,13:10:25.305246
81.172712,123031,70836,13:10:25.305246
81.174569,122888,70862,13:10:25.305246
81.176426,123097,70952,13:10:25.305246
81.178284,123163,70856,13:10:25.305246
81.18014,123383,70714,13:10:25.305246
81.181997,122906,70741,13:10:25.305246
81.183853,123099,70769,13:10:25.305246
81.185709,123133,70599,13:10:25.306238
81.187566,123143,70682,13:10:25.306238
81.189422,123324,70818,13:10:25.306238
81.191283,123305,70736,13:10:25.306238
81.193139,123169,71030,13:10:25.306238
81.194995,123294,70922,13:10:25.306238
81.196856,123138,70857,13:10:25.306238
81.198712,123356,70959,13:10:25.306238
81.20057,123296,70867,13:10:25.306238
81.202427,123415,70808,13:10:25.306238
81.204286,123595,70923,13:10:25.306238
81.206167,123481,70858,13:10:25.355664
81.208028,123388,70643,13:10:25.355664
81.209904,123171,70808,13:10:25.355664
81.21179,123216,71001,13:10:25.355664
81.213647,123152,70787,13:10:25.355664
81.215507,123061,70752,13:10:25.355664
81.217363,123099,70778,13:10:25.355664
81.21922,123384,70802,13:10:25.355664
81.221076,123113,70743,13:10:25.355664
81.222934,123450,71091,13:10:25.355664
81.224793,123150,70686,13:10:25.355664
81.226658,123224,71032,13:10:25.355664
81.228517,123115,71033,13:10:25.355664
81.230378,123291,71078,13:10:25.355664
81.23224,123098,70971,13:10:25.355664
81.234096,123346,70745,13:10:25.355664
81.235953,123174,70833,13:10:25.355664
81.237811,123284,70868,13:10:25.355664
81.239667,123344,71076,13:10:25.355664
81.241526,123279,70826,13:10:25.355664
81.243382,123339,70937,13:10:25.355664
81.245245,123379,70961,13:10:25.355664
81.247103,123449,71018,13:10:25.355664
81.248962,123331,70815,13:10:25.355664
81.250826,123231,70950,13:10:25.355664
81.252696,123184,70750,13:10:25.355664
81.25456,122946,70696,13:10:25.355664
81.256438,123244,70755,13:10:25.405476
81.2583,123158,71057,13:10:25.405476
81.260179,123284,70968,13:10:25.405476
81.262051,123116,70934,13:10:25.405476
81.263908,123131,70885,13:10:25.405476
81.265766,122979,71001,13:10:25.405476
81.267626,123354,70600,13:10:25.405476
81.269485,123210,70843,13:10:25.405476
81.271341,123246,70876,13:10:25.405476
81.273207,123368,71066,13:10:25.405476
81.275064,123204,70809,13:10:25.405476
81.27692,123126,70678,13:10:25.405476
81.278778,123099,70930,13:10:25.405476
81.280635,123137,70771,13:10:25.405476
81.282493,123014,70705,13:10:25.405476
81.28435,122985,70734,13:10:25.405476
81.286206,123315,70947,13:10:25.405476
81.288064,123357,70831,13:10:25.405476
81.289928,123246,70937,13:10:25.405476
81.291785,123392,70958,13:10:25.405476
81.293641,123326,70951,13:10:25.405476
81.2955,123451,71002,13:10:25.405476
81.297356,123015,70970,13:10:25.405476
81.299216,123450,70793,13:10:25.405476
81.301075,123259,71047,13:10:25.405476
81.302931,123174,70838,13:10:25.405476
81.304787,123264,70897,13:10:25.455577
81.306656,123173,70875,13:10:25.455577
81.308516,123159,71022,13:10:25.455577
81.310428,123394,70919,13:10:25.455577
81.312318,122916,71124,13:10:25.455577
81.314175,123241,70606,13:10:25.455577
81.316033,123346,70997,13:10:25.455577
81.31789,123259,70832,13:10:25.455577
81.31975,123011,70661,13:10:25.455577
81.321606,123193,70583,13:10:25.455577
81.323465,123135,70985,13:10:25.455577
81.325321,123118,70661,13:10:25.455577
81.327177,123148,70759,13:10:25.455577
81.329036,123029,71110,13:10:25.455577
81.330896,123277,70851,13:10:25.455577
81.332754,123227,70878,13:10:25.455577
81.334611,123609,71065,13:10:25.455577
81.336477,123314,70867,13:10:25.455577
81.338333,123084,70880,13:10:25.455577
81.34019,123300,71011,13:10:25.455577
81.342048,123236,70670,13:10:25.455577
81.343904,123187,70805,13:10:25.455577
81.345765,123303,70759,13:10:25.455577
81.347621,123104,70968,13:10:25.455577
81.349477,123131,70609,13:10:25.455577
81.351336,122945,70853,13:10:25.455577
81.353198,123268,70868,13:10:25.455577
81.355055,123270,70894,13:10:25.508784
81.356925,123257,70760,13:10:25.508784
81.358787,123475,70769,13:10:25.508784
81.360709,123121,70848,13:10:25.508784
81.362568,123116,70936,13:10:25.508784
81.364426,123205,70932,13:10:25.508784
81.366282,123160,70708,13:10:25.508784
81.368139,123358,70914,13:10:25.508784
81.369997,123275,70721,13:10:25.508784
81.371855,123187,70985,13:10:25.508784
81.373714,123292,70698,13:10:25.508784
81.37557,123225,70832,13:10:25.509775
81.377436,123550,70654,13:10:25.509775
81.379293,123345,70552,13:10:25.509775
81.381149,123215,70702,13:10:25.509775
81.383007,123339,70748,13:10:25.509775
81.384866,123330,70633,13:10:25.509775
81.386724,123245,70611,13:10:25.509775
81.388581,123070,70851,13:10:25.509775
81.390437,123168,70720,13:10:25.509775
81.392293,123374,70785,13:10:25.509775
81.394157,123175,70738,13:10:25.509775
81.396014,122963,70807,13:10:25.509775
81.397874,123212,70865,13:10:25.509775
81.399739,123095,70925,13:10:25.509775
81.401595,123258,70818,13:10:25.509775
81.403451,123434,70665,13:10:25.509775
81.40531,123553,70819,13:10:25.555819
81.407202,123480,70974,13:10:25.555819
81.409072,123207,70760,13:10:25.555819
81.410964,123184,70745,13:10:25.555819
81.412853,123296,70896,13:10:25.555819
81.414711,123049,70888,13:10:25.556811
81.416567,123016,70587,13:10:25.556811
81.418424,123023,70845,13:10:25.556811
81.42028,123198,70906,13:10:25.556811
81.422138,123242,70943,13:10:25.556811
81.423997,123362,70963,13:10:25.556811
81.425853,123444,70846,13:10:25.556811
81.427719,123170,70720,13:10:25.556811
81.429576,123246,70916,13:10:25.556811
81.431432,123223,70845,13:10:25.556811
81.43329,123202,70785,13:10:25.556811
81.435147,123300,70477,13:10:25.556811
81.437005,123206,70692,13:10:25.556811
81.438864,123407,70679,13:10:25.556811
81.440724,123138,70758,13:10:25.556811
81.44258,123201,70945,13:10:25.556811
81.44444,123185,70771,13:10:25.556811
81.446297,123236,70814,13:10:25.556811
81.448153,123018,70844,13:10:25.556811
81.450012,123200,70571,13:10:25.556811
81.45187,123346,71249,13:10:25.556811
81.453728,122982,70993,13:10:25.556811
81.455613,123236,70931,13:10:25.606579
81.457475,123121,70876,13:10:25.606579
81.459338,123201,70677,13:10:25.606579
81.461255,122858,70599,13:10:25.606579
81.463114,123184,70845,13:10:25.606579
81.464972,123105,70622,13:10:25.606579
81.466829,123078,70779,13:10:25.606579
81.468687,123101,70862,13:10:25.606579
81.470545,123004,70805,13:10:25.606579
81.472402,123227,71012,13:10:25.606579
81.474262,123504,70712,13:10:25.606579
81.476118,123369,70816,13:10:25.606579
81.477977,123491,70709,13:10:25.606579
81.479835,123204,70517,13:10:25.606579
81.481691,123132,70640,13:10:25.606579
81.48355,122977,70652,13:10:25.606579
81.485408,123285,70665,13:10:25.606579
81.487266,123076,70780,13:10:25.606579
81.489123,123180,70728,13:10:25.606579
81.490989,122970,71036,13:10:25.606579
81.492845,123491,70991,13:10:25.606579
81.494702,123293,71030,13:10:25.606579
81.49656,123104,70911,13:10:25.606579
81.498417,123370,71080,13:10:25.606579
81.500275,122961,70816,13:10:25.606579
81.502131,123344,70986,13:10:25.606579
81.503988,123211,70872,13:10:25.606579
81.50586,122766,70951,13:10:25.655647
81.507718,123244,70657,13:10:25.655647
81.509581,123269,70640,13:10:25.655647
81.511487,123171,70819,13:10:25.655647
81.513373,123214,71022,13:10:25.655647
81.515229,123253,70910,13:10:25.655647
81.517086,123136,70729,13:10:25.655647
81.518944,123430,70757,13:10:25.655647
81.520804,123001,70683,13:10:25.655647
81.522661,123090,70635,13:10:25.656642
81.524519,122976,70848,13:10:25.656642
81.526377,123195,70741,13:10:25.656642
81.528236,122842,70787,13:10:25.656642
81.530092,123152,70878,13:10:25.656642
81.531951,123029,70919,13:10:25.656642
81.533807,123109,71017,13:10:25.656642
81.535664,123256,70626,13:10:25.656642
81.537522,123220,70828,13:10:25.656642
81.539378,123084,70784,13:10:25.656642
81.541234,123094,70737,13:10:25.656642
81.543091,123042,70882,13:10:25.656642
81.544947,123103,70673,13:10:25.656642
81.546805,123128,70783,13:10:25.656642
81.548669,123150,70580,13:10:25.656642
81.550526,122800,70780,13:10:25.656642
81.552382,123119,70872,13:10:25.656642
81.554241,122873,70904,13:10:25.656642
81.556109,123041,70729,13:10:25.709070
81.55797,122969,70647,13:10:25.709070
81.559836,123025,71003,13:10:25.709070
81.561767,123321,70938,13:10:25.709070
81.563654,123149,71011,13:10:25.709070
81.56551,123430,70890,13:10:25.709070
81.567367,123117,70610,13:10:25.709070
81.569225,123201,70967,13:10:25.709070
81.571082,123064,71006,13:10:25.709070
81.572938,123194,70776,13:10:25.709070
81.574796,123139,70858,13:10:25.709070
81.576653,123098,70843,13:10:25.709070
81.578511,123228,70750,13:10:25.709070
81.580367,123106,70870,13:10:25.709070
81.582232,122906,70830,13:10:25.709070
81.584088,123107,70952,13:10:25.709070
81.585944,122975,70798,13:10:25.709070
81.587803,123252,70756,13:10:25.709070
81.589659,123115,70701,13:10:25.709070
81.591518,123277,70841,13:10:25.709070
81.593378,123157,70661,13:10:25.709070
81.595234,122810,70712,13:10:25.709070
81.597091,123003,70746,13:10:25.709070
81.598947,122955,70819,13:10:25.709070
81.600809,123237,70758,13:10:25.709070
81.602666,123194,70739,13:10:25.709070
81.604526,123349,70685,13:10:25.709070
81.606396,123582,70888,13:10:25.756721
81.608257,123275,70681,13:10:25.756721
81.610147,123306,70839,13:10:25.756721
81.612017,123260,71001,13:10:25.756721
81.613878,122852,70886,13:10:25.756721
81.615738,123082,70789,13:10:25.756721
81.6176,123257,70650,13:10:25.756721
81.619457,122849,71022,13:10:25.756721
81.621313,123103,70623,13:10:25.756721
81.623171,122934,70694,13:10:25.756721
81.625028,123057,70889,13:10:25.756721
81.626884,123161,70784,13:10:25.756721
81.628742,123171,71010,13:10:25.756721
81.630599,123033,70604,13:10:25.757709
81.632457,123231,70766,13:10:25.757709
81.634314,123296,70664,13:10:25.757709
81.636178,123151,70737,13:10:25.757709
81.638034,123077,70665,13:10:25.757709
81.639891,122929,70923,13:10:25.757709
81.641749,122936,70836,13:10:25.757709
81.643605,123070,70800,13:10:25.757709
81.645462,123038,70937,13:10:25.757709
81.647318,122897,70962,13:10:25.757709
81.649174,122901,70942,13:10:25.757709
81.651031,123244,70933,13:10:25.757709
81.652888,123291,70976,13:10:25.757709
81.65475,123220,70809,13:10:25.811361
81.656622,123161,70772,13:10:25.811361
81.65849,122667,70566,13:10:25.811361
81.660376,123308,70724,13:10:25.811361
81.662283,123018,70780,13:10:25.811361
81.664143,123031,70665,13:10:25.811361
81.665999,123085,70536,13:10:25.811361
81.667856,122998,70813,13:10:25.811361
81.669714,122897,71072,13:10:25.811361
81.67157,123245,70725,13:10:25.811361
81.673429,123388,71076,13:10:25.811361
81.675285,123202,70993,13:10:25.811361
81.677145,123350,70937,13:10:25.811361
81.679004,123173,70824,13:10:25.811361
81.68087,123215,71024,13:10:25.811361
81.682726,123018,70772,13:10:25.811361
81.684583,122904,70709,13:10:25.811361
81.686441,123040,70757,13:10:25.811361
81.688297,123021,70834,13:10:25.811361
81.690154,122823,70761,13:10:25.811361
81.692012,123192,70630,13:10:25.811361
81.693871,122992,70719,13:10:25.811361
81.695727,123136,70747,13:10:25.811361
81.697583,123287,71066,13:10:25.811361
81.699449,123045,70854,13:10:25.811361
81.701306,123148,71114,13:10:25.811361
81.703163,123304,70720,13:10:25.811361
81.705021,122763,70817,13:10:25.857081
81.706885,123118,70885,13:10:25.857081
81.708745,123019,70934,13:10:25.857081
81.710665,122961,70736,13:10:25.857081
81.712536,123055,70773,13:10:25.857081
81.714394,123146,70918,13:10:25.857081
81.716256,123041,70855,13:10:25.857081
81.718119,123339,70811,13:10:25.857081
81.719977,123163,70643,13:10:25.857081
81.721838,123284,70939,13:10:25.857081
81.723694,123189,71052,13:10:25.857081
81.72555,123160,70731,13:10:25.857081
81.727411,123056,70866,13:10:25.857081
81.729267,123020,70624,13:10:25.857081
81.731123,123266,70775,13:10:25.857081
81.732982,123083,70823,13:10:25.857081
81.734838,123022,70707,13:10:25.857081
81.736696,123082,70942,13:10:25.857081
81.738553,123117,70928,13:10:25.857081
81.740409,123170,70720,13:10:25.857081
81.742265,123145,70720,13:10:25.857081
81.744122,123003,70776,13:10:25.857081
81.74598,123036,70954,13:10:25.857081
81.747836,122962,70903,13:10:25.857081
81.749695,123068,70878,13:10:25.857081
81.751551,123191,70768,13:10:25.857081
81.753408,122954,70753,13:10:25.857081
81.755266,123029,70495,13:10:25.907277
81.757135,123101,70727,13:10:25.907277
81.758995,123125,70704,13:10:25.907277
81.760901,123186,70796,13:10:25.907277
81.762769,122618,70790,13:10:25.907277
81.764651,123303,70779,13:10:25.907277
81.766508,123202,70832,13:10:25.907277
81.76837,123213,70847,13:10:25.907277
81.770226,123061,70942,13:10:25.907277
81.772083,123243,70891,13:10:25.907277
81.773941,123164,70757,13:10:25.907277
81.775797,123102,70580,13:10:25.907277
81.777656,123060,70893,13:10:25.907277
81.779512,123151,70756,13:10:25.907277
81.781374,122900,70561,13:10:25.907277
81.783233,123066,70728,13:10:25.907277
81.785099,123262,70654,13:10:25.907277
81.786955,123045,70886,13:10:25.907277
81.788812,123529,70760,13:10:25.907277
81.79067,123040,71132,13:10:25.907277
81.792526,123221,70719,13:10:25.907277
81.794383,123162,70620,13:10:25.907277
81.796241,123271,70676,13:10:25.907277
81.798098,122956,70855,13:10:25.907277
81.799956,122963,70736,13:10:25.907277
81.801812,123359,70987,13:10:25.907277
81.803677,123224,70967,13:10:25.907277
81.805537,123016,70688,13:10:25.958689
81.807408,123124,70927,13:10:25.958689
81.809268,123126,70570,13:10:25.958689
81.811182,122925,70778,13:10:25.958689
81.813044,123238,70829,13:10:25.958689
81.814902,123029,70663,13:10:25.958689
81.816763,123112,70616,13:10:25.958689
81.818619,123373,70716,13:10:25.958689
81.820475,123274,70839,13:10:25.958689
81.822334,123269,70554,13:10:25.958689
81.824192,123107,70883,13:10:25.958689
81.826058,123051,70747,13:10:25.958689
81.827915,123158,70845,13:10:25.958689
81.829773,123072,70772,13:10:25.958689
81.831632,123136,70744,13:10:25.958689
81.833488,123126,70867,13:10:25.958689
81.835344,123192,70998,13:10:25.958689
81.837203,123134,70705,13:10:25.958689
81.839059,123627,70643,13:10:25.958689
81.840915,123118,71061,13:10:25.958689
81.842774,123078,70776,13:10:25.958689
81.844636,122991,70818,13:10:25.958689
81.846492,123205,70820,13:10:25.958689
81.848349,123170,70830,13:10:25.958689
81.850207,123085,70822,13:10:25.958689
81.852064,123109,70896,13:10:25.958689
81.85392,123220,70835,13:10:25.958689
81.855782,123368,70874,13:10:26.011972
81.857645,123282,70708,13:10:26.011972
81.859509,123236,70798,13:10:26.011972
81.861409,122826,70745,13:10:26.011972
81.863273,123163,70904,13:10:26.011972
81.865154,123241,70750,13:10:26.011972
81.867017,122894,70794,13:10:26.011972
81.868876,123295,70611,13:10:26.011972
81.870733,123048,70910,13:10:26.011972
81.872591,123219,70724,13:10:26.011972
81.874449,123616,70870,13:10:26.011972
81.876306,123257,70697,13:10:26.011972
81.878164,123411,70663,13:10:26.011972
81.88002,123422,70732,13:10:26.011972
81.881879,123396,70671,13:10:26.011972
81.883735,123038,70749,13:10:26.011972
81.885596,123179,70590,13:10:26.011972
81.887452,123220,70645,13:10:26.011972
81.889308,123127,70662,13:10:26.011972
81.891167,123133,70683,13:10:26.011972
81.893023,123183,70857,13:10:26.011972
81.894881,123032,70627,13:10:26.011972
81.896738,123214,70537,13:10:26.011972
81.898594,123290,70671,13:10:26.011972
81.900452,123343,70687,13:10:26.011972
81.902315,123529,70651,13:10:26.011972
81.904171,123134,70855,13:10:26.011972
81.906041,123452,70968,13:10:26.063548
81.907904,123464,70993,13:10:26.063548
81.909768,123377,70786,13:10:26.063548
81.911653,123057,70786,13:10:26.063548
81.913517,123264,70672,13:10:26.063548
81.915373,123083,70837,13:10:26.063548
81.917231,123012,70735,13:10:26.063548
81.919088,123342,70904,13:10:26.063548
81.920945,123390,70781,13:10:26.063548
81.92283,123484,70981,13:10:26.063548
81.924687,123372,71066,13:10:26.063548
81.926553,123479,70892,13:10:26.063548
81.928409,123611,70791,13:10:26.063548
81.930266,123256,70735,13:10:26.063548
81.932124,123209,70658,13:10:26.063548
81.93398,123123,70570,13:10:26.063548
81.935839,122967,70790,13:10:26.063548
81.937695,123125,70864,13:10:26.063548
81.939552,123012,70614,13:10:26.063548
81.94141,123149,70922,13:10:26.063548
81.943274,123269,71035,13:10:26.063548
81.945131,123385,70964,13:10:26.063548
81.946987,123388,70855,13:10:26.063548
81.948845,123184,70849,13:10:26.063548
81.950702,123265,70756,13:10:26.063548
81.952558,123236,70924,13:10:26.063548
81.954416,122922,70767,13:10:26.063548
81.956285,123128,70831,13:10:26.112665
81.958145,123112,70576,13:10:26.112665
81.960023,123141,70745,13:10:26.112665
81.96191,123008,70781,13:10:26.112665
81.963774,123112,70866,13:10:26.112665
81.96563,123395,70746,13:10:26.112665
81.967489,123316,70977,13:10:26.112665
81.969347,123305,70742,13:10:26.112665
81.971203,123232,70804,13:10:26.112665
81.973062,123258,70753,13:10:26.112665
81.974918,123431,70815,13:10:26.112665
81.976776,123320,70756,13:10:26.112665
81.978633,123142,70935,13:10:26.112665
81.980499,122993,70877,13:10:26.112665
81.982356,123156,70587,13:10:26.112665
81.984214,123342,70798,13:10:26.112665
81.986072,123142,70804,13:10:26.112665
81.987929,123382,70657,13:10:26.112665
81.989787,123165,70959,13:10:26.112665
81.991643,123405,70540,13:10:26.112665
81.9935,123567,70712,13:10:26.112665
81.995358,123237,70682,13:10:26.112665
81.99722,123300,70903,13:10:26.112665
81.999077,123105,70753,13:10:26.112665
82.000933,123240,70748,13:10:26.112665
82.002791,123192,70758,13:10:26.112665
82.004648,123057,70455,13:10:26.164984
82.006518,123373,70753,13:10:26.164984
82.008381,123213,70755,13:10:26.164984
82.010291,123319,70505,13:10:26.164984
82.012161,123178,70865,13:10:26.164984
82.014019,123194,70873,13:10:26.164984
82.015882,123162,70942,13:10:26.164984
82.017763,121373,70802,13:10:26.164984
82.019628,123352,70942,13:10:26.164984
82.021485,123244,70574,13:10:26.164984
82.023343,123191,70938,13:10:26.164984
82.025201,123140,70460,13:10:26.164984
82.02706,123160,70864,13:10:26.164984
82.028916,123041,70923,13:10:26.164984
82.030782,123227,70769,13:10:26.164984
82.032639,123135,70762,13:10:26.164984
82.034495,123285,70913,13:10:26.164984
82.036353,123201,70854,13:10:26.164984
82.03821,123444,70918,13:10:26.164984
82.040068,123269,70833,13:10:26.164984
82.041925,123336,70632,13:10:26.164984
82.043783,123128,70783,13:10:26.164984
82.045639,123262,70699,13:10:26.164984
82.047503,122936,70669,13:10:26.164984
82.04936,123144,70787,13:10:26.164984
82.051216,123203,70872,13:10:26.164984
82.053075,123335,70836,13:10:26.164984
82.054931,123237,70988,13:10:26.215228
82.056797,123320,70627,13:10:26.215228
82.058658,123419,70655,13:10:26.215228
82.060566,123042,70634,13:10:26.215228
82.062426,123073,70473,13:10:26.215228
82.064285,123289,70562,13:10:26.215228
82.066151,123249,70786,13:10:26.215228
82.068017,123294,70721,13:10:26.215228
82.069886,122347,70846,13:10:26.215228
82.071756,122994,70566,13:10:26.215228
82.073614,123245,70324,13:10:26.215228
82.075479,123312,70934,13:10:26.215228
82.077339,123302,70720,13:10:26.215228
82.079195,123355,70855,13:10:26.215228
82.081058,123294,70581,13:10:26.215228
82.082914,123044,70815,13:10:26.215228
82.084772,123101,70571,13:10:26.215228
82.086631,123212,70670,13:10:26.215228
82.088487,123004,70436,13:10:26.215228
82.090345,123122,70680,13:10:26.215228
82.092202,123420,70708,13:10:26.215228
82.094062,123293,70652,13:10:26.215228
82.095918,123220,70774,13:10:26.215228
82.097775,123099,70728,13:10:26.216231
82.099637,123042,70607,13:10:26.216231
82.101493,123651,70699,13:10:26.216231
82.103352,123282,70796,13:10:26.216231
82.105208,123244,70848,13:10:26.267283
82.107074,123412,70772,13:10:26.267283
82.108935,123209,70645,13:10:26.267283
82.110851,122977,70907,13:10:26.267283
82.112709,123026,70756,13:10:26.267283
82.114569,123202,70683,13:10:26.267283
82.116427,123101,70573,13:10:26.267283
82.118292,122976,70686,13:10:26.267283
82.120148,121829,70605,13:10:26.267283
82.122007,123266,70704,13:10:26.267283
82.123868,123277,70857,13:10:26.267283
82.125767,123139,70962,13:10:26.267283
82.127626,123293,70801,13:10:26.267283
82.129482,123068,70623,13:10:26.267283
82.131348,123213,70492,13:10:26.267283
82.133205,123146,70561,13:10:26.267283
82.135061,123380,70720,13:10:26.267283
82.136919,123158,70827,13:10:26.267283
82.138776,123301,70540,13:10:26.267283
82.140634,123104,70569,13:10:26.267283
82.14249,123020,70947,13:10:26.267283
82.144347,123310,70651,13:10:26.267283
82.146205,123383,70854,13:10:26.267283
82.148069,123189,70778,13:10:26.267283
82.149926,123285,70904,13:10:26.267283
82.151784,123338,70846,13:10:26.267283
82.153643,123462,70887,13:10:26.267283
82.155501,123255,70772,13:10:26.320911
82.157363,123045,70803,13:10:26.320911
82.159226,123072,70645,13:10:26.320911
82.161136,122991,70742,13:10:26.320911
82.162998,123309,70582,13:10:26.322185
82.164856,123088,70639,13:10:26.322185
82.166717,123336,70443,13:10:26.322185
82.168573,122991,70688,13:10:26.322185
82.170435,123202,70572,13:10:26.322185
82.172314,121559,70668,13:10:26.322185
82.174174,123494,70750,13:10:26.322185
82.176031,123441,70931,13:10:26.322185
82.177891,123443,70739,13:10:26.322185
82.179747,123324,70557,13:10:26.322185
82.181606,123007,70653,13:10:26.322185
82.183462,123075,70768,13:10:26.322185
82.185318,122999,70875,13:10:26.322185
82.187177,123043,70629,13:10:26.322185
82.189037,123056,70533,13:10:26.322185
82.190895,123381,70702,13:10:26.322185
82.192752,123341,70360,13:10:26.322185
82.194612,123151,70501,13:10:26.322185
82.196468,123171,70570,13:10:26.322185
82.198325,123113,70527,13:10:26.322185
82.200183,123314,70653,13:10:26.322185
82.202039,123206,70609,13:10:26.322185
82.203898,123302,70784,13:10:26.322185
82.205758,123069,70640,13:10:26.369192
82.207622,123322,70707,13:10:26.369192
82.209486,123029,70680,13:10:26.369192
82.211383,122698,70570,13:10:26.369192
82.213245,123270,70381,13:10:26.369192
82.215104,123383,70850,13:10:26.369192
82.216962,123235,70803,13:10:26.369192
82.218821,123466,70716,13:10:26.369192
82.220685,123317,70720,13:10:26.369192
82.222543,123164,70998,13:10:26.369192
82.224399,123302,70629,13:10:26.369192
82.226262,122304,70749,13:10:26.369192
82.228164,122997,70631,13:10:26.369192
82.23002,123101,70466,13:10:26.369192
82.231879,123149,70722,13:10:26.369192
82.233735,123078,70632,13:10:26.369192
82.235591,122840,70648,13:10:26.369192
82.23745,123204,70741,13:10:26.369192
82.239311,123092,70736,13:10:26.370204
82.241168,123264,70809,13:10:26.370204
82.243025,123256,70701,13:10:26.370204
82.244885,123288,71055,13:10:26.371200
82.246742,123184,70609,13:10:26.371200
82.248598,122943,70654,13:10:26.372199
82.250456,123179,70722,13:10:26.372199
82.252313,123096,70523,13:10:26.372199
82.254171,123044,70751,13:10:26.372199
82.256035,122988,70556,13:10:26.419900
82.257896,123114,70793,13:10:26.419900
82.259761,123293,70791,13:10:26.419900
82.26166,123062,70784,13:10:26.419900
82.26352,123385,70607,13:10:26.419900
82.265379,123030,70516,13:10:26.419900
82.267237,123115,70787,13:10:26.419900
82.2691,122980,70760,13:10:26.419900
82.270956,122872,70955,13:10:26.419900
82.272812,122425,70743,13:10:26.419900
82.274669,121986,70662,13:10:26.419900
82.276531,122972,71051,13:10:26.419900
82.278387,123119,70762,13:10:26.419900
82.280244,123208,70797,13:10:26.419900
82.282102,123006,70696,13:10:26.419900
82.283958,122946,70919,13:10:26.419900
82.285817,123267,70751,13:10:26.419900
82.287673,123406,70693,13:10:26.419900
82.289533,123157,70812,13:10:26.419900
82.29139,123185,70919,13:10:26.419900
82.293247,123184,70849,13:10:26.419900
82.295108,123149,70905,13:10:26.419900
82.296965,123275,70683,13:10:26.419900
82.298825,123107,70819,13:10:26.419900
82.300682,123000,70497,13:10:26.419900
82.302538,123255,70765,13:10:26.419900
82.304396,123260,70671,13:10:26.419900
82.306259,123109,70678,13:10:26.472099
82.308119,122977,70881,13:10:26.472099
82.310012,123361,71044,13:10:26.472099
82.311893,123056,70646,13:10:26.472099
82.313756,123017,70576,13:10:26.472099
82.315612,122926,70863,13:10:26.472099
82.31747,122798,70529,13:10:26.472099
82.319327,123091,70419,13:10:26.472099
82.321183,122783,70773,13:10:26.472099
82.323044,123165,70796,13:10:26.472099
82.324923,121699,70565,13:10:26.472099
82.326792,123226,70920,13:10:26.472099
82.328652,123279,70814,13:10:26.472099
82.330509,123185,70662,13:10:26.472099
82.332367,123042,70850,13:10:26.472099
82.334225,123159,70956,13:10:26.472099
82.336084,122890,70860,13:10:26.472099
82.33794,122877,70687,13:10:26.472099
82.339807,123136,70776,13:10:26.472099
82.341663,123183,70913,13:10:26.472099
82.343519,123388,70870,13:10:26.472099
82.345378,122922,70775,13:10:26.472099
82.347234,122971,70982,13:10:26.472099
82.349092,123091,70859,13:10:26.472099
82.350949,123151,70927,13:10:26.472099
82.352805,123190,70554,13:10:26.472099
82.354661,123067,70870,13:10:26.521689
82.356525,123192,71041,13:10:26.521689
82.358384,122970,70755,13:10:26.521689
82.360303,123053,70810,13:10:26.521689
82.362169,123105,70723,13:10:26.521689
82.364027,122910,70705,13:10:26.521689
82.365883,122916,70835,13:10:26.521689
82.367742,122476,70877,13:10:26.521689
82.369598,122515,70900,13:10:26.521689
82.371454,122745,70538,13:10:26.521689
82.373313,122648,70776,13:10:26.521689
82.375177,123042,70879,13:10:26.521689
82.377054,121619,70665,13:10:26.521689
82.378922,123220,70843,13:10:26.521689
82.380778,122944,70736,13:10:26.521689
82.382636,123042,70718,13:10:26.521689
82.384499,123277,70987,13:10:26.521689
82.386355,122939,70759,13:10:26.521689
82.388211,122899,70916,13:10:26.521689
82.39007,123105,70798,13:10:26.521689
82.391926,123257,70723,13:10:26.521689
82.393785,123197,70733,13:10:26.521689
82.395643,123059,70781,13:10:26.521689
82.397499,122957,70858,13:10:26.521689
82.399358,122965,70905,13:10:26.521689
82.401214,123152,70914,13:10:26.521689
82.403076,122921,70945,13:10:26.521689
82.404933,122946,70830,13:10:26.575483
82.4068,123074,70842,13:10:26.575483
82.408661,122899,70864,13:10:26.575483
82.410565,123020,70844,13:10:26.575483
82.412424,122927,70780,13:10:26.575483
82.414282,123112,70765,13:10:26.575483
82.416143,122994,70696,13:10:26.575483
82.418001,121929,70743,13:10:26.575483
82.419859,122807,70730,13:10:26.575483
82.421726,123200,70866,13:10:26.575483
82.423583,123218,70885,13:10:26.575483
82.425448,122817,71199,13:10:26.575483
82.427316,122302,70689,13:10:26.575483
82.429197,122995,70748,13:10:26.575483
82.431061,122957,70880,13:10:26.575483
82.432919,122902,70809,13:10:26.575483
82.434782,123096,70763,13:10:26.575483
82.43664,123309,70738,13:10:26.575483
82.438497,123138,70882,13:10:26.575483
82.440355,123289,70791,13:10:26.575483
82.442211,122988,70702,13:10:26.575483
82.444068,123198,70851,13:10:26.575483
82.445926,123100,70926,13:10:26.575483
82.447784,123090,70655,13:10:26.575483
82.449643,122906,71011,13:10:26.575483
82.451499,122715,70762,13:10:26.575483
82.453359,122930,70679,13:10:26.575483
82.455216,122899,70923,13:10:26.626069
82.457082,123005,71093,13:10:26.626069
82.458943,122871,70791,13:10:26.626069
82.460845,122883,70987,13:10:26.626069
82.462705,123242,70879,13:10:26.626069
82.464563,123114,71006,13:10:26.626069
82.466426,123096,70753,13:10:26.626069
82.468284,123120,70886,13:10:26.626069
82.47014,122713,70732,13:10:26.626069
82.472001,122988,70979,13:10:26.626069
82.473857,122996,70713,13:10:26.626069
82.475713,123002,71018,13:10:26.626069
82.477572,122381,70835,13:10:26.626069
82.479428,122823,70950,13:10:26.626069
82.481286,122749,70870,13:10:26.626069
82.483143,122951,70968,13:10:26.626069
82.485003,123246,71012,13:10:26.626069
82.486864,123153,70746,13:10:26.626069
82.488728,123104,70854,13:10:26.626069
82.490584,123067,70791,13:10:26.626069
82.492441,122888,70824,13:10:26.626069
82.494299,123083,70805,13:10:26.626069
82.496155,123084,70887,13:10:26.626069
82.498012,123008,70876,13:10:26.626069
82.499874,123090,70892,13:10:26.626069
82.50173,122919,70829,13:10:26.626069
82.503589,122977,70758,13:10:26.626069
82.505451,122957,70720,13:10:26.680138
82.507317,123306,70813,13:10:26.680138
82.50918,123075,70945,13:10:26.680138
82.511082,122756,70943,13:10:26.680138
82.51294,123071,70779,13:10:26.680138
82.514799,123009,70761,13:10:26.680138
82.516655,123044,70959,13:10:26.680138
82.518513,122850,70840,13:10:26.680138
82.520372,122789,70854,13:10:26.680138
82.52223,122151,70874,13:10:26.680138
82.524086,122834,70725,13:10:26.680138
82.525947,123073,70969,13:10:26.680138
82.527807,122580,70793,13:10:26.680138
82.529689,122497,70993,13:10:26.682184
82.531558,123076,70724,13:10:26.682184
82.533416,122884,70841,13:10:26.682184
82.535292,123083,70942,13:10:26.682184
82.537151,123262,71164,13:10:26.682184
82.539011,123042,70881,13:10:26.682184
82.540869,123103,70804,13:10:26.682184
82.542726,123005,71012,13:10:26.682184
82.544584,122916,70824,13:10:26.682184
82.54644,123006,70789,13:10:26.682184
82.548297,122890,70477,13:10:26.682184
82.550155,122939,70604,13:10:26.682184
82.552011,122916,70795,13:10:26.682184
82.55387,122870,70829,13:10:26.682184
82.555732,123107,70695,13:10:26.726364
82.557596,122848,70523,13:10:26.726364
82.559459,122909,70517,13:10:26.726364
82.561363,122794,70656,13:10:26.726364
82.563221,123259,70621,13:10:26.726364
82.565078,122764,70950,13:10:26.726364
82.566934,123077,70828,13:10:26.726364
82.568792,122891,70650,13:10:26.726364
82.570655,122168,70644,13:10:26.726364
82.572513,122246,70637,13:10:26.726364
82.574369,123225,70975,13:10:26.726364
82.57623,123176,70856,13:10:26.726364
82.578086,122940,70634,13:10:26.726364
82.57995,122009,70911,13:10:26.726364
82.581829,123493,70773,13:10:26.726364
82.583687,123075,70616,13:10:26.726364
82.585543,121245,70664,13:10:26.726364
82.587408,123117,70671,13:10:26.726364
82.589264,122723,70596,13:10:26.726364
82.591122,122969,70920,13:10:26.726364
82.592979,123060,70977,13:10:26.726364
82.594837,122928,70728,13:10:26.726364
82.596693,122728,71017,13:10:26.726364
82.598556,123064,70579,13:10:26.726364
82.600414,123091,70754,13:10:26.726364
82.602271,123348,70784,13:10:26.726364
82.604131,122926,70625,13:10:26.726364
82.605999,122890,70982,13:10:26.778261
82.607871,123147,70961,13:10:26.778261
82.609733,122977,70747,13:10:26.778261
82.611618,122935,70802,13:10:26.778261
82.613474,122818,70566,13:10:26.778261
82.615331,122787,70778,13:10:26.778261
82.617195,123065,70780,13:10:26.778261
82.619053,122890,70752,13:10:26.778261
82.62091,122778,70899,13:10:26.778261
82.622768,122720,70646,13:10:26.778261
82.624624,123195,70944,13:10:26.778261
82.626485,123348,70831,13:10:26.778261
82.628342,122694,70815,13:10:26.778261
82.630205,123162,70938,13:10:26.778261
82.632073,122194,70880,13:10:26.778261
82.63395,123017,70665,13:10:26.778261
82.63581,123056,70874,13:10:26.778261
82.637667,122864,70774,13:10:26.778261
82.639523,123095,70768,13:10:26.778261
82.641381,122953,70713,13:10:26.778261
82.64324,123205,70721,13:10:26.778261
82.645096,122896,70662,13:10:26.778261
82.646952,122980,70706,13:10:26.778261
82.648811,123152,70756,13:10:26.778261
82.650667,123200,70780,13:10:26.778261
82.652523,123092,70709,13:10:26.778261
82.654382,122919,70843,13:10:26.778261
82.656244,123113,70784,13:10:26.830123
82.658104,123285,70669,13:10:26.830123
82.659983,123245,70612,13:10:26.830123
82.661925,123042,70854,13:10:26.830123
82.663785,122889,70734,13:10:26.830123
82.665643,123139,70876,13:10:26.830123
82.667502,122591,70662,13:10:26.830123
82.66936,122713,70776,13:10:26.830123
82.671221,122966,70697,13:10:26.830123
82.673079,122524,70875,13:10:26.830123
82.674935,122850,70870,13:10:26.830123
82.676803,122846,70953,13:10:26.830123
82.67866,122766,70926,13:10:26.830123
82.680516,122598,70923,13:10:26.830123
82.682379,122894,70740,13:10:26.830123
82.684238,122714,71046,13:10:26.830123
82.686127,123037,70625,13:10:26.830123
82.687983,123088,70815,13:10:26.830123
82.68984,123122,70923,13:10:26.830123
82.691698,123097,70905,13:10:26.830123
82.693555,123256,70777,13:10:26.830123
82.695411,122946,70922,13:10:26.830123
82.697267,123017,70954,13:10:26.830123
82.699124,123278,70976,13:10:26.830123
82.70098,123221,70961,13:10:26.830123
82.702837,123119,70819,13:10:26.830123
82.704697,123268,70610,13:10:26.883136
82.706561,123353,71015,13:10:26.883136
82.708421,123176,71035,13:10:26.883136
82.710323,123122,70762,13:10:26.883136
82.712186,122998,70875,13:10:26.883136
82.714044,123097,70847,13:10:26.883136
82.715903,122947,71152,13:10:26.883136
82.717763,122896,71083,13:10:26.883136
82.719619,122928,70718,13:10:26.883136
82.721476,123194,70938,13:10:26.883136
82.723334,123205,70816,13:10:26.883136
82.72519,122923,70947,13:10:26.883136
82.727049,123146,70985,13:10:26.883136
82.728907,123060,70829,13:10:26.883136
82.730764,122760,70766,13:10:26.883136
82.732626,123065,70797,13:10:26.883136
82.734483,121469,70897,13:10:26.883136
82.736347,123116,70774,13:10:26.883136
82.738205,123142,70777,13:10:26.883136
82.740067,123252,70982,13:10:26.883136
82.741924,123181,71076,13:10:26.883136
82.743782,123123,70870,13:10:26.883136
82.74564,123167,71060,13:10:26.883136
82.747497,123221,70864,13:10:26.883136
82.749353,122905,70877,13:10:26.883136
82.751209,123144,70778,13:10:26.883136
82.753068,123271,70938,13:10:26.883136
82.754926,123184,70838,13:10:26.932333
82.756802,123257,71006,13:10:26.932333
82.758661,123129,70910,13:10:26.932333
82.760567,123122,70911,13:10:26.932333
82.762427,123413,71003,13:10:26.932333
82.764286,123096,70971,13:10:26.932333
82.766142,122862,70990,13:10:26.932333
82.768,122946,70892,13:10:26.932333
82.769859,123256,70888,13:10:26.932333
82.771715,123049,70876,13:10:26.932333
82.773571,122887,70790,13:10:26.932333
82.775428,122927,70853,13:10:26.932333
82.77729,123145,70991,13:10:26.932333
82.779147,122966,70851,13:10:26.932333
82.781005,122830,70825,13:10:26.932333
82.782861,123232,70877,13:10:26.932333
82.784718,123208,70905,13:10:26.932333
82.786576,122952,70815,13:10:26.932333
82.788453,123244,71136,13:10:26.932333
82.790327,122895,70709,13:10:26.932333
82.792183,123269,71002,13:10:26.932333
82.794039,123034,70936,13:10:26.932333
82.795896,123014,70723,13:10:26.932333
82.797753,122970,71055,13:10:26.932333
82.79961,123404,70996,13:10:26.932333
82.801467,123154,71135,13:10:26.932333
82.803325,123305,71070,13:10:26.933335
82.805182,123333,70939,13:10:26.984465
82.807048,123081,71179,13:10:26.984465
82.808908,123171,70736,13:10:26.984465
82.810832,122683,71116,13:10:26.984465
82.812691,123010,71178,13:10:26.984465
82.814549,123055,70916,13:10:26.984465
82.816409,123209,70918,13:10:26.984465
82.818268,123122,71145,13:10:26.984465
82.820124,122931,70752,13:10:26.984465
82.82199,123221,70868,13:10:26.984465
82.823847,122677,70930,13:10:26.984465
82.825703,123111,70842,13:10:26.984465
82.827561,123191,70874,13:10:26.984465
82.829418,123187,71066,13:10:26.984465
82.831276,122859,71060,13:10:26.984465
82.833133,122795,71066,13:10:26.984465
82.834989,123538,71252,13:10:26.984465
82.836851,122481,71200,13:10:26.984465
82.838711,123325,71017,13:10:26.984465
82.840568,123322,70918,13:10:26.984465
82.842424,123215,70897,13:10:26.984465
82.844283,122995,70810,13:10:26.984465
82.846139,123331,70789,13:10:26.984465
82.847995,123071,71032,13:10:26.984465
82.849854,123354,70944,13:10:26.984465
82.85171,123277,71272,13:10:26.984465
82.853568,123249,70944,13:10:26.984465
82.855425,123333,71117,13:10:27.034077
82.857301,123248,71037,13:10:27.034077
82.859163,123214,70938,13:10:27.034077
82.861052,123188,70856,13:10:27.034077
82.86291,123187,70804,13:10:27.034077
82.864766,123065,70894,13:10:27.034077
82.866623,123027,71038,13:10:27.034077
82.868479,123022,71176,13:10:27.034077
82.870336,123227,71220,13:10:27.034077
82.872196,122613,71086,13:10:27.034077
82.874052,122479,71064,13:10:27.034077
82.875911,122615,70915,13:10:27.034077
82.877767,123112,71142,13:10:27.034077
82.879623,123264,71198,13:10:27.034077
82.881482,122624,71111,13:10:27.034077
82.883342,123382,71163,13:10:27.034077
82.8852,123314,71323,13:10:27.034077
82.887059,122848,71178,13:10:27.034077
82.888936,122046,70592,13:10:27.034077
82.890805,123410,70940,13:10:27.034077
82.892666,123126,70834,13:10:27.034077
82.894524,123244,70943,13:10:27.034077
82.89638,123308,71030,13:10:27.034077
82.898241,123385,70853,13:10:27.034077
82.900097,123280,70902,13:10:27.034077
82.901954,123102,71441,13:10:27.034077
82.903812,123437,70820,13:10:27.034077
82.90567,123238,71006,13:10:27.085606
82.907535,123251,70883,13:10:27.085606
82.909396,123241,70816,13:10:27.085606
82.911305,122806,71037,13:10:27.085606
82.913162,123330,71093,13:10:27.085606
82.915018,123355,71179,13:10:27.085606
82.916876,123137,70897,13:10:27.086525
82.918733,123053,71100,13:10:27.086525
82.920589,123452,71077,13:10:27.086525
82.922449,123230,70953,13:10:27.086525
82.924306,123137,71059,13:10:27.086525
82.926162,122957,70852,13:10:27.086525
82.92802,123161,71058,13:10:27.086525
82.929881,122942,71118,13:10:27.086525
82.931739,123000,70973,13:10:27.086525
82.933596,122861,70899,13:10:27.086525
82.935455,123130,71073,13:10:27.086525
82.937314,123274,71012,13:10:27.086525
82.939173,121322,71031,13:10:27.086525
82.941033,123367,71041,13:10:27.086525
82.942893,123568,71289,13:10:27.086525
82.944754,123248,70972,13:10:27.086525
82.946648,123479,70886,13:10:27.086525
82.948506,123318,70972,13:10:27.086525
82.950363,123222,70887,13:10:27.086525
82.952219,123399,70766,13:10:27.086525
82.954077,122925,70970,13:10:27.086525
82.955942,123206,70982,13:10:27.140283
82.957802,123468,70951,13:10:27.140283
82.959666,123187,71186,13:10:27.140283
82.961575,123136,71002,13:10:27.140283
82.963437,123270,70767,13:10:27.140283
82.965295,123015,71096,13:10:27.140283
82.967154,123311,70946,13:10:27.140283
82.96901,123162,70980,13:10:27.140283
82.970868,123263,71197,13:10:27.140283
82.972727,123387,70844,13:10:27.140283
82.974584,123164,71298,13:10:27.140283
82.976442,122918,70885,13:10:27.140283
82.978298,123066,70778,13:10:27.140283
82.98016,123247,71067,13:10:27.140283
82.982017,123272,71073,13:10:27.140283
82.983877,123203,71079,13:10:27.140283
82.985735,122933,71154,13:10:27.140283
82.987592,123312,71110,13:10:27.140283
82.98945,122975,71174,13:10:27.140283
82.991308,122028,71036,13:10:27.140283
82.993165,123652,71132,13:10:27.140283
82.995021,123327,70926,13:10:27.140283
82.996886,123631,70948,13:10:27.140283
82.998744,123362,71040,13:10:27.140283
83.0006,123286,71174,13:10:27.140283
83.002458,123296,71079,13:10:27.140283
83.004315,123115,70961,13:10:27.140283
83.006191,123405,71287,13:10:27.189258
83.008052,123443,71136,13:10:27.189258
83.009922,123388,71260,13:10:27.189258
83.01181,123373,71097,13:10:27.189258
83.013666,123064,71120,13:10:27.189258
83.015523,123003,70779,13:10:27.189258
83.017385,123290,70808,13:10:27.189258
83.019243,122871,70970,13:10:27.189258
83.021102,122981,71211,13:10:27.189258
83.022958,123176,71066,13:10:27.189258
83.024815,123255,70975,13:10:27.189258
83.026673,122790,71253,13:10:27.189258
83.02853,123379,71166,13:10:27.189258
83.030388,123455,71025,13:10:27.189258
83.032244,123632,71070,13:10:27.189258
83.034106,122992,71227,13:10:27.189258
83.035963,122833,71062,13:10:27.189258
83.037819,123355,70880,13:10:27.189258
83.039685,123307,71315,13:10:27.189258
83.04156,122950,71401,13:10:27.189258
83.043436,123146,71142,13:10:27.189258
83.045292,123329,70903,13:10:27.189258
83.047151,123161,70959,13:10:27.189258
83.049009,123219,71066,13:10:27.189258
83.050867,123245,71185,13:10:27.189258
83.052726,123327,71109,13:10:27.189258
83.054582,123390,71053,13:10:27.205253
83.056451,123415,71014,13:10:27.205253
83.058311,123231,71034,13:10:27.205253
83.060193,123204,70877,13:10:27.205253
83.062065,123219,71145,13:10:27.205253
83.063922,123483,71185,13:10:27.205253
83.06578,123060,71052,13:10:27.205253
83.067639,123235,70989,13:10:27.205253
83.069495,122846,70886,13:10:27.205253
83.071353,123396,71143,13:10:27.205253
83.07321,123237,71381,13:10:27.205253
83.07507,122951,71120,13:10:27.205253
83.076926,123137,71154,13:10:27.205253
83.078785,123061,71025,13:10:27.205253
83.080643,123013,71079,13:10:27.205253
83.082499,123226,70954,13:10:27.205253
83.084358,123090,70997,13:10:27.205253
83.086214,123397,71018,13:10:27.205253
83.08807,123162,70860,13:10:27.205253
83.089927,123011,71168,13:10:27.205253
83.091795,123051,70879,13:10:27.205253
83.093671,122755,71302,13:10:27.205253
83.095542,123436,71005,13:10:27.205253
83.097398,123349,70978,13:10:27.205253
83.099256,123347,70980,13:10:27.205253
83.101115,123355,71065,13:10:27.205253
83.102971,123109,71229,13:10:27.205253
83.104828,123329,70974,13:10:27.258041
83.106698,123484,71140,13:10:27.258041
83.108558,123656,70984,13:10:27.258041
83.110456,123203,71171,13:10:27.258041
83.112353,123170,71119,13:10:27.258041
83.114209,123169,70732,13:10:27.258041
83.116065,123240,71159,13:10:27.258041
83.117924,123578,70953,13:10:27.258041
83.119782,123410,71132,13:10:27.258041
83.12164,123273,71131,13:10:27.258041
83.123497,123256,71141,13:10:27.258041
83.125355,123545,71122,13:10:27.258041
83.127212,123419,71175,13:10:27.258041
83.129068,123234,71035,13:10:27.258041
83.130926,123456,71189,13:10:27.258041
83.132785,123338,71184,13:10:27.258041
83.134643,123506,70942,13:10:27.258041
83.136499,123244,71025,13:10:27.258041
83.138356,123177,70953,13:10:27.258041
83.140215,123389,70926,13:10:27.258041
83.142083,123486,71113,13:10:27.258041
83.143941,123534,71204,13:10:27.258041
83.145799,123376,71013,13:10:27.259041
83.147667,123352,70969,13:10:27.259041
83.149524,123542,71067,13:10:27.259041
83.15138,123460,70991,13:10:27.259041
83.153238,123291,71155,13:10:27.259041
83.155095,123030,70832,13:10:27.306446
83.156967,123115,70940,13:10:27.306446
83.158827,123441,71030,13:10:27.306446
83.160736,122909,70995,13:10:27.306446
83.162602,123391,71052,13:10:27.306446
83.164458,123360,71140,13:10:27.306446
83.166315,123224,71102,13:10:27.306446
83.168171,123528,71123,13:10:27.306446
83.170028,123395,71368,13:10:27.306446
83.171886,123484,71249,13:10:27.306446
83.173742,123298,71120,13:10:27.306446
83.175601,123405,71359,13:10:27.306446
83.177457,123234,71192,13:10:27.306446
83.179313,123281,70829,13:10:27.306446
83.18117,123296,70830,13:10:27.306446
83.183033,123118,70953,13:10:27.306446
83.18489,123272,71102,13:10:27.306446
83.186747,123419,71088,13:10:27.306446
83.188605,123415,71059,13:10:27.306446
83.190461,123627,71149,13:10:27.306446
83.192318,123384,70971,13:10:27.306446
83.194174,123578,71167,13:10:27.306446
83.19603,123515,70962,13:10:27.306446
83.197887,123124,71258,13:10:27.306446
83.199743,123337,70990,13:10:27.306446
83.201604,123224,70971,13:10:27.306446
83.20346,123281,70872,13:10:27.306446
83.205316,123587,71239,13:10:27.355723
83.207177,123318,71222,13:10:27.355723
83.209039,123236,71136,13:10:27.355723
83.210968,123616,71046,13:10:27.355723
83.212825,123369,71225,13:10:27.355723
83.214683,123621,71262,13:10:27.355723
83.216542,123385,71156,13:10:27.355723
83.218399,123281,71305,13:10:27.355723
83.220259,123387,71301,13:10:27.355723
83.222115,123329,71184,13:10:27.355723
83.223972,123247,70903,13:10:27.355723
83.22583,123334,71117,13:10:27.355723
83.227686,123239,70899,13:10:27.355723
83.229543,123183,70850,13:10:27.355723
83.231399,123151,71176,13:10:27.355723
83.233255,123123,71322,13:10:27.355723
83.235112,123187,71135,13:10:27.355723
83.236969,123424,70868,13:10:27.355723
83.238831,123432,71138,13:10:27.355723
83.240687,123295,71189,13:10:27.355723
83.242547,123345,70868,13:10:27.355723
83.244412,123451,71008,13:10:27.355723
83.246268,123375,71262,13:10:27.355723
83.248126,123417,70931,13:10:27.355723
83.249983,123320,71234,13:10:27.355723
83.251841,123422,71262,13:10:27.355723
83.253699,123193,71218,13:10:27.355723
83.255586,123362,71135,13:10:27.405365
83.257451,123393,71068,13:10:27.405365
83.259312,123501,71254,13:10:27.405365
83.26123,123063,71174,13:10:27.405365
83.263087,123114,71345,13:10:27.405365
83.264946,123196,70890,13:10:27.405365
83.266807,123270,71132,13:10:27.405365
83.268664,123058,70736,13:10:27.405365
83.270522,123308,70956,13:10:27.405365
83.272378,123230,71193,13:10:27.405365
83.274235,123372,70958,13:10:27.405365
83.276093,123424,71185,13:10:27.405365
83.27795,123463,70939,13:10:27.405365
83.279808,123291,71212,13:10:27.405365
83.281664,123361,71022,13:10:27.405365
83.283529,123220,71241,13:10:27.405365
83.285385,123701,71211,13:10:27.405365
83.287241,123232,71114,13:10:27.406371
83.2891,123340,71166,13:10:27.406371
83.290956,123224,71146,13:10:27.406371
83.292814,123125,70943,13:10:27.406371
83.294671,123320,70932,13:10:27.406371
83.296527,123346,71155,13:10:27.406371
83.298383,123163,71096,13:10:27.406371
83.300249,123214,71081,13:10:27.406371
83.302106,123370,71004,13:10:27.406371
83.303962,123246,71287,13:10:27.406371
83.305827,123298,71329,13:10:27.456411
83.307689,123407,71448,13:10:27.456411
83.309551,123414,71088,13:10:27.456411
83.311471,123134,71268,13:10:27.456411
83.313342,123226,71161,13:10:27.456411
83.315198,123098,71159,13:10:27.456411
83.317057,123173,71139,13:10:27.456411
83.318913,123293,71060,13:10:27.456411
83.320771,123271,71312,13:10:27.456411
83.322628,123381,71129,13:10:27.456411
83.324488,123634,71045,13:10:27.456411
83.326344,123533,70719,13:10:27.456411
83.328201,123192,71125,13:10:27.456411
83.330059,123320,71062,13:10:27.456411
83.331916,123226,70935,13:10:27.456411
83.333776,123102,71109,13:10:27.456411
83.335632,122927,71277,13:10:27.456411
83.337489,123276,71046,13:10:27.456411
83.339347,123272,70935,13:10:27.456411
83.341208,123117,71077,13:10:27.456411
83.343066,123102,71219,13:10:27.456411
83.344922,123443,71137,13:10:27.456411
83.346792,123254,71068,13:10:27.456411
83.348649,123333,71056,13:10:27.456411
83.350505,123422,71063,13:10:27.456411
83.352365,123160,71001,13:10:27.456411
83.354222,123160,70945,13:10:27.456411
83.356088,123037,70976,13:10:27.506140
83.357948,123116,71056,13:10:27.506140
83.359813,123449,71145,13:10:27.506140
83.361701,123330,70959,13:10:27.506140
83.363557,123237,70858,13:10:27.506140
83.365416,123171,71122,13:10:27.506140
83.367272,123244,71040,13:10:27.506140
83.369128,123285,70984,13:10:27.506140
83.370987,123223,71110,13:10:27.506140
83.372845,123463,70859,13:10:27.506140
83.374701,123501,70886,13:10:27.506140
83.376558,123287,71172,13:10:27.506140
83.378416,123337,71016,13:10:27.506140
83.380272,123290,70980,13:10:27.507142
83.382129,123361,71114,13:10:27.507142
83.383987,122977,71066,13:10:27.507142
83.385845,123257,70889,13:10:27.507142
83.387704,123214,71056,13:10:27.507142
83.38956,123210,71006,13:10:27.507142
83.391421,123301,71200,13:10:27.507142
83.393277,123513,71129,13:10:27.507142
83.395133,123312,70981,13:10:27.507142
83.396992,123235,71272,13:10:27.507142
83.398848,123251,71083,13:10:27.507142
83.400706,123069,71154,13:10:27.507142
83.402563,123065,71003,13:10:27.507142
83.404419,123172,71068,13:10:27.507142
83.406279,123156,71023,13:10:27.556059
83.40814,123359,71297,13:10:27.556059
83.410007,123365,70938,13:10:27.556059
83.411926,123008,70954,13:10:27.556059
83.413784,123357,71409,13:10:27.556059
83.415643,123446,71130,13:10:27.556059
83.417499,123237,71080,13:10:27.556059
83.419358,123265,70923,13:10:27.556059
83.421214,123343,71241,13:10:27.556059
83.42307,123143,71043,13:10:27.556059
83.424929,123026,71127,13:10:27.556059
83.426789,123165,71311,13:10:27.556059
83.428645,123039,71247,13:10:27.556059
83.430502,123092,70961,13:10:27.556059
83.43236,123158,71022,13:10:27.556059
83.434216,123237,71238,13:10:27.556059
83.436073,123261,71201,13:10:27.556059
83.437931,123162,71010,13:10:27.556059
83.439793,123157,70908,13:10:27.556059
83.44165,123194,70983,13:10:27.556059
83.443506,123405,71051,13:10:27.556059
83.445367,123011,71128,13:10:27.556059
83.447224,123232,71102,13:10:27.556059
83.449087,122950,70899,13:10:27.556059
83.45095,123361,71156,13:10:27.556059
83.452806,123122,70979,13:10:27.556059
83.454664,123486,70952,13:10:27.605637
83.456535,123099,71034,13:10:27.605637
83.458413,123241,71045,13:10:27.605637
83.460287,123142,71190,13:10:27.605637
83.462187,123250,70801,13:10:27.605637
83.464044,122991,70690,13:10:27.605637
83.465902,123169,71057,13:10:27.605637
83.467758,123147,70897,13:10:27.605637
83.469615,123018,70798,13:10:27.605637
83.471471,123146,70958,13:10:27.605637
83.473331,123324,70942,13:10:27.605637
83.475188,123109,71035,13:10:27.605637
83.477044,123070,71182,13:10:27.605637
83.478902,123227,70913,13:10:27.605637
83.480761,123370,71041,13:10:27.605637
83.482619,123274,71052,13:10:27.605637
83.484476,123160,71041,13:10:27.605637
83.486334,123343,71037,13:10:27.605637
83.488192,123070,71171,13:10:27.605637
83.490049,123273,70870,13:10:27.605637
83.491909,123097,70892,13:10:27.605637
83.493765,122920,70853,13:10:27.605637
83.495624,123175,70770,13:10:27.605637
83.49748,123257,71003,13:10:27.605637
83.499336,122905,70843,13:10:27.605637
83.501195,123153,70938,13:10:27.605637
83.503055,123021,71141,13:10:27.605637
83.504913,123166,70957,13:10:27.656124
83.506774,123214,70921,13:10:27.656124
83.508636,123251,70810,13:10:27.656124
83.510557,123115,70950,13:10:27.656124
83.512434,123248,71027,13:10:27.656124
83.514297,123201,70865,13:10:27.656124
83.516153,123245,70911,13:10:27.656124
83.518009,123384,71094,13:10:27.656124
83.51987,123185,70977,13:10:27.656124
83.521726,123010,70998,13:10:27.656124
83.523584,123236,70969,13:10:27.656124
83.525441,122965,70701,13:10:27.656124
83.527297,123196,70811,13:10:27.656124
83.529154,123306,70681,13:10:27.656124
83.531018,123095,71016,13:10:27.656124
83.532876,123238,70917,13:10:27.656124
83.534733,123250,70888,13:10:27.656124
83.536591,123130,71032,13:10:27.656124
83.538449,123128,70788,13:10:27.656124
83.540306,123162,70910,13:10:27.656124
83.542164,123172,70672,13:10:27.656124
83.54402,123143,71054,13:10:27.656124
83.545879,123235,71020,13:10:27.656124
83.547735,123202,71233,13:10:27.656124
83.549595,122795,70653,13:10:27.656124
83.55146,123214,70907,13:10:27.656124
83.553316,123236,70877,13:10:27.656124
83.555178,123245,70939,13:10:27.708198
83.557047,123170,71077,13:10:27.708198
83.558909,123229,70663,13:10:27.708198
83.560833,122962,71055,13:10:27.708198
83.562689,123292,70735,13:10:27.708198
83.564548,122756,70804,13:10:27.708198
83.566404,123086,70689,13:10:27.708198
83.56826,123267,71006,13:10:27.708198
83.570119,123173,70749,13:10:27.708198
83.571977,123141,70849,13:10:27.708198
83.573836,123301,70843,13:10:27.708198
83.575692,123197,71006,13:10:27.708198
83.57755,123093,70897,13:10:27.708198
83.579407,122991,70791,13:10:27.708198
83.581263,123209,70982,13:10:27.708198
83.583121,123111,70905,13:10:27.708198
83.584978,123110,70984,13:10:27.708198
83.586838,123148,70785,13:10:27.708198
83.588694,123337,70941,13:10:27.708198
83.590555,123302,70720,13:10:27.708198
83.592411,123165,70950,13:10:27.708198
83.594267,123339,70782,13:10:27.708198
83.596126,123127,70808,13:10:27.708198
83.597982,123502,70857,13:10:27.708198
83.59984,123079,70817,13:10:27.708198
83.601697,123216,70740,13:10:27.708198
83.603553,123101,70785,13:10:27.708198
83.60542,123318,70630,13:10:27.757971
83.60729,122938,70878,13:10:27.757971
83.60915,122928,70838,13:10:27.757971
83.611068,123108,70688,13:10:27.757971
83.612936,123063,70813,13:10:27.757971
83.614793,123382,70710,13:10:27.757971
83.616649,123192,70977,13:10:27.757971
83.618508,123228,71088,13:10:27.757971
83.620364,123364,70737,13:10:27.757971
83.62222,123244,71075,13:10:27.757971
83.624077,123319,70890,13:10:27.757971
83.625933,123271,71031,13:10:27.757971
83.627789,122965,70917,13:10:27.757971
83.629646,123389,70559,13:10:27.757971
83.631508,123132,70894,13:10:27.757971
83.633365,123158,71020,13:10:27.757971
83.635221,123196,71107,13:10:27.757971
83.637081,123113,70905,13:10:27.757971
83.638938,123262,70945,13:10:27.757971
83.640798,123220,70918,13:10:27.757971
83.642654,123283,70806,13:10:27.757971
83.644511,123102,70869,13:10:27.757971
83.646367,123012,70643,13:10:27.757971
83.648224,123268,70865,13:10:27.757971
83.650084,123248,70655,13:10:27.757971
83.651941,123311,70737,13:10:27.757971
83.653804,123312,70504,13:10:27.757971
83.655669,123046,70884,13:10:27.806128
83.657535,123206,70804,13:10:27.806128
83.659405,123158,70832,13:10:27.806128
83.661338,123221,70891,13:10:27.806128
83.66323,123279,70788,13:10:27.806128
83.665086,123001,70743,13:10:27.806128
83.666943,123523,70781,13:10:27.806128
83.668809,123122,70750,13:10:27.806128
83.670665,123144,70752,13:10:27.806128
83.672522,123105,70706,13:10:27.806128
83.67438,123087,70739,13:10:27.806128
83.676236,123049,70819,13:10:27.806128
83.678095,122955,70759,13:10:27.806128
83.679951,123165,70717,13:10:27.806128
83.681807,123235,70830,13:10:27.806128
83.683664,123007,70715,13:10:27.806128
83.68553,123310,70568,13:10:27.806128
83.687386,123187,70993,13:10:27.806128
83.689243,123224,70821,13:10:27.806128
83.691101,123506,70994,13:10:27.806128
83.692957,123140,70754,13:10:27.806128
83.694814,123241,70437,13:10:27.806128
83.696672,123153,70558,13:10:27.806128
83.698528,122903,70611,13:10:27.806128
83.700387,123236,70879,13:10:27.806128
83.702243,123250,70808,13:10:27.806128
83.704108,122920,70718,13:10:27.806128
83.70597,123414,70702,13:10:27.859241
83.70784,123431,70529,13:10:27.859241
83.709705,123302,70907,13:10:27.859241
83.711605,122999,70837,13:10:27.859241
83.713461,123334,71035,13:10:27.859241
83.715323,123060,70748,13:10:27.859241
83.71718,123203,70963,13:10:27.859241
83.719038,123091,71051,13:10:27.859241
83.720895,123113,70939,13:10:27.859241
83.722755,123367,70570,13:10:27.859241
83.724611,122839,71010,13:10:27.859241
83.726468,123309,70850,13:10:27.859241
83.728326,122976,70783,13:10:27.860248
83.730182,123353,70644,13:10:27.860248
83.732041,123238,70814,13:10:27.860248
83.733897,123112,70850,13:10:27.860248
83.735753,123125,70808,13:10:27.860248
83.73761,123168,70771,13:10:27.860248
83.739467,123285,70770,13:10:27.860248
83.741329,123156,70843,13:10:27.860248
83.743185,123109,70897,13:10:27.860248
83.745043,123024,70755,13:10:27.860248
83.7469,122930,70814,13:10:27.860248
83.748756,123094,70943,13:10:27.860248
83.750614,123256,70707,13:10:27.860248
83.752472,122875,70680,13:10:27.860248
83.754329,123090,70835,13:10:27.860248
83.756203,123221,70944,13:10:27.905024
83.758064,123449,70917,13:10:27.905024
83.75993,123198,70877,13:10:27.905024
83.761814,123417,70951,13:10:27.906022
83.763673,123166,70866,13:10:27.906022
83.765559,122912,70611,13:10:27.906022
83.767415,123232,71077,13:10:27.906022
83.769276,123030,70631,13:10:27.906022
83.771132,122970,70913,13:10:27.906022
83.772988,123408,71043,13:10:27.906022
83.774847,123205,70780,13:10:27.906022
83.776703,123389,71009,13:10:27.906022
83.778559,123263,70674,13:10:27.906022
83.780416,123141,70798,13:10:27.906022
83.782274,123191,70849,13:10:27.906022
83.78413,123111,70709,13:10:27.906022
83.785989,122954,70737,13:10:27.906022
83.787845,123195,70822,13:10:27.906022
83.789701,123053,70789,13:10:27.906022
83.79156,123262,70739,13:10:27.906022
83.793422,123201,70745,13:10:27.906022
83.795278,123310,70809,13:10:27.906022
83.797135,122981,70949,13:10:27.906022
83.798993,122996,70924,13:10:27.906022
83.80085,123289,70926,13:10:27.906022
83.802706,123332,70781,13:10:27.906022
83.804564,123193,70673,13:10:27.961724
83.806433,123033,70890,13:10:27.961724
83.808293,123240,70814,13:10:27.961724
83.810183,123311,70630,13:10:27.961724
83.812057,122991,70897,13:10:27.961724
83.813918,123126,70695,13:10:27.961724
83.815774,123145,70999,13:10:27.961724
83.817632,123201,70810,13:10:27.961724
83.819489,123043,70857,13:10:27.961724
83.821345,123279,70631,13:10:27.961724
83.823204,123470,70973,13:10:27.961724
83.825066,123416,70643,13:10:27.961724
83.826924,123071,70960,13:10:27.961724
83.828783,123155,70712,13:10:27.961724
83.830647,123042,70887,13:10:27.961724
83.832503,123109,70896,13:10:27.961724
83.83436,122945,70854,13:10:27.961724
83.836218,123086,70609,13:10:27.961724
83.838074,123087,70745,13:10:27.961724
83.839933,123352,70713,13:10:27.961724
83.841789,123118,70796,13:10:27.961724
83.843645,123218,70904,13:10:27.961724
83.845502,123092,70672,13:10:27.961724
83.847368,123139,70751,13:10:27.961724
83.849224,123531,70765,13:10:27.963229
83.851081,123292,70806,13:10:27.963229
83.852939,123231,70992,13:10:27.963229
83.854798,123197,70564,13:10:28.009770
83.856666,122956,70732,13:10:28.009770
83.858526,123269,70722,13:10:28.009770
83.86042,123272,70967,13:10:28.009770
83.862323,123270,70964,13:10:28.009770
83.864181,123223,71270,13:10:28.009770
83.866037,123174,70936,13:10:28.009770
83.867898,123268,70981,13:10:28.009770
83.869754,123050,70887,13:10:28.009770
83.871616,123088,70949,13:10:28.009770
83.873473,123118,70810,13:10:28.009770
83.875329,123250,70869,13:10:28.009770
83.877191,123304,70735,13:10:28.009770
83.879048,123085,70801,13:10:28.009770
83.880908,123108,71303,13:10:28.009770
83.882766,122924,70990,13:10:28.009770
83.884623,123046,70930,13:10:28.009770
83.886481,123269,70865,13:10:28.009770
83.888337,123205,71117,13:10:28.009770
83.890196,123259,71000,13:10:28.009770
83.892052,123266,71216,13:10:28.009770
83.893918,123392,71099,13:10:28.009770
83.895775,123071,71090,13:10:28.009770
83.897631,123109,70987,13:10:28.009770
83.89949,123126,71040,13:10:28.009770
83.901346,123236,71051,13:10:28.009770
83.903202,123244,70998,13:10:28.009770
83.905059,123042,70889,13:10:28.057540
83.906923,123186,71006,13:10:28.057540
83.908783,123153,70915,13:10:28.057540
83.910672,123204,71194,13:10:28.057540
83.91254,122902,71074,13:10:28.057540
83.91441,123341,70889,13:10:28.057540
83.916266,123090,70990,13:10:28.057540
83.918125,123182,71189,13:10:28.057540
83.919981,123248,71161,13:10:28.057540
83.92184,123200,70892,13:10:28.057540
83.923696,123008,71022,13:10:28.057540
83.925554,123334,71019,13:10:28.057540
83.927411,123367,70997,13:10:28.057540
83.929267,122999,71275,13:10:28.057540
83.931125,123208,71264,13:10:28.057540
83.932982,123316,71023,13:10:28.057540
83.93484,123200,71142,13:10:28.057540
83.936696,123366,70930,13:10:28.057540
83.938553,123173,71088,13:10:28.057540
83.940411,123321,70958,13:10:28.057540
83.942273,123211,70908,13:10:28.057540
83.94413,122905,70671,13:10:28.057540
83.945986,123127,70948,13:10:28.057540
83.947845,123036,71007,13:10:28.057540
83.949701,122868,70877,13:10:28.057540
83.951557,123114,70879,13:10:28.057540
83.953416,123236,71205,13:10:28.057540
83.955272,123126,70727,13:10:28.109248
83.957144,123366,71033,13:10:28.110258
83.959005,123168,71105,13:10:28.110258
83.96093,123029,70941,13:10:28.110258
83.962793,122820,71093,13:10:28.110258
83.964649,123349,71254,13:10:28.110258
83.96651,123372,70819,13:10:28.110258
83.968368,123407,71039,13:10:28.110258
83.970224,123224,70839,13:10:28.110258
83.972083,123187,70977,13:10:28.110258
83.973939,123322,70631,13:10:28.110258
83.975799,123355,70818,13:10:28.110258
83.977656,123592,71033,13:10:28.110258
83.979512,123096,70948,13:10:28.110258
83.981369,123152,71012,13:10:28.110258
83.983233,122949,71027,13:10:28.110258
83.985091,123328,70843,13:10:28.110258
83.986948,123265,70966,13:10:28.110258
83.988806,123191,70778,13:10:28.110258
83.990662,123212,70876,13:10:28.110258
83.992519,123275,71260,13:10:28.110258
83.994379,123032,70900,13:10:28.110258
83.996235,123095,71101,13:10:28.110258
83.998094,123218,70998,13:10:28.110258
83.99995,123235,70756,13:10:28.110258
84.00181,123303,70936,13:10:28.110258
84.003667,123378,70849,13:10:28.110258
84.005524,123358,71059,13:10:28.158765
84.007401,123290,71121,13:10:28.158765
84.009266,123374,71019,13:10:28.158765
84.011176,122856,70699,13:10:28.158765
84.013034,123424,71271,13:10:28.158765
84.014902,121652,70854,13:10:28.158765
84.016787,123148,71068,13:10:28.158765
84.018643,123317,70974,13:10:28.158765
84.020499,123299,71007,13:10:28.158765
84.022358,123148,71099,13:10:28.159766
84.024214,123461,71066,13:10:28.159766
84.026073,123517,71183,13:10:28.159766
84.027929,123342,71277,13:10:28.159766
84.029791,123404,71023,13:10:28.159766
84.031648,123251,70968,13:10:28.159766
84.033504,123296,70892,13:10:28.159766
84.035366,123121,70893,13:10:28.159766
84.037223,123494,71099,13:10:28.159766
84.039081,123173,70729,13:10:28.159766
84.040937,123230,70926,13:10:28.159766
84.042796,123267,70804,13:10:28.159766
84.044654,123164,71065,13:10:28.159766
84.046511,123339,71055,13:10:28.159766
84.048369,123240,70997,13:10:28.159766
84.050225,123161,71039,13:10:28.159766
84.052087,123179,71066,13:10:28.159766
84.053944,123165,71078,13:10:28.159766
84.055814,123230,70961,13:10:28.212963
84.057678,122902,70932,13:10:28.212963
84.059541,123300,71021,13:10:28.212963
84.061454,123251,70808,13:10:28.212963
84.063315,123381,71149,13:10:28.212963
84.065205,123350,71128,13:10:28.212963
84.06707,123339,70974,13:10:28.212963
84.068928,123434,71325,13:10:28.212963
84.070785,123021,70941,13:10:28.212963
84.072643,123700,70995,13:10:28.212963
84.074499,123527,71028,13:10:28.212963
84.076358,123322,70996,13:10:28.212963
84.078214,123363,71202,13:10:28.212963
84.080074,123338,70895,13:10:28.212963
84.081931,123352,70733,13:10:28.212963
84.083787,123193,71083,13:10:28.212963
84.085649,123375,70917,13:10:28.212963
84.087506,123553,70763,13:10:28.212963
84.089366,123169,71037,13:10:28.212963
84.091222,123432,70946,13:10:28.212963
84.093079,123435,71199,13:10:28.212963
84.094937,123551,71355,13:10:28.212963
84.096795,123372,71023,13:10:28.212963
84.098652,123421,71157,13:10:28.212963
84.100508,123451,71142,13:10:28.212963
84.102369,123502,70909,13:10:28.212963
84.104225,123527,71030,13:10:28.212963
84.106087,123289,70815,13:10:28.263209
84.107948,123339,71072,13:10:28.263209
84.109815,123675,71019,13:10:28.263209
84.111732,123458,70857,13:10:28.263209
84.11359,123202,71067,13:10:28.263209
84.115446,123497,71230,13:10:28.263209
84.117337,122948,70959,13:10:28.263209
84.119197,123231,71080,13:10:28.263209
84.121054,123367,70886,13:10:28.263209
84.122912,123588,70847,13:10:28.263209
84.124768,123435,71272,13:10:28.263209
84.126627,123145,70888,13:10:28.263209
84.128483,123225,71028,13:10:28.263209
84.130347,123143,71180,13:10:28.263209
84.132204,123431,71140,13:10:28.263209
84.13406,123267,70892,13:10:28.263209
84.135919,123571,71115,13:10:28.263209
84.137775,123728,71114,13:10:28.263209
84.139633,123667,70870,13:10:28.263209
84.14149,123594,71054,13:10:28.263209
84.143346,123511,71068,13:10:28.263209
84.145204,123459,71109,13:10:28.263209
84.147068,123293,71096,13:10:28.263209
84.148925,123282,70748,13:10:28.263209
84.150781,123405,70876,13:10:28.263209
84.15264,123349,70830,13:10:28.263209
84.154496,123771,70838,13:10:28.315363
84.156364,123350,70808,13:10:28.315363
84.158225,123470,71004,13:10:28.315363
84.160102,123435,70931,13:10:28.315363
84.161987,123228,70912,13:10:28.315363
84.163847,123775,70937,13:10:28.316372
84.165716,123391,70999,13:10:28.316372
84.167576,122318,70988,13:10:28.316372
84.169458,123333,71158,13:10:28.316372
84.171321,123535,71059,13:10:28.316372
84.173179,123486,70788,13:10:28.316372
84.17504,123453,70973,13:10:28.316372
84.176898,123207,70943,13:10:28.316372
84.178754,123481,70905,13:10:28.316372
84.180613,123495,71025,13:10:28.316372
84.182469,123400,71132,13:10:28.316372
84.184325,123726,70766,13:10:28.316372
84.186184,123640,71071,13:10:28.316372
84.18804,123509,70992,13:10:28.316372
84.189898,123501,70805,13:10:28.317371
84.191755,123422,70831,13:10:28.317371
84.193617,123658,70882,13:10:28.317371
84.195474,123321,70746,13:10:28.317371
84.19733,123496,70886,13:10:28.317371
84.199188,123528,70876,13:10:28.317371
84.201045,123456,70884,13:10:28.317371
84.202903,123553,70960,13:10:28.317371
84.204761,123302,70987,13:10:28.366305
84.206622,123485,70965,13:10:28.366305
84.208482,123437,71140,13:10:28.366305
84.210396,123353,70893,13:10:28.366305
84.212266,123476,71092,13:10:28.366305
84.214123,123411,71010,13:10:28.366305
84.21598,123355,71017,13:10:28.366305
84.21784,123157,70839,13:10:28.366305
84.219697,122970,70824,13:10:28.366305
84.221562,123260,70991,13:10:28.366305
84.223419,123374,70832,13:10:28.366305
84.225275,123542,71009,13:10:28.366305
84.227133,123394,70933,13:10:28.366305
84.228995,123438,70906,13:10:28.366305
84.230854,123341,70996,13:10:28.366305
84.23271,123694,70848,13:10:28.366305
84.234577,123262,70798,13:10:28.366305
84.236433,123386,70917,13:10:28.366305
84.238289,123328,70799,13:10:28.366305
84.240148,123376,70832,13:10:28.366305
84.242004,123401,70797,13:10:28.366305
84.24386,123554,70903,13:10:28.366305
84.245717,123390,70994,13:10:28.366305
84.247573,123456,70910,13:10:28.366305
84.249432,123359,71011,13:10:28.366305
84.251297,123440,71016,13:10:28.366305
84.253154,123531,70862,13:10:28.366305
84.255011,123460,70779,13:10:28.417631
84.256889,123232,70966,13:10:28.417631
84.258749,123292,70666,13:10:28.417631
84.260667,122768,70788,13:10:28.417631
84.262532,122991,70707,13:10:28.417631
84.264388,123169,70659,13:10:28.417631
84.266244,123225,70843,13:10:28.417631
84.268103,123302,70869,13:10:28.417631
84.269993,123230,71158,13:10:28.417631
84.271855,122299,70900,13:10:28.417631
84.273712,123333,70856,13:10:28.417631
84.275568,123522,70972,13:10:28.417631
84.277426,123141,71019,13:10:28.417631
84.279283,123041,70924,13:10:28.417631
84.281141,123269,70859,13:10:28.417631
84.282997,123200,70852,13:10:28.417631
84.28486,123381,70831,13:10:28.417631
84.286716,123286,70820,13:10:28.417631
84.288572,123274,70951,13:10:28.417631
84.290431,123074,70848,13:10:28.417631
84.292287,123309,70871,13:10:28.417631
84.294143,123255,70963,13:10:28.417631
84.296,123263,70787,13:10:28.417631
84.297856,123219,70948,13:10:28.417631
84.299713,123069,70897,13:10:28.418635
84.301569,123323,71166,13:10:28.418635
84.303431,123410,70879,13:10:28.418635
84.305288,123275,70825,13:10:28.468069
84.307154,123417,70928,13:10:28.468069
84.309014,123173,71030,13:10:28.468069
84.310918,123156,70800,13:10:28.468069
84.312779,123279,70963,13:10:28.468069
84.314635,123547,70986,13:10:28.468069
84.316496,123430,71174,13:10:28.468069
84.318352,123550,71188,13:10:28.468069
84.320208,123735,71274,13:10:28.468069
84.32209,123062,71242,13:10:28.468069
84.323959,123540,71057,13:10:28.468069
84.325819,123985,70985,13:10:28.468069
84.327675,123651,70892,13:10:28.468069
84.329532,123845,71221,13:10:28.468069
84.33139,123638,71271,13:10:28.468069
84.333247,123532,71087,13:10:28.468069
84.335103,123781,71247,13:10:28.468069
84.336959,123561,71055,13:10:28.468069
84.338816,123443,71105,13:10:28.468069
84.340672,123368,70977,13:10:28.468069
84.342529,123326,71047,13:10:28.468069
84.344389,123391,70874,13:10:28.468069
84.346245,123623,71420,13:10:28.468069
84.348103,123937,71355,13:10:28.468069
84.34996,123935,71467,13:10:28.468069
84.351816,124350,71615,13:10:28.468069
84.353674,124502,71421,13:10:28.468069
84.355534,124381,71657,13:10:28.520330
84.357403,124777,71705,13:10:28.520330
84.359265,124940,71728,13:10:28.520330
84.361162,124295,71864,13:10:28.520330
84.363022,124669,71685,13:10:28.520330
84.364878,124436,71420,13:10:28.520330
84.366737,124237,71442,13:10:28.520330
84.368593,123962,71734,13:10:28.520330
84.370461,124165,71383,13:10:28.520330
84.372318,123814,71405,13:10:28.520330
84.374183,124080,71478,13:10:28.520330
84.376042,124379,71356,13:10:28.520330
84.377899,124501,71475,13:10:28.520330
84.379788,124357,71529,13:10:28.520330
84.381645,124695,71996,13:10:28.520330
84.383507,125241,72252,13:10:28.520330
84.385364,125514,72405,13:10:28.520330
84.38722,125754,72373,13:10:28.520330
84.389083,125594,72498,13:10:28.520330
84.390939,126292,72630,13:10:28.520330
84.392798,126011,72411,13:10:28.520330
84.394656,126122,72687,13:10:28.520330
84.396512,125940,72253,13:10:28.520330
84.398371,125823,72221,13:10:28.520330
84.400227,125596,72251,13:10:28.520330
84.402085,125456,72208,13:10:28.520330
84.403944,125457,71974,13:10:28.520330
84.405816,125031,71869,13:10:28.570364
84.40768,124914,71934,13:10:28.570364
84.409544,124882,71844,13:10:28.570364
84.411454,124623,71953,13:10:28.570364
84.413311,124442,71750,13:10:28.570364
84.415167,124537,71738,13:10:28.570364
84.417026,124704,71812,13:10:28.570364
84.418882,124001,71744,13:10:28.570364
84.420739,124788,71989,13:10:28.570364
84.422597,124749,71913,13:10:28.570364
84.424457,123806,72011,13:10:28.570364
84.426314,125098,71973,13:10:28.570364
84.42817,125106,71990,13:10:28.570364
84.430028,125011,71988,13:10:28.570364
84.431885,125140,71916,13:10:28.570364
84.433741,124991,71965,13:10:28.570364
84.435599,125001,72210,13:10:28.570364
84.437456,125187,72190,13:10:28.570364
84.439314,125223,71957,13:10:28.570364
84.441171,125138,72237,13:10:28.570364
84.443035,125398,72456,13:10:28.570364
84.444891,125411,72337,13:10:28.570364
84.446748,125838,72349,13:10:28.570364
84.448606,125655,72434,13:10:28.570364
84.450462,125892,72627,13:10:28.570364
84.452319,125978,72847,13:10:28.570364
84.454175,126032,72767,13:10:28.570364
84.456051,126194,72550,13:10:28.622792
84.457912,126068,72487,13:10:28.622792
84.45978,125836,72530,13:10:28.622792
84.461666,125993,72323,13:10:28.622792
84.463523,125782,72245,13:10:28.622792
84.465381,125219,71994,13:10:28.622792
84.467239,125229,72234,13:10:28.622792
84.469096,125027,71879,13:10:28.622792
84.470954,124771,71720,13:10:28.622792
84.472812,125105,72045,13:10:28.622792
84.474684,125175,71999,13:10:28.622792
84.476567,125157,72209,13:10:28.622792
84.478423,125617,72252,13:10:28.622792
84.480282,125386,72403,13:10:28.622792
84.482138,125551,72285,13:10:28.622792
84.483994,125622,72831,13:10:28.622792
84.485851,126175,72563,13:10:28.622792
84.487707,126137,72476,13:10:28.622792
84.489565,126081,72757,13:10:28.622792
84.491422,126274,72536,13:10:28.622792
84.493278,126282,72581,13:10:28.622792
84.495134,125740,72647,13:10:28.622792
84.496991,125943,72576,13:10:28.622792
84.498847,125632,72283,13:10:28.622792
84.500704,125802,72307,13:10:28.622792
84.502564,125618,72410,13:10:28.622792
84.50442,125549,71876,13:10:28.673263
84.506283,124878,71920,13:10:28.673263
84.508143,125568,72244,13:10:28.673263
84.510021,125223,72150,13:10:28.673263
84.511911,125305,72096,13:10:28.673263
84.513768,125416,72421,13:10:28.673263
84.515626,125726,72713,13:10:28.673263
84.517482,125323,72391,13:10:28.673263
84.519339,125643,72510,13:10:28.673263
84.521197,126319,72542,13:10:28.673263
84.523053,125714,72727,13:10:28.673263
84.524912,125804,72671,13:10:28.673263
84.526768,126221,72978,13:10:28.673263
84.52863,125898,72587,13:10:28.673263
84.530509,126071,72424,13:10:28.673263
84.532365,126064,72403,13:10:28.673263
84.534221,125728,72189,13:10:28.673263
84.536078,125463,72055,13:10:28.673263
84.53794,125419,72265,13:10:28.673263
84.539798,125247,72016,13:10:28.673263
84.541655,125277,71763,13:10:28.673263
84.543513,125353,72182,13:10:28.673263
84.54537,125249,72058,13:10:28.673263
84.547228,125221,72267,13:10:28.673263
84.549084,125410,72227,13:10:28.673263
84.550941,125431,72059,13:10:28.673263
84.552799,125677,72072,13:10:28.673263
84.554658,125303,72055,13:10:28.725506
84.556524,125433,71979,13:10:28.725506
84.558384,125605,71988,13:10:28.725506
84.560284,125335,72007,13:10:28.725506
84.562158,125000,72002,13:10:28.725506
84.564015,125055,72278,13:10:28.725506
84.565873,124830,71787,13:10:28.725506
84.56773,125001,71879,13:10:28.725506
84.569586,124629,71600,13:10:28.725506
84.571444,124556,71561,13:10:28.725506
84.573308,123840,71435,13:10:28.725506
84.575168,123851,71226,13:10:28.725506
84.577025,123611,71076,13:10:28.725506
84.57889,122443,71147,13:10:28.725506
84.580746,123477,71001,13:10:28.725506
84.582602,123543,70890,13:10:28.725506
84.584461,123522,71009,13:10:28.725506
84.586317,123750,71169,13:10:28.725506
84.588175,123723,71195,13:10:28.725506
84.590032,124274,71334,13:10:28.725506
84.591896,124093,71539,13:10:28.725506
84.593754,124079,71154,13:10:28.725506
84.595619,124082,71261,13:10:28.725506
84.597475,123798,71108,13:10:28.725506
84.599332,123852,71293,13:10:28.725506
84.60119,123822,71097,13:10:28.725506
84.603046,123723,71076,13:10:28.725506
84.604903,123686,70914,13:10:28.775265
84.606777,123751,71029,13:10:28.775265
84.608637,123520,70833,13:10:28.775265
84.610536,123536,71176,13:10:28.775265
84.612396,123576,70921,13:10:28.775265
84.614257,123609,71024,13:10:28.775265
84.616119,123331,71103,13:10:28.775265
84.617975,123693,71132,13:10:28.775265
84.619835,123494,71109,13:10:28.775265
84.621692,123934,71021,13:10:28.775265
84.623548,123422,71407,13:10:28.775265
84.625406,123596,71104,13:10:28.775265
84.627263,123718,71454,13:10:28.775265
84.629147,123643,71570,13:10:28.775265
84.631013,124144,71412,13:10:28.775265
84.632874,124108,71373,13:10:28.775265
84.634732,124389,71550,13:10:28.775265
84.636588,124586,71567,13:10:28.776266
84.638444,124746,71624,13:10:28.776266
84.640301,124551,71304,13:10:28.776266
84.642163,124380,71509,13:10:28.776266
84.64402,124667,71617,13:10:28.776266
84.645876,124507,71569,13:10:28.776266
84.647734,124484,71394,13:10:28.776266
84.649591,124514,71287,13:10:28.776266
84.651449,124396,71586,13:10:28.776266
84.653306,124382,71438,13:10:28.776266
84.655164,124181,71376,13:10:28.827878
84.657032,124232,70984,13:10:28.827878
84.658892,124244,71194,13:10:28.827878
84.660813,123765,71133,13:10:28.827878
84.662669,123890,70988,13:10:28.827878
84.664526,123793,70896,13:10:28.827878
84.666384,123272,70767,13:10:28.827878
84.66824,123398,70929,13:10:28.827878
84.670098,123254,70704,13:10:28.827878
84.671955,123602,70842,13:10:28.827878
84.673813,122983,71023,13:10:28.827878
84.675671,123283,70788,13:10:28.827878
84.677537,123137,71044,13:10:28.827878
84.679416,123344,71088,13:10:28.827878
84.68128,123637,71137,13:10:28.827878
84.683137,123873,71094,13:10:28.827878
84.684997,124068,71216,13:10:28.827878
84.686861,124158,71109,13:10:28.827878
84.688718,124180,71630,13:10:28.827878
84.690574,123942,71142,13:10:28.827878
84.692432,124016,70972,13:10:28.827878
84.694289,124036,71242,13:10:28.827878
84.696145,123979,71036,13:10:28.828784
84.698001,123585,71164,13:10:28.828784
84.699858,123605,70897,13:10:28.828784
84.701714,123610,70986,13:10:28.828784
84.70357,123631,71059,13:10:28.828784
84.705433,123487,70546,13:10:28.878297
84.707299,123393,70966,13:10:28.878297
84.70916,123573,70812,13:10:28.878297
84.711054,123183,70876,13:10:28.878297
84.71291,123322,70950,13:10:28.878297
84.714772,123161,70949,13:10:28.878297
84.716631,123339,70983,13:10:28.878297
84.718496,123262,70861,13:10:28.878297
84.720355,123273,70847,13:10:28.878297
84.722212,123690,70969,13:10:28.878297
84.72407,123617,71026,13:10:28.878297
84.725926,123612,71006,13:10:28.878297
84.727783,123995,71000,13:10:28.879476
84.729641,123272,70986,13:10:28.879476
84.731498,123911,71338,13:10:28.879476
84.733362,122520,71071,13:10:28.879476
84.735244,123513,71024,13:10:28.879476
84.7371,123484,70721,13:10:28.879476
84.738959,123394,70846,13:10:28.879476
84.740816,123415,70736,13:10:28.879476
84.742674,123125,70566,13:10:28.879476
84.74453,123044,70468,13:10:28.879476
84.746392,122946,70602,13:10:28.879476
84.748249,122676,70567,13:10:28.879476
84.750105,122844,70629,13:10:28.879476
84.751965,122995,70521,13:10:28.879476
84.753822,122966,70542,13:10:28.879476
84.755682,123079,70803,13:10:28.930822
84.757542,123076,70677,13:10:28.930822
84.759404,123178,70811,13:10:28.930822
84.761313,122884,70544,13:10:28.930822
84.763169,123195,70831,13:10:28.930822
84.765028,123506,70889,13:10:28.930822
84.766884,123502,70803,13:10:28.930822
84.76874,123279,70870,13:10:28.930822
84.770599,123797,71026,13:10:28.930822
84.772455,123635,71202,13:10:28.930822
84.774311,123773,70961,13:10:28.930822
84.776168,123368,70977,13:10:28.930822
84.778032,123861,70884,13:10:28.930822
84.779888,123572,70935,13:10:28.930822
84.781777,123367,71047,13:10:28.930822
84.783633,121359,70996,13:10:28.930822
84.785491,123643,71198,13:10:28.930822
84.787391,123914,71012,13:10:28.930822
84.789252,123820,71041,13:10:28.930822
84.791108,124289,71209,13:10:28.930822
84.792965,124260,71428,13:10:28.930822
84.794823,124367,71496,13:10:28.930822
84.796681,124715,71687,13:10:28.930822
84.798538,124785,71794,13:10:28.930822
84.800394,125123,71745,13:10:28.930822
84.802252,125097,71921,13:10:28.930822
84.804109,125411,71893,13:10:28.930822
84.805969,125411,72134,13:10:28.981243
84.807829,125498,72317,13:10:28.981243
84.809693,125436,72028,13:10:28.981243
84.811594,125447,72361,13:10:28.981243
84.81345,125712,72094,13:10:28.981243
84.815309,125231,72047,13:10:28.981243
84.817165,125330,72228,13:10:28.981243
84.819021,125190,71737,13:10:28.981243
84.82088,125415,71910,13:10:28.981243
84.82274,125177,72160,13:10:28.981243
84.824598,124885,72137,13:10:28.981243
84.826455,125160,71994,13:10:28.981243
84.828313,125182,72351,13:10:28.981243
84.83017,125733,72071,13:10:28.981243
84.832026,125643,72132,13:10:28.981243
84.833902,125872,72022,13:10:28.981243
84.835776,124183,72516,13:10:28.981243
84.837639,125778,72241,13:10:28.981243
84.839495,125866,72448,13:10:28.981243
84.841352,125740,72490,13:10:28.981243
84.84321,126071,72535,13:10:28.981243
84.845066,126079,72468,13:10:28.981243
84.846925,125954,72352,13:10:28.981243
84.848783,125768,72219,13:10:28.981243
84.850639,125925,72082,13:10:28.981243
84.852498,125581,72293,13:10:28.981243
84.85436,125815,72494,13:10:29.034780
84.856228,125906,72118,13:10:29.034780
84.858087,125983,72282,13:10:29.034780
84.859969,126148,72499,13:10:29.034780
84.861851,126175,72641,13:10:29.034780
84.863708,125982,72288,13:10:29.034780
84.865566,126198,72467,13:10:29.034780
84.867424,126100,72454,13:10:29.034780
84.869283,126266,72502,13:10:29.034780
84.871141,126097,72512,13:10:29.034780
84.872998,125964,72491,13:10:29.034780
84.874858,125536,72640,13:10:29.034780
84.876714,125985,72311,13:10:29.034780
84.878574,125790,72470,13:10:29.034780
84.880431,126067,72688,13:10:29.034780
84.882291,125733,72450,13:10:29.034780
84.88415,125879,72601,13:10:29.034780
84.88601,125766,72333,13:10:29.034780
84.887868,126070,72439,13:10:29.034780
84.889725,126063,72662,13:10:29.034780
84.891603,126247,72738,13:10:29.034780
84.893475,126573,72803,13:10:29.034780
84.895332,126416,72546,13:10:29.034780
84.89719,126515,73007,13:10:29.034780
84.899046,126519,73111,13:10:29.034780
84.900911,126634,72935,13:10:29.034780
84.902767,126736,73029,13:10:29.034780
84.904623,126652,72641,13:10:29.084155
84.906488,126237,72602,13:10:29.084155
84.908348,126383,72742,13:10:29.084155
84.910256,126144,72388,13:10:29.084155
84.912188,125920,72225,13:10:29.084155
84.914045,125741,72341,13:10:29.084155
84.915901,125787,72399,13:10:29.084155
84.917759,126070,72504,13:10:29.084155
84.919616,125806,72353,13:10:29.084155
84.921478,125406,72154,13:10:29.084155
84.923334,125402,72349,13:10:29.084155
84.925193,126256,72535,13:10:29.084155
84.927049,125966,72663,13:10:29.084155
84.928905,126323,73361,13:10:29.084155
84.930764,126380,73084,13:10:29.084155
84.932624,127227,72942,13:10:29.084155
84.934483,126811,73625,13:10:29.084155
84.936339,127557,73436,13:10:29.084155
84.938205,127342,73153,13:10:29.084155
84.940064,125830,73203,13:10:29.084155
84.94195,126971,72832,13:10:29.084155
84.943806,126723,73057,13:10:29.084155
84.945663,126592,72710,13:10:29.084155
84.947523,126489,72739,13:10:29.084155
84.949379,125985,72495,13:10:29.084155
84.951236,125507,72122,13:10:29.084155
84.953094,125663,71991,13:10:29.084155
84.95495,125161,72070,13:10:29.137355
84.956815,125049,71905,13:10:29.137355
84.958675,125015,71956,13:10:29.137355
84.96059,125080,71650,13:10:29.137355
84.962452,125000,71902,13:10:29.137355
84.964312,124495,71871,13:10:29.137355
84.966178,125055,71966,13:10:29.137355
84.968035,125067,72098,13:10:29.137355
84.969891,124704,72383,13:10:29.137355
84.971749,125605,72365,13:10:29.137355
84.973606,126022,72714,13:10:29.137355
84.975462,125702,72716,13:10:29.137355
84.977318,126272,72752,13:10:29.137355
84.979175,126285,72826,13:10:29.137355
84.981031,126195,72677,13:10:29.137355
84.982888,126206,73009,13:10:29.137355
84.984756,126578,73039,13:10:29.137355
84.986612,126803,73323,13:10:29.137355
84.988477,126778,72934,13:10:29.137355
84.990333,127318,73169,13:10:29.137355
84.992191,127537,73214,13:10:29.137355
84.994052,127436,73291,13:10:29.137355
84.995908,127553,73355,13:10:29.137355
84.997766,127472,73445,13:10:29.137355
84.999623,127674,73571,13:10:29.137355
85.001485,127528,73465,13:10:29.137355
85.003343,127335,73245,13:10:29.137355
85.0052,127374,73132,13:10:29.192519
85.007072,126893,73139,13:10:29.192519
85.008931,126749,73012,13:10:29.192519
85.010829,126004,72837,13:10:29.192519
85.012687,126077,72552,13:10:29.192519
85.014543,126018,72476,13:10:29.192519
85.0164,125482,72255,13:10:29.192519
85.018256,125648,72323,13:10:29.192519
85.020118,125287,72304,13:10:29.192519
85.021975,125312,72006,13:10:29.192519
85.023833,124529,71846,13:10:29.192519
85.025694,124628,72166,13:10:29.192519
85.027552,124780,71660,13:10:29.192519
85.029408,124459,71898,13:10:29.192519
85.031265,124435,71935,13:10:29.192519
85.033121,123992,71641,13:10:29.192519
85.034977,124137,71595,13:10:29.192519
85.036836,123951,71700,13:10:29.192519
85.038712,123819,71413,13:10:29.192519
85.04058,123766,71176,13:10:29.192519
85.042437,123687,71492,13:10:29.192519
85.044293,123425,71118,13:10:29.192519
85.04615,122987,70706,13:10:29.192519
85.048008,122587,70844,13:10:29.192519
85.049866,122646,70528,13:10:29.192519
85.051724,122465,70251,13:10:29.192519
85.053581,122077,70375,13:10:29.192519
85.055439,121866,70454,13:10:29.236380
85.057311,122026,70248,13:10:29.236380
85.059178,121650,70271,13:10:29.236380
85.06107,121619,70257,13:10:29.236380
85.062926,121683,70120,13:10:29.236380
85.064785,121360,70101,13:10:29.236380
85.066645,121498,70344,13:10:29.236380
85.068501,121461,69886,13:10:29.236380
85.07036,120730,70023,13:10:29.236380
85.072216,121220,69727,13:10:29.236380
85.074078,120940,69589,13:10:29.236380
85.075937,121069,69724,13:10:29.236380
85.077803,120970,69450,13:10:29.236380
85.079661,120567,69461,13:10:29.236380
85.081518,120627,69627,13:10:29.236380
85.083384,120350,69591,13:10:29.236380
85.08524,119686,69325,13:10:29.236380
85.087105,119897,69255,13:10:29.236380
85.088963,119863,69164,13:10:29.236380
85.090819,119885,69207,13:10:29.236380
85.092678,119565,69000,13:10:29.236380
85.094536,119559,68930,13:10:29.236380
85.096412,117919,68647,13:10:29.236380
85.098285,118912,68548,13:10:29.236380
85.100141,118500,68328,13:10:29.236380
85.101999,118142,68162,13:10:29.236380
85.103856,118146,68124,13:10:29.236380
85.105718,117737,67854,13:10:29.294164
85.107579,117842,67923,13:10:29.294164
85.10944,117734,67997,13:10:29.294164
85.111363,117182,67851,13:10:29.294164
85.113227,117732,68092,13:10:29.294164
85.115086,117538,68170,13:10:29.294164
85.116948,117536,67823,13:10:29.294164
85.118806,117431,67713,13:10:29.294164
85.120665,117407,67715,13:10:29.294164
85.122521,117100,67344,13:10:29.294164
85.124378,116519,67153,13:10:29.294164
85.126236,116376,66925,13:10:29.294164
85.128095,115782,66739,13:10:29.294164
85.129952,115343,66338,13:10:29.294164
85.131809,114588,66055,13:10:29.294164
85.133671,114113,65216,13:10:29.294164
85.135528,112726,64779,13:10:29.294164
85.137384,111042,64028,13:10:29.294164
85.139244,110672,63596,13:10:29.294164
85.141121,107527,62597,13:10:29.294164
85.142993,107889,61845,13:10:29.294164
85.144849,106582,61112,13:10:29.294164
85.146706,105011,60168,13:10:29.294164
85.148564,103634,59121,13:10:29.294164
85.15042,101898,58497,13:10:29.294164
85.152279,100627,57871,13:10:29.294164
85.154135,99079,56839,13:10:29.294164
85.156009,97819,56365,13:10:29.305036
85.157872,96908,55425,13:10:29.305036
85.159737,95615,55004,13:10:29.305036
85.161648,94719,54326,13:10:29.305036
85.163508,94063,54231,13:10:29.305036
85.165364,93581,53854,13:10:29.305036
85.167221,93234,53734,13:10:29.305036
85.169078,92946,53678,13:10:29.305036
85.170936,92727,53900,13:10:29.305036
85.172794,93192,54152,13:10:29.305036
85.174651,93454,54346,13:10:29.305036
85.176507,93311,54378,13:10:29.305036
85.178369,93514,54185,13:10:29.306028
85.180226,93640,54257,13:10:29.306028
85.182082,93674,54319,13:10:29.306028
85.18394,93750,53865,13:10:29.306028
85.185799,92794,53308,13:10:29.306028
85.187655,92341,53111,13:10:29.306028
85.189522,90905,52379,13:10:29.306028
85.191387,89999,51781,13:10:29.306028
85.193262,88792,50699,13:10:29.306028
85.195118,86998,50048,13:10:29.306028
85.196979,85543,48934,13:10:29.306028
85.198837,82235,48008,13:10:29.306028
85.200701,82511,47350,13:10:29.306028
85.202558,81426,46449,13:10:29.306028
85.204414,80058,45740,13:10:29.306028
85.206275,79206,45391,13:10:29.356882
85.208135,78473,44924,13:10:29.356882
85.210025,77470,44560,13:10:29.356882
85.211911,76810,43855,13:10:29.356882
85.213768,76248,43861,13:10:29.356882
85.215624,75843,43744,13:10:29.356882
85.217482,75555,43489,13:10:29.356882
85.219339,74956,43249,13:10:29.356882
85.221195,74503,42903,13:10:29.356882
85.223052,74198,42623,13:10:29.356882
85.224912,73700,42390,13:10:29.356882
85.226768,73182,41884,13:10:29.356882
85.228625,72145,41259,13:10:29.356882
85.230483,71180,40703,13:10:29.356882
85.232339,69988,40003,13:10:29.356882
85.234198,68722,39277,13:10:29.356882
85.236054,67098,38270,13:10:29.356882
85.237914,65216,37297,13:10:29.356882
85.239773,63441,36446,13:10:29.356882
85.241629,62007,35437,13:10:29.356882
85.243503,60044,34482,13:10:29.356882
85.24536,58607,33204,13:10:29.356882
85.247222,57062,32456,13:10:29.356882
85.249078,55155,31551,13:10:29.356882
85.250935,53981,30892,13:10:29.356882
85.252793,52167,29927,13:10:29.356882
85.25465,51073,29398,13:10:29.405765
85.256522,50119,28796,13:10:29.405765
85.258382,49098,28272,13:10:29.405765
85.260289,48146,27945,13:10:29.405765
85.262157,47370,27449,13:10:29.405765
85.264013,46631,27051,13:10:29.405765
85.265881,46267,26933,13:10:29.405765
85.26774,46040,26844,13:10:29.405765
85.269598,45574,26244,13:10:29.405765
85.27146,44945,26167,13:10:29.405765
85.273317,44601,25825,13:10:29.405765
85.275175,44153,25453,13:10:29.405765
85.277031,43564,25403,13:10:29.405765
85.278888,42638,24693,13:10:29.405765
85.280746,41862,24115,13:10:29.405765
85.282607,41106,23731,13:10:29.405765
85.284465,40225,23652,13:10:29.405765
85.286321,39682,23087,13:10:29.405765
85.288182,39203,22787,13:10:29.405765
85.290038,38784,22304,13:10:29.405765
85.2919,38401,22444,13:10:29.405765
85.293759,38221,22187,13:10:29.405765
85.295615,37504,21757,13:10:29.405765
85.297473,37273,21598,13:10:29.405765
85.29933,36472,21270,13:10:29.405765
85.301186,35973,21190,13:10:29.405765
85.303042,36269,21446,13:10:29.405765
85.304899,36175,20940,13:10:29.455989
85.306775,35711,20998,13:10:29.455989
85.308636,35898,20704,13:10:29.455989
85.310545,35410,20740,13:10:29.455989
85.312434,35291,20834,13:10:29.455989
85.31429,34991,20442,13:10:29.455989
85.316153,34305,20277,13:10:29.455989
85.318009,34059,19873,13:10:29.455989
85.319867,33428,19808,13:10:29.455989
85.321726,32805,18959,13:10:29.455989
85.323582,31990,18723,13:10:29.455989
85.32544,31344,18232,13:10:29.455989
85.327297,30565,17512,13:10:29.455989
85.329157,29817,17112,13:10:29.455989
85.331015,29184,16816,13:10:29.456862
85.332881,28171,16531,13:10:29.456862
85.334738,27119,15867,13:10:29.456862
85.336595,26749,15362,13:10:29.456862
85.338453,25783,14975,13:10:29.456862
85.340309,24823,14778,13:10:29.456862
85.342166,23706,13855,13:10:29.456862
85.344024,23049,13282,13:10:29.456862
85.34588,21951,13187,13:10:29.456862
85.347739,20954,12336,13:10:29.456862
85.349595,20077,11656,13:10:29.456862
85.351459,18629,10854,13:10:29.456862
85.353318,17986,11074,13:10:29.456862
85.355174,18762,11390,13:10:29.506208
85.357038,17802,10462,13:10:29.506208
85.358907,17015,10589,13:10:29.506208
85.360823,17800,10840,13:10:29.506208
85.362687,16724,9814,13:10:29.506208
85.364544,15645,9740,13:10:29.506208
85.366402,15786,9680,13:10:29.506208
85.368258,15243,9129,13:10:29.506208
85.370117,14511,8941,13:10:29.506208
85.371973,14694,9063,13:10:29.506208
85.37383,14758,8889,13:10:29.506208
85.37569,14178,8615,13:10:29.506208
85.377546,14015,8869,13:10:29.506208
85.379404,14688,9203,13:10:29.506208
85.381261,14562,8716,13:10:29.506208
85.383117,14336,8677,13:10:29.506208
85.384976,14853,9293,13:10:29.506208
85.386836,15335,9084,13:10:29.506208
85.388694,15150,9302,13:10:29.506208
85.390551,15913,9783,13:10:29.506208
85.392411,16736,9991,13:10:29.506208
85.394275,16683,10264,13:10:29.506208
85.396132,17187,10269,13:10:29.506208
85.39799,17389,10512,13:10:29.506208
85.399846,17663,10576,13:10:29.506208
85.401705,17256,10677,13:10:29.506208
85.403561,17317,10745,13:10:29.506208
85.405461,16768,10192,13:10:29.556115
85.407328,16638,10030,13:10:29.556115
85.409188,16045,9796,13:10:29.556115
85.411094,15203,9007,13:10:29.556115
85.412952,14860,9104,13:10:29.556115
85.414809,13878,8405,13:10:29.556115
85.416665,13503,8163,13:10:29.556115
85.418522,12509,7863,13:10:29.556115
85.420384,11937,7454,13:10:29.556115
85.42224,11433,7020,13:10:29.556115
85.424097,10937,6877,13:10:29.556115
85.425955,10522,6652,13:10:29.556115
85.427811,9949,6378,13:10:29.556115
85.42967,10083,6169,13:10:29.556115
85.431526,10042,5922,13:10:29.556115
85.433386,9512,5945,13:10:29.556115
85.435243,9464,6251,13:10:29.556115
85.4371,9103,5895,13:10:29.556115
85.438961,9165,6150,13:10:29.556115
85.440818,9233,5935,13:10:29.556115
85.442678,9533,6231,13:10:29.556115
85.444535,9665,6090,13:10:29.556115
85.446391,9738,6328,13:10:29.556115
85.448249,10000,6406,13:10:29.556115
85.450106,9684,6397,13:10:29.556115
85.451964,10163,6613,13:10:29.556115
85.453838,10143,6425,13:10:29.556115
85.455707,10328,6458,13:10:29.606331
85.457571,10118,6373,13:10:29.606331
85.459435,10260,6635,13:10:29.606331
85.461355,9795,6383,13:10:29.606331
85.463214,10260,6545,13:10:29.606331
85.46507,9480,6064,13:10:29.606331
85.466932,9355,5888,13:10:29.606331
85.468789,9027,5625,13:10:29.606331
85.470647,8600,5370,13:10:29.606331
85.472504,8007,5099,13:10:29.606331
85.47436,7627,4691,13:10:29.606331
85.476218,7108,4599,13:10:29.606331
85.478078,6958,4536,13:10:29.606331
85.479937,6411,4249,13:10:29.606331
85.481795,6099,4239,13:10:29.606331
85.48366,5621,3706,13:10:29.606331
85.485516,5553,3689,13:10:29.606331
85.487372,4891,3335,13:10:29.606331
85.489231,4962,3401,13:10:29.606331
85.491087,4449,3130,13:10:29.606331
85.492944,4243,2876,13:10:29.606331
85.494804,3798,2613,13:10:29.606331
85.496664,3657,2447,13:10:29.606331
85.498521,3480,2894,13:10:29.606331
85.50038,3201,2356,13:10:29.606331
85.502237,3044,2267,13:10:29.606331
85.504096,2920,2043,13:10:29.606331
85.505958,2648,2173,13:10:29.655815
85.507818,2741,1726,13:10:29.655815
85.509679,2409,2113,13:10:29.655815
85.511571,2247,1672,13:10:29.655815
85.513455,2346,1844,13:10:29.655815
85.515311,1960,1884,13:10:29.655815
85.517168,2150,1628,13:10:29.655815
85.519028,1720,1735,13:10:29.655815
85.520885,1658,1536,13:10:29.655815
85.522741,1923,1638,13:10:29.655815
85.524599,1637,1772,13:10:29.655815
85.526456,1744,1622,13:10:29.655815
85.528312,1847,1498,13:10:29.655815
85.53017,1346,1393,13:10:29.655815
85.532027,1525,1474,13:10:29.655815
85.533885,1561,1746,13:10:29.655815
85.535741,1724,1594,13:10:29.655815
85.537606,1463,1466,13:10:29.655815
85.539462,1522,1300,13:10:29.655815
85.541319,1503,1305,13:10:29.655815
85.543177,1441,1456,13:10:29.655815
85.545033,1181,1410,13:10:29.655815
85.54689,1370,1365,13:10:29.655815
85.548746,1364,1188,13:10:29.655815
85.550602,1301,1571,13:10:29.655815
85.552459,1355,1095,13:10:29.655815
85.554315,1336,1274,13:10:29.655815
85.556183,1168,1246,13:10:29.706225
85.558044,1661,1555,13:10:29.706225
85.559908,1580,1442,13:10:29.706225
85.56181,916,1379,13:10:29.706225
85.563667,971,1405,13:10:29.706225
85.565525,1195,1587,13:10:29.706225
85.567381,1161,1412,13:10:29.706225
85.569242,1477,1253,13:10:29.706225
85.571098,1299,1534,13:10:29.706225
85.572954,1379,1328,13:10:29.706225
85.574813,1542,1075,13:10:29.706225
85.576669,1461,1320,13:10:29.706225
85.578528,1283,1403,13:10:29.706225
85.580384,1369,1344,13:10:29.706225
85.58224,1166,1251,13:10:29.706225
85.584097,1219,1317,13:10:29.706225
85.585957,1665,1363,13:10:29.706225
85.587819,1132,1392,13:10:29.706225
85.589676,1437,1625,13:10:29.706225
85.591534,1369,1480,13:10:29.706225
85.59339,1370,1315,13:10:29.706225
85.595247,1160,1285,13:10:29.706225
85.597105,1135,1507,13:10:29.706225
85.598961,1304,1277,13:10:29.706225
85.60082,1063,1372,13:10:29.706225
85.602676,1390,1382,13:10:29.706225
85.604539,1205,1322,13:10:29.706225
85.606401,1282,1351,13:10:29.757843
85.608273,1008,1257,13:10:29.757843
85.610142,1131,1483,13:10:29.757843
85.612052,1064,1351,13:10:29.757843
85.613908,1240,1577,13:10:29.757843
85.615766,1314,1383,13:10:29.757843
85.617623,1153,1441,13:10:29.757843
85.619481,1471,1453,13:10:29.757843
85.621338,1364,1410,13:10:29.757843
85.623196,1251,1418,13:10:29.757843
85.625052,1380,1420,13:10:29.757843
85.626909,1138,1614,13:10:29.757843
85.628771,1308,983,13:10:29.757843
85.630627,1550,1585,13:10:29.757843
85.632486,1000,1389,13:10:29.757843
85.634342,1115,1561,13:10:29.757843
85.636198,1288,1265,13:10:29.757843
85.638057,1381,1215,13:10:29.757843
85.639916,1401,1531,13:10:29.757843
85.641774,1321,1541,13:10:29.757843
85.64363,1478,1562,13:10:29.757843
85.645492,1430,1520,13:10:29.757843
85.647349,1121,1228,13:10:29.757843
85.649205,1052,1199,13:10:29.757843
85.651065,1234,1672,13:10:29.757843
85.652922,1312,1327,13:10:29.757843
85.654782,1192,1290,13:10:29.806295
85.656662,1443,1368,13:10:29.806295
85.658523,1212,1552,13:10:29.806295
85.660432,1360,1378,13:10:29.806295
85.662293,1333,1258,13:10:29.806295
85.664156,1339,1526,13:10:29.806295
85.666012,1113,1626,13:10:29.806295
85.667879,1158,1413,13:10:29.806295
85.669737,1147,1592,13:10:29.806295
85.671593,1374,1326,13:10:29.806295
85.673451,1461,1573,13:10:29.806295
85.675308,1534,1414,13:10:29.806295
85.677164,1432,1357,13:10:29.806295
85.67902,1247,1528,13:10:29.806295
85.680877,1166,1432,13:10:29.806295
85.682733,1237,1525,13:10:29.806295
85.68459,1353,1247,13:10:29.806295
85.68645,1446,1499,13:10:29.806295
85.688306,1443,1159,13:10:29.806295
85.690163,1410,1504,13:10:29.806295
85.692021,1359,1503,13:10:29.806295
85.693877,1561,1452,13:10:29.806295
85.695736,1364,1642,13:10:29.806295
85.697592,1132,1375,13:10:29.806295
85.699452,1260,1505,13:10:29.806295
85.701313,1290,1680,13:10:29.806295
85.703201,1017,1098,13:10:29.806295
85.705059,1532,1073,13:10:29.855493
85.706928,1318,1644,13:10:29.855493
85.708788,1178,1498,13:10:29.855493
85.71068,1269,1224,13:10:29.855493
85.712537,1207,1484,13:10:29.855493
85.714395,1529,1496,13:10:29.855493
85.716251,1531,1770,13:10:29.855493
85.718108,1455,1464,13:10:29.855493
85.719966,1392,1127,13:10:29.855493
85.721825,1203,1546,13:10:29.855493
85.723683,1278,1367,13:10:29.855493
85.725539,1375,1282,13:10:29.855493
85.727398,1038,1481,13:10:29.855493
85.729254,1353,1409,13:10:29.855493
85.73111,1208,1550,13:10:29.855493
85.732969,1440,1444,13:10:29.855493
85.734825,1338,1484,13:10:29.855493
85.736683,1661,1467,13:10:29.855493
85.73854,1420,1327,13:10:29.855493
85.7404,1022,1371,13:10:29.855493
85.742256,1136,1373,13:10:29.855493
85.744113,1533,1601,13:10:29.855493
85.745971,1309,1282,13:10:29.855493
85.747827,1233,1295,13:10:29.855493
85.749686,1219,1636,13:10:29.855493
85.751542,1527,1305,13:10:29.855493
85.7534,1247,1385,13:10:29.855493
85.755259,1261,1525,13:10:29.907248
85.757123,1129,1522,13:10:29.907248
85.758984,1296,1263,13:10:29.907248
85.76089,950,1421,13:10:29.907248
85.762764,1402,1357,13:10:29.907248
85.764622,1296,1309,13:10:29.907248
85.766479,1306,1240,13:10:29.907248
85.768335,1359,1499,13:10:29.907248
85.770191,1352,1361,13:10:29.907248
85.772048,1596,1453,13:10:29.907248
85.773904,1262,1474,13:10:29.907248
85.775761,1376,1517,13:10:29.907248
85.777621,1374,1667,13:10:29.907248
85.779477,1231,1343,13:10:29.907248
85.781336,1508,1472,13:10:29.907248
85.783192,1415,1367,13:10:29.907248
85.785048,1332,1325,13:10:29.907248
85.786907,1230,1453,13:10:29.907248
85.788767,1284,1570,13:10:29.907248
85.790625,1096,1416,13:10:29.907248
85.792482,1342,1435,13:10:29.907248
85.794342,1447,1449,13:10:29.907248
85.796198,1415,1242,13:10:29.907248
85.798055,1212,1357,13:10:29.907248
85.799913,1226,1444,13:10:29.907248
85.801771,1582,1323,13:10:29.907248
85.803636,1199,1416,13:10:29.907248
85.805496,1409,1349,13:10:29.956223
85.807361,1282,1484,13:10:29.956223
85.809222,1277,1186,13:10:29.956223
85.811117,1445,1360,13:10:29.956223
85.812979,864,1495,13:10:29.956223
85.814836,1744,1632,13:10:29.956223
85.816692,1407,1543,13:10:29.956223
85.81855,1507,1637,13:10:29.956223
85.820407,1197,1483,13:10:29.956223
85.822263,1252,1475,13:10:29.956223
85.82412,1446,1585,13:10:29.956223
85.825984,1492,1198,13:10:29.956223
85.82784,1277,1403,13:10:29.956223
85.829697,1395,1543,13:10:29.956223
85.831555,1306,1385,13:10:29.956223
85.833411,1234,1458,13:10:29.956223
85.835268,1493,1438,13:10:29.956223
85.837124,1296,1244,13:10:29.956223
85.83898,1253,1279,13:10:29.956223
85.840837,1461,1358,13:10:29.956223
85.842694,1321,1375,13:10:29.956223
85.844556,1347,1445,13:10:29.956223
85.846412,1377,1455,13:10:29.956223
85.84827,1338,1504,13:10:29.956223
85.850127,1332,1517,13:10:29.956223
85.851983,1339,1382,13:10:29.956223
85.853843,1424,1149,13:10:29.956223
85.855708,1512,1329,13:10:30.014319
85.85757,1377,1497,13:10:30.014319
85.859441,1609,1311,13:10:30.014319
85.861372,955,1231,13:10:30.014319
85.863231,1189,1680,13:10:30.014319
85.865087,1432,1437,13:10:30.014319
85.866943,1187,1378,13:10:30.014319
85.868804,1453,1411,13:10:30.014319
85.870663,1567,1361,13:10:30.014319
85.872525,1642,1375,13:10:30.014319
85.874381,1082,1489,13:10:30.015318
85.876239,1496,1468,13:10:30.015318
85.878096,1296,1464,13:10:30.015318
85.879952,977,1670,13:10:30.015318
85.88181,1233,1634,13:10:30.015318
85.883672,1379,1428,13:10:30.015318
85.885529,1288,1501,13:10:30.015318
85.887385,1171,1426,13:10:30.015318
85.889248,1376,1881,13:10:30.015318
85.891104,1356,1440,13:10:30.015318
85.89296,1254,1475,13:10:30.015318
85.894819,1459,1428,13:10:30.015318
85.896675,1572,1511,13:10:30.015318
85.898534,1023,1438,13:10:30.015318
85.90039,1345,1560,13:10:30.015318
85.90225,1513,1571,13:10:30.015318
85.904107,1170,1605,13:10:30.015318
85.905975,1400,1349,13:10:30.056082
85.907845,1371,1517,13:10:30.056082
85.909711,1257,1401,13:10:30.056082
85.911626,1179,1673,13:10:30.056082
85.91352,1379,1525,13:10:30.056082
85.915384,978,1708,13:10:30.056082
85.917241,1294,1298,13:10:30.056082
85.919097,1191,1479,13:10:30.056082
85.920955,1347,1625,13:10:30.056082
85.922818,1671,1336,13:10:30.056082
85.924674,1238,1638,13:10:30.056082
85.926532,1393,1661,13:10:30.056082
85.928389,1153,1373,13:10:30.056082
85.930245,1337,1331,13:10:30.056082
85.932104,1309,1639,13:10:30.056082
85.93396,1342,1341,13:10:30.056082
85.935816,1518,1439,13:10:30.056082
85.937673,1317,1449,13:10:30.056082
85.939537,1358,1323,13:10:30.056082
85.941393,1430,1461,13:10:30.056082
85.94325,1244,1403,13:10:30.056082
85.945108,1228,1540,13:10:30.056082
85.946964,1128,1432,13:10:30.056082
85.948823,1337,1245,13:10:30.056082
85.950679,1289,1519,13:10:30.056082
85.952535,1169,1418,13:10:30.056082
85.954392,1573,1588,13:10:30.056082
85.956255,1118,1452,13:10:30.106052
85.958115,1623,1611,13:10:30.106052
85.959991,1481,1664,13:10:30.106052
85.961874,1116,1190,13:10:30.106052
85.963745,1275,1403,13:10:30.106052
85.965604,1160,1437,13:10:30.106052
85.967462,1270,1638,13:10:30.106052
85.969318,1286,1598,13:10:30.106052
85.971181,1305,1455,13:10:30.106052
85.973037,1645,1291,13:10:30.106052
85.974894,1363,1589,13:10:30.106052
85.976756,1392,1439,13:10:30.106052
85.978612,1274,1298,13:10:30.106052
85.980471,1229,1436,13:10:30.106052
85.982327,1323,1502,13:10:30.106052
85.984189,1040,1602,13:10:30.106052
85.986046,1179,1411,13:10:30.106052
85.987902,1355,1553,13:10:30.106052
85.989758,1419,1319,13:10:30.112072
85.991615,1317,1577,13:10:30.112072
85.993477,1282,1549,13:10:30.112072
85.995334,1467,1378,13:10:30.112072
85.99719,1409,1363,13:10:30.112072
85.99905,1407,1719,13:10:30.112072
86.000907,1323,1489,13:10:30.112072
86.002765,1358,1402,13:10:30.112072
86.004621,1280,1367,13:10:30.156492
86.006494,1408,1600,13:10:30.156492
86.00836,1441,1357,13:10:30.156492
86.01026,1423,1348,13:10:30.156492
86.012174,1269,1264,13:10:30.156492
86.014033,1341,1250,13:10:30.157493
86.015891,1381,1461,13:10:30.157493
86.017759,702,1248,13:10:30.157493
86.019628,1427,1139,13:10:30.157493
86.021484,1360,1563,13:10:30.157493
86.023342,1267,1567,13:10:30.157493
86.025199,1236,1387,13:10:30.157493
86.027055,1417,1339,13:10:30.157493
86.028911,1341,1428,13:10:30.157493
86.030772,1244,1484,13:10:30.157493
86.032628,1315,1628,13:10:30.157493
86.034485,1395,1526,13:10:30.157493
86.036343,1320,1540,13:10:30.157493
86.038199,1433,1509,13:10:30.157493
86.040058,1373,1611,13:10:30.157493
86.041914,1408,1442,13:10:30.157493
86.043774,1313,1674,13:10:30.157493
86.045633,1248,1606,13:10:30.157493
86.047499,1501,1418,13:10:30.157493
86.049355,1422,1405,13:10:30.157493
86.051212,1254,1606,13:10:30.157493
86.05307,1365,1520,13:10:30.157493
86.054927,1304,1554,13:10:30.214548
86.056799,1232,1555,13:10:30.214548
86.058659,1478,1318,13:10:30.214548
86.060561,1527,1368,13:10:30.215566
86.062426,1024,1487,13:10:30.215566
86.064284,1288,1442,13:10:30.215566
86.066147,1411,1592,13:10:30.215566
86.068005,1382,1486,13:10:30.215566
86.069861,1030,1541,13:10:30.215566
86.07172,1341,1717,13:10:30.215566
86.073576,1711,1382,13:10:30.215566
86.075432,1581,1659,13:10:30.215566
86.077291,1343,1453,13:10:30.215566
86.079147,1288,1493,13:10:30.215566
86.081003,1271,1387,13:10:30.215566
86.08286,1364,1468,13:10:30.215566
86.084724,1195,1389,13:10:30.215566
86.08658,1041,1561,13:10:30.215566
86.088437,1379,1583,13:10:30.215566
86.090295,1228,1458,13:10:30.215566
86.092152,1460,1471,13:10:30.215566
86.09401,1434,1397,13:10:30.215566
86.095868,1195,1473,13:10:30.215566
86.097729,1431,1419,13:10:30.215566
86.099585,1312,1632,13:10:30.215566
86.101445,1299,1531,13:10:30.215566
86.103302,1364,1377,13:10:30.215566
86.105158,1314,1704,13:10:30.261548
86.107019,1246,1545,13:10:30.261548
86.108879,1452,1484,13:10:30.261548
86.110778,1123,1468,13:10:30.261548
86.112669,1390,1607,13:10:30.261548
86.114526,1441,1541,13:10:30.261548
86.116382,1247,1485,13:10:30.261548
86.118242,1383,1515,13:10:30.261548
86.120102,1289,1470,13:10:30.261548
86.121963,1410,1454,13:10:30.261548
86.123819,1433,1390,13:10:30.261548
86.125684,1264,1529,13:10:30.261548
86.12754,1236,1364,13:10:30.261548
86.129396,1562,1402,13:10:30.261548
86.131255,1404,1499,13:10:30.261548
86.133111,1435,1539,13:10:30.261548
86.134969,1092,1391,13:10:30.261548
86.136826,1357,1551,13:10:30.261548
86.138682,1373,1460,13:10:30.261548
86.140541,1506,1514,13:10:30.261548
86.142404,1215,1589,13:10:30.261548
86.144261,1411,1379,13:10:30.261548
86.146118,1495,1844,13:10:30.261548
86.147976,1491,1327,13:10:30.261548
86.149832,1376,1614,13:10:30.261548
86.151689,1253,1634,13:10:30.261548
86.153545,1256,1527,13:10:30.261548
86.155401,1352,1493,13:10:30.312180
86.157268,1448,1622,13:10:30.312180
86.159129,1297,1613,13:10:30.312180
86.161032,945,1381,13:10:30.312180
86.162891,1246,1583,13:10:30.312180
86.164748,391,1652,13:10:30.312180
86.166609,1212,1569,13:10:30.312180
86.168491,1252,1551,13:10:30.312180
86.170348,1115,1654,13:10:30.312180
86.172206,1174,1463,13:10:30.312180
86.174063,1174,1313,13:10:30.312180
86.175921,1133,1532,13:10:30.312180
86.177777,1237,1501,13:10:30.312180
86.179638,1446,1814,13:10:30.312180
86.181496,1209,1431,13:10:30.313169
86.183353,1692,1558,13:10:30.313169
86.185213,1319,1532,13:10:30.313169
86.187069,1309,1409,13:10:30.313169
86.188927,1272,1640,13:10:30.313169
86.190784,1468,1525,13:10:30.313169
86.19264,1313,1378,13:10:30.313169
86.194499,1100,1588,13:10:30.313169
86.196359,1180,1458,13:10:30.313169
86.198217,1381,1770,13:10:30.313169
86.200074,1339,1737,13:10:30.313169
86.201934,1223,1695,13:10:30.313169
86.203792,1169,1435,13:10:30.313169
86.205657,1199,1439,13:10:30.361883
86.207521,1181,1440,13:10:30.361883
86.209384,1428,1730,13:10:30.361883
86.211287,1215,1515,13:10:30.361883
86.213146,1051,1080,13:10:30.361883
86.215014,1409,1240,13:10:30.361883
86.216874,-308,1464,13:10:30.361883
86.218739,1573,1675,13:10:30.361883
86.220599,1146,1630,13:10:30.361883
86.222456,1392,1545,13:10:30.361883
86.224322,1348,1608,13:10:30.361883
86.226178,1223,1421,13:10:30.361883
86.228035,1345,1580,13:10:30.361883
86.229893,1282,1651,13:10:30.361883
86.231751,1213,1232,13:10:30.361883
86.233608,1243,1571,13:10:30.361883
86.235466,1369,1368,13:10:30.361883
86.237322,1202,1414,13:10:30.361883
86.239179,1345,1580,13:10:30.361883
86.241035,1411,1552,13:10:30.362674
86.242897,1536,1829,13:10:30.362674
86.244754,1335,1419,13:10:30.362674
86.24661,1156,1628,13:10:30.362674
86.248468,1304,1222,13:10:30.362674
86.250325,1610,1386,13:10:30.362674
86.252181,1528,1551,13:10:30.362674
86.254038,1474,1500,13:10:30.362674
86.255902,1561,1379,13:10:30.411824
86.257766,1460,1292,13:10:30.412819
86.259631,1312,1427,13:10:30.412819
86.261549,1420,1392,13:10:30.412819
86.263405,1234,1530,13:10:30.412819
86.265261,1205,1707,13:10:30.412819
86.267125,-299,1588,13:10:30.412819
86.269004,1259,1445,13:10:30.412819
86.270866,1165,1622,13:10:30.412819
86.272723,1266,1381,13:10:30.412819
86.274579,1346,1620,13:10:30.412819
86.276439,1560,1589,13:10:30.412819
86.278296,1180,1364,13:10:30.412819
86.280154,1468,1505,13:10:30.412819
86.28201,1308,1502,13:10:30.412819
86.283867,1309,1425,13:10:30.412819
86.285725,1348,1559,13:10:30.412819
86.287582,1359,1476,13:10:30.412819
86.289442,1324,1314,13:10:30.412819
86.291298,1449,1593,13:10:30.412819
86.293156,1385,1464,13:10:30.412819
86.295013,1020,1610,13:10:30.412819
86.296871,1475,1698,13:10:30.412819
86.29873,1447,1604,13:10:30.412819
86.300588,1191,1466,13:10:30.412819
86.302449,1453,1281,13:10:30.412819
86.304307,1335,1243,13:10:30.412819
86.306177,1341,1414,13:10:30.465372
86.308037,1417,1338,13:10:30.465372
86.309906,1340,1532,13:10:30.465372
86.311794,1196,1178,13:10:30.465372
86.313652,1337,1440,13:10:30.465372
86.315509,1367,1514,13:10:30.465372
86.317369,49,1230,13:10:30.465372
86.319273,1518,1494,13:10:30.465372
86.321131,1397,1525,13:10:30.465372
86.32299,1390,1294,13:10:30.465372
86.324846,1466,1568,13:10:30.465372
86.326702,1575,1503,13:10:30.465372
86.32856,1009,1262,13:10:30.465372
86.330417,1353,1416,13:10:30.465372
86.332274,1390,1637,13:10:30.465372
86.334136,1579,1507,13:10:30.465372
86.335992,1225,1482,13:10:30.465372
86.337849,1528,1552,13:10:30.466361
86.339707,1216,1569,13:10:30.466361
86.341563,1514,1374,13:10:30.466361
86.343422,1527,1330,13:10:30.466361
86.345278,1563,1650,13:10:30.466361
86.347138,1376,1431,13:10:30.466361
86.348995,1403,1400,13:10:30.466361
86.350862,1540,1644,13:10:30.466361
86.352719,1362,1460,13:10:30.466361
86.354576,1225,1476,13:10:30.516934
86.356436,1409,1418,13:10:30.516934
86.358297,1500,1306,13:10:30.516934
86.360206,1231,1487,13:10:30.516934
86.362081,1364,1607,13:10:30.516934
86.363937,1296,1458,13:10:30.516934
86.365796,1272,1477,13:10:30.516934
86.367654,1272,1363,13:10:30.516934
86.369511,1365,1745,13:10:30.516934
86.371374,213,1870,13:10:30.516934
86.373255,1349,1369,13:10:30.516934
86.375111,1210,1447,13:10:30.516934
86.37697,1474,1488,13:10:30.516934
86.378834,1424,1296,13:10:30.516934
86.380691,1249,1368,13:10:30.516934
86.382547,1229,1662,13:10:30.516934
86.384405,1344,1435,13:10:30.516934
86.386262,1404,1451,13:10:30.516934
86.388118,1233,1546,13:10:30.516934
86.389976,1672,1390,13:10:30.516934
86.391835,1371,1523,13:10:30.516934
86.393693,1347,1617,13:10:30.516934
86.395549,1348,1525,13:10:30.516934
86.397412,1416,1375,13:10:30.516934
86.399268,1425,1448,13:10:30.516934
86.401125,1299,1170,13:10:30.517935
86.402983,1327,1364,13:10:30.517935
86.404839,1219,1324,13:10:30.566889
86.406704,1403,1516,13:10:30.566889
86.408564,1552,1274,13:10:30.566889
86.41048,1485,1433,13:10:30.566889
86.412342,1264,1257,13:10:30.566889
86.414199,1384,1353,13:10:30.566889
86.416059,1299,1458,13:10:30.566889
86.417918,1592,1292,13:10:30.566889
86.419812,1486,1556,13:10:30.566889
86.421674,-258,1272,13:10:30.566889
86.42354,1340,1453,13:10:30.566889
86.425403,1301,1626,13:10:30.566889
86.427261,1607,1540,13:10:30.566889
86.429118,1517,1508,13:10:30.566889
86.430976,1297,1117,13:10:30.566889
86.432832,1575,1385,13:10:30.566889
86.434691,1421,1655,13:10:30.566889
86.436547,1265,1486,13:10:30.566889
86.438403,1552,1391,13:10:30.566889
86.440262,1634,1299,13:10:30.566889
86.442118,1231,1042,13:10:30.566889
86.443974,1692,1451,13:10:30.566889
86.445833,1643,1497,13:10:30.566889
86.447695,1341,1417,13:10:30.566889
86.449551,1478,1852,13:10:30.566889
86.451408,1273,1594,13:10:30.566889
86.453266,1306,1282,13:10:30.566889
86.455122,1342,1452,13:10:30.618713
86.456995,1387,1594,13:10:30.618713
86.458855,1324,1393,13:10:30.618713
86.460752,1466,1390,13:10:30.618713
86.46261,1590,1709,13:10:30.618713
86.464468,1286,1394,13:10:30.618713
86.466326,1515,1308,13:10:30.618713
86.468183,1498,1451,13:10:30.618713
86.470043,1230,1457,13:10:30.618713
86.471907,1190,1550,13:10:30.618713
86.473796,1422,1431,13:10:30.618713
86.475658,1331,1387,13:10:30.618713
86.477514,1395,1436,13:10:30.618713
86.479371,1413,1542,13:10:30.618713
86.481229,1227,1298,13:10:30.618713
86.483085,1401,1520,13:10:30.618713
86.484944,1637,1411,13:10:30.618713
86.486804,1382,1527,13:10:30.618713
86.488662,1557,1558,13:10:30.618713
86.490521,1453,1266,13:10:30.618713
86.492387,1418,1517,13:10:30.618713
86.494244,1476,1320,13:10:30.618713
86.4961,1559,1583,13:10:30.618713
86.497958,1595,1632,13:10:30.618713
86.499815,1373,1429,13:10:30.618713
86.501671,1409,1446,13:10:30.618713
86.503529,1501,1528,13:10:30.618713
86.505386,1518,1497,13:10:30.670767
86.50725,1275,1496,13:10:30.670767
86.50911,1232,1319,13:10:30.670767
86.511007,1171,1534,13:10:30.670767
86.512865,1316,1424,13:10:30.670767
86.514723,1352,1529,13:10:30.670767
86.516582,1367,1285,13:10:30.670767
86.518438,1650,1411,13:10:30.670767
86.520303,1487,1270,13:10:30.670767
86.522161,955,1376,13:10:30.670767
86.524022,-325,1433,13:10:30.670767
86.525879,1481,1337,13:10:30.670767
86.527738,1162,1459,13:10:30.670767
86.529598,1417,1416,13:10:30.670767
86.53148,1465,1226,13:10:30.670767
86.533346,1337,1759,13:10:30.670767
86.535203,1496,1342,13:10:30.670767
86.537059,1513,1419,13:10:30.670767
86.538918,1433,1288,13:10:30.671774
86.540774,1317,1726,13:10:30.671774
86.54263,1541,1619,13:10:30.671774
86.544487,1685,1217,13:10:30.671774
86.546343,1498,1355,13:10:30.671774
86.5482,1306,1359,13:10:30.671774
86.550056,1471,1578,13:10:30.671774
86.551918,1409,1338,13:10:30.671774
86.553775,1458,1394,13:10:30.671774
86.555633,1277,1237,13:10:30.720917
86.557495,1297,1735,13:10:30.720917
86.559358,1419,1560,13:10:30.720917
86.561278,1075,1320,13:10:30.720917
86.563138,1422,1288,13:10:30.720917
86.564995,1622,1326,13:10:30.720917
86.566853,1078,1541,13:10:30.720917
86.568709,1381,1431,13:10:30.720917
86.570572,1678,1567,13:10:30.720917
86.572428,929,1506,13:10:30.720917
86.574284,1427,1458,13:10:30.720917
86.576145,-204,1331,13:10:30.720917
86.578001,1374,1356,13:10:30.720917
86.579859,1381,1498,13:10:30.720917
86.581716,1155,1169,13:10:30.720917
86.583572,1506,1271,13:10:30.720917
86.585429,1421,1475,13:10:30.720917
86.587292,1474,1480,13:10:30.720917
86.589149,1561,1445,13:10:30.720917
86.591006,1561,1485,13:10:30.720917
86.592864,1274,1123,13:10:30.720917
86.59472,1424,1439,13:10:30.720917
86.596577,1494,1264,13:10:30.720917
86.598433,1397,1428,13:10:30.720917
86.600289,1568,1550,13:10:30.720917
86.602146,1474,1341,13:10:30.720917
86.604002,1603,1399,13:10:30.720917
86.605868,1445,1131,13:10:30.772707
86.607735,1379,1494,13:10:30.772707
86.609604,1342,1346,13:10:30.772707
86.611525,1535,1520,13:10:30.772707
86.613382,1351,1415,13:10:30.772707
86.61524,1389,1336,13:10:30.772707
86.617098,1524,1248,13:10:30.772707
86.618957,1196,1426,13:10:30.772707
86.620815,1361,1624,13:10:30.772707
86.622675,1037,1582,13:10:30.772707
86.624551,1495,1530,13:10:30.772707
86.626424,712,1356,13:10:30.772707
86.62828,1343,1360,13:10:30.772707
86.630145,1378,1541,13:10:30.772707
86.632001,1318,1326,13:10:30.772707
86.633857,1179,1597,13:10:30.772707
86.635716,1553,1220,13:10:30.772707
86.637575,1630,1441,13:10:30.772707
86.639432,1418,1372,13:10:30.772707
86.641289,1480,1474,13:10:30.772707
86.643147,1579,1352,13:10:30.772707
86.645004,1249,1307,13:10:30.772707
86.64686,1526,1380,13:10:30.772707
86.648716,1587,1579,13:10:30.772707
86.650573,1258,1407,13:10:30.772707
86.652429,1179,1457,13:10:30.772707
86.654285,1454,1565,13:10:30.772707
86.656156,1441,1587,13:10:30.822507
86.658016,1338,1412,13:10:30.822507
86.659892,1598,1544,13:10:30.822507
86.661777,1657,1413,13:10:30.822507
86.663633,1299,1581,13:10:30.822507
86.665489,1226,1545,13:10:30.822507
86.667348,700,1469,13:10:30.822507
86.66921,1447,1302,13:10:30.822507
86.671066,1237,1303,13:10:30.822507
86.672923,1631,1570,13:10:30.822507
86.674781,1283,1464,13:10:30.822507
86.676637,1345,1512,13:10:30.822507
86.678502,-88,1583,13:10:30.822507
86.680384,1778,1117,13:10:30.823503
86.68224,1662,1441,13:10:30.823503
86.684099,1603,1261,13:10:30.823503
86.685955,1251,1302,13:10:30.823503
86.687811,1714,1435,13:10:30.823503
86.68967,1406,1222,13:10:30.823503
86.69153,1676,1263,13:10:30.823503
86.693388,1476,1497,13:10:30.823503
86.695245,1430,1309,13:10:30.823503
86.697111,1472,1194,13:10:30.823503
86.698968,1459,1541,13:10:30.823503
86.700824,1214,1246,13:10:30.823503
86.702682,1641,1562,13:10:30.823503
86.704539,1127,1569,13:10:30.876859
86.706409,1520,1316,13:10:30.876859
86.708269,1525,1486,13:10:30.876859
86.710159,1444,1301,13:10:30.876859
86.71204,1543,1421,13:10:30.876859
86.713896,1454,1463,13:10:30.876859
86.715762,1119,1407,13:10:30.876859
86.717619,1400,1421,13:10:30.876859
86.71948,1274,1378,13:10:30.876859
86.721342,818,1226,13:10:30.876859
86.723198,1589,1567,13:10:30.876859
86.72506,1017,1542,13:10:30.877858
86.726917,1124,1595,13:10:30.877858
86.728777,1293,1518,13:10:30.877858
86.730635,1438,1433,13:10:30.877858
86.732492,1374,1314,13:10:30.877858
86.73435,1449,1128,13:10:30.877858
86.736206,1497,1494,13:10:30.877858
86.738071,1391,1325,13:10:30.877858
86.739927,1295,1390,13:10:30.877858
86.741783,1504,1376,13:10:30.878861
86.743642,1425,1145,13:10:30.878861
86.745498,1448,1599,13:10:30.878861
86.747355,1498,1387,13:10:30.878861
86.749211,1328,1438,13:10:30.878861
86.751067,1386,1335,13:10:30.878861
86.752926,1293,1178,13:10:30.878861
86.754785,1254,1396,13:10:30.933538
86.756652,1558,1478,13:10:30.933538
86.758513,1379,1492,13:10:30.933538
86.760427,1585,1171,13:10:30.933538
86.762295,1589,1487,13:10:30.933538
86.764155,1096,1250,13:10:30.933538
86.766014,1289,1407,13:10:30.933538
86.767874,1234,1128,13:10:30.933538
86.76973,1176,1208,13:10:30.933538
86.771589,1420,1357,13:10:30.933538
86.773448,1320,1410,13:10:30.934540
86.775306,1471,1087,13:10:30.934540
86.777164,632,1058,13:10:30.934540
86.779044,1175,1571,13:10:30.934540
86.78091,383,1487,13:10:30.934540
86.782772,1451,1306,13:10:30.934540
86.784629,1351,1251,13:10:30.934540
86.786486,1435,1515,13:10:30.934540
86.788348,1365,1098,13:10:30.934540
86.790204,1446,1559,13:10:30.934540
86.792061,1636,1358,13:10:30.934540
86.793919,1464,1287,13:10:30.934540
86.795775,1709,1375,13:10:30.934540
86.797634,1199,1353,13:10:30.934540
86.79949,1690,1365,13:10:30.935539
86.80135,1424,1476,13:10:30.935539
86.803207,1377,994,13:10:30.935539
86.805064,1224,1296,13:10:30.979558
86.806931,1368,1584,13:10:30.979558
86.808792,1405,1356,13:10:30.979558
86.810708,1311,1326,13:10:30.979558
86.812566,1294,1258,13:10:30.979558
86.814427,1139,1247,13:10:30.979558
86.816283,1617,1148,13:10:30.979558
86.818139,1153,1493,13:10:30.979558
86.819998,1522,1324,13:10:30.979558
86.821856,1248,1187,13:10:30.979558
86.823722,1667,1194,13:10:30.979558
86.825579,1430,1184,13:10:30.979558
86.827439,1637,1091,13:10:30.979558
86.829297,1056,1229,13:10:30.979558
86.831156,1599,1228,13:10:30.979558
86.833012,1745,1232,13:10:30.979558
86.834874,1347,1288,13:10:30.979558
86.836754,1325,1419,13:10:30.979558
86.838635,922,1113,13:10:30.979558
86.840493,1530,1409,13:10:30.979558
86.84235,1533,1204,13:10:30.979558
86.844208,1771,1368,13:10:30.979558
86.846064,1538,1516,13:10:30.979558
86.847921,1256,1213,13:10:30.979558
86.849777,1412,1342,13:10:30.979558
86.851633,1391,1232,13:10:30.979558
86.85349,1479,1345,13:10:30.979558
86.855347,1455,1404,13:10:31.028018
86.857219,1655,1350,13:10:31.028018
86.859079,1504,1450,13:10:31.028018
86.860977,1468,1364,13:10:31.028018
86.862837,1340,1364,13:10:31.028018
86.864694,1391,1231,13:10:31.028018
86.866552,1420,1312,13:10:31.028018
86.868409,1416,1404,13:10:31.028018
86.870271,1027,1367,13:10:31.028018
86.872127,989,1208,13:10:31.028018
86.873986,1243,1296,13:10:31.028018
86.875846,1480,1570,13:10:31.028018
86.877702,1290,1294,13:10:31.028018
86.879561,1488,1059,13:10:31.028018
86.881417,1452,1210,13:10:31.028018
86.883282,1245,1587,13:10:31.028018
86.885162,283,1306,13:10:31.028018
86.887018,1289,1340,13:10:31.028018
86.888876,1511,1406,13:10:31.028018
86.890733,1466,1346,13:10:31.028018
86.892591,1628,1406,13:10:31.028018
86.894449,1549,1481,13:10:31.028018
86.896306,1511,1173,13:10:31.028018
86.898166,1387,1143,13:10:31.028018
86.900022,1334,1160,13:10:31.028018
86.901883,1465,1219,13:10:31.028018
86.903739,1486,1266,13:10:31.028018
86.905601,1590,1488,13:10:31.081433
86.90747,1337,1369,13:10:31.081433
86.909333,1649,1478,13:10:31.081433
86.91124,1301,1308,13:10:31.081433
86.913097,1240,1315,13:10:31.081433
86.914957,1499,1443,13:10:31.081433
86.916821,1483,1366,13:10:31.081433
86.918678,1046,1175,13:10:31.081433
86.920536,1633,1247,13:10:31.081433
86.922392,1546,1118,13:10:31.081433
86.924249,1091,1282,13:10:31.081433
86.926105,814,1156,13:10:31.081433
86.927963,1114,1090,13:10:31.081433
86.929832,1539,1498,13:10:31.081433
86.931702,1551,1487,13:10:31.081433
86.933578,-197,1291,13:10:31.081433
86.935444,1562,1531,13:10:31.081433
86.937301,1454,1226,13:10:31.081433
86.939159,1278,1332,13:10:31.081433
86.941016,1317,1339,13:10:31.081433
86.942876,1337,1272,13:10:31.081433
86.944732,1319,1102,13:10:31.081433
86.946589,1330,1277,13:10:31.081433
86.948449,1382,1408,13:10:31.081433
86.950306,1544,1492,13:10:31.081433
86.952164,1306,1319,13:10:31.081433
86.95402,1508,1338,13:10:31.081433
86.955887,1473,1293,13:10:31.132657
86.957747,1555,1276,13:10:31.132657
86.959611,1584,1412,13:10:31.132657
86.961519,1397,1439,13:10:31.132657
86.963378,1335,1380,13:10:31.132657
86.965247,1546,1376,13:10:31.132657
86.967105,1249,1355,13:10:31.132657
86.968961,1323,1342,13:10:31.133656
86.970819,1367,1369,13:10:31.133656
86.972676,1687,1389,13:10:31.133656
86.974532,1619,1260,13:10:31.133656
86.97639,1307,1285,13:10:31.133656
86.978247,813,1451,13:10:31.133656
86.980105,1100,1191,13:10:31.133656
86.981961,1311,1267,13:10:31.133656
86.98385,1256,1430,13:10:31.133656
86.985714,-620,1409,13:10:31.133656
86.98758,1351,1294,13:10:31.133656
86.989439,1530,1338,13:10:31.133656
86.991295,1588,1505,13:10:31.133656
86.993157,1571,1374,13:10:31.133656
86.995016,1382,1338,13:10:31.133656
86.996882,1534,1136,13:10:31.133656
86.998738,1460,1496,13:10:31.133656
87.000595,1216,1406,13:10:31.133656
87.002451,1526,1197,13:10:31.133656
87.004308,1533,1293,13:10:31.133656
87.00617,1322,1324,13:10:31.183818
87.00803,1379,1392,13:10:31.183818
87.00991,1518,1182,13:10:31.183818
87.011799,1060,1201,13:10:31.183818
87.013655,1308,1305,13:10:31.183818
87.015511,1150,1142,13:10:31.183818
87.017368,1361,1312,13:10:31.183818
87.019224,1489,1328,13:10:31.183818
87.021081,1497,1384,13:10:31.183818
87.022937,1726,1274,13:10:31.183818
87.024797,1654,1348,13:10:31.183818
87.026656,1454,1243,13:10:31.183818
87.028517,1978,1237,13:10:31.183818
87.030378,1273,1327,13:10:31.183818
87.032245,1487,1440,13:10:31.183818
87.034107,1609,1389,13:10:31.184815
87.035964,-666,1235,13:10:31.184815
87.037822,1676,1102,13:10:31.184815
87.039721,1448,1191,13:10:31.184815
87.041583,1365,1432,13:10:31.184815
87.043463,1392,1366,13:10:31.184815
87.045319,1547,1422,13:10:31.184815
87.047175,1454,1260,13:10:31.184815
87.049032,1157,1071,13:10:31.184815
87.050888,1391,1350,13:10:31.184815
87.05275,1393,1146,13:10:31.184815
87.054607,1371,1486,13:10:31.240858
87.056477,1563,1555,13:10:31.240858
87.058339,1814,1504,13:10:31.240858
87.060235,1652,1464,13:10:31.240858
87.062106,1441,1497,13:10:31.240858
87.063966,1260,1236,13:10:31.240858
87.065825,1474,1251,13:10:31.240858
87.067683,1277,1326,13:10:31.240858
87.069543,1483,1235,13:10:31.240858
87.071408,894,1466,13:10:31.240858
87.073266,1434,1296,13:10:31.240858
87.075124,1433,1314,13:10:31.240858
87.076989,1184,1272,13:10:31.240858
87.078847,973,1227,13:10:31.240858
87.080707,1441,1106,13:10:31.240858
87.082564,1192,1284,13:10:31.240858
87.08442,1296,1163,13:10:31.240858
87.086279,1438,1392,13:10:31.240858
87.088135,997,1268,13:10:31.240858
87.089995,1541,1290,13:10:31.240858
87.091854,1779,1294,13:10:31.240858
87.093714,1524,1453,13:10:31.240858
87.09557,1427,1139,13:10:31.240858
87.097427,1186,1456,13:10:31.240858
87.099285,1487,1203,13:10:31.240858
87.101141,1411,1200,13:10:31.240858
87.103,1568,1190,13:10:31.241866
87.104856,1423,1288,13:10:31.284756
87.106726,1506,1217,13:10:31.284756
87.108587,1317,1416,13:10:31.284756
87.110489,1465,1362,13:10:31.284756
87.112355,1485,1385,13:10:31.284756
87.114212,1497,1299,13:10:31.284756
87.116068,1424,1173,13:10:31.284756
87.117926,1173,1301,13:10:31.284756
87.119783,928,1403,13:10:31.284756
87.121641,1672,1367,13:10:31.284756
87.123498,1355,1269,13:10:31.284756
87.125358,1439,1379,13:10:31.284756
87.127216,1150,1300,13:10:31.284756
87.129073,1444,1485,13:10:31.284756
87.130933,1350,1012,13:10:31.284756
87.132789,1064,1098,13:10:31.284756
87.134654,1392,1246,13:10:31.284756
87.136524,812,1379,13:10:31.284756
87.138407,1408,1310,13:10:31.284756
87.140265,1501,1236,13:10:31.284756
87.142125,1558,1257,13:10:31.284756
87.143989,1626,1293,13:10:31.284756
87.145846,-180,965,13:10:31.284756
87.147706,1351,1244,13:10:31.284756
87.149564,1343,1282,13:10:31.284756
87.151421,1581,960,13:10:31.284756
87.153279,1443,1309,13:10:31.284756
87.155136,1580,1261,13:10:31.334292
87.157004,1556,1417,13:10:31.334292
87.158864,1261,1386,13:10:31.334292
87.160763,1296,1163,13:10:31.334292
87.162671,1512,1423,13:10:31.334292
87.164533,1051,1418,13:10:31.334292
87.166391,1219,1131,13:10:31.335293
87.168252,1335,1347,13:10:31.335293
87.170108,1381,1290,13:10:31.335293
87.17197,1456,1478,13:10:31.335293
87.173829,1385,1348,13:10:31.335293
87.175685,1148,1249,13:10:31.335293
87.177545,1244,1040,13:10:31.335293
87.179404,1268,1404,13:10:31.335293
87.181264,1556,1381,13:10:31.335293
87.18312,1116,1559,13:10:31.335293
87.184977,1383,1215,13:10:31.335293
87.186835,1461,1352,13:10:31.335293
87.188699,879,1341,13:10:31.335293
87.190558,1544,1213,13:10:31.335293
87.19244,1543,1275,13:10:31.335293
87.194297,1540,1293,13:10:31.335293
87.196155,1297,1301,13:10:31.335293
87.198014,1520,1227,13:10:31.335293
87.199876,1509,1197,13:10:31.335293
87.201732,1478,1328,13:10:31.335293
87.203596,1510,1207,13:10:31.335293
87.205455,1542,1188,13:10:31.388255
87.20732,1447,1564,13:10:31.388255
87.209179,1274,1351,13:10:31.388255
87.21108,1302,1160,13:10:31.388255
87.212938,1246,1128,13:10:31.388255
87.214798,1331,1489,13:10:31.388255
87.216662,1080,1014,13:10:31.388255
87.218519,1700,1328,13:10:31.388255
87.220377,1083,1108,13:10:31.388255
87.222236,1519,1114,13:10:31.388255
87.224092,1482,1398,13:10:31.388255
87.225948,900,1362,13:10:31.388255
87.227807,1286,1503,13:10:31.388255
87.229663,1446,1371,13:10:31.388255
87.231522,1242,1285,13:10:31.388255
87.233378,931,1131,13:10:31.388255
87.23524,869,1434,13:10:31.388255
87.237101,1005,1175,13:10:31.388255
87.238957,708,1625,13:10:31.388255
87.240823,1343,1267,13:10:31.388255
87.24268,1457,1110,13:10:31.388255
87.244538,1424,1357,13:10:31.388255
87.246394,1390,1330,13:10:31.388255
87.248251,1330,1166,13:10:31.388255
87.250109,1308,1337,13:10:31.388255
87.251965,1435,1301,13:10:31.388255
87.253822,1429,1272,13:10:31.388255
87.255688,1445,1439,13:10:31.439334
87.257551,1053,1504,13:10:31.439334
87.259413,1313,1290,13:10:31.439334
87.261313,1210,1295,13:10:31.439334
87.263175,1420,1313,13:10:31.439334
87.265032,1389,1392,13:10:31.439334
87.266888,1316,1191,13:10:31.439334
87.268747,1234,1372,13:10:31.439334
87.270603,1082,1235,13:10:31.439334
87.272461,915,1222,13:10:31.439334
87.274318,1465,1105,13:10:31.439334
87.276176,1565,1398,13:10:31.439334
87.278032,1249,1175,13:10:31.439334
87.279889,1302,1038,13:10:31.439334
87.281747,1477,1218,13:10:31.439334
87.283604,994,1311,13:10:31.439334
87.28546,1517,1303,13:10:31.439334
87.287316,1417,1090,13:10:31.439334
87.289179,1154,1209,13:10:31.439334
87.291059,1368,1271,13:10:31.439334
87.292928,881,1283,13:10:31.439334
87.294785,1199,1260,13:10:31.439334
87.296642,1290,1122,13:10:31.439334
87.298504,1192,1099,13:10:31.439334
87.300361,1478,1359,13:10:31.439334
87.302217,1367,1077,13:10:31.439334
87.304077,1368,1191,13:10:31.439334
87.305938,1299,1106,13:10:31.458315
87.307798,1180,1194,13:10:31.458315
87.309662,1381,1397,13:10:31.458315
87.311578,1227,1074,13:10:31.458315
87.313437,1174,1039,13:10:31.458315
87.315293,1567,1062,13:10:31.458315
87.317157,1305,1091,13:10:31.458315
87.319014,1531,1461,13:10:31.458315
87.320873,1039,1475,13:10:31.458315
87.322731,1231,1273,13:10:31.458315
87.324587,1485,1328,13:10:31.458315
87.326444,877,1322,13:10:31.458315
87.328306,1186,1274,13:10:31.458315
87.330162,1209,1239,13:10:31.458315
87.332018,1522,1133,13:10:31.458315
87.333878,914,1199,13:10:31.458315
87.335735,1392,1448,13:10:31.458315
87.337591,1391,1304,13:10:31.458315
87.339452,1171,1159,13:10:31.458315
87.341318,1260,1116,13:10:31.458315
87.343202,-61,1330,13:10:31.458315
87.345061,1295,1178,13:10:31.458315
87.346921,1328,1255,13:10:31.458315
87.348785,1344,1373,13:10:31.458315
87.350642,1286,1253,13:10:31.458315
87.352498,1462,1236,13:10:31.458315
87.354357,1444,1211,13:10:31.458315
87.356229,1438,1103,13:10:31.508023
87.358089,1445,1083,13:10:31.508023
87.359961,1327,1515,13:10:31.508023
87.36185,1075,1112,13:10:31.508023
87.363706,1196,1248,13:10:31.508023
87.365562,1214,905,13:10:31.508023
87.367421,1267,1148,13:10:31.508023
87.369277,1371,1353,13:10:31.508023
87.371134,1256,1214,13:10:31.508023
87.372992,1299,1055,13:10:31.508023
87.374848,1355,1267,13:10:31.508023
87.376707,1378,1401,13:10:31.508023
87.378563,1451,1311,13:10:31.508023
87.380427,1299,961,13:10:31.508023
87.382284,1212,1248,13:10:31.508023
87.38414,1406,1235,13:10:31.508023
87.385999,1556,1340,13:10:31.508023
87.387857,1365,1377,13:10:31.508023
87.389715,1460,1288,13:10:31.508023
87.391572,1440,1184,13:10:31.508023
87.393449,1068,1131,13:10:31.508023
87.395308,1141,1392,13:10:31.508023
87.397165,1396,1215,13:10:31.508023
87.399023,1502,1134,13:10:31.508023
87.400879,1454,1103,13:10:31.508023
87.402738,1382,1384,13:10:31.508023
87.404594,1516,1247,13:10:31.561361
87.406465,1299,1456,13:10:31.561361
87.408325,1476,1342,13:10:31.561361
87.410219,1508,1228,13:10:31.562263
87.412091,1388,1069,13:10:31.562263
87.41395,1582,899,13:10:31.562263
87.415806,1361,1538,13:10:31.562263
87.417663,1429,1331,13:10:31.562263
87.419519,1295,1360,13:10:31.562263
87.421381,1253,1145,13:10:31.562263
87.423238,1450,1199,13:10:31.562263
87.425094,1253,1319,13:10:31.562263
87.426954,1549,1246,13:10:31.562263
87.428811,1579,1383,13:10:31.562263
87.430669,1324,1346,13:10:31.562263
87.432525,1335,1185,13:10:31.562263
87.434384,1482,1193,13:10:31.562263
87.43624,1123,1329,13:10:31.562263
87.438097,1651,1445,13:10:31.562263
87.439957,1249,1242,13:10:31.562263
87.441815,1321,1182,13:10:31.562263
87.443674,1592,1131,13:10:31.562263
87.44553,1217,1215,13:10:31.562263
87.447386,1326,1044,13:10:31.562263
87.449245,1456,1142,13:10:31.562263
87.451103,1501,1492,13:10:31.562263
87.452961,1417,1472,13:10:31.562263
87.454818,1350,1117,13:10:31.606448
87.456688,1336,1475,13:10:31.606448
87.458548,1272,1249,13:10:31.606448
87.460432,1181,1251,13:10:31.606448
87.462339,1366,1077,13:10:31.606448
87.464195,1114,1277,13:10:31.606448
87.466052,1215,1110,13:10:31.606448
87.46791,1514,1294,13:10:31.606448
87.469766,1355,1464,13:10:31.606448
87.471625,1438,988,13:10:31.606448
87.473481,1474,1339,13:10:31.606448
87.475341,1303,1383,13:10:31.606448
87.4772,1356,1109,13:10:31.606448
87.479066,1449,1284,13:10:31.606448
87.480922,1170,1301,13:10:31.606448
87.482779,1209,1276,13:10:31.606448
87.484637,1404,1215,13:10:31.606448
87.486494,1442,1354,13:10:31.606448
87.48835,1373,1082,13:10:31.606448
87.490208,1321,1296,13:10:31.606448
87.492065,1528,1321,13:10:31.606448
87.493923,1311,1187,13:10:31.606448
87.495781,1527,1165,13:10:31.606448
87.497644,1300,1379,13:10:31.606448
87.4995,1400,1077,13:10:31.606448
87.501356,1379,1175,13:10:31.606448
87.503215,1545,1092,13:10:31.606448
87.505071,1420,1266,13:10:31.655534
87.506945,1054,1133,13:10:31.655534
87.508806,1422,1348,13:10:31.655534
87.510718,1302,1199,13:10:31.655534
87.512594,1239,1139,13:10:31.655534
87.514451,1429,1236,13:10:31.655534
87.516307,1260,1285,13:10:31.655534
87.518165,1513,1436,13:10:31.655534
87.520025,1554,1275,13:10:31.655534
87.521882,1437,1399,13:10:31.655534
87.523738,1590,1440,13:10:31.655534
87.525597,1283,1329,13:10:31.655534
87.527453,1218,1050,13:10:31.655534
87.529309,1400,1304,13:10:31.655534
87.531166,1451,1005,13:10:31.655534
87.533022,1568,1193,13:10:31.655534
87.534879,1348,1248,13:10:31.655534
87.536735,1361,1440,13:10:31.655534
87.538597,1486,1119,13:10:31.655534
87.540454,1451,1326,13:10:31.656551
87.54231,1502,1186,13:10:31.656551
87.54417,1325,1220,13:10:31.656551
87.546027,1259,1352,13:10:31.656551
87.547885,1435,1352,13:10:31.656551
87.549742,1305,1249,13:10:31.656551
87.5516,1069,1289,13:10:31.656551
87.553473,1056,1214,13:10:31.656551
87.555342,1045,1156,13:10:31.709625
87.557213,1417,1135,13:10:31.709625
87.559075,1389,1373,13:10:31.709625
87.560984,1321,1579,13:10:31.709625
87.562844,1203,1290,13:10:31.709625
87.5647,1557,1145,13:10:31.709625
87.566558,1540,1429,13:10:31.710625
87.568415,1608,1229,13:10:31.710625
87.570271,1245,1320,13:10:31.710625
87.572129,1243,1346,13:10:31.710625
87.573986,1266,1300,13:10:31.710625
87.575844,1166,1337,13:10:31.710625
87.5777,1469,1319,13:10:31.710625
87.579561,1381,1400,13:10:31.710625
87.581417,1408,1469,13:10:31.710625
87.583274,1417,1293,13:10:31.710625
87.585132,1297,1503,13:10:31.710625
87.586988,1532,1321,13:10:31.710625
87.588847,1451,1252,13:10:31.710625
87.590703,1389,1194,13:10:31.710625
87.592559,1288,1158,13:10:31.710625
87.594416,1374,1208,13:10:31.710625
87.596282,1183,1362,13:10:31.710625
87.598138,1372,1224,13:10:31.710625
87.599995,1481,1383,13:10:31.710625
87.601853,1475,1053,13:10:31.710625
87.603709,1403,1365,13:10:31.710625
87.605568,1478,1403,13:10:31.755554
87.607432,1328,1281,13:10:31.755554
87.609293,1407,1395,13:10:31.755554
87.611204,1072,1219,13:10:31.755554
87.613079,1351,1467,13:10:31.755554
87.614939,1441,1346,13:10:31.755554
87.616798,1333,1487,13:10:31.755554
87.618654,1542,1612,13:10:31.755554
87.62052,1222,1197,13:10:31.755554
87.622379,1445,1293,13:10:31.755554
87.624235,1357,1379,13:10:31.755554
87.626093,1580,1278,13:10:31.755554
87.62795,1366,1168,13:10:31.755554
87.629808,1238,1428,13:10:31.755554
87.631664,1322,1364,13:10:31.755554
87.633521,1250,1144,13:10:31.755554
87.635379,1402,1361,13:10:31.755554
87.637241,1439,1217,13:10:31.755554
87.639098,1152,1240,13:10:31.755554
87.640954,1382,1278,13:10:31.755554
87.642813,1436,1327,13:10:31.755554
87.644669,1378,1063,13:10:31.755554
87.646533,1251,1228,13:10:31.755554
87.648394,1309,1596,13:10:31.755554
87.65025,1455,1572,13:10:31.755554
87.652108,1389,1454,13:10:31.755554
87.653965,1387,1418,13:10:31.755554
87.655829,1282,1363,13:10:31.806260
87.657691,1239,1414,13:10:31.806260
87.65956,1338,1360,13:10:31.806260
87.661466,1270,1188,13:10:31.806260
87.663322,1129,1046,13:10:31.806260
87.665179,990,1572,13:10:31.806260
87.667037,1510,1430,13:10:31.806260
87.668893,1321,1447,13:10:31.806260
87.670754,1083,1375,13:10:31.806260
87.67261,1309,1385,13:10:31.806260
87.674468,1510,1353,13:10:31.806260
87.676325,1261,1448,13:10:31.806260
87.678182,1323,1341,13:10:31.806260
87.680039,1336,1428,13:10:31.806260
87.681896,1165,1359,13:10:31.806260
87.683752,1055,1195,13:10:31.806260
87.685609,1481,1269,13:10:31.806260
87.687465,1427,1295,13:10:31.806260
87.689323,1241,1343,13:10:31.806260
87.691187,1366,1449,13:10:31.806260
87.693044,1245,1217,13:10:31.806260
87.6949,1184,1269,13:10:31.806260
87.696759,1308,1180,13:10:31.806260
87.698615,1175,1394,13:10:31.806260
87.700471,1308,1351,13:10:31.806260
87.702328,1278,1452,13:10:31.806260
87.704184,1335,1482,13:10:31.806260
87.706047,1401,1392,13:10:31.855536
87.707907,1345,1285,13:10:31.855536
87.709782,1416,1437,13:10:31.855536
87.711703,1196,1261,13:10:31.855536
87.71356,1331,1112,13:10:31.855536
87.715428,1230,1423,13:10:31.855536
87.717284,1171,1276,13:10:31.855536
87.719141,1104,1336,13:10:31.855536
87.720999,1268,1427,13:10:31.855536
87.722855,1318,1461,13:10:31.855536
87.724714,1336,1425,13:10:31.855536
87.72657,1424,1605,13:10:31.855536
87.728426,1561,1432,13:10:31.855536
87.730285,1182,978,13:10:31.855536
87.732146,1229,1587,13:10:31.859539
87.734003,1198,1369,13:10:31.859539
87.735862,1126,1542,13:10:31.859539
87.73772,1241,1252,13:10:31.859539
87.739577,1411,1409,13:10:31.859539
87.741433,1478,1550,13:10:31.859539
87.743291,1438,1787,13:10:31.859539
87.745148,1151,1330,13:10:31.859539
87.747006,1356,1259,13:10:31.859539
87.748866,1312,1480,13:10:31.859539
87.750725,1312,1258,13:10:31.859539
87.752581,1496,1389,13:10:31.859539
87.754437,1114,1538,13:10:31.859539
87.75631,1091,1305,13:10:31.905577
87.758178,1216,1132,13:10:31.905577
87.76005,1430,1348,13:10:31.905577
87.761966,1197,1538,13:10:31.905577
87.763825,1208,1301,13:10:31.905577
87.765683,1259,1498,13:10:31.905577
87.76754,1197,1297,13:10:31.905577
87.769396,1223,1322,13:10:31.905577
87.771254,1024,1252,13:10:31.905577
87.773114,1430,1357,13:10:31.905577
87.774973,1197,1467,13:10:31.905577
87.776829,1309,1487,13:10:31.905577
87.778696,1228,1102,13:10:31.905577
87.780552,1376,1171,13:10:31.905577
87.782408,1054,1398,13:10:31.905577
87.784267,1272,1431,13:10:31.905577
87.786123,1607,1212,13:10:31.905577
87.787979,1180,1432,13:10:31.905577
87.789836,1505,1381,13:10:31.905577
87.791692,1190,1501,13:10:31.905577
87.793551,1401,1484,13:10:31.905577
87.795416,1293,1110,13:10:31.905577
87.797273,1196,1505,13:10:31.905577
87.79913,1083,1461,13:10:31.905577
87.800988,1488,1256,13:10:31.905577
87.802844,1345,1444,13:10:31.905577
87.804701,1389,1392,13:10:31.955628
87.806567,1294,1445,13:10:31.955628
87.808425,1209,1568,13:10:31.955628
87.810335,1245,1487,13:10:31.955628
87.812222,1368,1403,13:10:31.955628
87.814078,1339,1220,13:10:31.955628
87.815937,1426,1470,13:10:31.955628
87.817795,1396,1555,13:10:31.955628
87.819655,1145,1285,13:10:31.955628
87.821514,1290,1404,13:10:31.955628
87.82337,1469,1442,13:10:31.955628
87.825228,1263,1611,13:10:31.955628
87.827085,1182,1462,13:10:31.955628
87.828943,1298,1378,13:10:31.955628
87.830801,1388,1245,13:10:31.955628
87.832658,1341,1442,13:10:31.955628
87.834516,1363,1363,13:10:31.955628
87.836375,1347,1346,13:10:31.955628
87.838235,1156,1267,13:10:31.955628
87.840091,1502,1363,13:10:31.955628
87.841949,1487,1499,13:10:31.955628
87.843806,1251,1435,13:10:31.955628
87.845662,1251,1490,13:10:31.955628
87.847521,1219,1314,13:10:31.955628
87.849379,1254,1407,13:10:31.955628
87.851247,1177,1382,13:10:31.955628
87.853108,1051,1586,13:10:31.955628
87.854964,1310,1390,13:10:32.005564
87.856828,1344,1618,13:10:32.005564
87.858693,1566,1335,13:10:32.005564
87.860599,1286,1487,13:10:32.005564
87.862457,1644,1324,13:10:32.005564
87.864313,1414,1649,13:10:32.005564
87.866174,1057,1246,13:10:32.005564
87.86803,1207,1330,13:10:32.005564
87.869889,1242,1357,13:10:32.005564
87.871745,1324,1494,13:10:32.005564
87.873601,1621,1360,13:10:32.005564
87.875458,1473,1376,13:10:32.005564
87.877314,1389,1656,13:10:32.005564
87.879172,1415,1523,13:10:32.005564
87.881029,1460,1172,13:10:32.005564
87.882885,1387,1571,13:10:32.005564
87.884741,1119,1496,13:10:32.005564
87.886598,1265,1279,13:10:32.005564
87.888454,1187,1615,13:10:32.005564
87.890311,1095,1431,13:10:32.006568
87.892171,1302,1313,13:10:32.006568
87.894027,1221,1571,13:10:32.006568
87.895886,1195,1486,13:10:32.006568
87.897742,1453,1448,13:10:32.006568
87.899598,1251,1292,13:10:32.006568
87.901457,1350,1403,13:10:32.006568
87.903317,1095,1461,13:10:32.006568
87.905175,1328,1306,13:10:32.057721
87.907038,1385,1370,13:10:32.057721
87.908902,1572,1613,13:10:32.057721
87.91083,1103,1493,13:10:32.057721
87.912692,1303,1440,13:10:32.057721
87.914553,1318,1410,13:10:32.057721
87.916409,1323,1457,13:10:32.057721
87.918265,1214,1400,13:10:32.057721
87.920124,1369,1504,13:10:32.057721
87.92198,1375,1379,13:10:32.057721
87.923839,1409,1224,13:10:32.057721
87.925695,1415,1319,13:10:32.057721
87.927555,1310,1299,13:10:32.057721
87.929414,1166,1483,13:10:32.057721
87.93128,1414,1359,13:10:32.057721
87.933136,1030,1559,13:10:32.057721
87.934993,1209,1545,13:10:32.057721
87.936851,1412,1451,13:10:32.057721
87.938707,1242,1368,13:10:32.057721
87.940564,1220,1528,13:10:32.057721
87.942422,1321,1408,13:10:32.057721
87.944278,1480,1513,13:10:32.057721
87.946137,1591,1283,13:10:32.057721
87.947993,1394,1543,13:10:32.057721
87.949858,1241,1405,13:10:32.057721
87.951714,1446,1338,13:10:32.057721
87.953573,1385,1309,13:10:32.057721
87.955439,1475,1268,13:10:32.105331
87.957315,863,1343,13:10:32.105331
87.959181,1307,1438,13:10:32.105331
87.961089,1444,1355,13:10:32.105331
87.962952,978,1464,13:10:32.105331
87.96481,1463,1569,13:10:32.105331
87.966666,1382,1445,13:10:32.105331
87.968523,1337,1285,13:10:32.105331
87.970381,1378,1508,13:10:32.105331
87.972239,1171,1631,13:10:32.105331
87.974096,1334,1471,13:10:32.105331
87.975952,1572,1378,13:10:32.105331
87.977811,1661,1449,13:10:32.105331
87.979667,1278,1470,13:10:32.105331
87.981523,1341,1311,13:10:32.105331
87.983382,1305,1419,13:10:32.105331
87.985238,1004,1450,13:10:32.105331
87.987094,1321,1467,13:10:32.105331
87.988951,1182,1399,13:10:32.105331
87.990817,1160,1495,13:10:32.105331
87.992673,1304,1362,13:10:32.105331
87.99453,1050,1275,13:10:32.105331
87.996388,1186,1433,13:10:32.105331
87.998245,1429,1245,13:10:32.105331
88.000101,1370,1757,13:10:32.105331
88.001957,1359,1364,13:10:32.105331
88.003814,1425,1321,13:10:32.105331
88.005674,1326,1450,13:10:32.159570
88.007544,1053,1224,13:10:32.159570
88.009407,1281,1131,13:10:32.159570
88.011337,906,1439,13:10:32.160569
88.013209,1306,1481,13:10:32.160569
88.015065,1243,1415,13:10:32.160569
88.016922,1295,1393,13:10:32.160569
88.018788,1366,1532,13:10:32.160569
88.020644,1291,1474,13:10:32.160569
88.022501,1202,1293,13:10:32.160569
88.024359,1354,1492,13:10:32.160569
88.026215,1424,1460,13:10:32.160569
88.028074,1380,1443,13:10:32.160569
88.02993,1251,1405,13:10:32.160569
88.031787,1320,1515,13:10:32.160569
88.033645,1227,1301,13:10:32.160569
88.035509,1395,1406,13:10:32.160569
88.037366,1298,1076,13:10:32.160569
88.039222,1332,1252,13:10:32.160569
88.04108,1418,1245,13:10:32.160569
88.042937,1195,1308,13:10:32.160569
88.044795,1094,1332,13:10:32.160569
88.046653,1399,1151,13:10:32.160569
88.04851,1360,1633,13:10:32.160569
88.050368,1297,1539,13:10:32.160569
88.052225,1365,1542,13:10:32.160569
88.054087,1267,1298,13:10:32.160569
88.055967,1537,1481,13:10:32.207016
88.05783,1587,1437,13:10:32.207016
88.059693,1599,1495,13:10:32.207016
88.061592,1256,1485,13:10:32.207016
88.06345,1405,1592,13:10:32.207016
88.065313,1077,1351,13:10:32.208016
88.067171,1336,1281,13:10:32.208016
88.069029,1459,1331,13:10:32.208016
88.070886,1421,1181,13:10:32.208016
88.072744,1311,1475,13:10:32.208016
88.074602,1526,1349,13:10:32.208016
88.076459,1386,1435,13:10:32.208016
88.078321,1531,1472,13:10:32.208016
88.080178,1280,1186,13:10:32.208016
88.082036,1064,1512,13:10:32.208016
88.083892,1276,1614,13:10:32.208016
88.085751,1243,1252,13:10:32.208016
88.087609,1017,1327,13:10:32.208016
88.089465,1629,1705,13:10:32.208016
88.091322,1361,1441,13:10:32.208016
88.093178,1373,1445,13:10:32.208016
88.09504,1355,1261,13:10:32.208016
88.096897,1102,1503,13:10:32.209016
88.098753,1365,1200,13:10:32.209016
88.100612,1463,1525,13:10:32.209016
88.102468,1151,1338,13:10:32.209016
88.104326,1376,1309,13:10:32.209016
88.106187,1621,1271,13:10:32.255847
88.108047,1397,1368,13:10:32.255847
88.109923,1267,1168,13:10:32.255847
88.111821,1136,1545,13:10:32.255847
88.113686,1398,1307,13:10:32.255847
88.115542,1332,1493,13:10:32.255847
88.117398,1099,1481,13:10:32.255847
88.119257,1492,1383,13:10:32.255847
88.121113,1319,1282,13:10:32.255847
88.122972,1318,1491,13:10:32.255847
88.124828,1323,1475,13:10:32.255847
88.12669,1269,1132,13:10:32.255847
88.128547,1316,1190,13:10:32.255847
88.130403,1184,1454,13:10:32.255847
88.132265,1165,1113,13:10:32.255847
88.134122,1491,1331,13:10:32.255847
88.135982,1221,1522,13:10:32.255847
88.137838,1381,1168,13:10:32.255847
88.139695,1187,1486,13:10:32.255847
88.141553,1226,1335,13:10:32.255847
88.14341,1336,1478,13:10:32.255847
88.145266,1299,1465,13:10:32.255847
88.147122,1278,1207,13:10:32.255847
88.148985,1460,1352,13:10:32.255847
88.150843,1282,1445,13:10:32.255847
88.152699,1193,1217,13:10:32.255847
88.154558,1187,1519,13:10:32.307728
88.156426,1239,1280,13:10:32.307728
88.158289,1377,1485,13:10:32.307728
88.160174,1247,1593,13:10:32.307728
88.162091,1303,1412,13:10:32.307728
88.163949,1344,1272,13:10:32.307728
88.165835,1552,1319,13:10:32.307728
88.167692,1350,1435,13:10:32.307728
88.16955,1361,1244,13:10:32.307728
88.171406,1194,1495,13:10:32.307728
88.173265,1149,1290,13:10:32.307728
88.175121,1330,1456,13:10:32.307728
88.176977,1574,1570,13:10:32.307728
88.178834,1140,1307,13:10:32.307728
88.180697,1145,1710,13:10:32.307728
88.182554,1400,1447,13:10:32.307728
88.184411,1240,1383,13:10:32.307728
88.186269,1260,1216,13:10:32.307728
88.188126,1355,1528,13:10:32.307728
88.189982,1250,1384,13:10:32.307728
88.191838,1377,1438,13:10:32.307728
88.193695,1396,1631,13:10:32.307728
88.195551,1414,1504,13:10:32.307728
88.197407,1189,1246,13:10:32.307728
88.199268,1015,1402,13:10:32.307728
88.201124,1212,1703,13:10:32.307728
88.202981,1405,1217,13:10:32.307728
88.204839,1293,1057,13:10:32.358211
88.206701,1292,1463,13:10:32.358211
88.208562,1211,1388,13:10:32.358211
88.210475,1363,1410,13:10:32.358211
88.21236,1346,1399,13:10:32.358211
88.214236,1384,1599,13:10:32.358211
88.216097,1408,1280,13:10:32.358211
88.217953,1380,1484,13:10:32.358211
88.219811,1167,1686,13:10:32.358211
88.221668,1361,1324,13:10:32.358211
88.223526,1275,1340,13:10:32.358211
88.225382,1353,1444,13:10:32.358211
88.227247,1396,1176,13:10:32.358211
88.229103,1243,1210,13:10:32.358211
88.230959,1405,1421,13:10:32.358211
88.232818,1398,1219,13:10:32.358211
88.234674,1187,1346,13:10:32.358211
88.236533,1267,1410,13:10:32.358211
88.238389,1334,1481,13:10:32.358211
88.240245,1188,1277,13:10:32.358211
88.242104,1453,1374,13:10:32.358211
88.24396,1341,1408,13:10:32.358211
88.24582,1266,1645,13:10:32.358211
88.247677,1400,1510,13:10:32.358211
88.249535,1392,1538,13:10:32.358211
88.251391,1263,1215,13:10:32.358211
88.253248,1239,1455,13:10:32.358211
88.255104,1104,1493,13:10:32.413835
88.256977,1359,1647,13:10:32.413835
88.258837,1040,1341,13:10:32.413835
88.260727,937,1264,13:10:32.413835
88.262646,1411,1598,13:10:32.413835
88.264545,1256,1528,13:10:32.413835
88.266402,1504,1648,13:10:32.413835
88.268264,1510,1549,13:10:32.413835
88.270126,1377,1465,13:10:32.413835
88.271983,1165,1547,13:10:32.413835
88.273841,1252,1463,13:10:32.413835
88.275698,1228,1334,13:10:32.413835
88.277554,882,1346,13:10:32.413835
88.279412,1510,1264,13:10:32.413835
88.281272,1101,1570,13:10:32.413835
88.283129,1177,1521,13:10:32.413835
88.284985,1595,1308,13:10:32.413835
88.286848,1251,1551,13:10:32.413835
88.288704,1229,1557,13:10:32.413835
88.290561,1147,1340,13:10:32.413835
88.292419,1553,1203,13:10:32.413835
88.294275,1237,1440,13:10:32.413835
88.296134,1300,1394,13:10:32.413835
88.29799,1434,1367,13:10:32.413835
88.29985,1541,1438,13:10:32.413835
88.301707,1486,1532,13:10:32.413835
88.303563,1356,1664,13:10:32.413835
88.305425,1286,1489,13:10:32.462195
88.307292,1376,1474,13:10:32.462195
88.309156,1319,1549,13:10:32.462195
88.311058,955,1560,13:10:32.462195
88.312917,1141,1475,13:10:32.462195
88.314782,1024,1292,13:10:32.462195
88.316661,1158,1500,13:10:32.462195
88.318518,1293,1509,13:10:32.462195
88.320378,1444,1361,13:10:32.462195
88.322234,1364,1537,13:10:32.462195
88.324093,1434,1406,13:10:32.462195
88.325949,1059,1459,13:10:32.462195
88.327813,1350,1518,13:10:32.462195
88.32967,1136,1384,13:10:32.462195
88.331526,1582,1073,13:10:32.462195
88.333385,1408,1391,13:10:32.462195
88.335241,1421,1577,13:10:32.462195
88.337097,1398,1360,13:10:32.462195
88.338954,1195,1454,13:10:32.462195
88.34081,1468,1324,13:10:32.462195
88.342666,1056,1408,13:10:32.462195
88.344523,1107,1353,13:10:32.462195
88.346383,1370,1212,13:10:32.462195
88.348239,1310,1455,13:10:32.462195
88.350098,1192,1506,13:10:32.462195
88.351954,1640,1498,13:10:32.462195
88.353811,1102,1377,13:10:32.462195
88.355675,1321,1356,13:10:32.512183
88.357537,1384,1372,13:10:32.512183
88.359399,1254,1138,13:10:32.512183
88.361304,1056,1634,13:10:32.512183
88.363163,1178,1232,13:10:32.512183
88.365026,1181,1656,13:10:32.512183
88.366917,-67,1501,13:10:32.512183
88.368773,1513,1491,13:10:32.512183
88.370629,1239,1395,13:10:32.512183
88.372486,1115,1285,13:10:32.512183
88.374344,1179,1311,13:10:32.512183
88.3762,1215,1454,13:10:32.512183
88.378059,1205,1292,13:10:32.512183
88.379915,1476,1308,13:10:32.512183
88.381774,1339,1126,13:10:32.512183
88.383632,1378,1373,13:10:32.512183
88.385492,1432,1208,13:10:32.512183
88.387349,1252,1229,13:10:32.512183
88.389205,1141,1408,13:10:32.512183
88.391063,1338,1169,13:10:32.512183
88.39292,1242,1147,13:10:32.512183
88.394776,1393,1416,13:10:32.512183
88.396634,1176,1457,13:10:32.512183
88.398491,1396,1521,13:10:32.512183
88.400349,1438,1280,13:10:32.512183
88.402206,1141,1479,13:10:32.512183
88.40407,1618,1375,13:10:32.512183
88.40593,1403,1601,13:10:32.563643
88.407793,1264,1522,13:10:32.563643
88.409659,1212,1085,13:10:32.563643
88.411553,1269,1368,13:10:32.563643
88.41341,1124,1183,13:10:32.563643
88.415268,1211,1383,13:10:32.563643
88.417124,183,1228,13:10:32.563643
88.419005,1415,1319,13:10:32.563643
88.420861,1335,1364,13:10:32.563643
88.422719,1325,1542,13:10:32.563643
88.424576,1531,1474,13:10:32.563643
88.426432,1547,1156,13:10:32.563643
88.42829,1233,1474,13:10:32.563643
88.430147,1173,1081,13:10:32.563643
88.432005,1096,1249,13:10:32.563643
88.433861,1361,1357,13:10:32.563643
88.435722,1191,1462,13:10:32.563643
88.437578,1464,1469,13:10:32.563643
88.439438,1670,1441,13:10:32.563643
88.441295,1450,1437,13:10:32.563643
88.443151,1049,1431,13:10:32.563643
88.44501,1410,1261,13:10:32.563643
88.446868,1368,1527,13:10:32.563643
88.448724,1241,1490,13:10:32.563643
88.450583,1423,1383,13:10:32.563643
88.452439,1351,1398,13:10:32.563643
88.454295,1202,1655,13:10:32.563643
88.456168,1393,1277,13:10:32.615281
88.458028,1436,1177,13:10:32.615281
88.459894,1226,1234,13:10:32.615281
88.461777,1478,1509,13:10:32.615281
88.463637,1096,1431,13:10:32.615281
88.465494,1245,1574,13:10:32.615281
88.467354,1095,1476,13:10:32.615281
88.469218,640,1214,13:10:32.615281
88.471074,1532,1391,13:10:32.615281
88.472931,1227,1629,13:10:32.615281
88.474787,1453,1284,13:10:32.615281
88.476645,1422,1271,13:10:32.615281
88.478502,1262,1138,13:10:32.615281
88.480358,1325,1480,13:10:32.615281
88.482214,1563,1109,13:10:32.615281
88.484071,1211,1570,13:10:32.615281
88.485927,1413,1465,13:10:32.615281
88.487784,1200,1327,13:10:32.615281
88.489644,1261,1463,13:10:32.615281
88.4915,1208,1449,13:10:32.615281
88.493357,1384,1392,13:10:32.615281
88.495215,1213,1389,13:10:32.615281
88.497071,1309,1337,13:10:32.615281
88.49893,1472,1271,13:10:32.615281
88.500786,1203,1385,13:10:32.615281
88.502646,1497,1355,13:10:32.615281
88.504505,1528,1587,13:10:32.666944
88.506379,1252,1479,13:10:32.666944
88.508239,1243,1562,13:10:32.666944
88.510115,1275,1565,13:10:32.666944
88.511996,1358,1659,13:10:32.666944
88.513856,1478,1370,13:10:32.667945
88.515713,1287,1326,13:10:32.667945
88.517571,1149,1431,13:10:32.667945
88.519443,1164,1286,13:10:32.667945
88.521326,921,1455,13:10:32.667945
88.523184,1344,1621,13:10:32.667945
88.52504,1494,1589,13:10:32.667945
88.526897,1255,1294,13:10:32.667945
88.528753,1515,1406,13:10:32.667945
88.530611,1167,1363,13:10:32.667945
88.532468,1351,1381,13:10:32.667945
88.534324,1213,1383,13:10:32.667945
88.536182,1312,1277,13:10:32.667945
88.538039,1539,1498,13:10:32.667945
88.539897,1220,1586,13:10:32.667945
88.541754,1458,1426,13:10:32.667945
88.54361,1509,1490,13:10:32.667945
88.545466,1505,1235,13:10:32.667945
88.54733,1133,1311,13:10:32.667945
88.549187,1314,1401,13:10:32.667945
88.551043,1473,1340,13:10:32.667945
88.552902,1147,1433,13:10:32.667945
88.554758,1292,1710,13:10:32.717783
88.556622,1562,1548,13:10:32.717783
88.558485,1437,1290,13:10:32.717783
88.560388,1448,1642,13:10:32.717783
88.562257,1374,1506,13:10:32.717783
88.564116,1237,1361,13:10:32.717783
88.565982,1022,1339,13:10:32.717783
88.567839,657,1520,13:10:32.717783
88.569697,1266,1396,13:10:32.717783
88.571555,1072,1338,13:10:32.717783
88.573419,1233,1247,13:10:32.717783
88.575276,1235,1369,13:10:32.717783
88.577136,1369,1296,13:10:32.717783
88.579032,1208,1305,13:10:32.717783
88.580898,1330,1274,13:10:32.717783
88.582755,1319,1496,13:10:32.717783
88.584613,1454,1235,13:10:32.717783
88.586476,1194,1426,13:10:32.717783
88.588332,1242,1268,13:10:32.717783
88.59019,1385,1343,13:10:32.717783
88.592047,1450,1387,13:10:32.717783
88.593903,1400,1437,13:10:32.717783
88.595761,1164,1352,13:10:32.717783
88.597622,1251,1483,13:10:32.717783
88.59948,1387,1448,13:10:32.717783
88.601336,1305,1344,13:10:32.717783
88.603197,1275,1199,13:10:32.717783
88.605053,1143,1377,13:10:32.770374
88.606926,1340,1369,13:10:32.770374
88.608788,1113,1347,13:10:32.770374
88.610708,1028,1317,13:10:32.770374
88.612564,1219,1526,13:10:32.770374
88.614423,1511,1306,13:10:32.770374
88.616279,582,1306,13:10:32.770374
88.618137,798,1434,13:10:32.770374
88.619994,909,1577,13:10:32.770374
88.621852,1184,1276,13:10:32.770374
88.623712,333,1175,13:10:32.770374
88.625572,1342,1297,13:10:32.770374
88.627433,1296,1427,13:10:32.770374
88.629289,1363,1427,13:10:32.770374
88.631148,1418,1334,13:10:32.770374
88.633004,1379,1373,13:10:32.770374
88.634861,1296,1304,13:10:32.770374
88.636719,1262,1333,13:10:32.770374
88.638581,1315,1423,13:10:32.770374
88.64044,1096,1244,13:10:32.770374
88.642296,1497,1317,13:10:32.770374
88.644162,1406,1419,13:10:32.770374
88.646019,1337,1396,13:10:32.770374
88.647875,1381,1544,13:10:32.770374
88.649733,1590,1540,13:10:32.770374
88.65159,1427,1163,13:10:32.770374
88.653449,1285,1218,13:10:32.770374
88.655306,1228,1311,13:10:32.820526
88.657171,1334,1225,13:10:32.820526
88.659031,1310,1366,13:10:32.820526
88.660939,1078,1405,13:10:32.820526
88.662804,1190,1187,13:10:32.820526
88.66466,1384,1230,13:10:32.820526
88.666516,1205,1231,13:10:32.820526
88.668379,1184,1499,13:10:32.820526
88.670235,829,1331,13:10:32.820526
88.672096,1092,1567,13:10:32.820526
88.673982,236,1502,13:10:32.820526
88.675838,1251,1307,13:10:32.820526
88.6777,1611,1388,13:10:32.820526
88.679557,1280,1440,13:10:32.820526
88.681415,1235,1281,13:10:32.820526
88.683271,966,1513,13:10:32.820526
88.68513,1448,1308,13:10:32.820526
88.686988,1295,1188,13:10:32.820526
88.688855,1052,1432,13:10:32.820526
88.690713,1462,1208,13:10:32.820526
88.692569,1147,1131,13:10:32.820526
88.694428,872,1427,13:10:32.820526
88.696284,1498,1643,13:10:32.820526
88.69814,1545,1199,13:10:32.820526
88.699999,770,1706,13:10:32.820526
88.701855,2484,2057,13:10:32.820526
88.703713,1911,957,13:10:32.820526
88.705572,310,1001,13:10:32.870409
88.707434,1391,1474,13:10:32.870409
88.709296,1450,694,13:10:32.870409
88.711213,-158,615,13:10:32.870409
88.713073,1530,2207,13:10:32.870409
88.714931,2378,1770,13:10:32.870409
88.71679,1097,1194,13:10:32.870409
88.718648,1603,1724,13:10:32.870409
88.720504,1708,1541,13:10:32.870409
88.722363,1069,880,13:10:32.871337
88.724231,448,1231,13:10:32.871337
88.726109,155,1484,13:10:32.871337
88.727968,1398,1013,13:10:32.871337
88.729824,851,1235,13:10:32.871337
88.731682,1852,1562,13:10:32.871337
88.733539,2068,1446,13:10:32.871337
88.735401,1641,1250,13:10:32.871337
88.737257,1021,1307,13:10:32.871337
88.739114,1494,1395,13:10:32.871337
88.740972,939,1052,13:10:32.871337
88.742829,674,903,13:10:32.871337
88.744687,1169,1311,13:10:32.871337
88.746543,1915,1489,13:10:32.871337
88.748402,1542,1218,13:10:32.871337
88.750258,1267,1705,13:10:32.871337
88.752115,2077,1572,13:10:32.871337
88.753975,1238,994,13:10:32.871337
88.755835,762,1190,13:10:32.924598
88.757705,1213,1600,13:10:32.924598
88.759569,1236,1210,13:10:32.924598
88.761478,707,881,13:10:32.924598
88.763334,1621,1799,13:10:32.924598
88.765191,2093,1524,13:10:32.924598
88.767049,1699,1295,13:10:32.924598
88.768905,1128,1323,13:10:32.924598
88.770773,1091,1485,13:10:32.924598
88.772631,597,1056,13:10:32.924598
88.774492,440,1153,13:10:32.924598
88.776355,320,1199,13:10:32.924598
88.778211,1936,1429,13:10:32.924598
88.78007,1155,1330,13:10:32.924598
88.781932,1397,1512,13:10:32.924598
88.783814,2184,1685,13:10:32.924598
88.78567,1536,1481,13:10:32.924598
88.787527,734,1152,13:10:32.924598
88.789383,1339,1590,13:10:32.924598
88.79124,1520,1322,13:10:32.924598
88.793096,835,1123,13:10:32.924598
88.794954,1436,1551,13:10:32.924598
88.796811,2020,1543,13:10:32.924598
88.798675,1550,1367,13:10:32.924598
88.800531,1541,1306,13:10:32.924598
88.802388,1911,1682,13:10:32.924598
88.804246,1284,1009,13:10:32.924598
88.80611,903,990,13:10:32.975362
88.807971,1303,1181,13:10:32.976258
88.809835,1266,1264,13:10:32.976258
88.811732,1104,1148,13:10:32.976258
88.81359,1079,1407,13:10:32.976258
88.815449,1483,1355,13:10:32.976258
88.817314,1128,1513,13:10:32.976258
88.819171,985,1264,13:10:32.976258
88.821027,1039,1181,13:10:32.976258
88.822885,858,1329,13:10:32.976258
88.824742,883,1266,13:10:32.976258
88.8266,1273,1322,13:10:32.976258
88.828457,1649,1611,13:10:32.976258
88.830313,496,1200,13:10:32.976258
88.832169,1244,1278,13:10:32.976258
88.834025,1473,1371,13:10:32.976258
88.835882,1618,1295,13:10:32.976258
88.837738,1071,1226,13:10:32.976258
88.839597,1296,1177,13:10:32.976258
88.841453,1393,1352,13:10:32.976258
88.843309,1032,1050,13:10:32.976258
88.845168,1122,1160,13:10:32.976258
88.84703,1888,1346,13:10:32.976258
88.848887,1434,1044,13:10:32.976258
88.850743,1368,1219,13:10:32.976258
88.852601,1249,1470,13:10:32.976258
88.854458,1527,1094,13:10:33.029936
88.856322,918,1021,13:10:33.029936
88.858184,1057,1396,13:10:33.029936
88.86007,1601,1483,13:10:33.029936
88.861955,1062,1213,13:10:33.029936
88.863811,1359,1450,13:10:33.029936
88.865668,1709,1490,13:10:33.029936
88.86753,1268,1260,13:10:33.029936
88.869386,1220,1156,13:10:33.029936
88.871245,1181,1251,13:10:33.029936
88.873103,1528,1223,13:10:33.029936
88.87496,724,1262,13:10:33.029936
88.876822,1341,1457,13:10:33.029936
88.8787,1106,1646,13:10:33.029936
88.880568,1376,1355,13:10:33.029936
88.882425,1446,1269,13:10:33.029936
88.884285,1478,1332,13:10:33.029936
88.886143,1459,1313,13:10:33.029936
88.888,1133,1202,13:10:33.029936
88.889858,1193,1482,13:10:33.029936
88.891714,1454,1312,13:10:33.029936
88.893581,1200,1262,13:10:33.029936
88.895437,1446,1361,13:10:33.029936
88.897293,1628,1493,13:10:33.029936
88.899152,1556,1318,13:10:33.029936
88.901008,1367,1254,13:10:33.029936
88.902866,1179,1209,13:10:33.029936
88.904723,1434,1330,13:10:33.074690
88.906585,1351,1191,13:10:33.074690
88.908451,1331,1184,13:10:33.074690
88.910353,1617,1376,13:10:33.074690
88.912228,1351,1568,13:10:33.075699
88.914084,1023,1410,13:10:33.075699
88.915941,1677,1468,13:10:33.075699
88.917801,1561,1251,13:10:33.075699
88.919657,1069,1376,13:10:33.075699
88.921516,1204,1344,13:10:33.075699
88.923374,1452,1352,13:10:33.075699
88.925231,1246,1239,13:10:33.075699
88.927089,771,1333,13:10:33.075699
88.928948,1357,1552,13:10:33.075699
88.93081,1296,1203,13:10:33.075699
88.932712,763,1063,13:10:33.077697
88.934576,1581,1207,13:10:33.077697
88.936436,1567,1250,13:10:33.077697
88.938293,901,1326,13:10:33.077697
88.940149,1295,1259,13:10:33.077697
88.942006,1619,1482,13:10:33.077697
88.943864,1041,967,13:10:33.077697
88.94572,1246,1493,13:10:33.077697
88.947577,1842,1546,13:10:33.077697
88.949435,1442,1064,13:10:33.077697
88.951291,803,1214,13:10:33.077697
88.95315,1622,1337,13:10:33.077697
88.955006,1197,1239,13:10:33.128568
88.956874,1038,1263,13:10:33.128568
88.958735,1411,1602,13:10:33.128568
88.960629,1649,1753,13:10:33.128568
88.962491,1079,961,13:10:33.128568
88.964348,1123,1547,13:10:33.128568
88.966204,1729,1524,13:10:33.128568
88.968062,1211,1154,13:10:33.128568
88.969919,621,1300,13:10:33.128568
88.971777,1302,1295,13:10:33.128568
88.973633,1510,1284,13:10:33.128568
88.975498,955,947,13:10:33.128568
88.977354,650,1363,13:10:33.128568
88.979211,1446,1647,13:10:33.128568
88.981073,1347,1189,13:10:33.128568
88.982929,1224,1282,13:10:33.128568
88.984799,1411,1689,13:10:33.128568
88.986656,1440,1168,13:10:33.128568
88.988512,1059,1072,13:10:33.128568
88.990371,1354,1455,13:10:33.128568
88.992227,1860,1471,13:10:33.128568
88.994085,1263,935,13:10:33.128568
88.995942,1091,1380,13:10:33.128568
88.997808,1510,1352,13:10:33.128568
88.999664,1232,1265,13:10:33.128568
89.001521,994,1033,13:10:33.128568
89.003379,1195,1324,13:10:33.128568
89.005235,1437,1255,13:10:33.177945
89.007106,918,1077,13:10:33.177945
89.008966,1010,1097,13:10:33.177945
89.010874,1230,1340,13:10:33.177945
89.012733,1395,1285,13:10:33.177945
89.014589,900,1168,13:10:33.178838
89.016451,1558,1506,13:10:33.178838
89.018308,1021,1154,13:10:33.178838
89.020164,1201,1108,13:10:33.178838
89.022024,1241,1347,13:10:33.178838
89.023881,829,1532,13:10:33.178838
89.025739,1296,1359,13:10:33.178838
89.027595,983,1562,13:10:33.178838
89.029452,1142,1677,13:10:33.178838
89.031325,698,1143,13:10:33.178838
89.033194,-13,1490,13:10:33.178838
89.035065,1355,1404,13:10:33.178838
89.036921,1561,1349,13:10:33.178838
89.038777,823,880,13:10:33.178838
89.040634,1384,941,13:10:33.178838
89.042491,1400,1030,13:10:33.178838
89.044353,1180,1169,13:10:33.178838
89.046209,1272,1266,13:10:33.178838
89.048067,1467,1237,13:10:33.178838
89.049924,1458,1238,13:10:33.178838
89.051782,1089,1086,13:10:33.178838
89.05364,1148,1212,13:10:33.178838
89.055501,1417,1410,13:10:33.230605
89.057371,1208,1206,13:10:33.230605
89.059232,1245,1510,13:10:33.230605
89.061118,1121,1175,13:10:33.230605
89.062978,1170,1070,13:10:33.230605
89.064838,951,985,13:10:33.230605
89.066697,1374,1299,13:10:33.230605
89.068553,1582,1360,13:10:33.230605
89.070415,1397,1193,13:10:33.230605
89.072272,1235,1061,13:10:33.230605
89.074136,1458,1268,13:10:33.231607
89.075992,1258,1200,13:10:33.231607
89.077849,962,1383,13:10:33.231607
89.079708,1117,1290,13:10:33.231607
89.081573,1149,1641,13:10:33.231607
89.083469,-5,1208,13:10:33.231607
89.085328,1439,1259,13:10:33.231607
89.087186,1687,1189,13:10:33.231607
89.089051,1360,1380,13:10:33.231607
89.090907,1164,1322,13:10:33.231607
89.092763,1252,949,13:10:33.231607
89.094622,1562,1337,13:10:33.231607
89.096478,1320,1239,13:10:33.231607
89.098336,1437,1171,13:10:33.231607
89.100193,1296,1113,13:10:33.231607
89.102049,1127,1256,13:10:33.231607
89.103905,1132,1326,13:10:33.231607
89.10577,1380,1274,13:10:33.282020
89.107632,1527,1164,13:10:33.282020
89.109497,1364,1185,13:10:33.282020
89.111401,1299,1221,13:10:33.282020
89.113261,1267,1339,13:10:33.282020
89.115117,1008,1185,13:10:33.282020
89.116976,1204,1093,13:10:33.282020
89.118834,1538,1334,13:10:33.282020
89.120696,1371,1240,13:10:33.282020
89.122553,746,1443,13:10:33.282020
89.124419,1418,1311,13:10:33.282020
89.126275,1272,998,13:10:33.282020
89.128132,1053,1126,13:10:33.282020
89.12999,781,1471,13:10:33.282020
89.131846,1543,1383,13:10:33.282020
89.133703,900,1202,13:10:33.282020
89.135563,655,1183,13:10:33.282020
89.137449,1139,1543,13:10:33.282020
89.139308,1622,1071,13:10:33.282020
89.141164,1398,1289,13:10:33.282020
89.14302,1311,1170,13:10:33.282020
89.144879,1394,967,13:10:33.282020
89.146739,1286,1316,13:10:33.282020
89.148597,1191,1239,13:10:33.282020
89.150454,1408,1269,13:10:33.282020
89.15232,1191,1222,13:10:33.282020
89.154177,1472,1186,13:10:33.282020
89.156043,1395,1109,13:10:33.331702
89.157903,1244,1446,13:10:33.331702
89.159767,1029,1107,13:10:33.331702
89.161658,1250,1165,13:10:33.331702
89.163516,776,1147,13:10:33.331702
89.165378,859,1172,13:10:33.331702
89.167235,1464,1236,13:10:33.331702
89.169091,993,1479,13:10:33.331702
89.170951,1320,1381,13:10:33.331702
89.172808,1290,1360,13:10:33.331702
89.174664,1117,1144,13:10:33.331702
89.176523,779,1272,13:10:33.331702
89.178379,875,1377,13:10:33.331702
89.180237,950,1467,13:10:33.331702
89.182094,1254,1462,13:10:33.331702
89.183958,1083,1144,13:10:33.331702
89.185836,-914,1474,13:10:33.331702
89.187699,1446,1150,13:10:33.331702
89.189559,1280,1012,13:10:33.331702
89.191415,1406,1239,13:10:33.331702
89.19328,1606,1632,13:10:33.331702
89.195136,1356,1155,13:10:33.331702
89.196992,926,1085,13:10:33.331702
89.198851,1404,1417,13:10:33.331702
89.200707,1825,981,13:10:33.331702
89.202565,1382,973,13:10:33.331702
89.204422,1456,1300,13:10:33.331702
89.20629,1721,1469,13:10:33.383621
89.208151,1207,1294,13:10:33.383621
89.210031,1222,1311,13:10:33.383621
89.211919,1138,1153,13:10:33.383621
89.213775,1240,1309,13:10:33.383621
89.215634,1226,1261,13:10:33.383621
89.217492,1224,1498,13:10:33.383621
89.219348,1751,1427,13:10:33.383621
89.221207,1845,1190,13:10:33.383621
89.223063,1257,1290,13:10:33.383621
89.224923,879,1342,13:10:33.383621
89.226782,1130,1400,13:10:33.383621
89.228648,942,1030,13:10:33.383621
89.230505,914,1439,13:10:33.383621
89.232361,1203,1263,13:10:33.384631
89.234219,1451,1420,13:10:33.384631
89.236079,1404,1356,13:10:33.384631
89.237964,615,1329,13:10:33.384631
89.239826,1537,1253,13:10:33.384631
89.241683,1119,1270,13:10:33.384631
89.243541,1392,1075,13:10:33.384631
89.245397,1132,1316,13:10:33.384631
89.247254,1464,1261,13:10:33.384631
89.24911,1395,1426,13:10:33.384631
89.250966,1177,1222,13:10:33.384631
89.252823,1376,1252,13:10:33.384631
89.254679,1235,1304,13:10:33.434485
89.256551,1341,1362,13:10:33.434485
89.258412,1543,1364,13:10:33.434485
89.26032,1367,1351,13:10:33.434485
89.262186,1142,1217,13:10:33.434485
89.264043,1244,1487,13:10:33.434485
89.265899,1121,1156,13:10:33.434485
89.267757,902,1290,13:10:33.434485
89.269616,1700,1511,13:10:33.434485
89.271474,1370,939,13:10:33.434485
89.27333,1493,1250,13:10:33.434485
89.275191,1202,1135,13:10:33.434485
89.277047,1232,1323,13:10:33.434485
89.278903,1213,1336,13:10:33.434485
89.280762,891,1335,13:10:33.434485
89.282618,1405,1469,13:10:33.435490
89.284477,1072,1482,13:10:33.435490
89.286339,1296,1428,13:10:33.435490
89.288195,801,1380,13:10:33.435490
89.290058,1287,1168,13:10:33.435490
89.29192,1278,1277,13:10:33.435490
89.293802,1372,1357,13:10:33.435490
89.295675,1285,1665,13:10:33.435490
89.297531,1440,1253,13:10:33.435490
89.299389,1424,1157,13:10:33.435490
89.301251,1574,1496,13:10:33.435490
89.30311,1657,1541,13:10:33.435490
89.304966,1640,1133,13:10:33.484824
89.306837,1350,1303,13:10:33.484824
89.308697,1442,1168,13:10:33.484824
89.310605,1385,1063,13:10:33.484824
89.312465,1172,1236,13:10:33.484824
89.314322,1465,1350,13:10:33.484824
89.316178,1099,1325,13:10:33.484824
89.318037,1600,1399,13:10:33.484824
89.319899,1229,1192,13:10:33.484824
89.321757,895,1289,13:10:33.484824
89.323616,1226,1504,13:10:33.484824
89.32548,739,1311,13:10:33.484824
89.327336,1204,1216,13:10:33.484824
89.329193,1590,1233,13:10:33.484824
89.331051,1487,1186,13:10:33.484824
89.332907,1136,1307,13:10:33.484824
89.334766,883,1207,13:10:33.484824
89.336622,1542,1205,13:10:33.484824
89.338479,1446,1238,13:10:33.484824
89.340339,-325,1225,13:10:33.485338
89.342201,1380,1473,13:10:33.485338
89.344058,1419,1418,13:10:33.485338
89.345914,1250,1178,13:10:33.485338
89.347774,1550,1391,13:10:33.485338
89.349631,1611,1469,13:10:33.485338
89.351487,1250,1328,13:10:33.485338
89.353345,1412,1116,13:10:33.485338
89.355202,1124,1376,13:10:33.536959
89.357068,1358,1515,13:10:33.536959
89.358928,1207,1314,13:10:33.537959
89.360833,1061,1335,13:10:33.537959
89.362729,1604,1392,13:10:33.537959
89.364591,1263,1179,13:10:33.537959
89.366449,1421,1568,13:10:33.537959
89.368306,1543,1622,13:10:33.537959
89.370173,1145,1407,13:10:33.537959
89.372031,1373,1123,13:10:33.537959
89.373889,949,1275,13:10:33.537959
89.375747,1526,1303,13:10:33.537959
89.377604,1408,1490,13:10:33.537959
89.37946,1219,1186,13:10:33.537959
89.381318,1596,1422,13:10:33.537959
89.383175,1361,1337,13:10:33.537959
89.385033,1652,1337,13:10:33.537959
89.38689,1156,1467,13:10:33.537959
89.388752,1604,1317,13:10:33.537959
89.390642,1190,1523,13:10:33.537959
89.39251,1376,1408,13:10:33.537959
89.394369,1645,1252,13:10:33.537959
89.396226,1464,1063,13:10:33.537959
89.398093,1457,1351,13:10:33.537959
89.399952,1446,1237,13:10:33.537959
89.401809,1336,1533,13:10:33.537959
89.403666,1591,1111,13:10:33.537959
89.405527,1578,1111,13:10:33.586672
89.407395,1511,1211,13:10:33.586672
89.409257,1352,1121,13:10:33.586672
89.41116,1270,1253,13:10:33.586672
89.41302,1549,1275,13:10:33.586672
89.41488,1210,1514,13:10:33.586672
89.416737,1518,1260,13:10:33.588150
89.418595,1806,1625,13:10:33.588150
89.420456,1177,1470,13:10:33.588150
89.422314,1321,1469,13:10:33.588150
89.424172,1195,1461,13:10:33.588150
89.42603,1416,1137,13:10:33.588150
89.427887,1358,1411,13:10:33.588150
89.429743,1170,1346,13:10:33.588150
89.431603,1309,1190,13:10:33.588150
89.43346,1259,1343,13:10:33.588150
89.435318,1278,1252,13:10:33.588150
89.437174,1292,1388,13:10:33.588150
89.439033,1233,1287,13:10:33.588150
89.440889,1037,1316,13:10:33.588150
89.442746,-788,1490,13:10:33.588150
89.44461,1419,1157,13:10:33.588150
89.446466,1417,1232,13:10:33.588150
89.448325,1608,1291,13:10:33.588150
89.450181,1887,1318,13:10:33.588150
89.452037,1737,1293,13:10:33.588150
89.453896,1367,1339,13:10:33.588150
89.455764,1615,1447,13:10:33.607140
89.457626,1530,1560,13:10:33.607140
89.459491,1488,1466,13:10:33.607140
89.461391,1104,1389,13:10:33.607140
89.463249,1524,1408,13:10:33.607140
89.465106,1278,1341,13:10:33.607140
89.466962,1406,1284,13:10:33.607140
89.46882,1337,1506,13:10:33.607140
89.470677,1614,1333,13:10:33.607140
89.472535,1574,1231,13:10:33.607140
89.474392,1220,1482,13:10:33.607140
89.476252,1038,1514,13:10:33.607140
89.478108,1424,1281,13:10:33.607140
89.479967,1376,1395,13:10:33.607140
89.481825,922,1316,13:10:33.607140
89.483681,1482,1308,13:10:33.607140
89.48554,1465,1223,13:10:33.607140
89.487396,1527,1462,13:10:33.607140
89.489257,1549,1327,13:10:33.607140
89.491121,901,1265,13:10:33.607140
89.49298,-646,1280,13:10:33.607140
89.494843,1462,1593,13:10:33.607140
89.496702,1614,1509,13:10:33.607140
89.498565,1387,1226,13:10:33.607140
89.500466,1109,1336,13:10:33.607140
89.502323,1489,1266,13:10:33.607140
89.504181,1192,1592,13:10:33.607140
89.506044,1370,1138,13:10:33.656279
89.507908,1514,1181,13:10:33.656279
89.509774,1378,1277,13:10:33.656279
89.511678,1204,1664,13:10:33.656279
89.513536,1480,1219,13:10:33.656279
89.515393,1547,1473,13:10:33.656279
89.517249,1345,1476,13:10:33.656279
89.519105,1547,1474,13:10:33.656279
89.520962,1612,1283,13:10:33.656279
89.522818,1451,1504,13:10:33.656279
89.524675,1499,1447,13:10:33.656279
89.526535,1465,1312,13:10:33.656279
89.528391,1482,1356,13:10:33.656279
89.53025,1374,1228,13:10:33.656279
89.532106,1700,1486,13:10:33.656279
89.533962,1265,1320,13:10:33.656279
89.535823,1489,1343,13:10:33.656279
89.537681,1474,1492,13:10:33.656279
89.539539,1682,1553,13:10:33.656279
89.541396,1473,1379,13:10:33.656279
89.543262,1492,1362,13:10:33.656279
89.545118,1442,1386,13:10:33.656279
89.546975,1515,1346,13:10:33.656279
89.548835,1450,1188,13:10:33.656279
89.550692,1587,1473,13:10:33.656279
89.55255,1644,1608,13:10:33.656279
89.554406,1410,1478,13:10:33.656279
89.556265,1592,1573,13:10:33.705543
89.558129,1698,1464,13:10:33.705543
89.559993,1620,1255,13:10:33.705543
89.561921,1420,1105,13:10:33.705543
89.563778,1492,1291,13:10:33.705543
89.565644,1495,1314,13:10:33.705543
89.567501,1500,1350,13:10:33.705543
89.569357,1349,1446,13:10:33.705543
89.571215,1581,1542,13:10:33.705543
89.573072,1619,1284,13:10:33.705543
89.574928,1379,1608,13:10:33.705543
89.576786,1653,1353,13:10:33.705543
89.578643,1696,1613,13:10:33.705543
89.580501,1316,1488,13:10:33.705543
89.582357,1439,1364,13:10:33.705543
89.584222,1420,1353,13:10:33.705543
89.586078,1252,1480,13:10:33.705543
89.587935,1467,1405,13:10:33.705543
89.589793,1433,1370,13:10:33.705543
89.591651,1559,1131,13:10:33.705543
89.593518,1394,1375,13:10:33.705543
89.595378,1583,1585,13:10:33.705543
89.597234,1323,1388,13:10:33.705543
89.599093,1521,1321,13:10:33.705543
89.600951,1384,1437,13:10:33.705543
89.602828,1467,1374,13:10:33.705543
89.604696,1536,1485,13:10:33.755537
89.606566,1589,1478,13:10:33.755537
89.608426,1678,1545,13:10:33.755537
89.61032,1672,1433,13:10:33.755537
89.612195,1535,1413,13:10:33.755537
89.614051,1454,1350,13:10:33.755537
89.615908,1403,1178,13:10:33.755537
89.617766,1582,1807,13:10:33.755537
89.619622,1557,1442,13:10:33.755537
89.621481,1525,1650,13:10:33.755537
89.623337,1313,1545,13:10:33.755537
89.625193,1557,1409,13:10:33.755537
89.62705,1551,1565,13:10:33.755537
89.628914,1524,1603,13:10:33.755537
89.63077,1361,1577,13:10:33.755537
89.632627,1387,1376,13:10:33.755537
89.634485,1445,1346,13:10:33.755537
89.636341,1561,1564,13:10:33.755537
89.638198,1609,1502,13:10:33.755537
89.640056,1602,1547,13:10:33.755537
89.641912,1814,1374,13:10:33.755537
89.643771,1509,1645,13:10:33.755537
89.645627,1595,1424,13:10:33.755537
89.647491,1542,1538,13:10:33.755537
89.649348,1246,1618,13:10:33.755537
89.651204,1651,1349,13:10:33.755537
89.653063,1451,1435,13:10:33.755537
89.654919,1582,1303,13:10:33.805652
89.656783,1497,1432,13:10:33.805652
89.658644,1597,1534,13:10:33.805652
89.660558,1411,1452,13:10:33.805652
89.662436,1419,1617,13:10:33.805652
89.664292,1707,1760,13:10:33.805652
89.666149,1560,1256,13:10:33.805652
89.668007,1645,1640,13:10:33.805652
89.669873,1470,1443,13:10:33.805652
89.67173,1588,1339,13:10:33.805652
89.673586,1437,1583,13:10:33.805652
89.675444,1648,1578,13:10:33.805652
89.677301,1512,1382,13:10:33.805652
89.679157,1460,1615,13:10:33.805652
89.681014,1437,1537,13:10:33.805652
89.682874,1360,1611,13:10:33.805652
89.68473,1578,1712,13:10:33.805652
89.686587,1446,1513,13:10:33.805652
89.688451,1548,1415,13:10:33.805652
89.690307,1645,1568,13:10:33.805652
89.692164,1698,1646,13:10:33.805652
89.694022,1597,1726,13:10:33.805652
89.695884,1527,1286,13:10:33.805652
89.697745,1521,1536,13:10:33.805652
89.699601,1665,1582,13:10:33.805652
89.701458,1536,1590,13:10:33.805652
89.703316,1595,1219,13:10:33.806529
89.705172,1408,1469,13:10:33.855869
89.707041,1540,1724,13:10:33.855869
89.708901,1351,1341,13:10:33.855869
89.710801,1512,1731,13:10:33.855869
89.712661,1502,1653,13:10:33.855869
89.714518,1277,1530,13:10:33.855869
89.716378,1693,1621,13:10:33.855869
89.718235,1438,1542,13:10:33.855869
89.720095,1720,1440,13:10:33.855869
89.721951,1489,1499,13:10:33.855869
89.723808,1666,1682,13:10:33.855869
89.72567,1529,1559,13:10:33.855869
89.727526,1416,1591,13:10:33.855869
89.729385,1406,1469,13:10:33.855869
89.731241,1604,1314,13:10:33.855869
89.733097,1753,1692,13:10:33.855869
89.734956,1429,1527,13:10:33.855869
89.736815,1587,1493,13:10:33.855869
89.738672,1486,1358,13:10:33.855869
89.740529,1626,1591,13:10:33.855869
89.742393,1510,1510,13:10:33.855869
89.74425,1527,1505,13:10:33.855869
89.746106,1356,1216,13:10:33.855869
89.747964,1436,1590,13:10:33.855869
89.749823,1448,1543,13:10:33.855869
89.751681,1678,1569,13:10:33.855869
89.753537,1410,1226,13:10:33.855869
89.755394,1406,1665,13:10:33.906385
89.757256,1427,1533,13:10:33.906385
89.759117,1280,1425,13:10:33.906385
89.761048,1796,1571,13:10:33.906385
89.762907,1361,1481,13:10:33.906385
89.764765,1349,1405,13:10:33.906385
89.766628,1496,1533,13:10:33.906385
89.768484,1491,1640,13:10:33.906385
89.770342,1371,1558,13:10:33.906385
89.772199,1558,1540,13:10:33.906385
89.774055,1657,1500,13:10:33.906385
89.775913,1629,1669,13:10:33.906385
89.777774,1549,1526,13:10:33.906385
89.779632,1528,1702,13:10:33.906385
89.781488,1616,1630,13:10:33.906385
89.783349,1547,1563,13:10:33.906385
89.785205,1442,1433,13:10:33.906385
89.787062,1552,1561,13:10:33.909385
89.78892,1328,1502,13:10:33.909385
89.790776,1239,1723,13:10:33.909385
89.792635,1663,1552,13:10:33.909385
89.794491,1597,1463,13:10:33.909385
89.796352,1395,1661,13:10:33.909385
89.79821,1705,1679,13:10:33.909385
89.800076,1472,1586,13:10:33.909385
89.801932,1472,1461,13:10:33.909385
89.803789,1394,1534,13:10:33.909385
89.805651,1597,1659,13:10:33.958159
89.807527,1468,1582,13:10:33.958159
89.809392,1675,1357,13:10:33.958159
89.811304,1379,1413,13:10:33.958159
89.813166,1293,1472,13:10:33.958159
89.815023,1439,1412,13:10:33.958159
89.816881,1683,1548,13:10:33.958159
89.818737,1600,1714,13:10:33.958159
89.820594,1574,1637,13:10:33.958159
89.82245,1477,1573,13:10:33.958159
89.824314,1653,1455,13:10:33.958159
89.826171,1640,1461,13:10:33.962142
89.828027,1462,1654,13:10:33.962142
89.829885,1429,1379,13:10:33.962142
89.831742,1649,1537,13:10:33.962142
89.8336,1524,1499,13:10:33.962142
89.835457,1699,1338,13:10:33.962142
89.837313,1583,1480,13:10:33.962142
89.839171,1606,1746,13:10:33.962142
89.841035,1345,1496,13:10:33.962142
89.842892,1550,1403,13:10:33.962142
89.844748,1685,1403,13:10:33.962142
89.846607,1607,1542,13:10:33.962142
89.848463,1490,1819,13:10:33.962142
89.850319,1662,1499,13:10:33.962142
89.852176,1465,1807,13:10:33.962142
89.85405,1521,1735,13:10:33.962142
89.855918,1588,1624,13:10:34.007242
89.857785,1361,1409,13:10:34.007242
89.859647,1502,1781,13:10:34.007242
89.861543,1587,1552,13:10:34.007242
89.863404,1428,1785,13:10:34.007242
89.865266,1269,1568,13:10:34.007242
89.867122,1380,1568,13:10:34.007242
89.868979,1829,1258,13:10:34.007242
89.870837,1451,1613,13:10:34.007242
89.872693,1388,1611,13:10:34.007242
89.874552,1483,1664,13:10:34.007242
89.876408,1910,1379,13:10:34.007242
89.878269,1696,1700,13:10:34.007242
89.880127,1807,1486,13:10:34.007242
89.881984,1391,1771,13:10:34.007242
89.883848,1503,1386,13:10:34.007242
89.885704,1558,1537,13:10:34.007242
89.887564,1467,1539,13:10:34.007242
89.889421,1529,1578,13:10:34.007242
89.891277,1721,1602,13:10:34.007242
89.893135,1543,1669,13:10:34.007242
89.894992,1505,1594,13:10:34.007242
89.89685,1271,1337,13:10:34.007242
89.898706,1551,1504,13:10:34.007242
89.900571,1312,1849,13:10:34.007242
89.902427,1501,1514,13:10:34.007242
89.904284,1441,1661,13:10:34.007242
89.906148,1557,1781,13:10:34.055442
89.908008,1610,1776,13:10:34.055442
89.909876,1653,1484,13:10:34.055442
89.911767,1150,1804,13:10:34.055442
89.913649,1225,1712,13:10:34.055442
89.915507,1550,1699,13:10:34.055442
89.917364,1448,1562,13:10:34.055442
89.91922,1577,1478,13:10:34.055442
89.921076,1426,1541,13:10:34.055442
89.922933,1470,1782,13:10:34.055442
89.924791,1422,1578,13:10:34.055442
89.926647,1122,1621,13:10:34.055442
89.928504,1337,1661,13:10:34.055442
89.93036,1417,1547,13:10:34.055442
89.932217,1568,1394,13:10:34.055442
89.934073,1491,1577,13:10:34.055442
89.93593,1461,1809,13:10:34.055442
89.937792,1436,1526,13:10:34.055442
89.939648,1133,1819,13:10:34.055442
89.941506,1552,1494,13:10:34.055442
89.943363,1443,1661,13:10:34.055442
89.945219,1418,1430,13:10:34.055442
89.947077,1574,1563,13:10:34.055442
89.948936,1378,1500,13:10:34.055442
89.950794,1504,1431,13:10:34.055442
89.95265,1500,1742,13:10:34.055442
89.954511,1532,1490,13:10:34.055442
89.956377,1609,1662,13:10:34.105711
89.95824,1516,1630,13:10:34.105711
89.960128,1623,1411,13:10:34.105711
89.962,1480,1626,13:10:34.105711
89.963856,1393,1696,13:10:34.105711
89.965715,1197,1640,13:10:34.105711
89.967575,1661,1467,13:10:34.105711
89.969431,1734,1729,13:10:34.105711
89.971288,1510,1663,13:10:34.105711
89.973146,1587,1631,13:10:34.105711
89.975002,1551,1574,13:10:34.105711
89.976859,1467,1618,13:10:34.105711
89.978717,1604,1647,13:10:34.105711
89.980574,1424,1727,13:10:34.106708
89.982432,1568,1717,13:10:34.106708
89.984294,1366,1712,13:10:34.106708
89.986153,1436,1698,13:10:34.106708
89.988009,1601,1702,13:10:34.106708
89.989868,1439,1576,13:10:34.106708
89.991726,1330,1675,13:10:34.106708
89.993582,1526,1567,13:10:34.106708
89.99544,1388,1444,13:10:34.106708
89.997297,1314,1799,13:10:34.106708
89.999153,1486,1426,13:10:34.106708
90.001012,1293,1690,13:10:34.106708
90.002882,1663,1675,13:10:34.106708
90.00474,1467,1632,13:10:34.155402
90.006607,1592,1550,13:10:34.155402
90.008473,1466,1843,13:10:34.155402
90.010397,1455,1592,13:10:34.155402
90.012303,1305,1682,13:10:34.155402
90.014159,1592,1546,13:10:34.155402
90.016018,1514,1604,13:10:34.155402
90.017876,1252,1670,13:10:34.155402
90.019733,1358,1591,13:10:34.155402
90.021589,1485,1743,13:10:34.155402
90.023449,1319,1640,13:10:34.155402
90.025306,1599,1723,13:10:34.155402
90.027162,1801,1659,13:10:34.155402
90.02902,1376,1315,13:10:34.155402
90.030877,1320,1643,13:10:34.155402
90.032733,1698,1499,13:10:34.155402
90.034589,1522,1837,13:10:34.155402
90.036449,1574,1734,13:10:34.155402
90.038306,1422,1617,13:10:34.155402
90.040169,1460,1619,13:10:34.155402
90.042027,1384,1504,13:10:34.155402
90.043883,1729,1912,13:10:34.158839
90.045742,1590,1542,13:10:34.158839
90.047598,1393,1633,13:10:34.158839
90.049454,1590,1502,13:10:34.158839
90.051313,1198,1784,13:10:34.158839
90.053169,1541,1757,13:10:34.158839
90.055025,1369,1622,13:10:34.209657
90.05691,1261,1585,13:10:34.209657
90.05877,1577,1578,13:10:34.209657
90.060687,1452,1808,13:10:34.209657
90.062547,1619,1435,13:10:34.209657
90.064407,1449,1688,13:10:34.209657
90.066263,1346,1876,13:10:34.209657
90.06812,1211,1767,13:10:34.209657
90.069978,1583,1444,13:10:34.209657
90.071834,1481,1796,13:10:34.209657
90.073693,1327,1704,13:10:34.209657
90.075549,1194,1662,13:10:34.209657
90.077405,1215,1725,13:10:34.209657
90.079264,1465,1482,13:10:34.209657
90.081128,1555,1512,13:10:34.209657
90.082985,1334,1681,13:10:34.209657
90.084843,1454,1411,13:10:34.209657
90.086701,1323,1431,13:10:34.209657
90.088558,1400,1406,13:10:34.209657
90.090414,1561,1717,13:10:34.209657
90.092272,1369,1832,13:10:34.209657
90.094129,1362,1800,13:10:34.209657
90.095985,1576,1769,13:10:34.209657
90.097843,1517,1664,13:10:34.209657
90.099706,1504,1481,13:10:34.209657
90.101562,1481,1763,13:10:34.209657
90.103419,1545,1532,13:10:34.209657
90.105277,1461,1637,13:10:34.255452
90.107157,1537,1575,13:10:34.255452
90.109022,1446,1254,13:10:34.255452
90.110942,1517,1677,13:10:34.255452
90.112805,1585,1788,13:10:34.255452
90.11467,1362,1759,13:10:34.255452
90.116527,1513,1902,13:10:34.255452
90.118383,1389,1689,13:10:34.255452
90.120241,1517,1703,13:10:34.255452
90.122098,1562,1512,13:10:34.255452
90.123954,1502,1855,13:10:34.255452
90.12581,1350,1367,13:10:34.255452
90.127671,1508,1655,13:10:34.255452
90.129527,1556,1648,13:10:34.255452
90.131384,1381,1712,13:10:34.255452
90.133242,1486,1691,13:10:34.255452
90.135098,1489,1818,13:10:34.255452
90.136957,1603,1829,13:10:34.256458
90.138813,1477,1813,13:10:34.256458
90.140673,1462,1843,13:10:34.256458
90.142532,1606,1741,13:10:34.256458
90.144398,1577,1792,13:10:34.256458
90.146254,1354,1497,13:10:34.256458
90.148111,1314,1736,13:10:34.256458
90.149969,1353,1605,13:10:34.256458
90.151825,1526,1709,13:10:34.256458
90.153682,1640,1563,13:10:34.256458
90.155544,1436,1742,13:10:34.310456
90.157411,1389,1584,13:10:34.310456
90.159272,1444,2044,13:10:34.310456
90.161187,1128,1699,13:10:34.310456
90.163063,1439,1751,13:10:34.310456
90.16492,1325,1559,13:10:34.310456
90.166776,1476,1810,13:10:34.310456
90.168636,1540,1825,13:10:34.310456
90.170493,1529,1601,13:10:34.310456
90.172349,1585,1622,13:10:34.310456
90.174207,1176,1611,13:10:34.310456
90.176064,1589,1591,13:10:34.310456
90.177922,1565,1624,13:10:34.310456
90.17978,1418,1659,13:10:34.310456
90.181637,1566,1770,13:10:34.310456
90.183493,1436,1652,13:10:34.310456
90.185357,1651,1843,13:10:34.310456
90.187214,1445,1744,13:10:34.310456
90.18907,1427,1492,13:10:34.310456
90.190929,1398,1819,13:10:34.310456
90.192785,1710,1886,13:10:34.310456
90.194641,1647,1821,13:10:34.310456
90.1965,1525,1874,13:10:34.310456
90.198356,1484,1845,13:10:34.310456
90.200212,1326,1690,13:10:34.311465
90.202069,1599,1838,13:10:34.311465
90.203935,1530,1566,13:10:34.311465
90.205799,1533,1838,13:10:34.355863
90.207666,1557,1852,13:10:34.355863
90.209529,1566,1513,13:10:34.355863
90.211438,1361,1793,13:10:34.355863
90.2133,1549,1590,13:10:34.355863
90.215162,1352,1901,13:10:34.355863
90.217023,1362,1781,13:10:34.355863
90.218879,1444,1792,13:10:34.355863
90.220736,1305,1801,13:10:34.355863
90.222592,1343,1479,13:10:34.355863
90.224451,1707,1768,13:10:34.355863
90.226316,1625,1855,13:10:34.355863
90.228173,1166,1733,13:10:34.355863
90.23003,1520,1698,13:10:34.355863
90.23189,1483,1872,13:10:34.355863
90.233746,1540,1903,13:10:34.355863
90.235603,1586,1671,13:10:34.355863
90.237461,1490,1929,13:10:34.355863
90.239317,1565,1975,13:10:34.355863
90.241176,1427,1706,13:10:34.355863
90.243032,1231,1715,13:10:34.355863
90.244892,1508,1623,13:10:34.355863
90.246749,1490,1666,13:10:34.355863
90.248605,1511,1737,13:10:34.355863
90.250464,1466,1618,13:10:34.355863
90.25232,1520,1530,13:10:34.355863
90.254178,1672,1931,13:10:34.355863
90.256047,1707,1835,13:10:34.405229
90.257907,1525,1796,13:10:34.405229
90.25977,1360,1873,13:10:34.405229
90.261693,1433,1628,13:10:34.405229
90.26355,1262,1495,13:10:34.405229
90.265408,1185,1542,13:10:34.405229
90.267265,1369,1837,13:10:34.405229
90.269125,1279,1619,13:10:34.405229
90.270981,1449,1890,13:10:34.405229
90.27284,1651,1739,13:10:34.405229
90.274696,1667,1621,13:10:34.405229
90.276552,1315,1644,13:10:34.405229
90.278411,1565,1895,13:10:34.405229
90.280271,1541,1501,13:10:34.405229
90.282129,1568,1771,13:10:34.405229
90.283986,1476,1650,13:10:34.405229
90.285854,1378,1620,13:10:34.405229
90.28771,1686,1804,13:10:34.405229
90.289567,1428,1780,13:10:34.405229
90.291425,1541,1775,13:10:34.405229
90.293281,1317,1790,13:10:34.405229
90.29514,1465,1636,13:10:34.406225
90.296996,1424,1619,13:10:34.406225
90.298855,1306,1692,13:10:34.406225
90.300713,1661,1642,13:10:34.406225
90.302573,1181,1732,13:10:34.406225
90.30443,1509,2080,13:10:34.406225
90.306296,1480,1747,13:10:34.461306
90.308158,1486,1652,13:10:34.462305
90.310044,1452,1732,13:10:34.462305
90.311977,1425,1774,13:10:34.462305
90.313835,1305,1668,13:10:34.462305
90.315691,1488,1743,13:10:34.462305
90.317548,1615,1672,13:10:34.462305
90.319408,1452,1554,13:10:34.462305
90.321264,1658,1739,13:10:34.462305
90.323123,1380,1741,13:10:34.462305
90.324979,1523,1605,13:10:34.462305
90.326835,1305,1697,13:10:34.462305
90.328694,1378,1749,13:10:34.462305
90.330554,1529,1658,13:10:34.462305
90.332412,1588,1737,13:10:34.462305
90.334269,1354,1728,13:10:34.462305
90.336135,1754,1581,13:10:34.462305
90.337992,1568,1447,13:10:34.462305
90.339848,1595,1786,13:10:34.462305
90.341706,1561,1917,13:10:34.462305
90.343563,1424,1570,13:10:34.462305
90.345421,1471,1554,13:10:34.462305
90.347277,1432,1641,13:10:34.462305
90.349134,1313,1476,13:10:34.462305
90.350992,1355,1799,13:10:34.462305
90.352856,1618,1697,13:10:34.462305
90.354713,1304,1758,13:10:34.509796
90.356577,1452,1743,13:10:34.509796
90.358439,1536,1840,13:10:34.509796
90.360333,1506,1771,13:10:34.509796
90.3622,1644,1650,13:10:34.509796
90.364058,1512,1976,13:10:34.509796
90.365918,1428,1613,13:10:34.509796
90.367828,1480,1940,13:10:34.509796
90.369689,1480,1611,13:10:34.509796
90.371545,1430,1615,13:10:34.509796
90.373404,1295,1730,13:10:34.509796
90.37526,1564,1638,13:10:34.509796
90.377117,1707,1645,13:10:34.509796
90.378975,1406,1661,13:10:34.509796
90.380837,1737,1919,13:10:34.509796
90.382696,1594,1888,13:10:34.509796
90.384552,1433,1719,13:10:34.509796
90.386418,1675,1851,13:10:34.509796
90.388275,1506,1902,13:10:34.509796
90.390131,1766,1965,13:10:34.509796
90.391989,1497,1835,13:10:34.509796
90.393846,1572,1639,13:10:34.509796
90.395704,1290,1709,13:10:34.509796
90.39756,1422,1769,13:10:34.509796
90.399417,1438,1779,13:10:34.509796
90.401275,1449,1565,13:10:34.509796
90.403139,1671,1597,13:10:34.509796
90.404996,1445,1979,13:10:34.563093
90.406862,1291,1804,13:10:34.563093
90.408722,1441,1837,13:10:34.563093
90.410617,1425,1636,13:10:34.563093
90.412477,1780,1849,13:10:34.563093
90.414355,1622,1565,13:10:34.563093
90.416218,1447,1941,13:10:34.563093
90.418078,1526,1535,13:10:34.563093
90.419964,1516,1650,13:10:34.563093
90.421823,1687,1840,13:10:34.563093
90.423681,1703,1715,13:10:34.563093
90.425537,1517,1689,13:10:34.563093
90.427394,1709,1669,13:10:34.563093
90.429252,1579,1788,13:10:34.563093
90.431111,1350,1606,13:10:34.563093
90.432969,1579,1831,13:10:34.563093
90.434825,1703,1746,13:10:34.563093
90.436683,1794,1765,13:10:34.563093
90.43854,1936,1651,13:10:34.563093
90.440396,1977,1907,13:10:34.563093
90.442255,1600,1983,13:10:34.563093
90.444111,1407,1566,13:10:34.563093
90.445969,1544,1593,13:10:34.563093
90.447826,1347,1841,13:10:34.563093
90.449688,1717,1732,13:10:34.563093
90.451544,1523,1926,13:10:34.563093
90.453401,2093,1613,13:10:34.563093
90.455259,1701,1802,13:10:34.612783
90.457119,1303,1595,13:10:34.612783
90.45898,1667,1665,13:10:34.612783
90.460874,1502,1465,13:10:34.612783
90.462746,1353,1605,13:10:34.612783
90.464603,1594,1954,13:10:34.612783
90.466493,412,1682,13:10:34.612783
90.468349,1629,1894,13:10:34.612783
90.470206,1724,1808,13:10:34.612783
90.47207,1582,1770,13:10:34.612783
90.473926,1692,1830,13:10:34.612783
90.475785,1692,1936,13:10:34.612783
90.477643,1319,1878,13:10:34.612783
90.479499,1627,1883,13:10:34.612783
90.481356,1774,1737,13:10:34.612783
90.483214,1805,1686,13:10:34.612783
90.48507,1573,1701,13:10:34.612783
90.486929,1489,1899,13:10:34.612783
90.488785,1371,1592,13:10:34.612783
90.490648,1560,1795,13:10:34.612783
90.492504,1595,1830,13:10:34.612783
90.49436,1495,1812,13:10:34.612783
90.496219,1738,1627,13:10:34.612783
90.498075,1779,1836,13:10:34.612783
90.499931,1567,1531,13:10:34.612783
90.501788,1619,1915,13:10:34.612783
90.503644,1861,1853,13:10:34.613781
90.505502,1669,1910,13:10:34.663370
90.507377,1545,1831,13:10:34.663370
90.509237,1561,1950,13:10:34.663370
90.511151,1462,1650,13:10:34.663370
90.513031,1558,1862,13:10:34.663370
90.514894,1477,1739,13:10:34.663370
90.516756,1256,1655,13:10:34.664377
90.518632,1557,1537,13:10:34.664377
90.520495,1664,1842,13:10:34.665377
90.522353,1785,1678,13:10:34.665377
90.524209,1929,1822,13:10:34.665377
90.526066,1444,1734,13:10:34.665377
90.527924,1727,1548,13:10:34.665377
90.529783,1403,1600,13:10:34.665377
90.531639,1462,1720,13:10:34.665377
90.533497,1507,1474,13:10:34.665377
90.535354,1592,1885,13:10:34.665377
90.53721,1848,1707,13:10:34.665377
90.539066,1304,1858,13:10:34.665377
90.540931,1446,1916,13:10:34.665377
90.542787,1647,2039,13:10:34.665377
90.544643,1525,1819,13:10:34.665377
90.546502,1391,1456,13:10:34.665377
90.548358,1613,1704,13:10:34.665377
90.550216,1612,1850,13:10:34.665377
90.552073,1523,1828,13:10:34.666377
90.553929,1729,1964,13:10:34.667372
90.555794,1757,1833,13:10:34.720610
90.55766,1530,1733,13:10:34.720610
90.559524,1512,1707,13:10:34.720610
90.561438,1647,1891,13:10:34.720610
90.563294,1642,1601,13:10:34.720610
90.565151,1240,1873,13:10:34.721621
90.567009,1552,2035,13:10:34.721621
90.568896,1267,1735,13:10:34.721621
90.570752,1477,1645,13:10:34.721621
90.572608,1392,1635,13:10:34.721621
90.574467,1372,1802,13:10:34.721621
90.576323,1642,1635,13:10:34.721621
90.578181,1657,1754,13:10:34.721621
90.580038,1531,1710,13:10:34.721621
90.581896,1857,1825,13:10:34.721621
90.583755,1500,1863,13:10:34.721621
90.585611,1564,1869,13:10:34.721621
90.587473,1417,1777,13:10:34.721621
90.58933,1686,1603,13:10:34.721621
90.591188,1646,1904,13:10:34.721621
90.593044,1540,1727,13:10:34.721621
90.594901,1581,1800,13:10:34.721621
90.596759,1425,1776,13:10:34.721621
90.598619,1700,1753,13:10:34.721621
90.600478,1719,1916,13:10:34.721621
90.602334,1559,1963,13:10:34.721621
90.6042,1813,1821,13:10:34.721621
90.606067,1818,2002,13:10:34.765031
90.607932,1484,1458,13:10:34.765031
90.609795,1611,1602,13:10:34.765031
90.611682,1291,1623,13:10:34.765031
90.61354,1390,1611,13:10:34.765031
90.615396,1353,1724,13:10:34.765031
90.617265,1066,1920,13:10:34.765031
90.619147,1423,1503,13:10:34.765031
90.621003,1680,1758,13:10:34.765031
90.622868,1851,1636,13:10:34.765031
90.624726,1345,1515,13:10:34.765031
90.626584,-387,1718,13:10:34.765031
90.628449,1430,1557,13:10:34.765031
90.630307,1316,1937,13:10:34.765031
90.632173,1381,1771,13:10:34.765031
90.63403,1664,1723,13:10:34.765031
90.635886,1627,1991,13:10:34.765031
90.637744,1499,1714,13:10:34.765031
90.639601,1431,1636,13:10:34.765031
90.641457,1650,1691,13:10:34.765031
90.643313,1475,1737,13:10:34.765031
90.64517,1521,1728,13:10:34.765031
90.647026,1655,1926,13:10:34.765031
90.648883,1700,1911,13:10:34.766022
90.650743,1419,1626,13:10:34.766022
90.652599,1488,1698,13:10:34.766022
90.654458,1670,1448,13:10:34.766022
90.656324,1429,1712,13:10:34.815877
90.658184,1583,1534,13:10:34.815877
90.660072,1435,1955,13:10:34.815877
90.661953,1316,1567,13:10:34.815877
90.663817,1423,1885,13:10:34.815877
90.665675,1462,1667,13:10:34.815877
90.667541,1375,1754,13:10:34.815877
90.669398,1719,1641,13:10:34.815877
90.671262,986,1622,13:10:34.816880
90.673133,1727,1686,13:10:34.816880
90.674989,1714,1563,13:10:34.816880
90.676846,1536,1795,13:10:34.816880
90.678704,1446,1802,13:10:34.816880
90.68056,1474,1692,13:10:34.816880
90.682419,1691,1704,13:10:34.816880
90.684275,1425,1718,13:10:34.816880
90.686131,1375,1887,13:10:34.816880
90.687988,1471,1747,13:10:34.816880
90.689852,1487,1556,13:10:34.816880
90.691708,1504,1724,13:10:34.816880
90.693565,1314,1833,13:10:34.816880
90.695423,1790,1570,13:10:34.816880
90.697279,1462,1629,13:10:34.816880
90.699136,1494,1768,13:10:34.816880
90.700994,1399,1735,13:10:34.816880
90.702853,1574,1645,13:10:34.816880
90.704711,1486,1529,13:10:34.871330
90.706585,1411,1779,13:10:34.871330
90.708451,1667,1842,13:10:34.871330
90.710347,1716,1785,13:10:34.871330
90.712214,1536,1862,13:10:34.871330
90.714082,1770,1829,13:10:34.871330
90.715939,963,1699,13:10:34.871330
90.717801,1054,1490,13:10:34.871330
90.719663,1426,1751,13:10:34.871330
90.72152,-678,1361,13:10:34.871330
90.723384,1438,1478,13:10:34.871330
90.72524,1387,1766,13:10:34.871330
90.727097,1793,1760,13:10:34.871330
90.728955,1599,1507,13:10:34.871330
90.730812,1321,1698,13:10:34.871330
90.732668,1696,1798,13:10:34.871330
90.734524,1570,1469,13:10:34.871330
90.736383,1313,1594,13:10:34.871330
90.738239,1344,1698,13:10:34.871330
90.740095,1838,1674,13:10:34.871330
90.741952,1556,1753,13:10:34.871330
90.743808,1606,1855,13:10:34.871330
90.745665,1782,1609,13:10:34.871330
90.747521,1356,1837,13:10:34.871330
90.749381,1623,1392,13:10:34.871330
90.751238,1578,1613,13:10:34.871330
90.753094,1755,1624,13:10:34.871330
90.754952,1586,1446,13:10:34.921036
90.756825,1420,1765,13:10:34.921036
90.758685,1595,1465,13:10:34.921036
90.760587,1682,1668,13:10:34.921036
90.762448,1532,1770,13:10:34.921036
90.764306,1438,1741,13:10:34.921036
90.766162,1526,1934,13:10:34.921036
90.768021,1488,1595,13:10:34.921036
90.769877,1002,1553,13:10:34.921036
90.771737,1106,1754,13:10:34.921036
90.77362,1003,1490,13:10:34.921036
90.775486,1452,1383,13:10:34.921036
90.777344,1471,1898,13:10:34.921036
90.779201,1836,1417,13:10:34.921036
90.781057,1574,1646,13:10:34.921036
90.782915,1785,1738,13:10:34.921036
90.784774,1530,1751,13:10:34.921036
90.786632,1462,1459,13:10:34.921036
90.788489,1589,1706,13:10:34.921036
90.790347,1365,1846,13:10:34.921036
90.792203,1768,1706,13:10:34.921036
90.79406,1451,1706,13:10:34.921036
90.795918,1707,1637,13:10:34.921036
90.797774,1722,1744,13:10:34.921036
90.799633,1623,1547,13:10:34.921036
90.801489,1594,1574,13:10:34.921036
90.803345,1538,1498,13:10:34.921036
90.805204,1206,1437,13:10:34.971360
90.807076,1480,1517,13:10:34.971360
90.808936,1614,1919,13:10:34.971360
90.810829,1520,1280,13:10:34.971360
90.812685,1575,1613,13:10:34.971360
90.814543,1561,1535,13:10:34.971360
90.816401,1785,1885,13:10:34.971360
90.818258,1337,1805,13:10:34.971360
90.820115,1291,1476,13:10:34.971360
90.821983,1530,1802,13:10:34.971360
90.823859,1693,1514,13:10:34.971360
90.825727,324,1747,13:10:34.971360
90.827586,1633,1344,13:10:34.971360
90.829444,1660,1755,13:10:34.971360
90.831306,1253,1495,13:10:34.971360
90.833163,1211,1485,13:10:34.971360
90.835019,1544,1713,13:10:34.971360
90.836878,1538,1667,13:10:34.971360
90.838734,1542,1531,13:10:34.971360
90.840592,1540,1605,13:10:34.971360
90.842449,1864,1552,13:10:34.971360
90.844307,1535,1615,13:10:34.971360
90.846165,1721,1621,13:10:34.971360
90.848027,1564,1562,13:10:34.971360
90.849884,1434,1619,13:10:34.971360
90.85174,1343,1651,13:10:34.971360
90.853599,1432,1466,13:10:34.971360
90.855457,1453,1502,13:10:35.021676
90.857324,1453,1424,13:10:35.021676
90.859184,1453,1767,13:10:35.021676
90.861082,1534,1861,13:10:35.021676
90.862948,1356,1396,13:10:35.021676
90.864807,1087,1613,13:10:35.021676
90.866663,1413,1712,13:10:35.021676
90.868525,789,1636,13:10:35.021676
90.870382,1120,1433,13:10:35.021676
90.87224,1448,1491,13:10:35.021676
90.874097,1457,1485,13:10:35.021676
90.875953,596,1682,13:10:35.021676
90.877837,1128,1512,13:10:35.021676
90.879694,1441,1416,13:10:35.021676
90.88155,1539,1492,13:10:35.021676
90.883406,1672,1628,13:10:35.021676
90.885263,1592,1669,13:10:35.021676
90.887119,1440,1435,13:10:35.021676
90.888976,1655,1680,13:10:35.021676
90.890836,1484,1711,13:10:35.021676
90.892692,1646,1794,13:10:35.021676
90.894551,1189,1616,13:10:35.021676
90.896407,1584,1577,13:10:35.022677
90.898263,1382,1592,13:10:35.022677
90.900122,1331,1333,13:10:35.022677
90.901977,1432,1617,13:10:35.022677
90.903834,1368,1568,13:10:35.022677
90.905695,1553,1602,13:10:35.074281
90.907563,1468,1635,13:10:35.074281
90.909426,1382,1805,13:10:35.074281
90.911337,1126,1665,13:10:35.074281
90.913196,1435,1489,13:10:35.074281
90.915052,1180,1647,13:10:35.074281
90.916909,1307,1324,13:10:35.074281
90.918767,1298,1511,13:10:35.074281
90.920624,1570,1489,13:10:35.074281
90.922486,1542,1684,13:10:35.074281
90.924344,1081,1598,13:10:35.074281
90.926208,1104,1685,13:10:35.074281
90.928079,1663,1757,13:10:35.074281
90.929945,1405,1717,13:10:35.074281
90.931809,1467,1586,13:10:35.074281
90.933666,1377,1595,13:10:35.074281
90.935528,1404,1518,13:10:35.074281
90.937384,1615,1769,13:10:35.074281
90.939241,1588,1732,13:10:35.074281
90.941099,1415,1659,13:10:35.074281
90.942955,1497,1588,13:10:35.074281
90.944814,1235,1667,13:10:35.074281
90.94667,1223,1607,13:10:35.074281
90.948532,1364,1836,13:10:35.074281
90.950389,1402,1625,13:10:35.074281
90.952246,1042,1489,13:10:35.074281
90.954108,1267,1483,13:10:35.074281
90.955976,1165,1475,13:10:35.123157
90.957838,1665,1372,13:10:35.123157
90.9597,1422,1664,13:10:35.123157
90.961599,1343,1750,13:10:35.123157
90.963457,1544,1670,13:10:35.123157
90.965313,1157,1587,13:10:35.123157
90.967172,1141,1736,13:10:35.123157
90.969028,1506,1400,13:10:35.123157
90.970885,1482,1525,13:10:35.123157
90.972743,1239,1534,13:10:35.123157
90.974601,1478,1591,13:10:35.123157
90.97646,1548,1521,13:10:35.123157
90.978316,1235,1531,13:10:35.123157
90.980178,716,1716,13:10:35.123157
90.982061,1401,1474,13:10:35.123157
90.983919,1419,1487,13:10:35.123157
90.985779,1825,1615,13:10:35.123157
90.987636,1438,1695,13:10:35.123157
90.989492,1215,1814,13:10:35.123157
90.991348,1626,1469,13:10:35.123157
90.993205,1554,1581,13:10:35.123157
90.995065,1207,1587,13:10:35.123157
90.996921,1343,1451,13:10:35.123157
90.99878,1423,1770,13:10:35.123157
91.000636,1234,1490,13:10:35.123157
91.002492,1382,1699,13:10:35.123157
91.004351,1466,1763,13:10:35.123157
91.006213,1339,1500,13:10:35.175183
91.008074,1395,1667,13:10:35.175183
91.009948,1420,1578,13:10:35.175183
91.011832,1500,1359,13:10:35.175183
91.013692,1565,1453,13:10:35.175183
91.015551,1603,1561,13:10:35.175183
91.017409,1602,1871,13:10:35.175183
91.019266,1057,1523,13:10:35.175183
91.021128,1144,1607,13:10:35.175183
91.022986,1400,1735,13:10:35.175183
91.024851,977,1661,13:10:35.175183
91.026709,1357,1569,13:10:35.175183
91.028577,-352,1514,13:10:35.175183
91.030482,1379,1472,13:10:35.175183
91.03234,1490,1514,13:10:35.175183
91.034196,1356,1691,13:10:35.175183
91.036055,1242,1543,13:10:35.175183
91.037911,1351,1563,13:10:35.175183
91.039773,1609,1770,13:10:35.175183
91.041632,1514,1644,13:10:35.175183
91.043498,1571,1522,13:10:35.175183
91.045354,1562,1728,13:10:35.175183
91.047211,1570,1407,13:10:35.175183
91.049069,1503,1510,13:10:35.175183
91.050925,1292,1359,13:10:35.175183
91.052784,1132,1545,13:10:35.175183
91.054642,1378,1721,13:10:35.225702
91.056507,1407,1522,13:10:35.225702
91.058367,1474,1614,13:10:35.225702
91.060277,1345,1393,13:10:35.225702
91.062146,1719,1676,13:10:35.225702
91.064006,1439,1391,13:10:35.225702
91.065866,1446,1636,13:10:35.225702
91.067728,1598,1846,13:10:35.225702
91.069585,1402,1633,13:10:35.225702
91.071441,1521,1770,13:10:35.225702
91.0733,633,1576,13:10:35.225702
91.075156,1185,1785,13:10:35.225702
91.077014,801,1330,13:10:35.225702
91.078873,1209,1747,13:10:35.227694
91.080735,149,1772,13:10:35.227694
91.082593,1116,1590,13:10:35.230691
91.084457,1475,1415,13:10:35.230691
91.086314,1089,1374,13:10:35.230691
91.08817,1424,1718,13:10:35.230691
91.090029,1180,1493,13:10:35.230691
91.091885,1436,1525,13:10:35.230691
91.093742,1216,1578,13:10:35.230691
91.095598,1428,1208,13:10:35.230691
91.097454,1303,1527,13:10:35.230691
91.099311,1562,1376,13:10:35.230691
91.101167,1034,1271,13:10:35.230691
91.103029,1346,1552,13:10:35.230691
91.104886,1245,1373,13:10:35.277689
91.106758,1159,1566,13:10:35.277689
91.10862,1383,1594,13:10:35.277689
91.110531,1573,1391,13:10:35.277689
91.112387,1526,1732,13:10:35.277689
91.114245,1201,1597,13:10:35.277689
91.116102,1537,1372,13:10:35.277689
91.117958,1528,1483,13:10:35.277689
91.119814,979,1525,13:10:35.277689
91.121677,1325,1708,13:10:35.277689
91.123535,1307,1459,13:10:35.277689
91.125393,1238,1610,13:10:35.277689
91.127254,938,1715,13:10:35.277689
91.129116,1601,1592,13:10:35.277689
91.130996,-118,1392,13:10:35.277689
91.132865,1188,1556,13:10:35.277689
91.134722,1405,1567,13:10:35.278692
91.136579,1601,1203,13:10:35.278692
91.138436,1540,1578,13:10:35.278692
91.140292,1165,1588,13:10:35.278692
91.142149,1310,1420,13:10:35.278692
91.144005,1300,1467,13:10:35.278692
91.145865,1359,1488,13:10:35.278692
91.147727,1411,1589,13:10:35.278692
91.149584,1363,1597,13:10:35.278692
91.15144,1498,1714,13:10:35.278692
91.153299,1285,1538,13:10:35.278692
91.155155,1420,1346,13:10:35.335456
91.157017,1450,1482,13:10:35.335456
91.158878,1503,1618,13:10:35.335456
91.16079,1184,1474,13:10:35.335456
91.16265,1203,1709,13:10:35.335456
91.164509,1229,1543,13:10:35.335456
91.166375,1255,1491,13:10:35.335456
91.168231,1304,1399,13:10:35.335456
91.170088,922,1533,13:10:35.335456
91.171946,1286,1616,13:10:35.335456
91.173804,1558,1663,13:10:35.335456
91.175665,812,1486,13:10:35.335456
91.177523,1261,1528,13:10:35.335456
91.179379,1347,1400,13:10:35.335456
91.181236,1484,1360,13:10:35.335456
91.183114,-123,1474,13:10:35.335456
91.184982,1346,1331,13:10:35.335456
91.186843,1185,1549,13:10:35.335456
91.188699,1404,1545,13:10:35.335456
91.190557,1321,1554,13:10:35.335456
91.192414,1548,1722,13:10:35.335456
91.194276,1489,1660,13:10:35.335456
91.196132,1309,1273,13:10:35.335456
91.197989,1409,1515,13:10:35.335456
91.199847,1505,1646,13:10:35.335456
91.201704,1326,1590,13:10:35.335456
91.203562,1476,1517,13:10:35.335456
91.205418,1360,1628,13:10:35.381061
91.207287,1240,1396,13:10:35.381061
91.209147,1430,1853,13:10:35.381061
91.211039,1233,1542,13:10:35.381061
91.212897,1298,1479,13:10:35.381061
91.214754,1311,1648,13:10:35.381061
91.216612,1564,1583,13:10:35.381061
91.218471,1441,1352,13:10:35.381061
91.22033,1737,1279,13:10:35.381061
91.222189,1554,1432,13:10:35.381061
91.224046,1575,1246,13:10:35.381061
91.225912,1656,1443,13:10:35.381061
91.227768,1264,1495,13:10:35.381061
91.229627,1050,1402,13:10:35.381061
91.231489,1628,1653,13:10:35.381061
91.233347,1488,1728,13:10:35.381061
91.235208,1478,1615,13:10:35.381061
91.237068,1300,1430,13:10:35.381061
91.238924,1572,1332,13:10:35.381061
91.240786,-689,1037,13:10:35.381061
91.242681,1119,1207,13:10:35.381061
91.244539,1400,1813,13:10:35.381061
91.246396,1589,1520,13:10:35.381061
91.248252,1194,1668,13:10:35.381061
91.25011,1308,1488,13:10:35.381061
91.251967,1327,1452,13:10:35.381061
91.253825,1135,1239,13:10:35.381061
91.255685,1362,1464,13:10:35.430615
91.257554,1304,1480,13:10:35.430615
91.259418,1430,1671,13:10:35.430615
91.26133,1159,1391,13:10:35.430615
91.263189,1072,1182,13:10:35.430615
91.265045,1274,1492,13:10:35.430615
91.266901,1186,1547,13:10:35.430615
91.26876,1233,1573,13:10:35.430615
91.270616,1227,1535,13:10:35.430615
91.272474,1081,1411,13:10:35.430615
91.274331,771,1395,13:10:35.430615
91.276195,1007,1361,13:10:35.430615
91.278051,1394,1441,13:10:35.430615
91.279908,1034,1480,13:10:35.430615
91.281766,1372,1504,13:10:35.430615
91.283622,1024,1413,13:10:35.430615
91.285509,1166,1410,13:10:35.430615
91.287375,1618,1651,13:10:35.430615
91.289231,1507,1463,13:10:35.430615
91.29109,1602,1434,13:10:35.430615
91.292946,1426,1482,13:10:35.430615
91.294804,1320,1443,13:10:35.430615
91.296661,1587,1489,13:10:35.430615
91.298517,1520,1682,13:10:35.430615
91.300378,1319,1322,13:10:35.430615
91.302239,1392,1413,13:10:35.430615
91.304096,1309,1648,13:10:35.430615
91.305961,1200,1438,13:10:35.484817
91.307825,1454,1585,13:10:35.484817
91.309687,1291,1392,13:10:35.484817
91.311576,1397,1326,13:10:35.484817
91.313434,1364,1212,13:10:35.485818
91.31529,1219,1600,13:10:35.485818
91.317155,1326,1375,13:10:35.485818
91.319013,1360,1199,13:10:35.485818
91.320874,966,1476,13:10:35.485818
91.322736,1364,1376,13:10:35.485818
91.324592,1169,1259,13:10:35.485818
91.32645,686,1528,13:10:35.485818
91.328307,1552,1700,13:10:35.485818
91.330163,355,1485,13:10:35.485818
91.332021,1122,1108,13:10:35.485818
91.333883,1432,1556,13:10:35.485818
91.335744,-751,1469,13:10:35.485818
91.337646,1448,1315,13:10:35.485818
91.339511,1517,1359,13:10:35.485818
91.341369,1754,1557,13:10:35.485818
91.343225,1508,1529,13:10:35.485818
91.345084,1231,1627,13:10:35.485818
91.34694,1333,1492,13:10:35.485818
91.348798,1327,1387,13:10:35.485818
91.350655,1670,1378,13:10:35.485818
91.352512,1027,1339,13:10:35.485818
91.354377,1355,1554,13:10:35.485818
91.356242,1418,1155,13:10:35.535032
91.358104,1246,1423,13:10:35.535032
91.359982,1661,1423,13:10:35.535032
91.361867,1389,1438,13:10:35.535032
91.363725,1128,1880,13:10:35.536025
91.365583,1337,1172,13:10:35.536025
91.367442,1179,1481,13:10:35.536025
91.369298,1241,1467,13:10:35.536025
91.371157,1564,1476,13:10:35.536025
91.373019,1130,1606,13:10:35.536025
91.374877,1044,1572,13:10:35.536025
91.376736,1133,1345,13:10:35.536025
91.378592,1570,1585,13:10:35.536025
91.380449,1778,1270,13:10:35.536025
91.382307,1471,1535,13:10:35.536025
91.384166,1446,1509,13:10:35.536025
91.386025,1533,1671,13:10:35.536025
91.387886,322,1307,13:10:35.536025
91.389768,1281,1379,13:10:35.536025
91.391624,1250,1407,13:10:35.536025
91.393481,1346,1693,13:10:35.536025
91.395337,1409,1450,13:10:35.536025
91.397193,1238,1298,13:10:35.536025
91.399052,1414,1563,13:10:35.536025
91.400908,1329,1380,13:10:35.536025
91.402765,1414,1300,13:10:35.537026
91.404623,1239,1305,13:10:35.586317
91.406487,1428,1478,13:10:35.586317
91.408348,1264,1778,13:10:35.586317
91.41025,1406,1506,13:10:35.586317
91.412129,1038,1373,13:10:35.586317
91.413988,1570,1474,13:10:35.586317
91.415845,1349,1546,13:10:35.586822
91.417703,1384,1469,13:10:35.586822
91.41956,1499,1428,13:10:35.586822
91.421418,1224,1432,13:10:35.586822
91.423276,982,1300,13:10:35.586822
91.425133,1046,1379,13:10:35.586822
91.426991,1425,1865,13:10:35.586822
91.428847,1415,1695,13:10:35.586822
91.430708,1424,1613,13:10:35.586822
91.432564,1019,1638,13:10:35.586822
91.43442,946,1559,13:10:35.586822
91.436283,1171,1495,13:10:35.586822
91.438159,1308,1539,13:10:35.586822
91.440037,328,970,13:10:35.586822
91.441894,1463,1423,13:10:35.586822
91.443751,1496,1623,13:10:35.586822
91.445612,1577,1410,13:10:35.586822
91.447469,1253,1528,13:10:35.586822
91.449327,1702,1370,13:10:35.586822
91.451184,1428,1341,13:10:35.586822
91.45304,1312,1672,13:10:35.586822
91.454898,1254,1730,13:10:35.636279
91.456769,1080,1726,13:10:35.636279
91.458629,1226,1653,13:10:35.636279
91.460537,1357,1645,13:10:35.636279
91.462399,1269,1354,13:10:35.636279
91.46426,1536,1658,13:10:35.636279
91.466116,1552,1622,13:10:35.636279
91.467974,1383,1253,13:10:35.636279
91.469833,1455,1549,13:10:35.636279
91.471689,1475,1633,13:10:35.636279
91.473548,1282,1608,13:10:35.636279
91.475408,1489,1488,13:10:35.636279
91.477266,1298,1373,13:10:35.636279
91.479125,1363,1498,13:10:35.636279
91.480989,1250,1594,13:10:35.636279
91.482845,1387,1363,13:10:35.636279
91.484702,1087,1909,13:10:35.636279
91.48656,1381,1359,13:10:35.636279
91.488418,1382,1595,13:10:35.636279
91.490308,1553,1566,13:10:35.636279
91.492181,1203,1700,13:10:35.636279
91.494047,1423,1749,13:10:35.636279
91.495903,1304,1554,13:10:35.636279
91.497762,1315,1503,13:10:35.636279
91.49962,1528,1710,13:10:35.636279
91.501476,1462,1709,13:10:35.636279
91.503333,1301,1493,13:10:35.636279
91.505191,1480,1460,13:10:35.689462
91.507058,1569,1360,13:10:35.689462
91.508918,1230,1490,13:10:35.689462
91.510816,1209,1740,13:10:35.689462
91.512674,1321,1546,13:10:35.689462
91.514533,1498,1718,13:10:35.689462
91.516389,1003,1523,13:10:35.689462
91.518247,1251,1778,13:10:35.689462
91.520104,1280,1513,13:10:35.689462
91.52196,1483,1550,13:10:35.689462
91.523816,1547,1372,13:10:35.689462
91.525682,948,1633,13:10:35.689462
91.527539,1276,1159,13:10:35.689462
91.529396,1074,1621,13:10:35.689462
91.531254,1581,1629,13:10:35.689462
91.53311,1415,1422,13:10:35.689462
91.534967,423,1393,13:10:35.689462
91.536825,1465,1599,13:10:35.689462
91.538689,1032,1509,13:10:35.689462
91.540546,-42,1396,13:10:35.689462
91.542404,1180,1567,13:10:35.689462
91.544263,1326,1488,13:10:35.689462
91.546142,1677,1460,13:10:35.689462
91.548023,1740,1504,13:10:35.689462
91.549881,1425,1487,13:10:35.689462
91.551737,1584,1601,13:10:35.689462
91.553594,1308,1590,13:10:35.689462
91.555452,1224,1494,13:10:35.705751
91.557324,1603,1331,13:10:35.705751
91.559186,1143,1694,13:10:35.705751
91.56108,1357,1555,13:10:35.705751
91.562937,1400,1567,13:10:35.705751
91.564798,1582,1527,13:10:35.705751
91.566654,1269,1427,13:10:35.705751
91.568512,1576,1581,13:10:35.705751
91.570369,1110,1760,13:10:35.705751
91.572227,1421,1614,13:10:35.705751
91.574083,909,1789,13:10:35.737757
91.57594,1432,1570,13:10:35.737757
91.577798,1308,1381,13:10:35.737757
91.579655,877,1410,13:10:35.737757
91.581513,1295,1640,13:10:35.737757
91.583369,1136,1619,13:10:35.737757
91.585228,1473,1622,13:10:35.737757
91.587086,1335,1642,13:10:35.737757
91.588947,1402,1400,13:10:35.737757
91.590809,1557,1474,13:10:35.737757
91.592665,939,1834,13:10:35.737757
91.594523,-263,1762,13:10:35.737757
91.596384,1406,1640,13:10:35.737757
91.59824,1227,1506,13:10:35.737757
91.600098,1407,1704,13:10:35.737757
91.601955,1411,1517,13:10:35.737757
91.603813,1581,1624,13:10:35.737757
91.605676,1366,1439,13:10:35.754811
91.607542,1617,1583,13:10:35.754811
91.609404,1520,1612,13:10:35.754811
91.611338,1240,1729,13:10:35.754811
91.613237,1209,1447,13:10:35.754811
91.615095,1397,1717,13:10:35.754811
91.616951,1328,1751,13:10:35.754811
91.61881,1494,1679,13:10:35.755794
91.620666,1324,1511,13:10:35.755794
91.622524,1473,1582,13:10:35.755794
91.624381,1634,1612,13:10:35.755794
91.626237,1326,1721,13:10:35.755794
91.628099,1197,1688,13:10:35.755794
91.629956,1446,1604,13:10:35.755794
91.631814,1218,1359,13:10:35.755794
91.63367,1294,1670,13:10:35.755794
91.635527,1768,1762,13:10:35.755794
91.637385,1675,1442,13:10:35.755794
91.639242,1410,1579,13:10:35.755794
91.64111,1358,1364,13:10:35.755794
91.642996,21,1567,13:10:35.755794
91.644854,1320,1529,13:10:35.755794
91.646715,1328,1706,13:10:35.755794
91.648571,1089,1597,13:10:35.755794
91.650427,1448,1669,13:10:35.755794
91.652284,1497,1656,13:10:35.755794
91.65415,1437,1731,13:10:35.755794
91.656012,1386,1637,13:10:35.807693
91.657873,1519,1429,13:10:35.807693
91.659739,1499,1774,13:10:35.807693
91.661644,1360,1539,13:10:35.807693
91.663512,1344,1382,13:10:35.807693
91.66537,1404,1654,13:10:35.807693
91.667226,1485,1548,13:10:35.807693
91.669085,1366,1317,13:10:35.807693
91.670941,1433,1627,13:10:35.807693
91.672799,1471,1852,13:10:35.807693
91.674656,1696,1705,13:10:35.807693
91.676512,1541,1593,13:10:35.807693
91.67837,1349,1561,13:10:35.807693
91.680227,1782,1550,13:10:35.807693
91.682085,1593,1575,13:10:35.807693
91.683941,1438,1437,13:10:35.807693
91.685802,1427,1549,13:10:35.807693
91.687658,1646,1549,13:10:35.807693
91.689518,1260,1630,13:10:35.807693
91.691379,1479,1641,13:10:35.807693
91.693235,1545,1634,13:10:35.807693
91.695092,1312,1628,13:10:35.807693
91.696948,1459,1497,13:10:35.807693
91.698804,1328,1255,13:10:35.807693
91.700663,1573,1592,13:10:35.807693
91.702519,1414,1644,13:10:35.807693
91.704379,1490,1612,13:10:35.807693
91.706242,1496,1557,13:10:35.855892
91.708104,1305,1686,13:10:35.855892
91.70998,1312,1403,13:10:35.855892
91.71186,1481,1355,13:10:35.855892
91.713717,1340,1616,13:10:35.855892
91.715573,1346,1558,13:10:35.855892
91.71743,1338,1386,13:10:35.855892
91.719286,1335,1637,13:10:35.855892
91.721143,1461,1646,13:10:35.855892
91.723005,1354,1569,13:10:35.856880
91.724861,1474,1391,13:10:35.857878
91.726719,1575,1666,13:10:35.857878
91.728576,1570,1543,13:10:35.857878
91.730432,1139,1572,13:10:35.857878
91.73229,1396,1407,13:10:35.857878
91.734149,1566,1594,13:10:35.857878
91.736007,1363,1591,13:10:35.857878
91.737866,1432,1152,13:10:35.857878
91.73973,1318,1750,13:10:35.857878
91.741586,1399,1477,13:10:35.857878
91.743449,1288,1489,13:10:35.857878
91.745311,1619,1587,13:10:35.857878
91.747167,1497,1419,13:10:35.857878
91.749028,1276,1585,13:10:35.857878
91.750884,1387,1459,13:10:35.857878
91.75274,1381,1359,13:10:35.857878
91.754599,1339,1364,13:10:35.907015
91.756467,1442,1527,13:10:35.907015
91.758327,1222,1679,13:10:35.907015
91.760227,1446,1531,13:10:35.907015
91.762121,1597,1693,13:10:35.907015
91.76398,1417,1527,13:10:35.907015
91.765837,1372,1563,13:10:35.907015
91.767703,1590,1464,13:10:35.907015
91.769559,1394,1569,13:10:35.907015
91.771416,1302,1734,13:10:35.907015
91.773274,1440,1488,13:10:35.907015
91.77513,1548,1332,13:10:35.907015
91.776989,1625,1437,13:10:35.907015
91.778845,1230,1711,13:10:35.907015
91.780701,1431,1466,13:10:35.907015
91.78256,1320,1304,13:10:35.907015
91.784423,1523,1601,13:10:35.908016
91.786282,1209,1449,13:10:35.908016
91.788139,1193,1552,13:10:35.908016
91.789997,1774,1497,13:10:35.908016
91.791855,1706,1745,13:10:35.908016
91.793712,1621,1605,13:10:35.908016
91.79557,1467,1440,13:10:35.908016
91.797427,1277,1490,13:10:35.908016
91.799285,1375,1512,13:10:35.908016
91.801141,1220,1483,13:10:35.908016
91.803002,1479,1589,13:10:35.908016
91.804858,1274,1405,13:10:35.956111
91.806732,1419,1434,13:10:35.956111
91.808593,1548,1378,13:10:35.956111
91.810501,1285,1477,13:10:35.956111
91.812361,1547,1534,13:10:35.956111
91.81422,1485,1592,13:10:35.956111
91.816076,1485,1704,13:10:35.956111
91.817932,1372,1631,13:10:35.956111
91.819789,1277,1510,13:10:35.956111
91.821649,1429,1386,13:10:35.956111
91.823505,1463,1454,13:10:35.956111
91.825362,1735,1442,13:10:35.956111
91.82722,1578,1388,13:10:35.956111
91.829076,1496,1407,13:10:35.956111
91.830935,1428,1509,13:10:35.956111
91.832793,1526,1511,13:10:35.956111
91.834649,1350,1667,13:10:35.956111
91.836508,1478,1502,13:10:35.956111
91.838369,1724,1544,13:10:35.956111
91.840229,1440,1403,13:10:35.956111
91.842085,1207,1663,13:10:35.956111
91.843943,1346,1680,13:10:35.956111
91.845804,1622,1575,13:10:35.956111
91.84766,1480,1543,13:10:35.956111
91.84952,1638,1462,13:10:35.956111
91.851379,1431,1347,13:10:35.956111
91.853237,1268,1472,13:10:35.956111
91.855093,1350,1506,13:10:36.005478
91.856964,1123,1319,13:10:36.005478
91.858834,1286,1460,13:10:36.005478
91.86073,1494,1589,13:10:36.005478
91.862616,1446,1568,13:10:36.005478
91.864475,1469,1637,13:10:36.005478
91.866341,1382,1473,13:10:36.005478
91.868198,1488,1430,13:10:36.005478
91.870054,1211,1542,13:10:36.005478
91.871912,1117,1265,13:10:36.005478
91.873771,1401,1311,13:10:36.005478
91.875627,1576,1405,13:10:36.005478
91.877485,1418,1420,13:10:36.005478
91.879342,1474,1416,13:10:36.005478
91.881198,1512,1692,13:10:36.005478
91.883054,1506,1829,13:10:36.005478
91.884919,1590,1571,13:10:36.005478
91.886775,1119,1393,13:10:36.005478
91.888631,1470,1464,13:10:36.005478
91.89049,1388,1488,13:10:36.005478
91.892346,1462,1349,13:10:36.005478
91.894205,1391,1387,13:10:36.005478
91.896061,1517,1544,13:10:36.005478
91.897917,1431,1594,13:10:36.005478
91.899774,1451,1558,13:10:36.005478
91.901639,1380,1645,13:10:36.005478
91.903498,1627,1310,13:10:36.005478
91.905367,1670,1310,13:10:36.055700
91.907239,1595,1415,13:10:36.055700
91.909099,1489,1633,13:10:36.055700
91.911,1283,1586,13:10:36.055700
91.912858,1496,1412,13:10:36.055700
91.914714,1447,1581,13:10:36.055700
91.916571,1223,1642,13:10:36.055700
91.918427,1392,1507,13:10:36.055700
91.920287,1457,1480,13:10:36.055700
91.922144,1526,1429,13:10:36.055700
91.924,1619,1456,13:10:36.055700
91.925858,1644,1482,13:10:36.055700
91.927715,1304,1295,13:10:36.055700
91.929571,1393,1433,13:10:36.055700
91.93143,1693,1257,13:10:36.055700
91.933286,1440,1622,13:10:36.055700
91.935142,1402,1326,13:10:36.055700
91.936999,1469,1473,13:10:36.055700
91.938865,1516,1715,13:10:36.055700
91.940721,1416,1388,13:10:36.055700
91.942578,1204,1361,13:10:36.055700
91.944436,1521,1693,13:10:36.055700
91.946292,1458,1201,13:10:36.055700
91.948155,1246,1204,13:10:36.055700
91.950011,1632,1613,13:10:36.055700
91.95187,1538,1562,13:10:36.055700
91.953726,1467,1245,13:10:36.055700
91.955594,1330,1285,13:10:36.106213
91.957459,1599,1402,13:10:36.106213
91.95932,1439,1547,13:10:36.106213
91.961235,1074,1405,13:10:36.106213
91.963119,1503,1382,13:10:36.106213
91.964976,1244,1634,13:10:36.106213
91.966836,1454,1546,13:10:36.106213
91.968692,1388,1489,13:10:36.106213
91.970549,1409,1764,13:10:36.106213
91.972407,1543,1342,13:10:36.106213
91.974264,1485,1482,13:10:36.106213
91.976122,1446,1397,13:10:36.106213
91.977978,1301,1363,13:10:36.106213
91.979835,1715,1589,13:10:36.106213
91.981693,1387,1487,13:10:36.106213
91.983557,1430,1606,13:10:36.106213
91.985416,1356,1211,13:10:36.106213
91.987272,1368,1584,13:10:36.106213
91.98913,1495,1241,13:10:36.106213
91.990987,1572,1362,13:10:36.106213
91.992843,1655,1588,13:10:36.106213
91.994702,1761,1462,13:10:36.106213
91.996558,1344,1445,13:10:36.106213
91.998414,1255,1566,13:10:36.106213
92.000271,1515,1710,13:10:36.106213
92.002135,1296,1588,13:10:36.106213
92.003991,1400,1295,13:10:36.106213
92.005851,1597,1827,13:10:36.156961
92.007714,1619,1364,13:10:36.156961
92.009575,1170,1524,13:10:36.156961
92.011485,1455,1655,13:10:36.156961
92.013343,1443,1413,13:10:36.158237
92.015201,1526,1082,13:10:36.158237
92.01706,1336,1322,13:10:36.158237
92.018916,1324,1449,13:10:36.158237
92.020782,1681,1514,13:10:36.158237
92.022639,1395,1624,13:10:36.158237
92.024495,1631,1391,13:10:36.158237
92.026353,1438,1328,13:10:36.158237
92.02821,1451,1504,13:10:36.158237
92.030068,1514,1419,13:10:36.158237
92.031925,1444,1433,13:10:36.158237
92.033783,1687,1391,13:10:36.158237
92.035641,1679,1501,13:10:36.158237
92.037503,1529,1422,13:10:36.158237
92.03936,1536,1528,13:10:36.158237
92.041216,1526,1595,13:10:36.158237
92.043075,1632,1587,13:10:36.158237
92.044931,1470,1330,13:10:36.158237
92.046787,1546,1221,13:10:36.161245
92.048644,1598,1414,13:10:36.161245
92.0505,1221,1411,13:10:36.161245
92.052357,1565,1303,13:10:36.161245
92.054213,1761,1419,13:10:36.161245
92.056081,1602,1441,13:10:36.206135
92.057946,1317,1510,13:10:36.206135
92.059809,1562,1557,13:10:36.206135
92.061722,1145,1577,13:10:36.206135
92.063578,1470,1510,13:10:36.206135
92.065435,1485,1364,13:10:36.206135
92.067293,1367,1466,13:10:36.206135
92.069149,1379,1582,13:10:36.206135
92.071008,1535,1535,13:10:36.206135
92.072866,1462,1288,13:10:36.206135
92.074729,1508,1439,13:10:36.206135
92.076585,1452,1510,13:10:36.206135
92.078441,1513,1362,13:10:36.206135
92.0803,1483,1394,13:10:36.206135
92.082156,1406,1253,13:10:36.206135
92.084014,1478,1489,13:10:36.206135
92.085873,1380,1539,13:10:36.206135
92.087729,1582,1387,13:10:36.206135
92.089587,1615,1421,13:10:36.206135
92.091449,1516,1319,13:10:36.206135
92.093306,1296,1445,13:10:36.206135
92.095163,1506,1355,13:10:36.206135
92.097021,1486,1546,13:10:36.206135
92.098877,1230,1614,13:10:36.206135
92.100734,1556,1459,13:10:36.206135
92.10259,1391,1214,13:10:36.206135
92.104447,1361,1183,13:10:36.256185
92.106315,1760,1354,13:10:36.256185
92.108191,1553,1285,13:10:36.256185
92.110053,1448,1625,13:10:36.256185
92.11195,1555,1346,13:10:36.256185
92.113808,1377,1532,13:10:36.256185
92.115666,1585,1199,13:10:36.256185
92.117523,1375,1610,13:10:36.256185
92.119379,1459,1327,13:10:36.256185
92.121235,1474,1232,13:10:36.256185
92.123093,1432,1230,13:10:36.256185
92.12495,1723,1587,13:10:36.256185
92.126806,1469,1691,13:10:36.256185
92.128669,1365,1481,13:10:36.256185
92.130525,1479,1434,13:10:36.256185
92.132382,1534,1421,13:10:36.256185
92.13424,1648,1461,13:10:36.256185
92.136096,1258,1340,13:10:36.256185
92.137955,1489,1510,13:10:36.256185
92.139811,1224,1311,13:10:36.256185
92.141671,1240,1339,13:10:36.256185
92.143528,1574,1499,13:10:36.256185
92.145385,1515,1293,13:10:36.256185
92.147246,1609,1276,13:10:36.256185
92.149103,1409,1394,13:10:36.256185
92.150963,1382,1745,13:10:36.256185
92.152821,1598,1468,13:10:36.257209
92.154702,1494,1338,13:10:36.305673
92.156568,1556,1308,13:10:36.305673
92.158428,1496,1523,13:10:36.305673
92.160331,1575,1370,13:10:36.305673
92.162201,1228,1349,13:10:36.305673
92.164057,1229,1436,13:10:36.305673
92.165916,1599,1382,13:10:36.305673
92.167774,1399,1568,13:10:36.305673
92.169634,1417,1671,13:10:36.305673
92.171493,1316,1624,13:10:36.305673
92.173349,1565,1524,13:10:36.305673
92.175207,1486,1722,13:10:36.305673
92.177064,1700,1615,13:10:36.305673
92.178922,1379,1490,13:10:36.305673
92.180779,1318,1277,13:10:36.305673
92.182635,1405,1295,13:10:36.305673
92.184493,1345,1511,13:10:36.305673
92.186354,1675,1587,13:10:36.305673
92.18821,1511,1243,13:10:36.305673
92.190066,1241,1409,13:10:36.305673
92.191925,1303,1384,13:10:36.305673
92.193781,1299,1410,13:10:36.305673
92.195637,1339,1616,13:10:36.305673
92.197496,1558,1193,13:10:36.305673
92.199352,1220,1458,13:10:36.305673
92.201209,1580,1370,13:10:36.305673
92.203065,1376,1408,13:10:36.305673
92.204931,1455,1535,13:10:36.358172
92.206802,1139,1643,13:10:36.358172
92.208663,1384,1268,13:10:36.358172
92.21056,1493,1371,13:10:36.358172
92.212442,1404,1548,13:10:36.358172
92.214299,1401,1499,13:10:36.358172
92.216157,1544,1588,13:10:36.358172
92.218013,1414,1511,13:10:36.358172
92.219874,1374,1498,13:10:36.358172
92.22173,1266,1567,13:10:36.358172
92.223589,1228,1324,13:10:36.358172
92.225449,1120,1467,13:10:36.358172
92.227313,1447,1324,13:10:36.358172
92.22917,1349,1350,13:10:36.358172
92.231026,1179,1463,13:10:36.358172
92.232884,1426,1378,13:10:36.358172
92.234741,1470,1356,13:10:36.358172
92.236597,1622,1463,13:10:36.358172
92.238455,1197,1223,13:10:36.358172
92.240312,1372,1492,13:10:36.359182
92.24217,1412,1226,13:10:36.359182
92.244027,1437,1643,13:10:36.359182
92.245893,1325,1672,13:10:36.359182
92.247749,1488,1417,13:10:36.359182
92.249606,1339,1619,13:10:36.359182
92.251464,1483,1225,13:10:36.359182
92.25332,1421,1396,13:10:36.359182
92.255187,1485,1528,13:10:36.405689
92.257051,1372,1334,13:10:36.405689
92.258911,1349,1423,13:10:36.405689
92.260804,1384,1560,13:10:36.405689
92.262662,1358,1170,13:10:36.406697
92.264522,1220,1235,13:10:36.406697
92.266379,1353,1557,13:10:36.406697
92.268235,1322,1324,13:10:36.406697
92.270093,1424,1573,13:10:36.406697
92.27195,1150,1330,13:10:36.406697
92.273808,1341,1296,13:10:36.406697
92.275664,1182,1360,13:10:36.406697
92.277525,1398,1211,13:10:36.406697
92.279381,1213,1360,13:10:36.407689
92.281238,1477,1330,13:10:36.407689
92.283096,1359,1268,13:10:36.407689
92.284952,1416,1581,13:10:36.407689
92.286811,1538,1483,13:10:36.407689
92.288667,1588,1566,13:10:36.407689
92.290523,1572,1656,13:10:36.407689
92.29238,1290,1377,13:10:36.407689
92.294246,1253,1196,13:10:36.407689
92.296102,1393,1559,13:10:36.408688
92.297959,1261,1449,13:10:36.408688
92.299817,1570,1549,13:10:36.408688
92.301673,1429,1280,13:10:36.408688
92.30353,1358,1475,13:10:36.408688
92.305388,1523,1476,13:10:36.460393
92.307255,1309,1578,13:10:36.460393
92.309121,1431,1274,13:10:36.460393
92.311049,1199,1347,13:10:36.460393
92.312909,1339,1309,13:10:36.460393
92.314768,1239,1462,13:10:36.460393
92.316624,1434,1406,13:10:36.460393
92.318484,1530,1599,13:10:36.460393
92.320341,1354,1439,13:10:36.460393
92.322197,1566,1225,13:10:36.460393
92.324055,1345,1546,13:10:36.460393
92.325912,1387,1399,13:10:36.460393
92.32777,1123,1469,13:10:36.460393
92.329627,1348,1324,13:10:36.460393
92.331483,1376,1570,13:10:36.460393
92.333341,1289,1733,13:10:36.460393
92.335205,1366,1467,13:10:36.460393
92.337062,1491,1506,13:10:36.460393
92.338918,1517,1638,13:10:36.460393
92.340777,1421,1541,13:10:36.460393
92.342633,1423,1555,13:10:36.460393
92.344489,1419,1720,13:10:36.460393
92.346348,1248,1411,13:10:36.460393
92.348204,1264,1411,13:10:36.460393
92.35006,1441,1711,13:10:36.460393
92.351917,1665,1520,13:10:36.460393
92.353783,1427,1414,13:10:36.461386
92.355642,1269,1551,13:10:36.505417
92.357515,1475,1626,13:10:36.505417
92.359388,1398,1562,13:10:36.505417
92.361292,1336,1376,13:10:36.505417
92.363149,1352,1507,13:10:36.505417
92.365007,1439,1463,13:10:36.505417
92.366865,1287,1629,13:10:36.505417
92.368724,1314,1478,13:10:36.505417
92.37058,1424,1514,13:10:36.505417
92.37244,1436,1380,13:10:36.505417
92.374297,1412,1302,13:10:36.505417
92.376154,1633,1231,13:10:36.505417
92.378015,1219,1420,13:10:36.505417
92.379876,1150,1319,13:10:36.505417
92.381734,1514,1576,13:10:36.505417
92.383591,1406,1588,13:10:36.505417
92.385449,1325,1656,13:10:36.505417
92.387307,1579,1675,13:10:36.505417
92.389164,1752,1666,13:10:36.505417
92.391022,1630,1664,13:10:36.505417
92.392878,1260,1567,13:10:36.505417
92.394743,1195,1206,13:10:36.505417
92.396599,898,1307,13:10:36.505417
92.398455,1137,1422,13:10:36.505417
92.400314,1127,1634,13:10:36.505417
92.40217,1224,1398,13:10:36.505417
92.404028,1636,1535,13:10:36.505417
92.405889,1695,1535,13:10:36.556372
92.407751,1651,1703,13:10:36.556372
92.409615,1356,1508,13:10:36.556372
92.411523,920,1101,13:10:36.556372
92.413392,1092,1297,13:10:36.556372
92.415248,770,1675,13:10:36.556372
92.417105,1438,1650,13:10:36.556372
92.418963,1573,1602,13:10:36.556372
92.420819,1317,1655,13:10:36.556372
92.422678,1391,1367,13:10:36.556372
92.424534,1496,1544,13:10:36.556372
92.42639,1634,1342,13:10:36.556372
92.428247,1440,1496,13:10:36.556372
92.43011,1292,1354,13:10:36.556372
92.431967,1302,1526,13:10:36.556372
92.433826,1021,1642,13:10:36.556372
92.435684,1288,1409,13:10:36.556372
92.43754,1526,1467,13:10:36.556372
92.439397,1364,1423,13:10:36.556372
92.441255,1334,1292,13:10:36.556372
92.443112,1498,1680,13:10:36.556372
92.44497,1427,1614,13:10:36.556372
92.446826,1354,1806,13:10:36.556372
92.448689,1374,1457,13:10:36.556372
92.450545,1479,1491,13:10:36.556372
92.452401,1554,1368,13:10:36.556372
92.45426,1369,1395,13:10:36.556372
92.45613,1141,1721,13:10:36.609590
92.45799,1558,1754,13:10:36.609590
92.459864,1523,1699,13:10:36.609590
92.461759,1270,1522,13:10:36.609590
92.463615,1384,1509,13:10:36.609590
92.465474,1368,1293,13:10:36.609590
92.467336,1282,1432,13:10:36.609590
92.469192,1256,1479,13:10:36.609590
92.471049,1371,1678,13:10:36.609590
92.472907,1453,1531,13:10:36.609590
92.474765,1208,1407,13:10:36.609590
92.476624,1448,1785,13:10:36.609590
92.47848,1501,1572,13:10:36.609590
92.480336,1403,1584,13:10:36.609590
92.482195,1617,1631,13:10:36.609590
92.484056,1383,1649,13:10:36.609590
92.485914,1529,1561,13:10:36.609590
92.487772,1163,1663,13:10:36.609590
92.48963,1419,1185,13:10:36.609590
92.491487,1479,1668,13:10:36.609590
92.493343,1308,1564,13:10:36.609590
92.495201,1515,1689,13:10:36.609590
92.497058,1517,2022,13:10:36.609590
92.498916,1379,1562,13:10:36.609590
92.500772,1377,1495,13:10:36.609590
92.502633,1286,1646,13:10:36.609590
92.504489,1178,1430,13:10:36.660697
92.506356,1291,1339,13:10:36.660697
92.508216,1447,1470,13:10:36.660697
92.510094,1341,1519,13:10:36.660697
92.511976,1394,1517,13:10:36.660697
92.513851,1266,1502,13:10:36.660697
92.515723,1168,1669,13:10:36.660697
92.517579,1488,1442,13:10:36.660697
92.519436,1319,1509,13:10:36.660697
92.521292,1168,1514,13:10:36.660697
92.523148,1349,1519,13:10:36.660697
92.525015,1302,1418,13:10:36.660697
92.526873,1126,1500,13:10:36.660697
92.52873,1346,1513,13:10:36.660697
92.530588,1359,1730,13:10:36.660697
92.532444,1550,1242,13:10:36.660697
92.534301,1541,1592,13:10:36.660697
92.536159,1340,1423,13:10:36.660697
92.538015,1278,1539,13:10:36.660697
92.539876,1214,1442,13:10:36.660697
92.541732,1132,1750,13:10:36.660697
92.543592,1282,1615,13:10:36.660697
92.545449,1259,1616,13:10:36.660697
92.547308,1275,1777,13:10:36.660697
92.549166,1503,1744,13:10:36.660697
92.551022,1321,1759,13:10:36.660697
92.55288,1452,1617,13:10:36.660697
92.554737,1252,1562,13:10:36.710671
92.556599,1437,1445,13:10:36.710671
92.558459,1546,1455,13:10:36.710671
92.560361,1514,1792,13:10:36.710671
92.56224,1371,1653,13:10:36.710671
92.564102,1343,1716,13:10:36.710671
92.565988,1785,1576,13:10:36.710671
92.567845,1658,1461,13:10:36.710671
92.569701,1382,1969,13:10:36.710671
92.571565,1295,1462,13:10:36.710671
92.573422,1470,1528,13:10:36.710671
92.575278,1421,1485,13:10:36.710671
92.577136,1283,1744,13:10:36.710671
92.578993,1170,1514,13:10:36.710671
92.580851,1363,1423,13:10:36.710671
92.582708,1678,1628,13:10:36.710671
92.584564,1615,1456,13:10:36.710671
92.586422,1676,1689,13:10:36.710671
92.588285,1474,1404,13:10:36.710671
92.590141,1173,1519,13:10:36.710671
92.591997,1473,1491,13:10:36.710671
92.593856,1366,1704,13:10:36.710671
92.595712,1213,1424,13:10:36.711681
92.597568,1461,1611,13:10:36.711681
92.599427,1362,1491,13:10:36.712679
92.601283,1238,1494,13:10:36.712679
92.603139,1369,1613,13:10:36.713678
92.604996,1333,1511,13:10:36.761846
92.606868,1445,1559,13:10:36.761846
92.608728,1518,1540,13:10:36.761846
92.610635,1462,1471,13:10:36.761846
92.612495,1387,1596,13:10:36.761846
92.614351,1403,1703,13:10:36.761846
92.616217,159,1721,13:10:36.761846
92.618096,1413,1709,13:10:36.761846
92.619952,1445,1534,13:10:36.761846
92.621811,1678,1623,13:10:36.761846
92.623667,1201,1555,13:10:36.761846
92.625523,1224,1556,13:10:36.761846
92.627382,1403,1413,13:10:36.762847
92.629244,1400,1663,13:10:36.762847
92.6311,1219,1716,13:10:36.762847
92.632957,1238,1487,13:10:36.762847
92.634815,1541,1713,13:10:36.762847
92.636671,1716,1443,13:10:36.762847
92.638528,1470,1567,13:10:36.762847
92.640386,1238,1684,13:10:36.762847
92.642243,1479,1753,13:10:36.762847
92.644101,1273,1500,13:10:36.762847
92.645957,1455,1675,13:10:36.762847
92.647822,1670,1586,13:10:36.762847
92.649678,1357,1587,13:10:36.762847
92.651534,1589,1736,13:10:36.762847
92.653393,1532,1279,13:10:36.762847
92.655249,1467,1722,13:10:36.813127
92.657121,1497,1910,13:10:36.813127
92.658982,1376,1298,13:10:36.813127
92.660879,1292,1546,13:10:36.813127
92.662738,1444,1471,13:10:36.813127
92.664599,1355,1607,13:10:36.813127
92.666463,1116,1532,13:10:36.813127
92.668319,1595,1619,13:10:36.813127
92.670177,1680,1357,13:10:36.813127
92.672068,1286,1532,13:10:36.813127
92.673924,1376,1490,13:10:36.813127
92.675786,1489,1520,13:10:36.813127
92.677643,1539,1477,13:10:36.813127
92.679499,1174,1520,13:10:36.813127
92.681358,1328,1495,13:10:36.813127
92.683214,1381,1733,13:10:36.813127
92.685072,1403,1406,13:10:36.813127
92.686929,1366,1633,13:10:36.813127
92.688789,1278,1484,13:10:36.813127
92.690647,1407,1663,13:10:36.814117
92.692504,1729,1562,13:10:36.814117
92.694364,1285,1318,13:10:36.814117
92.69622,1128,1751,13:10:36.814117
92.698079,1405,1415,13:10:36.814117
92.699935,1404,1674,13:10:36.814117
92.701793,1363,1686,13:10:36.814117
92.703652,1642,1369,13:10:36.814117
92.70551,1435,1608,13:10:36.864870
92.707381,1349,1627,13:10:36.864870
92.709241,1450,1532,13:10:36.864870
92.711169,1180,1663,13:10:36.864870
92.713085,1296,1519,13:10:36.864870
92.714944,1595,1596,13:10:36.864870
92.716804,1373,1489,13:10:36.864870
92.718728,67,1606,13:10:36.864870
92.720614,1580,1560,13:10:36.864870
92.722471,1627,1364,13:10:36.864870
92.724333,1466,1520,13:10:36.864870
92.726189,1246,1610,13:10:36.864870
92.728048,1176,1764,13:10:36.864870
92.729904,1521,1503,13:10:36.864870
92.73176,1484,1435,13:10:36.864870
92.733619,1288,1504,13:10:36.864870
92.735475,1519,1592,13:10:36.864870
92.737335,1368,1869,13:10:36.864870
92.739192,1726,1903,13:10:36.864870
92.741054,1437,1410,13:10:36.864870
92.74291,1461,1547,13:10:36.864870
92.744767,1590,1296,13:10:36.864870
92.746625,1328,1520,13:10:36.864870
92.748481,1293,1765,13:10:36.864870
92.75034,1207,1244,13:10:36.864870
92.752196,1154,1472,13:10:36.864870
92.754059,1195,1596,13:10:36.864870
92.755927,1228,1478,13:10:36.919197
92.757789,1030,1393,13:10:36.919197
92.759651,1363,1530,13:10:36.919197
92.761552,1073,1553,13:10:36.919197
92.763408,1465,1425,13:10:36.919197
92.765266,1255,1286,13:10:36.919197
92.767125,1193,1638,13:10:36.919197
92.768983,1265,1688,13:10:36.919197
92.770842,405,1825,13:10:36.919197
92.772698,1307,1581,13:10:36.919197
92.774554,1314,1339,13:10:36.919197
92.776411,1427,1534,13:10:36.919197
92.778269,1347,1370,13:10:36.919197
92.780125,1273,1399,13:10:36.919197
92.781984,1358,1512,13:10:36.919197
92.783842,1271,1645,13:10:36.919197
92.785698,1192,1463,13:10:36.919197
92.787557,1241,1346,13:10:36.919197
92.789417,1289,1474,13:10:36.919197
92.791273,1371,1638,13:10:36.919197
92.79313,1417,1543,13:10:36.919197
92.794988,1267,1445,13:10:36.919197
92.796845,1226,1315,13:10:36.919197
92.798701,947,1447,13:10:36.919197
92.800559,1293,1523,13:10:36.919197
92.802416,1210,1493,13:10:36.919197
92.804274,1110,1553,13:10:36.919197
92.80615,1272,1661,13:10:36.969429
92.808011,1525,1537,13:10:36.969429
92.809879,1313,1680,13:10:36.969429
92.811785,1263,1342,13:10:36.969429
92.813647,1091,1536,13:10:36.970420
92.815504,1092,1606,13:10:36.970420
92.81736,1219,1524,13:10:36.970420
92.819218,984,1376,13:10:36.970420
92.821075,1362,1345,13:10:36.970420
92.822955,1150,1485,13:10:36.970420
92.824815,1440,1402,13:10:36.970420
92.826672,1394,1312,13:10:36.970420
92.82853,1117,1366,13:10:36.970420
92.830386,1212,1215,13:10:36.970420
92.832243,1086,1498,13:10:36.970420
92.834099,1074,1338,13:10:36.970420
92.83596,1244,1217,13:10:36.970420
92.837816,1142,1524,13:10:36.970420
92.839672,1018,1448,13:10:36.970420
92.841531,1110,1048,13:10:36.970420
92.843387,1147,1503,13:10:36.970420
92.845245,1205,1391,13:10:36.970420
92.847102,1090,1533,13:10:36.970420
92.848962,1386,1394,13:10:36.970420
92.850822,1215,1604,13:10:36.970420
92.852687,1143,1304,13:10:36.970420
92.854543,1311,1557,13:10:36.970420
92.856411,1284,1345,13:10:37.019624
92.858278,1356,1409,13:10:37.019624
92.860169,1208,1580,13:10:37.019624
92.862042,968,1425,13:10:37.019624
92.863905,1293,1640,13:10:37.019624
92.865763,1150,1433,13:10:37.019624
92.867619,1234,1352,13:10:37.019624
92.869478,815,1228,13:10:37.019624
92.871336,1299,1557,13:10:37.019624
92.873198,6,1302,13:10:37.019624
92.875055,1360,1334,13:10:37.019624
92.876919,1333,1461,13:10:37.019624
92.878776,1155,1501,13:10:37.019624
92.880632,1153,1256,13:10:37.019624
92.88249,1219,1208,13:10:37.019624
92.884347,1092,1239,13:10:37.019624
92.886205,1350,1568,13:10:37.019624
92.888061,879,1118,13:10:37.019624
92.889922,1128,1477,13:10:37.019624
92.891778,1238,1279,13:10:37.019624
92.893634,1147,1353,13:10:37.019624
92.895497,1292,1464,13:10:37.019624
92.897353,1126,1474,13:10:37.019624
92.899211,1187,1490,13:10:37.019624
92.901068,1374,1274,13:10:37.019624
92.902924,1470,1403,13:10:37.019624
92.904783,1236,1131,13:10:37.070322
92.906653,1103,1453,13:10:37.070322
92.908513,1101,1280,13:10:37.070322
92.910421,1057,1573,13:10:37.070322
92.912282,1064,1292,13:10:37.070322
92.914144,1146,1456,13:10:37.070322
92.916,1000,1092,13:10:37.070322
92.917859,1011,1413,13:10:37.070322
92.919715,1245,1333,13:10:37.070322
92.921572,1177,1413,13:10:37.070322
92.923458,1031,1346,13:10:37.070322
92.925318,-65,1327,13:10:37.070322
92.927176,1320,1579,13:10:37.070322
92.929033,1064,1311,13:10:37.070322
92.930889,1254,1384,13:10:37.070322
92.932745,1237,1509,13:10:37.070322
92.934605,1248,1363,13:10:37.070322
92.936462,1164,1414,13:10:37.070322
92.938318,1351,1380,13:10:37.070322
92.940177,1116,1402,13:10:37.070322
92.942033,1174,1325,13:10:37.070322
92.94389,1251,1165,13:10:37.070322
92.945746,1036,1090,13:10:37.070322
92.947602,1202,1397,13:10:37.070322
92.949459,1345,1236,13:10:37.070322
92.951315,1141,1319,13:10:37.070322
92.953177,1169,1381,13:10:37.070322
92.955034,1193,1318,13:10:37.120772
92.956905,1052,1258,13:10:37.120772
92.958766,1106,1206,13:10:37.120772
92.960688,1038,1598,13:10:37.120772
92.962547,1104,1314,13:10:37.120772
92.964405,1094,1708,13:10:37.120772
92.966261,775,1122,13:10:37.120772
92.968118,1069,1531,13:10:37.120772
92.969974,1103,1638,13:10:37.120772
92.971834,721,1396,13:10:37.120772
92.973693,1227,1351,13:10:37.120772
92.975552,-1017,1081,13:10:37.120772
92.977416,1081,1205,13:10:37.120772
92.979272,1165,1568,13:10:37.120772
92.981134,1210,1278,13:10:37.120772
92.983036,1244,1280,13:10:37.120772
92.984897,845,1408,13:10:37.120772
92.986755,1158,1433,13:10:37.120772
92.988611,1417,1427,13:10:37.120772
92.990472,1120,1475,13:10:37.120772
92.992328,1075,1452,13:10:37.120772
92.994184,1118,1431,13:10:37.120772
92.996043,1144,1381,13:10:37.120772
92.997899,1186,1263,13:10:37.120772
92.999758,926,1557,13:10:37.120772
93.001614,1044,1423,13:10:37.120772
93.003474,1258,1018,13:10:37.120772
93.005333,1048,1263,13:10:37.175095
93.007199,1188,1223,13:10:37.175095
93.009057,980,1398,13:10:37.175095
93.010965,897,1207,13:10:37.175095
93.012822,1385,1477,13:10:37.175095
93.01468,1373,1532,13:10:37.176097
93.016536,1112,1196,13:10:37.176097
93.018395,1274,1492,13:10:37.176097
93.020251,1075,1416,13:10:37.176097
93.022114,1047,1112,13:10:37.176097
93.02397,1350,1351,13:10:37.176097
93.025827,-796,1224,13:10:37.176097
93.027712,1359,1304,13:10:37.176097
93.029569,1043,1312,13:10:37.176097
93.031431,1170,1358,13:10:37.176097
93.033288,1325,1372,13:10:37.176097
93.035144,1163,1573,13:10:37.176097
93.037002,1148,1370,13:10:37.176097
93.038859,1068,1333,13:10:37.176097
93.040717,1326,1583,13:10:37.176097
93.042573,1136,1326,13:10:37.176097
93.044434,1233,1417,13:10:37.176097
93.046292,959,1338,13:10:37.176097
93.048158,1076,1436,13:10:37.176097
93.050015,1009,1569,13:10:37.176097
93.051873,1130,1510,13:10:37.176097
93.053731,1332,1556,13:10:37.176097
93.055594,1062,1393,13:10:37.226048
93.057458,1211,1467,13:10:37.226048
93.059321,1291,1096,13:10:37.226048
93.061232,959,1131,13:10:37.226048
93.063091,946,1371,13:10:37.226048
93.064947,857,1224,13:10:37.226048
93.066806,989,1242,13:10:37.226048
93.068664,1144,1409,13:10:37.226048
93.07052,1224,1357,13:10:37.226048
93.072381,850,1414,13:10:37.226048
93.074239,815,1499,13:10:37.226048
93.076144,1102,1502,13:10:37.226048
93.078005,-1021,1439,13:10:37.226048
93.07987,1167,1317,13:10:37.226048
93.08173,986,1237,13:10:37.226048
93.083588,1116,1292,13:10:37.226048
93.085445,1238,1454,13:10:37.226048
93.087305,1146,1448,13:10:37.226048
93.089162,1218,1235,13:10:37.226048
93.09102,1199,1306,13:10:37.226048
93.092876,1241,1361,13:10:37.226048
93.094733,890,1504,13:10:37.226048
93.096591,779,1491,13:10:37.226048
93.098452,1170,1557,13:10:37.226048
93.10031,952,1410,13:10:37.226048
93.102166,1286,1464,13:10:37.226048
93.104032,1356,1420,13:10:37.226048
93.105893,1092,1440,13:10:37.283610
93.107756,1148,1353,13:10:37.283610
93.109621,1124,1582,13:10:37.283610
93.111523,625,1211,13:10:37.283610
93.11338,977,1556,13:10:37.283610
93.11524,923,1468,13:10:37.283610
93.117097,883,1314,13:10:37.283610
93.118957,864,1606,13:10:37.283610
93.120813,782,1380,13:10:37.283610
93.12268,893,1350,13:10:37.283610
93.12454,940,1620,13:10:37.283610
93.126395,1166,1447,13:10:37.283610
93.128253,913,1666,13:10:37.283610
93.130109,649,1611,13:10:37.283610
93.131984,914,1479,13:10:37.283610
93.133854,1050,1634,13:10:37.283610
93.13571,1014,1351,13:10:37.283610
93.137568,1309,1683,13:10:37.283610
93.139425,1188,1239,13:10:37.283610
93.141283,1068,1572,13:10:37.283610
93.143139,1122,1480,13:10:37.283610
93.145,1266,1689,13:10:37.283610
93.146858,1227,1181,13:10:37.283610
93.148724,1414,1472,13:10:37.283610
93.150581,1026,1399,13:10:37.283610
93.152437,878,1672,13:10:37.283610
93.154295,1055,1276,13:10:37.283610
93.156162,1183,1592,13:10:37.327080
93.158022,1053,1735,13:10:37.327080
93.1599,1396,1518,13:10:37.327080
93.161783,809,1619,13:10:37.327080
93.163647,1094,1455,13:10:37.327080
93.165505,1160,1402,13:10:37.327080
93.167362,1078,1305,13:10:37.327080
93.169222,827,1667,13:10:37.327080
93.171078,1051,1617,13:10:37.327080
93.172937,847,1282,13:10:37.327080
93.174795,1000,1564,13:10:37.327080
93.176653,1052,1574,13:10:37.327080
93.178542,1036,1506,13:10:37.327080
93.180406,931,1346,13:10:37.327080
93.182266,994,1504,13:10:37.327080
93.184123,715,1085,13:10:37.327080
93.185981,1180,1496,13:10:37.327080
93.187839,-670,1781,13:10:37.327080
93.189696,1117,1280,13:10:37.327080
93.191554,1192,1434,13:10:37.327080
93.193411,1015,1680,13:10:37.327080
93.195273,1185,1405,13:10:37.327080
93.197129,1121,1344,13:10:37.327080
93.198986,920,1633,13:10:37.327080
93.200846,1044,1497,13:10:37.327080
93.202702,1147,1686,13:10:37.327080
93.204561,1053,1446,13:10:37.327080
93.206431,1176,1604,13:10:37.384169
93.208291,982,1473,13:10:37.384169
93.210191,1403,1418,13:10:37.384169
93.21206,1376,1729,13:10:37.384169
93.213922,1217,1661,13:10:37.384169
93.215784,1159,1435,13:10:37.384169
93.217642,1094,1459,13:10:37.384169
93.219503,985,1670,13:10:37.384169
93.22136,701,1698,13:10:37.384169
93.223218,851,1616,13:10:37.384169
93.225074,815,1702,13:10:37.384169
93.226931,462,1590,13:10:37.384169
93.228789,901,1502,13:10:37.384169
93.230651,1206,1480,13:10:37.384169
93.232519,600,1583,13:10:37.384169
93.234408,1032,1456,13:10:37.384169
93.236264,1205,1562,13:10:37.384169
93.238121,845,1605,13:10:37.384169
93.23998,1024,1637,13:10:37.384169
93.241839,1137,1552,13:10:37.384169
93.243696,1016,1624,13:10:37.384169
93.245556,1061,1697,13:10:37.384169
93.247412,839,1647,13:10:37.384169
93.249269,1090,1441,13:10:37.384169
93.251127,971,1471,13:10:37.384169
93.252983,1069,1618,13:10:37.384169
93.254842,1155,1626,13:10:37.430479
93.256708,1053,1715,13:10:37.430479
93.258568,813,1622,13:10:37.430479
93.260482,1194,1599,13:10:37.430479
93.262343,1055,1404,13:10:37.430479
93.264205,942,1431,13:10:37.430479
93.266061,881,1760,13:10:37.430479
93.267918,1077,1547,13:10:37.430479
93.269776,1105,1400,13:10:37.430479
93.271635,697,1451,13:10:37.430479
93.273493,961,1757,13:10:37.430479
93.275351,599,1637,13:10:37.430479
93.277208,757,1536,13:10:37.430479
93.279068,1045,1703,13:10:37.430479
93.280934,1074,1636,13:10:37.430479
93.282793,1301,1666,13:10:37.430479
93.284649,1160,1871,13:10:37.430479
93.286515,1072,1449,13:10:37.430479
93.288374,974,1524,13:10:37.430479
93.290231,831,1632,13:10:37.430479
93.292088,981,1421,13:10:37.430479
93.293945,820,1805,13:10:37.430479
93.295805,1026,1443,13:10:37.430479
93.297662,1063,1602,13:10:37.430479
93.299518,1133,1597,13:10:37.430479
93.301378,1114,1635,13:10:37.430479
93.303236,985,1712,13:10:37.430479
93.305093,1256,1776,13:10:37.479680
93.306979,1047,1540,13:10:37.479680
93.30884,1251,1636,13:10:37.479680
93.310732,1133,1760,13:10:37.479680
93.31259,1291,1428,13:10:37.479680
93.314449,1039,1404,13:10:37.479680
93.316307,1004,1721,13:10:37.479680
93.318163,1045,1512,13:10:37.479680
93.320021,627,1801,13:10:37.479680
93.321884,654,1490,13:10:37.479680
93.32374,636,1866,13:10:37.479680
93.325597,1033,1615,13:10:37.479680
93.327455,1360,1363,13:10:37.479680
93.329311,836,1740,13:10:37.479680
93.331168,1260,1614,13:10:37.479680
93.333044,672,1607,13:10:37.479680
93.334914,902,1530,13:10:37.479680
93.336775,1139,1715,13:10:37.479680
93.338631,1321,1197,13:10:37.479680
93.340487,1080,1640,13:10:37.479680
93.342346,1098,1691,13:10:37.479680
93.344204,752,1341,13:10:37.479680
93.346062,1098,1541,13:10:37.479680
93.347919,1262,1586,13:10:37.479680
93.349779,1366,1906,13:10:37.479680
93.351635,1542,1798,13:10:37.479680
93.353492,1158,1799,13:10:37.479680
93.35535,891,1456,13:10:37.531256
93.357218,1099,1435,13:10:37.531256
93.359079,1164,1474,13:10:37.531256
93.360979,874,1496,13:10:37.531256
93.362843,1091,1689,13:10:37.531256
93.3647,1139,1738,13:10:37.531256
93.366556,922,1689,13:10:37.531256
93.368414,1031,1775,13:10:37.531256
93.370271,1205,1403,13:10:37.531256
93.372127,1269,1635,13:10:37.531256
93.373985,858,1765,13:10:37.531256
93.375844,689,1599,13:10:37.531256
93.3777,1092,1591,13:10:37.531256
93.379556,1203,1333,13:10:37.531256
93.381425,742,1549,13:10:37.531256
93.383286,823,2029,13:10:37.531256
93.385169,-211,1743,13:10:37.531256
93.387028,1079,1632,13:10:37.531256
93.388888,1048,1357,13:10:37.533242
93.390746,1212,1495,13:10:37.533242
93.392603,1154,1732,13:10:37.533242
93.394459,1098,1478,13:10:37.533242
93.396317,1001,1613,13:10:37.533242
93.398174,1115,1615,13:10:37.533242
93.400032,1080,1802,13:10:37.533242
93.401888,1380,1688,13:10:37.533242
93.403745,959,1695,13:10:37.533242
93.405603,1335,1625,13:10:37.581065
93.40747,1147,1598,13:10:37.584069
93.409331,1056,1497,13:10:37.584069
93.411254,789,1400,13:10:37.584069
93.413113,1017,1672,13:10:37.584069
93.414974,977,1404,13:10:37.584069
93.416833,1114,1650,13:10:37.584069
93.418691,1000,1611,13:10:37.584069
93.420548,1209,1448,13:10:37.584069
93.422404,989,1827,13:10:37.584069
93.424262,1139,1430,13:10:37.584069
93.426122,1184,1577,13:10:37.584069
93.427981,1118,1774,13:10:37.584069
93.429837,811,1496,13:10:37.584069
93.4317,1018,1709,13:10:37.584069
93.433556,1027,1577,13:10:37.584069
93.435413,875,1493,13:10:37.584069
93.437274,1079,1715,13:10:37.584069
93.439175,1059,1867,13:10:37.584069
93.441037,1105,1636,13:10:37.584069
93.442896,1135,1493,13:10:37.584069
93.444761,1355,1834,13:10:37.584069
93.446618,1133,1481,13:10:37.584069
93.448475,1066,1594,13:10:37.584069
93.450333,935,1619,13:10:37.584069
93.452189,837,1720,13:10:37.584069
93.454046,1117,1699,13:10:37.584069
93.455914,1235,1630,13:10:37.635597
93.457776,1165,1413,13:10:37.635597
93.459638,1268,1662,13:10:37.635597
93.461543,1027,1833,13:10:37.635597
93.463409,1020,1438,13:10:37.635597
93.465267,1476,1549,13:10:37.635597
93.467124,1011,1650,13:10:37.635597
93.468982,881,1800,13:10:37.635597
93.470839,1004,1560,13:10:37.635597
93.472699,1042,1732,13:10:37.635597
93.474557,1033,1872,13:10:37.635597
93.476414,1029,1617,13:10:37.635597
93.478272,901,1567,13:10:37.635597
93.480128,952,1833,13:10:37.635597
93.481987,453,1679,13:10:37.635597
93.483846,1050,1470,13:10:37.635597
93.485707,938,1837,13:10:37.635597
93.48757,790,1773,13:10:37.635597
93.489426,1097,1458,13:10:37.635597
93.491284,1363,1718,13:10:37.635597
93.493141,886,1665,13:10:37.635597
93.494997,1175,1611,13:10:37.635597
93.496855,1096,1625,13:10:37.635597
93.498716,1157,1275,13:10:37.635597
93.500574,1188,1769,13:10:37.635597
93.50243,997,1688,13:10:37.635597
93.504291,1019,1796,13:10:37.637094
93.506167,1059,1489,13:10:37.682898
93.508029,899,1536,13:10:37.682898
93.509906,1278,1651,13:10:37.682898
93.5118,988,1467,13:10:37.682898
93.513656,1255,1858,13:10:37.682898
93.515514,1011,1644,13:10:37.682898
93.517371,1190,1490,13:10:37.682898
93.519229,575,1754,13:10:37.682898
93.521087,988,1694,13:10:37.682898
93.522946,606,1549,13:10:37.682898
93.524804,1247,1755,13:10:37.682898
93.526661,572,1736,13:10:37.682898
93.528519,1147,1947,13:10:37.682898
93.530379,758,1621,13:10:37.682898
93.53224,813,1543,13:10:37.682898
93.534096,929,1672,13:10:37.682898
93.535952,1073,1592,13:10:37.682898
93.537811,1139,1734,13:10:37.683891
93.539691,336,1874,13:10:37.683891
93.541555,966,1958,13:10:37.683891
93.543411,1110,1709,13:10:37.683891
93.545268,902,1503,13:10:37.683891
93.547126,1040,1768,13:10:37.683891
93.54899,1294,1719,13:10:37.683891
93.550847,1065,1814,13:10:37.683891
93.552703,1224,1679,13:10:37.683891
93.554562,1221,1654,13:10:37.683891
93.55643,1165,1955,13:10:37.739039
93.55829,1289,1529,13:10:37.739039
93.560184,1359,1752,13:10:37.739039
93.562061,1073,1670,13:10:37.739039
93.563917,1008,1547,13:10:37.739039
93.565773,989,1858,13:10:37.739039
93.567638,1151,1720,13:10:37.739039
93.569494,1140,1605,13:10:37.739039
93.571351,698,1838,13:10:37.739039
93.573211,888,1586,13:10:37.739039
93.575067,1225,1692,13:10:37.739039
93.576926,902,1769,13:10:37.739039
93.578784,897,1553,13:10:37.739039
93.58064,807,1559,13:10:37.739039
93.582499,1008,1501,13:10:37.739039
93.584355,1080,1923,13:10:37.739039
93.586219,721,1706,13:10:37.739039
93.588079,-523,1534,13:10:37.739039
93.589972,1392,1618,13:10:37.739039
93.59183,1327,1832,13:10:37.739039
93.593689,1036,1746,13:10:37.739039
93.595549,1269,1740,13:10:37.739039
93.597405,1131,1594,13:10:37.739039
93.599261,1319,1738,13:10:37.739039
93.601124,812,1767,13:10:37.739039
93.60298,1213,1661,13:10:37.739039
93.604839,1171,1582,13:10:37.788135
93.606703,1232,1548,13:10:37.788135
93.608563,1125,1779,13:10:37.788135
93.610471,1266,1919,13:10:37.788135
93.612328,1411,1726,13:10:37.788135
93.61419,1398,2040,13:10:37.788135
93.616046,1494,2136,13:10:37.788135
93.617903,1341,2401,13:10:37.788135
93.619761,2326,2646,13:10:37.788135
93.621618,2262,2421,13:10:37.788135
93.623476,2379,2916,13:10:37.788135
93.625332,1891,2802,13:10:37.788135
93.627189,3038,2862,13:10:37.788135
93.629047,2921,3043,13:10:37.788135
93.630908,3404,3248,13:10:37.788135
93.632766,2846,3276,13:10:37.788135
93.634622,3354,3413,13:10:37.788135
93.63648,3668,3585,13:10:37.788135
93.638337,3710,3514,13:10:37.788135
93.640193,4022,3654,13:10:37.788135
93.642049,4133,4006,13:10:37.788135
93.64391,3677,4015,13:10:37.788135
93.645768,4636,3804,13:10:37.788135
93.647624,4143,4013,13:10:37.788135
93.649485,4409,4124,13:10:37.788135
93.651341,4474,3970,13:10:37.788135
93.653198,3849,3632,13:10:37.788135
93.655056,3928,3846,13:10:37.837340
93.656934,4261,3867,13:10:37.837340
93.658794,4138,3480,13:10:37.837340
93.660711,3420,3545,13:10:37.837340
93.662567,3796,3606,13:10:37.837340
93.664429,3793,3310,13:10:37.837340
93.666286,3100,3204,13:10:37.837340
93.668144,3475,3329,13:10:37.837340
93.67,3430,3040,13:10:37.837340
93.671857,2841,3022,13:10:37.837340
93.673717,2894,2980,13:10:37.837340
93.675573,3509,3192,13:10:37.837340
93.677432,2788,2925,13:10:37.837340
93.679288,2738,2708,13:10:37.838350
93.681144,2853,2632,13:10:37.838350
93.683003,2486,2674,13:10:37.838350
93.684863,1391,2371,13:10:37.838350
93.686722,1464,2416,13:10:37.838350
93.688582,2374,2758,13:10:37.838350
93.690473,2122,2506,13:10:37.838350
93.692338,70,2053,13:10:37.838350
93.694197,1859,2266,13:10:37.838350
93.696055,2207,2032,13:10:37.838350
93.697911,1702,1674,13:10:37.838350
93.699768,1721,2159,13:10:37.838350
93.701624,1856,2113,13:10:37.838350
93.703481,1238,1882,13:10:37.838350
93.705339,1536,1578,13:10:37.856340
93.707205,1856,2071,13:10:37.856340
93.709066,1297,1706,13:10:37.856340
93.710974,1220,2102,13:10:37.856340
93.71283,1450,2105,13:10:37.856340
93.714689,1594,1981,13:10:37.856340
93.716549,956,1789,13:10:37.856340
93.718411,1388,1852,13:10:37.856340
93.720267,1289,1858,13:10:37.856340
93.722124,1366,1699,13:10:37.856340
93.723984,880,1703,13:10:37.856340
93.725843,1120,1808,13:10:37.856340
93.727701,1146,1630,13:10:37.856340
93.729557,1398,1854,13:10:37.856340
93.731418,1466,2143,13:10:37.856340
93.733276,1202,2097,13:10:37.856340
93.735137,1379,1794,13:10:37.856340
93.736995,864,2159,13:10:37.856340
93.738851,1495,1992,13:10:37.856340
93.740709,1815,2027,13:10:37.856340
93.742591,733,1628,13:10:37.856340
93.744463,1641,1968,13:10:37.856340
93.74632,1722,1862,13:10:37.856340
93.748177,1508,1874,13:10:37.856340
93.750035,1574,2209,13:10:37.856340
93.751891,1887,2237,13:10:37.856340
93.753748,2050,2122,13:10:37.856340
93.75561,1700,1844,13:10:37.909015
93.757472,2309,2078,13:10:37.909015
93.759335,1984,2269,13:10:37.909015
93.761249,2061,2197,13:10:37.909015
93.763109,2380,2423,13:10:37.909015
93.764966,2166,2378,13:10:37.909015
93.766822,2253,2262,13:10:37.909015
93.76868,2406,2221,13:10:37.909015
93.770537,2320,2412,13:10:37.909015
93.772393,2371,2330,13:10:37.909015
93.774251,2183,2298,13:10:37.909015
93.776108,2357,2668,13:10:37.909015
93.777966,2415,2514,13:10:37.909015
93.779824,2155,2324,13:10:37.909015
93.781687,2252,2510,13:10:37.909015
93.783543,2402,2833,13:10:37.909015
93.7854,2179,2442,13:10:37.909015
93.787258,2140,2557,13:10:37.909015
93.789114,2346,2394,13:10:37.909015
93.790977,2322,2423,13:10:37.909015
93.792852,2092,2303,13:10:37.909015
93.794711,2196,2469,13:10:37.909015
93.796574,2226,2294,13:10:37.909015
93.798458,2085,2227,13:10:37.909015
93.800316,2039,2355,13:10:37.909015
93.802173,2267,2014,13:10:37.909015
93.804029,1830,2120,13:10:37.909015
93.805889,1869,2020,13:10:37.955531
93.807754,1967,2012,13:10:37.957540
93.809616,2000,2050,13:10:37.957540
93.811518,1451,2032,13:10:37.957540
93.813379,1567,1954,13:10:37.957540
93.815241,1838,1809,13:10:37.957540
93.817097,1394,1784,13:10:37.957540
93.818956,1348,1876,13:10:37.957540
93.820812,1384,1818,13:10:37.957540
93.822668,1777,1542,13:10:37.957540
93.824527,1365,1646,13:10:37.957540
93.826388,1546,1948,13:10:37.957540
93.828247,1549,1559,13:10:37.957540
93.830104,1206,1600,13:10:37.957540
93.83197,1413,1583,13:10:37.957540
93.833826,1433,1710,13:10:37.957540
93.835683,1310,1408,13:10:37.957540
93.837541,1271,1585,13:10:37.957540
93.839398,1471,1720,13:10:37.957540
93.841254,1560,1452,13:10:37.957540
93.84311,1195,1525,13:10:37.957540
93.844967,1373,1628,13:10:37.957540
93.846825,1234,1671,13:10:37.957540
93.84869,1249,1421,13:10:37.957540
93.850548,1393,1631,13:10:37.957540
93.852404,1354,1677,13:10:37.957540
93.854262,1277,1496,13:10:37.957540
93.856121,1256,1627,13:10:38.005540
93.857991,1063,1643,13:10:38.005540
93.859857,1417,1429,13:10:38.005540
93.861793,1168,1487,13:10:38.005540
93.863688,1338,1679,13:10:38.005540
93.86555,1243,1656,13:10:38.005540
93.867406,959,1418,13:10:38.005540
93.869265,1379,1706,13:10:38.005540
93.871121,1463,1493,13:10:38.005540
93.872978,1389,1527,13:10:38.005540
93.874836,1173,1682,13:10:38.005540
93.876692,1326,1621,13:10:38.005540
93.878551,1544,1608,13:10:38.005540
93.880407,1205,1538,13:10:38.005540
93.882263,1254,1685,13:10:38.005540
93.88412,1073,1519,13:10:38.005540
93.885986,1064,1706,13:10:38.005540
93.887844,1023,1517,13:10:38.005540
93.889701,1181,1837,13:10:38.005540
93.891559,1491,1339,13:10:38.005540
93.893419,1210,1413,13:10:38.005540
93.895276,1357,1532,13:10:38.005540
93.897134,1307,1750,13:10:38.005540
93.89899,1273,1480,13:10:38.005540
93.900849,1250,1456,13:10:38.005540
93.902705,1075,1828,13:10:38.005540
93.904564,1330,1675,13:10:38.005540
93.90643,1370,1456,13:10:38.054984
93.908296,1735,1463,13:10:38.054984
93.910204,1460,1550,13:10:38.054984
93.912069,1494,1568,13:10:38.055973
93.913925,1295,1655,13:10:38.055973
93.915785,1484,1512,13:10:38.055973
93.917642,1390,1509,13:10:38.055973
93.9195,1238,1503,13:10:38.055973
93.921356,1369,1384,13:10:38.055973
93.923213,1357,1915,13:10:38.055973
93.925069,1114,1406,13:10:38.055973
93.926926,1486,1407,13:10:38.055973
93.928784,1234,1336,13:10:38.055973
93.93064,1430,1626,13:10:38.055973
93.932499,1324,1486,13:10:38.055973
93.934355,1677,1512,13:10:38.055973
93.936211,1220,1595,13:10:38.055973
93.938068,1285,1509,13:10:38.055973
93.939932,1547,1492,13:10:38.055973
93.941788,1325,1501,13:10:38.055973
93.943645,1362,1577,13:10:38.055973
93.945503,1344,1365,13:10:38.055973
93.947359,1330,1557,13:10:38.055973
93.949216,1325,1407,13:10:38.055973
93.951076,1263,1328,13:10:38.055973
93.952956,1343,1420,13:10:38.055973
93.954817,1346,1329,13:10:38.107254
93.956679,1318,1615,13:10:38.107254
93.95854,1254,1714,13:10:38.107254
93.960451,1547,1793,13:10:38.107254
93.962314,1340,1399,13:10:38.107254
93.964172,1175,1614,13:10:38.107254
93.966029,1292,1571,13:10:38.107254
93.967885,1157,1519,13:10:38.107254
93.969743,1354,1286,13:10:38.107254
93.9716,1332,1376,13:10:38.107254
93.973458,1310,1343,13:10:38.107254
93.975314,1363,1401,13:10:38.107254
93.977171,1251,1378,13:10:38.107254
93.979029,1527,1467,13:10:38.107254
93.980891,1358,1406,13:10:38.107254
93.982748,1333,1591,13:10:38.107254
93.984606,1251,1620,13:10:38.107254
93.986465,1590,1571,13:10:38.107254
93.988321,1111,1731,13:10:38.107254
93.990177,1274,1549,13:10:38.107254
93.992036,1452,1613,13:10:38.107254
93.993892,1387,1603,13:10:38.107254
93.995752,1388,1573,13:10:38.107254
93.997609,1374,1573,13:10:38.107254
93.999469,1535,1471,13:10:38.107254
94.001325,1230,1478,13:10:38.107254
94.003184,1399,1562,13:10:38.107254
94.005042,1429,1464,13:10:38.155353
94.00692,1213,1396,13:10:38.155353
94.008783,1512,1479,13:10:38.155353
94.010673,1236,1395,13:10:38.155353
94.012553,1423,1418,13:10:38.155353
94.014412,1253,1720,13:10:38.155353
94.016268,1540,1539,13:10:38.157579
94.018126,1393,1505,13:10:38.157579
94.019983,1274,1282,13:10:38.158598
94.02184,1179,1617,13:10:38.158598
94.023701,1276,1534,13:10:38.158598
94.025558,1448,1554,13:10:38.158598
94.027418,1769,1470,13:10:38.158598
94.029274,1409,1452,13:10:38.158598
94.031131,1488,1408,13:10:38.158598
94.032989,1706,1506,13:10:38.158598
94.034846,1481,1536,13:10:38.158598
94.036704,1207,1485,13:10:38.158598
94.03856,1415,1312,13:10:38.158598
94.040421,1441,1384,13:10:38.158598
94.042277,1220,1412,13:10:38.158598
94.044133,1170,1413,13:10:38.158598
94.045992,1315,1632,13:10:38.158598
94.047848,1183,1591,13:10:38.158598
94.049706,1382,1437,13:10:38.158598
94.051563,1356,1644,13:10:38.158598
94.053423,1215,1485,13:10:38.158598
94.055281,1263,1420,13:10:38.206047
94.057148,1229,1541,13:10:38.206047
94.059008,1456,1309,13:10:38.206047
94.060902,1006,1552,13:10:38.206047
94.062761,1287,1378,13:10:38.206047
94.064619,1431,1256,13:10:38.206047
94.066476,1237,1434,13:10:38.206047
94.068334,1452,1703,13:10:38.206047
94.07019,1523,1531,13:10:38.206047
94.072054,1337,1109,13:10:38.206047
94.073911,1398,1370,13:10:38.206047
94.075767,1402,1431,13:10:38.206047
94.077625,1499,1522,13:10:38.206047
94.079482,1478,1418,13:10:38.206047
94.08134,1482,1541,13:10:38.206047
94.083197,1491,1566,13:10:38.206047
94.085059,1183,1488,13:10:38.206047
94.086915,1382,1604,13:10:38.206047
94.088773,1140,1516,13:10:38.206047
94.090634,1293,1574,13:10:38.206047
94.09249,1332,1429,13:10:38.206047
94.094349,1595,1283,13:10:38.206047
94.096205,1302,1455,13:10:38.206047
94.098065,1269,1309,13:10:38.206047
94.099924,1422,1391,13:10:38.206047
94.101782,1312,1595,13:10:38.207048
94.103641,1377,1553,13:10:38.207048
94.105501,1374,1331,13:10:38.255722
94.107371,1300,1539,13:10:38.255722
94.109232,1326,1375,13:10:38.255722
94.111166,1517,1487,13:10:38.255722
94.113022,1484,1721,13:10:38.255722
94.114878,1468,1522,13:10:38.255722
94.116735,1254,1523,13:10:38.255722
94.118593,1235,1373,13:10:38.255722
94.120449,1372,1284,13:10:38.255722
94.122306,1469,1605,13:10:38.255722
94.124162,1458,1585,13:10:38.255722
94.126019,1331,1389,13:10:38.255722
94.127875,1336,1197,13:10:38.255722
94.129732,1379,1343,13:10:38.255722
94.131592,1374,1385,13:10:38.255722
94.133449,1321,1485,13:10:38.255722
94.135308,1417,1427,13:10:38.255722
94.137165,1333,1285,13:10:38.255722
94.139021,1326,1501,13:10:38.255722
94.140879,1334,1476,13:10:38.255722
94.142738,1338,1423,13:10:38.255722
94.144596,1396,1381,13:10:38.255722
94.146453,1435,1260,13:10:38.255722
94.148313,1405,1645,13:10:38.255722
94.150169,1491,1379,13:10:38.255722
94.152026,1458,1320,13:10:38.255722
94.153888,1360,1464,13:10:38.255722
94.155768,1219,1442,13:10:38.305248
94.157635,1314,1322,13:10:38.305248
94.159497,1377,1516,13:10:38.305248
94.161411,1325,1479,13:10:38.305248
94.163269,1274,1830,13:10:38.305248
94.165126,1372,1521,13:10:38.305248
94.166982,1296,1621,13:10:38.305248
94.168842,1164,1939,13:10:38.305248
94.170701,1419,1490,13:10:38.305248
94.172557,1566,1654,13:10:38.305248
94.174413,1350,1587,13:10:38.305248
94.176272,1198,1388,13:10:38.305248
94.178128,1194,1623,13:10:38.305248
94.179985,1420,1238,13:10:38.305248
94.181845,1360,1554,13:10:38.305248
94.183701,1605,1354,13:10:38.305248
94.185558,1361,1535,13:10:38.305248
94.187414,1233,1584,13:10:38.305248
94.189278,1686,1658,13:10:38.305248
94.191135,1420,1557,13:10:38.305248
94.192991,1463,1369,13:10:38.305248
94.194849,1254,1512,13:10:38.305248
94.196706,1268,1364,13:10:38.305248
94.198564,1288,1574,13:10:38.305248
94.200422,1539,1318,13:10:38.305248
94.202279,1556,1563,13:10:38.305248
94.204135,1478,1454,13:10:38.305248
94.206008,1396,1527,13:10:38.357233
94.207868,1329,1378,13:10:38.357233
94.209732,1491,1803,13:10:38.357233
94.211649,1261,1337,13:10:38.357233
94.213519,1375,1443,13:10:38.357233
94.215379,1318,1472,13:10:38.357233
94.217243,1274,1358,13:10:38.357233
94.2191,1355,1704,13:10:38.357233
94.220956,1419,1285,13:10:38.357233
94.222814,1436,1322,13:10:38.357233
94.224671,1453,1615,13:10:38.357233
94.226529,1437,1322,13:10:38.357233
94.228385,1224,1697,13:10:38.357233
94.230246,1377,1239,13:10:38.357233
94.232104,1403,1421,13:10:38.357233
94.233963,1306,1384,13:10:38.357233
94.235825,1624,1633,13:10:38.357233
94.237681,1404,1532,13:10:38.357233
94.239541,1517,1748,13:10:38.357233
94.241398,1627,1605,13:10:38.357233
94.243254,1404,1522,13:10:38.357233
94.245112,1386,1253,13:10:38.357233
94.246969,1513,1405,13:10:38.357233
94.248827,1186,1456,13:10:38.357233
94.250684,1224,1492,13:10:38.357233
94.252548,1428,1419,13:10:38.357233
94.254404,1387,1507,13:10:38.357233
94.256273,1545,1604,13:10:38.407086
94.258135,1250,1444,13:10:38.407086
94.260009,1556,1933,13:10:38.407086
94.261893,1366,1658,13:10:38.407086
94.263752,1562,1352,13:10:38.407086
94.265608,1363,1387,13:10:38.407086
94.267465,1138,1163,13:10:38.407086
94.269321,1562,1582,13:10:38.407086
94.271179,1668,1447,13:10:38.407086
94.273036,1438,1275,13:10:38.407086
94.274892,1352,1584,13:10:38.407086
94.27675,1409,1776,13:10:38.407086
94.278607,1531,1226,13:10:38.407086
94.280463,1458,1575,13:10:38.407086
94.282319,1519,1502,13:10:38.407086
94.284184,1382,1340,13:10:38.407086
94.28604,1411,1321,13:10:38.407086
94.287896,1284,1565,13:10:38.407086
94.289755,1451,1532,13:10:38.407086
94.291611,1280,1366,13:10:38.407086
94.293469,1638,1576,13:10:38.407086
94.295326,1349,1719,13:10:38.407086
94.297182,1304,1702,13:10:38.407086
94.299039,1242,1279,13:10:38.407086
94.300904,1309,1258,13:10:38.407086
94.302763,1417,1349,13:10:38.407086
94.30462,1357,1383,13:10:38.455982
94.30648,1450,1397,13:10:38.455982
94.30834,1681,1400,13:10:38.455982
94.310232,1447,1531,13:10:38.455982
94.312121,1152,1464,13:10:38.455982
94.313991,1277,1627,13:10:38.455982
94.315847,1369,1379,13:10:38.455982
94.317706,1274,1470,13:10:38.455982
94.319562,1226,1536,13:10:38.455982
94.321418,1382,1478,13:10:38.455982
94.323275,1384,1520,13:10:38.455982
94.325137,1507,1600,13:10:38.455982
94.326994,1451,1590,13:10:38.455982
94.32885,1612,1209,13:10:38.455982
94.33071,1470,1445,13:10:38.455982
94.332567,1362,1385,13:10:38.455982
94.334423,975,1693,13:10:38.455982
94.336279,1343,1266,13:10:38.455982
94.338138,1335,1349,13:10:38.455982
94.339996,1021,1478,13:10:38.455982
94.341863,1616,1516,13:10:38.455982
94.343721,1643,1468,13:10:38.455982
94.345577,1465,1808,13:10:38.455982
94.347436,1313,1640,13:10:38.455982
94.349292,1349,1477,13:10:38.455982
94.351148,1197,1166,13:10:38.455982
94.353007,1439,1578,13:10:38.455982
94.354865,1107,1260,13:10:38.508845
94.356743,1104,1393,13:10:38.508845
94.358604,1388,1572,13:10:38.508845
94.360505,1358,1745,13:10:38.509352
94.362396,1357,1637,13:10:38.509352
94.364252,1567,1383,13:10:38.509352
94.366111,1209,1802,13:10:38.509352
94.367969,1508,1556,13:10:38.509352
94.369835,1379,1736,13:10:38.509352
94.371692,1322,1378,13:10:38.509352
94.373548,1107,1610,13:10:38.509352
94.375407,1197,1717,13:10:38.509352
94.377263,1477,1258,13:10:38.509352
94.379119,1358,1511,13:10:38.509352
94.380976,1390,1474,13:10:38.509352
94.382834,1114,1479,13:10:38.509352
94.38469,1233,1365,13:10:38.509352
94.386547,1495,1477,13:10:38.509352
94.388413,1458,1262,13:10:38.509352
94.390269,1234,1486,13:10:38.509352
94.392126,1396,1408,13:10:38.509352
94.393984,1401,1560,13:10:38.509352
94.395841,1323,1610,13:10:38.509352
94.397697,1368,1661,13:10:38.509352
94.399553,1419,1499,13:10:38.509352
94.401414,1393,1891,13:10:38.509352
94.403272,992,1470,13:10:38.509352
94.405134,1350,1442,13:10:38.555604
94.406997,1348,1459,13:10:38.555604
94.408857,1403,1341,13:10:38.555604
94.410757,1270,1486,13:10:38.555604
94.412616,1457,1551,13:10:38.555604
94.41448,1219,1536,13:10:38.555604
94.416358,1607,1529,13:10:38.555604
94.418215,1351,1594,13:10:38.555604
94.420071,1556,1445,13:10:38.555604
94.421929,1679,1516,13:10:38.555604
94.423789,1373,1531,13:10:38.555604
94.425648,1240,1350,13:10:38.555604
94.427504,1086,1219,13:10:38.555604
94.429365,1328,1203,13:10:38.555604
94.431221,1073,1496,13:10:38.555604
94.433077,1414,1603,13:10:38.555604
94.434936,1455,1496,13:10:38.555604
94.436794,1194,1631,13:10:38.555604
94.438652,1412,1823,13:10:38.555604
94.440509,1625,1415,13:10:38.555604
94.442367,1377,1518,13:10:38.555604
94.444225,1299,1578,13:10:38.555604
94.446082,1396,1434,13:10:38.555604
94.447942,1342,1683,13:10:38.555604
94.449802,1279,1425,13:10:38.555604
94.451661,1483,1394,13:10:38.555604
94.453517,1493,1429,13:10:38.555604
94.455378,1541,1614,13:10:38.615533
94.457244,1539,1335,13:10:38.615533
94.459104,1398,1580,13:10:38.615533
94.461006,1221,1250,13:10:38.615533
94.462865,1223,1383,13:10:38.615533
94.464721,1201,1387,13:10:38.615533
94.466581,1256,1413,13:10:38.615533
94.468438,1451,1452,13:10:38.615533
94.470296,1203,1420,13:10:38.615533
94.472152,1405,1483,13:10:38.615533
94.474009,1277,1465,13:10:38.615533
94.475869,1247,1561,13:10:38.615533
94.477727,1230,1575,13:10:38.615533
94.479584,1338,1579,13:10:38.615533
94.48144,1270,1808,13:10:38.615533
94.483298,1330,1486,13:10:38.615533
94.485155,1430,1311,13:10:38.615533
94.487011,1453,1551,13:10:38.615533
94.488871,1507,1434,13:10:38.615533
94.490728,1419,1489,13:10:38.615533
94.492586,1367,1242,13:10:38.615533
94.494442,1126,1348,13:10:38.615533
94.496305,1321,1513,13:10:38.615533
94.498161,1245,1609,13:10:38.615533
94.500018,1440,1483,13:10:38.615533
94.501876,1428,1460,13:10:38.615533
94.503732,1402,1344,13:10:38.615533
94.505593,1411,1635,13:10:38.656697
94.507455,1299,1553,13:10:38.656697
94.509315,1446,1755,13:10:38.656697
94.511255,1512,1589,13:10:38.656697
94.513112,1311,1489,13:10:38.656697
94.51497,1260,1316,13:10:38.656697
94.516826,1353,1475,13:10:38.656697
94.518687,1379,1479,13:10:38.657683
94.520543,1230,1460,13:10:38.657683
94.522399,1174,1903,13:10:38.657683
94.524258,1493,1676,13:10:38.657683
94.526114,1514,1381,13:10:38.657683
94.527971,1296,1532,13:10:38.657683
94.529827,1327,1724,13:10:38.657683
94.531683,1361,1495,13:10:38.657683
94.53354,1120,1309,13:10:38.657683
94.535396,1191,1317,13:10:38.658683
94.537258,1627,1511,13:10:38.658683
94.539115,1469,1368,13:10:38.658683
94.540971,1294,1391,13:10:38.658683
94.542833,1148,1556,13:10:38.658683
94.54469,1347,1541,13:10:38.658683
94.546548,1597,1657,13:10:38.658683
94.548404,1207,1470,13:10:38.658683
94.550261,1315,1662,13:10:38.658683
94.552117,1219,1171,13:10:38.658683
94.553974,1514,1507,13:10:38.658683
94.555838,1261,1542,13:10:38.706607
94.5577,1399,1509,13:10:38.706607
94.559567,1494,1418,13:10:38.706607
94.561474,1033,1578,13:10:38.706607
94.563349,1551,1559,13:10:38.706607
94.565207,1303,1501,13:10:38.706607
94.567064,1298,1527,13:10:38.706607
94.56892,1179,1340,13:10:38.706607
94.570778,1284,1453,13:10:38.706607
94.572641,1291,1635,13:10:38.706607
94.574499,1195,1614,13:10:38.706607
94.576355,1150,1503,13:10:38.706607
94.578216,1267,1388,13:10:38.706607
94.580072,1135,1440,13:10:38.706607
94.581928,1242,1382,13:10:38.706607
94.583787,1556,1464,13:10:38.706607
94.585643,1490,1440,13:10:38.706607
94.587501,1299,1469,13:10:38.706607
94.589358,1525,1513,13:10:38.706607
94.591218,1439,1695,13:10:38.706607
94.593076,1517,1457,13:10:38.706607
94.594933,1164,1673,13:10:38.706607
94.596793,1377,1573,13:10:38.706607
94.598649,1478,1533,13:10:38.706607
94.600508,1149,1435,13:10:38.706607
94.602364,1393,1379,13:10:38.706607
94.604221,1568,1583,13:10:38.706607
94.606089,1364,1481,13:10:38.759862
94.607949,1574,1535,13:10:38.759862
94.609818,1191,1468,13:10:38.759862
94.611738,1354,1467,13:10:38.759862
94.6136,1499,1417,13:10:38.759862
94.615458,1500,1667,13:10:38.759862
94.617315,1413,1457,13:10:38.759862
94.619181,1441,1306,13:10:38.759862
94.621037,1387,1636,13:10:38.759862
94.622894,1316,1449,13:10:38.759862
94.624752,1435,1482,13:10:38.759862
94.626608,1718,1648,13:10:38.759862
94.628467,1516,1356,13:10:38.759862
94.630323,1492,1311,13:10:38.759862
94.632179,1305,1565,13:10:38.759862
94.634036,1502,1683,13:10:38.759862
94.635902,1489,1542,13:10:38.759862
94.637759,1606,1845,13:10:38.759862
94.639615,1259,1190,13:10:38.759862
94.641473,1465,1607,13:10:38.759862
94.64333,1392,1460,13:10:38.759862
94.645186,1432,1432,13:10:38.759862
94.647044,1238,1617,13:10:38.759862
94.648901,1328,1609,13:10:38.759862
94.650759,1631,1508,13:10:38.759862
94.652615,1420,1347,13:10:38.759862
94.65448,1438,1131,13:10:38.759862
94.656344,1446,1243,13:10:38.810749
94.658211,1353,1694,13:10:38.810749
94.660097,1490,1515,13:10:38.810749
94.661971,1228,1502,13:10:38.810749
94.663833,1254,1586,13:10:38.810749
94.665721,1052,1429,13:10:38.810749
94.667578,1382,1539,13:10:38.810749
94.669436,1330,1613,13:10:38.810749
94.671292,1258,1563,13:10:38.810749
94.673149,1218,1287,13:10:38.810749
94.675007,1578,1556,13:10:38.810749
94.67687,1509,1495,13:10:38.810749
94.678728,1282,1419,13:10:38.810749
94.680584,1396,1323,13:10:38.810749
94.682444,1323,1584,13:10:38.810749
94.684301,1352,1461,13:10:38.810749
94.686157,1412,1333,13:10:38.811740
94.688016,1429,1461,13:10:38.811740
94.689876,1403,1130,13:10:38.811740
94.691734,1453,1500,13:10:38.811740
94.693591,1356,1481,13:10:38.811740
94.695449,1486,1422,13:10:38.811740
94.697307,1547,1607,13:10:38.811740
94.699172,1197,1459,13:10:38.811740
94.701028,1262,1564,13:10:38.811740
94.702884,1523,1620,13:10:38.811740
94.704743,1432,1411,13:10:38.863339
94.706605,1472,1400,13:10:38.863339
94.708466,1344,1495,13:10:38.863339
94.710376,1684,1407,13:10:38.863339
94.712242,1115,1504,13:10:38.863339
94.714106,1089,1429,13:10:38.864331
94.715985,50,1402,13:10:38.864331
94.717847,1577,1499,13:10:38.864331
94.719705,1193,1519,13:10:38.864331
94.721562,1504,1281,13:10:38.864331
94.72342,1308,1495,13:10:38.864331
94.725276,1535,1502,13:10:38.864331
94.727133,1459,1384,13:10:38.864331
94.728995,1410,1349,13:10:38.864331
94.730853,1297,1524,13:10:38.864331
94.732712,1451,1489,13:10:38.864331
94.734568,1435,1304,13:10:38.864331
94.736424,1118,1353,13:10:38.864331
94.738283,1404,1634,13:10:38.864331
94.74014,1565,1270,13:10:38.864331
94.741997,1338,1506,13:10:38.864331
94.743856,1311,1399,13:10:38.864331
94.745722,1488,1392,13:10:38.864331
94.747578,1273,1463,13:10:38.864331
94.749435,1501,1638,13:10:38.864331
94.751293,1431,1626,13:10:38.864331
94.75315,1449,1487,13:10:38.864331
94.755006,1505,1309,13:10:38.913693
94.756872,1414,1620,13:10:38.913693
94.758733,1221,1395,13:10:38.913693
94.760625,1080,1433,13:10:38.913693
94.762489,1453,1463,13:10:38.913693
94.764349,1537,1566,13:10:38.913693
94.766225,1370,1417,13:10:38.913693
94.768092,1379,1557,13:10:38.913693
94.769954,1469,1560,13:10:38.913693
94.771811,1734,1642,13:10:38.913693
94.773671,1345,1569,13:10:38.913693
94.775527,1385,1711,13:10:38.913693
94.777384,1539,1617,13:10:38.913693
94.779242,1403,1493,13:10:38.913693
94.781099,1317,1427,13:10:38.913693
94.782957,1298,1503,13:10:38.913693
94.784813,1472,1451,13:10:38.913693
94.786674,1572,1282,13:10:38.913693
94.78853,1414,1510,13:10:38.913693
94.790386,1190,1510,13:10:38.913693
94.792245,1518,1529,13:10:38.913693
94.794101,1418,1641,13:10:38.913693
94.795959,1457,1473,13:10:38.913693
94.797816,1484,1378,13:10:38.913693
94.799676,1296,1699,13:10:38.914699
94.801534,1422,1453,13:10:38.914699
94.803391,1525,1419,13:10:38.914699
94.805251,1023,1295,13:10:38.965353
94.807121,1416,1611,13:10:38.965353
94.808984,1310,1417,13:10:38.965353
94.810874,1115,1615,13:10:38.965353
94.812734,1296,1557,13:10:38.965353
94.814601,840,1445,13:10:38.965353
94.816457,1370,1485,13:10:38.965353
94.818316,365,1511,13:10:38.965353
94.820176,1301,1643,13:10:38.965353
94.822031,1151,1672,13:10:38.966351
94.823888,1269,1480,13:10:38.966351
94.825771,1267,1430,13:10:38.966351
94.827633,1193,1320,13:10:38.966351
94.829489,1380,1543,13:10:38.966351
94.831346,1341,1713,13:10:38.966351
94.833204,1532,1515,13:10:38.966351
94.83506,1335,1366,13:10:38.966351
94.836919,1556,1411,13:10:38.966351
94.838775,1270,1507,13:10:38.966351
94.840635,1371,1675,13:10:38.966351
94.842494,1408,1742,13:10:38.967343
94.84436,1496,1360,13:10:38.967343
94.846216,1591,1470,13:10:38.967343
94.848073,1247,1571,13:10:38.967343
94.849931,1227,1615,13:10:38.967343
94.851788,1474,1357,13:10:38.967343
94.853644,1258,1456,13:10:38.967343
94.855504,1349,1759,13:10:39.015130
94.857371,1297,1505,13:10:39.015130
94.859231,1465,1300,13:10:39.015130
94.861131,1011,1571,13:10:39.015130
94.862995,1381,1585,13:10:39.015639
94.864856,1058,1403,13:10:39.015639
94.866712,1359,1338,13:10:39.015639
94.86857,1353,1620,13:10:39.015639
94.870427,-310,1664,13:10:39.015639
94.872289,960,1666,13:10:39.015639
94.874147,1569,1532,13:10:39.015639
94.876004,1362,1498,13:10:39.015639
94.877862,1154,1554,13:10:39.015639
94.879719,1024,1641,13:10:39.015639
94.881579,1430,1242,13:10:39.015639
94.883435,1168,1619,13:10:39.015639
94.885292,1355,1626,13:10:39.015639
94.88715,1452,1619,13:10:39.015639
94.889006,1619,1247,13:10:39.015639
94.890865,1216,1524,13:10:39.015639
94.892721,1649,1471,13:10:39.015639
94.894581,1137,1497,13:10:39.015639
94.89644,1108,1343,13:10:39.015639
94.898306,1232,1242,13:10:39.015639
94.900163,1199,1262,13:10:39.015639
94.902019,1235,1372,13:10:39.015639
94.903877,1603,1708,13:10:39.015639
94.905738,1338,1554,13:10:39.067526
94.9076,1181,1369,13:10:39.067526
94.909464,1554,1438,13:10:39.067526
94.911382,1043,1635,13:10:39.067526
94.913239,1201,1642,13:10:39.067526
94.915095,977,1623,13:10:39.067526
94.916959,1210,1725,13:10:39.067526
94.918826,791,1679,13:10:39.067526
94.920706,-401,1746,13:10:39.067526
94.922568,1297,1723,13:10:39.067526
94.924449,1344,1468,13:10:39.067526
94.926307,1432,1303,13:10:39.067526
94.928165,1169,1761,13:10:39.067526
94.930022,1197,1759,13:10:39.067526
94.931878,1380,1636,13:10:39.067526
94.933734,1068,1275,13:10:39.067526
94.935591,1154,1545,13:10:39.067526
94.937453,1345,1620,13:10:39.067526
94.939309,995,1724,13:10:39.067526
94.941168,1605,1591,13:10:39.067526
94.943024,1493,1501,13:10:39.067526
94.944881,1210,1381,13:10:39.067526
94.946739,1233,1332,13:10:39.067526
94.948598,1288,1670,13:10:39.067526
94.950456,1409,1535,13:10:39.067526
94.952312,1379,1436,13:10:39.067526
94.954174,1220,1402,13:10:39.067526
94.956043,1515,1480,13:10:39.118630
94.957903,1368,1376,13:10:39.118630
94.959771,1438,1488,13:10:39.118630
94.961719,1441,1443,13:10:39.118630
94.963607,1184,1339,13:10:39.118630
94.965466,1000,1568,13:10:39.118630
94.967322,1062,1415,13:10:39.118630
94.969183,1274,1588,13:10:39.118630
94.971079,985,1537,13:10:39.118630
94.972943,19,1776,13:10:39.118630
94.974833,1210,1781,13:10:39.118630
94.97669,1425,1221,13:10:39.118630
94.978546,1380,1358,13:10:39.118630
94.980408,1515,1693,13:10:39.118630
94.982265,1184,1570,13:10:39.118630
94.984125,1377,1774,13:10:39.118630
94.985981,1177,1436,13:10:39.118630
94.987838,1536,1506,13:10:39.118630
94.989696,1216,1451,13:10:39.118630
94.991555,1189,1597,13:10:39.118630
94.993413,1461,1546,13:10:39.118630
94.995269,1513,1432,13:10:39.118630
94.99713,1377,1419,13:10:39.118630
94.998986,1329,1478,13:10:39.118630
95.000844,1417,1594,13:10:39.118630
95.002703,1367,1362,13:10:39.118630
95.004559,1366,1512,13:10:39.169523
95.006419,1259,1378,13:10:39.169523
95.00828,1292,1372,13:10:39.169523
95.010183,1251,1371,13:10:39.169523
95.012058,1187,1370,13:10:39.169523
95.013915,1393,1803,13:10:39.169523
95.015779,1241,1552,13:10:39.169523
95.017635,1455,1397,13:10:39.169523
95.019494,1032,1231,13:10:39.169523
95.021354,1453,1526,13:10:39.169523
95.02321,-179,1660,13:10:39.169523
95.025079,1199,1448,13:10:39.169523
95.026937,1316,1580,13:10:39.169523
95.028795,1418,1811,13:10:39.169523
95.030654,1408,1533,13:10:39.169523
95.032514,1224,1390,13:10:39.169523
95.034371,1104,1504,13:10:39.169523
95.036227,1465,1556,13:10:39.169523
95.038089,1198,1550,13:10:39.169523
95.039946,1328,1455,13:10:39.169523
95.041804,1406,1711,13:10:39.169523
95.043662,1319,1542,13:10:39.169523
95.045519,1269,1408,13:10:39.169523
95.047379,1323,1360,13:10:39.169523
95.049235,1317,1419,13:10:39.169523
95.051092,1471,1676,13:10:39.169523
95.05295,1214,1497,13:10:39.169523
95.054806,1327,1551,13:10:39.219350
95.056681,1122,1637,13:10:39.220645
95.058541,1252,1469,13:10:39.220645
95.060452,1271,1755,13:10:39.220645
95.062314,1577,1551,13:10:39.220645
95.06417,1454,1669,13:10:39.220645
95.066028,1492,1611,13:10:39.220645
95.067885,1620,1490,13:10:39.220645
95.069741,1315,1402,13:10:39.220645
95.071597,1163,1349,13:10:39.220645
95.073494,937,1551,13:10:39.220645
95.07536,1327,1723,13:10:39.220645
95.077216,1315,1335,13:10:39.220645
95.079073,1453,1326,13:10:39.220645
95.080929,1319,1265,13:10:39.220645
95.082788,1362,1595,13:10:39.220645
95.084646,1454,1556,13:10:39.220645
95.086502,1519,1367,13:10:39.220645
95.08836,1311,1496,13:10:39.220645
95.090217,1302,1368,13:10:39.220645
95.092073,1376,1452,13:10:39.220645
95.093932,1335,1599,13:10:39.220645
95.095788,1235,1405,13:10:39.220645
95.097646,1721,1458,13:10:39.220645
95.099503,1559,1314,13:10:39.220645
95.101365,1437,1725,13:10:39.220645
95.103221,1288,1476,13:10:39.220645
95.105078,1466,1385,13:10:39.271134
95.106948,1333,1395,13:10:39.271134
95.108808,1307,1340,13:10:39.271134
95.11073,1427,1436,13:10:39.271134
95.112589,1557,1498,13:10:39.271134
95.114444,1058,1810,13:10:39.271134
95.116303,1225,1523,13:10:39.272140
95.11816,1515,1726,13:10:39.272140
95.120022,1531,1391,13:10:39.272140
95.121885,1579,1346,13:10:39.272140
95.123749,1133,1241,13:10:39.272140
95.125625,-787,1383,13:10:39.272140
95.127487,1438,1513,13:10:39.272140
95.12935,1472,1344,13:10:39.272140
95.131206,1461,1483,13:10:39.272140
95.133071,1583,1271,13:10:39.272140
95.134929,1459,1436,13:10:39.272140
95.136785,1308,1415,13:10:39.272140
95.138644,1641,1610,13:10:39.272140
95.1405,1043,1139,13:10:39.272140
95.142356,1172,1460,13:10:39.272140
95.144215,1499,1461,13:10:39.272140
95.146071,1289,1616,13:10:39.272140
95.147927,1353,1340,13:10:39.272140
95.149784,1311,1644,13:10:39.272140
95.151648,1409,1457,13:10:39.272140
95.153504,1397,1544,13:10:39.272140
95.155361,1358,1444,13:10:39.322314
95.157223,1710,1273,13:10:39.322314
95.159084,1406,1695,13:10:39.322314
95.160996,1100,1042,13:10:39.322314
95.162856,1199,1405,13:10:39.322314
95.164715,1331,1717,13:10:39.322314
95.166573,1317,1548,13:10:39.322314
95.168429,1359,1481,13:10:39.322314
95.170289,1587,1329,13:10:39.322314
95.172146,861,1509,13:10:39.322314
95.174002,1231,1434,13:10:39.322314
95.17586,360,1390,13:10:39.322314
95.177749,1097,1361,13:10:39.322314
95.179613,1323,1405,13:10:39.322314
95.181469,1507,1411,13:10:39.322314
95.183326,1319,1487,13:10:39.322314
95.185184,1662,1325,13:10:39.322314
95.18704,1613,1400,13:10:39.322314
95.188899,1326,1452,13:10:39.322314
95.190755,1465,1347,13:10:39.322314
95.192617,1340,1571,13:10:39.322314
95.194474,1572,1553,13:10:39.322314
95.196331,1320,1620,13:10:39.322314
95.198193,1325,1358,13:10:39.322314
95.200049,1576,1682,13:10:39.322314
95.201907,1549,1422,13:10:39.322314
95.203764,1321,1348,13:10:39.322314
95.205624,1424,1342,13:10:39.373756
95.207486,1473,1325,13:10:39.373756
95.209349,1623,1291,13:10:39.373756
95.211269,1221,1608,13:10:39.373756
95.213127,1269,1098,13:10:39.373756
95.214989,1345,1474,13:10:39.373756
95.21685,1293,1368,13:10:39.373756
95.218706,1091,1522,13:10:39.373756
95.220572,1303,1537,13:10:39.373756
95.222429,1098,1306,13:10:39.373756
95.224291,1376,1496,13:10:39.373756
95.226149,1232,1665,13:10:39.373756
95.228012,9,1149,13:10:39.373756
95.22987,1495,1563,13:10:39.373756
95.231729,1241,1668,13:10:39.373756
95.233585,1162,1429,13:10:39.373756
95.235441,1309,1456,13:10:39.373756
95.2373,1432,1505,13:10:39.373756
95.239156,1368,1481,13:10:39.373756
95.241012,1503,1280,13:10:39.373756
95.242871,995,1419,13:10:39.373756
95.244727,1298,1418,13:10:39.373756
95.246583,1358,1404,13:10:39.373756
95.248442,1420,1500,13:10:39.373756
95.250298,1574,1297,13:10:39.373756
95.252155,1463,1174,13:10:39.373756
95.254011,1439,1378,13:10:39.373756
95.255877,1604,1493,13:10:39.431889
95.257746,1294,1474,13:10:39.431889
95.259616,1422,1203,13:10:39.431889
95.261532,1133,1434,13:10:39.431889
95.263388,1449,1268,13:10:39.431889
95.265245,1441,1584,13:10:39.431889
95.267103,1410,1386,13:10:39.431889
95.268959,1294,1514,13:10:39.431889
95.270818,1126,1378,13:10:39.431889
95.272674,1222,1327,13:10:39.431889
95.274534,1117,1279,13:10:39.431889
95.276395,864,1541,13:10:39.431889
95.278282,803,1488,13:10:39.431889
95.280151,1169,1258,13:10:39.431889
95.282008,1362,1489,13:10:39.431889
95.283866,1160,1479,13:10:39.431889
95.285724,1372,1598,13:10:39.431889
95.287583,1418,1360,13:10:39.431889
95.289439,1503,1500,13:10:39.431889
95.291295,1418,1352,13:10:39.431889
95.293154,1416,1554,13:10:39.431889
95.29501,1356,1395,13:10:39.431889
95.296867,1413,1266,13:10:39.431889
95.298725,1201,1437,13:10:39.431889
95.300581,1223,1579,13:10:39.431889
95.302438,1374,1557,13:10:39.431889
95.304294,1077,1500,13:10:39.431889
95.306164,1147,1680,13:10:39.478188
95.308025,1319,1572,13:10:39.478188
95.309892,1408,1485,13:10:39.478188
95.311783,1085,1558,13:10:39.479180
95.31364,1371,1360,13:10:39.479180
95.315496,1146,1327,13:10:39.479180
95.317354,1203,1621,13:10:39.479180
95.319211,1370,1611,13:10:39.479180
95.321069,1400,1457,13:10:39.479180
95.322925,1284,1335,13:10:39.479180
95.324784,1505,1515,13:10:39.479180
95.326648,906,1481,13:10:39.479180
95.328504,1309,1734,13:10:39.479180
95.330363,1179,1344,13:10:39.479180
95.332219,1226,1349,13:10:39.479180
95.334077,1214,1418,13:10:39.479180
95.33594,1272,1733,13:10:39.479180
95.337826,430,1348,13:10:39.479180
95.339684,1410,1231,13:10:39.479180
95.341541,1332,1583,13:10:39.479180
95.343399,1290,1877,13:10:39.479180
95.345256,1414,1652,13:10:39.479180
95.34712,988,1552,13:10:39.479180
95.348976,1382,1454,13:10:39.479180
95.350833,1225,1562,13:10:39.479180
95.352691,1432,1719,13:10:39.479180
95.354547,1163,1485,13:10:39.527868
95.356408,1180,1725,13:10:39.527868
95.358268,1426,1490,13:10:39.527868
95.360166,1085,1403,13:10:39.527868
95.362044,1369,1616,13:10:39.527868
95.363903,966,1459,13:10:39.527868
95.365767,1280,1559,13:10:39.527868
95.367624,901,1297,13:10:39.527868
95.36948,726,1532,13:10:39.527868
95.371338,1229,1565,13:10:39.527868
95.373195,1352,1700,13:10:39.527868
95.375053,1276,1338,13:10:39.527868
95.376909,791,1427,13:10:39.527868
95.378766,962,1790,13:10:39.527868
95.380633,1332,1368,13:10:39.527868
95.382501,-69,1445,13:10:39.527868
95.384369,1402,1584,13:10:39.527868
95.386225,1197,1451,13:10:39.527868
95.388087,1126,1772,13:10:39.527868
95.389946,1246,1320,13:10:39.527868
95.391812,1433,1380,13:10:39.527868
95.393668,1153,1505,13:10:39.527868
95.395525,1599,1622,13:10:39.527868
95.397385,1357,1420,13:10:39.527868
95.399241,959,1478,13:10:39.527868
95.401098,1131,1665,13:10:39.527868
95.402956,1488,1601,13:10:39.527868
95.404813,1378,1697,13:10:39.578461
95.406679,1157,1641,13:10:39.578461
95.408539,1312,1564,13:10:39.578461
95.410435,1380,1464,13:10:39.578461
95.412294,1185,1496,13:10:39.578461
95.41415,1301,1371,13:10:39.578461
95.416008,1314,1510,13:10:39.578461
95.417867,1187,1253,13:10:39.578461
95.419723,1233,1618,13:10:39.578461
95.421581,1018,1702,13:10:39.578461
95.423447,1324,1525,13:10:39.578461
95.425304,1478,1559,13:10:39.578461
95.42716,1048,1488,13:10:39.579482
95.429027,1228,1639,13:10:39.579482
95.430884,817,1464,13:10:39.579482
95.432763,-153,1380,13:10:39.579482
95.434638,1352,1579,13:10:39.579482
95.436496,1418,1597,13:10:39.579482
95.438362,1090,1562,13:10:39.579482
95.440219,1276,1568,13:10:39.579482
95.442075,1372,1867,13:10:39.579482
95.443933,1359,1588,13:10:39.579482
95.445792,1389,1591,13:10:39.579482
95.44765,1419,1599,13:10:39.579482
95.449507,1181,1674,13:10:39.579482
95.451363,1454,1623,13:10:39.579482
95.453221,1409,1375,13:10:39.579482
95.455081,1480,1803,13:10:39.629903
95.456942,1400,1627,13:10:39.629903
95.458802,1407,1405,13:10:39.629903
95.460696,1187,1487,13:10:39.629903
95.462557,911,1376,13:10:39.629903
95.464415,1338,1617,13:10:39.629903
95.466273,1417,1715,13:10:39.629903
95.46813,1402,1681,13:10:39.629903
95.469996,1617,1587,13:10:39.629903
95.471855,1204,1600,13:10:39.629903
95.473711,1343,1565,13:10:39.629903
95.475569,1011,1591,13:10:39.629903
95.477426,1385,1693,13:10:39.629903
95.479284,1367,1778,13:10:39.629903
95.48114,1188,1562,13:10:39.629903
95.482997,352,1616,13:10:39.629903
95.484859,1499,1577,13:10:39.629903
95.486741,1646,1625,13:10:39.629903
95.4886,1516,1612,13:10:39.629903
95.490456,1544,1681,13:10:39.629903
95.492316,1429,1460,13:10:39.629903
95.494175,1624,1426,13:10:39.629903
95.496041,1483,1710,13:10:39.629903
95.497897,1346,1567,13:10:39.629903
95.499754,1591,1525,13:10:39.629903
95.501612,1782,1834,13:10:39.629903
95.503468,1580,1904,13:10:39.630894
95.505325,1524,1684,13:10:39.682131
95.507191,1909,1883,13:10:39.682131
95.509051,1763,1663,13:10:39.682131
95.510952,1377,1646,13:10:39.682131
95.51281,1592,1693,13:10:39.682131
95.514666,1691,1922,13:10:39.685141
95.516525,1663,1656,13:10:39.685141
95.518381,1755,1736,13:10:39.685141
95.520239,1717,1888,13:10:39.685141
95.522098,1824,1885,13:10:39.685141
95.523954,1080,1797,13:10:39.685141
95.525812,1507,1951,13:10:39.685141
95.527676,1850,1677,13:10:39.685141
95.529533,1888,2010,13:10:39.685141
95.531392,1783,1874,13:10:39.685141
95.533258,2151,2217,13:10:39.685141
95.535114,177,1792,13:10:39.685141
95.536972,2250,2063,13:10:39.685141
95.538833,2172,2093,13:10:39.685141
95.540689,2196,2044,13:10:39.685141
95.542547,2553,2027,13:10:39.685141
95.544404,2120,1822,13:10:39.685141
95.546262,2276,2034,13:10:39.685141
95.54812,2355,2263,13:10:39.685141
95.549977,2331,2123,13:10:39.685141
95.551837,2332,2142,13:10:39.685141
95.553693,2417,2327,13:10:39.685141
95.555556,2273,2058,13:10:39.733098
95.557428,2569,2173,13:10:39.733098
95.559288,3014,2303,13:10:39.733098
95.561189,2415,2554,13:10:39.733098
95.563047,2445,2184,13:10:39.733098
95.564907,2818,2307,13:10:39.733098
95.566764,2959,2601,13:10:39.733098
95.568622,2924,2446,13:10:39.733098
95.570484,2327,2699,13:10:39.733098
95.572341,3231,2798,13:10:39.733098
95.574199,3127,2604,13:10:39.733098
95.576055,2946,2774,13:10:39.733098
95.577912,3290,2637,13:10:39.733098
95.57977,3723,2834,13:10:39.733098
95.581631,2950,3133,13:10:39.733098
95.583489,4098,3106,13:10:39.733098
95.585376,4335,3598,13:10:39.733098
95.58724,2937,3411,13:10:39.733098
95.589104,4933,3675,13:10:39.733098
95.59096,5062,3827,13:10:39.733098
95.592816,5280,3660,13:10:39.733098
95.594673,5168,3917,13:10:39.733098
95.596537,5623,3911,13:10:39.733098
95.598393,6070,4302,13:10:39.733098
95.60025,5952,4361,13:10:39.733098
95.602108,6443,4412,13:10:39.733098
95.603964,6705,4805,13:10:39.733098
95.605823,6833,4553,13:10:39.783477
95.607689,7033,4883,13:10:39.783477
95.609551,7325,4962,13:10:39.783477
95.611449,7264,4970,13:10:39.783477
95.613308,7259,4917,13:10:39.783477
95.615166,7645,5169,13:10:39.783477
95.617023,7919,5189,13:10:39.783477
95.618879,7504,5408,13:10:39.783477
95.620735,8089,5610,13:10:39.783477
95.622592,7860,5701,13:10:39.783477
95.624449,8264,5550,13:10:39.783477
95.626306,8535,5666,13:10:39.783477
95.628173,8597,5667,13:10:39.783477
95.630029,8572,5941,13:10:39.783477
95.631887,8829,6243,13:10:39.783477
95.63375,9216,6179,13:10:39.783477
95.635618,8893,6356,13:10:39.783477
95.637506,8303,6365,13:10:39.783477
95.639363,9831,6488,13:10:39.783477
95.641229,10230,6299,13:10:39.783477
95.643085,9806,6367,13:10:39.783477
95.644942,10214,6659,13:10:39.783477
95.646802,10322,6944,13:10:39.783477
95.648658,10433,6731,13:10:39.783477
95.650515,10531,6895,13:10:39.783477
95.652373,10855,7038,13:10:39.783477
95.654229,11134,7089,13:10:39.783477
95.656096,11177,6941,13:10:39.842182
95.657956,11496,7317,13:10:39.842182
95.659825,11830,7458,13:10:39.842182
95.661719,11646,7476,13:10:39.842182
95.663575,11741,7661,13:10:39.842182
95.665433,12019,7630,13:10:39.842182
95.667292,12437,7804,13:10:39.842182
95.669148,12562,7803,13:10:39.842182
95.671004,12642,8347,13:10:39.842182
95.672864,12973,8489,13:10:39.842182
95.674721,12807,8093,13:10:39.842182
95.676577,13657,8510,13:10:39.842182
95.678436,14131,8640,13:10:39.842182
95.680292,13461,8849,13:10:39.842182
95.682159,13659,8978,13:10:39.842182
95.684017,13762,9126,13:10:39.842182
95.685875,14093,8926,13:10:39.842182
95.687734,14186,9219,13:10:39.842182
95.6896,14849,9651,13:10:39.842182
95.691478,15574,9548,13:10:39.842182
95.693337,15482,9280,13:10:39.842182
95.695193,15531,9919,13:10:39.843177
95.697049,15962,10007,13:10:39.845177
95.698906,15870,9980,13:10:39.846182
95.700766,16187,9919,13:10:39.846182
95.702622,16555,10243,13:10:39.846182
95.704479,16694,10142,13:10:39.846182
95.706343,16828,10419,13:10:39.886415
95.708203,17020,10479,13:10:39.886415
95.710077,17489,10722,13:10:39.886415
95.71196,17120,10703,13:10:39.886415
95.713823,17307,10722,13:10:39.886415
95.715683,17475,10933,13:10:39.886415
95.717539,17935,10944,13:10:39.886415
95.719397,18039,11284,13:10:39.886415
95.721258,18281,11668,13:10:39.886415
95.723114,18492,11373,13:10:39.886415
95.724974,18874,11649,13:10:39.886415
95.726833,19524,11994,13:10:39.886415
95.728693,19387,11969,13:10:39.886415
95.730549,19934,11929,13:10:39.886415
95.732406,19853,12182,13:10:39.886415
95.734262,19420,12428,13:10:39.886415
95.736122,20553,12290,13:10:39.886415
95.737985,20841,12497,13:10:39.886415
95.739843,21114,12940,13:10:39.886415
95.741702,21445,12702,13:10:39.886415
95.74356,21424,13136,13:10:39.886415
95.745416,21445,13144,13:10:39.886415
95.747273,20339,12996,13:10:39.886415
95.749133,21907,13144,13:10:39.886415
95.750989,21931,13015,13:10:39.886415
95.752846,22116,13414,13:10:39.886415
95.754706,22547,13149,13:10:39.936555
95.756572,22565,13585,13:10:39.936555
95.758434,22986,13917,13:10:39.936555
95.760355,23054,14189,13:10:39.936555
95.762217,23364,13913,13:10:39.936555
95.764073,23382,14488,13:10:39.936555
95.765932,23905,14664,13:10:39.936555
95.76779,24093,14612,13:10:39.936555
95.769647,24149,14754,13:10:39.936555
95.771503,24447,14814,13:10:39.936555
95.773361,24664,15085,13:10:39.936555
95.775218,24680,15172,13:10:39.936555
95.777074,25123,15453,13:10:39.936555
95.778932,25477,15413,13:10:39.936555
95.780789,26050,15457,13:10:39.936555
95.782647,26105,15436,13:10:39.936555
95.784503,26377,15539,13:10:39.936555
95.78636,26239,16223,13:10:39.936555
95.788216,26346,16108,13:10:39.936555
95.79008,27208,16182,13:10:39.936555
95.791945,26077,16334,13:10:39.936555
95.793831,27513,16491,13:10:39.936555
95.795687,27616,16517,13:10:39.936555
95.797546,27536,16608,13:10:39.936555
95.799404,27947,16489,13:10:39.936555
95.80126,27863,16621,13:10:39.936555
95.803117,28394,16724,13:10:39.936555
95.804975,28126,16658,13:10:39.990412
95.806844,28159,16576,13:10:39.990412
95.808704,28552,17222,13:10:39.990412
95.810606,28655,17036,13:10:39.990412
95.812462,28852,16999,13:10:39.990412
95.814319,28827,17153,13:10:39.990412
95.816177,29132,17577,13:10:39.990412
95.818034,29353,17391,13:10:39.990412
95.819892,29074,17420,13:10:39.990412
95.821748,29631,17545,13:10:39.990412
95.823607,29860,17796,13:10:39.990412
95.825463,30108,17818,13:10:39.990412
95.827319,30644,18118,13:10:39.990412
95.829178,30660,18398,13:10:39.990412
95.831039,30850,18622,13:10:39.990412
95.832896,31402,18932,13:10:39.990412
95.834753,31689,18666,13:10:39.990412
95.836611,32192,19122,13:10:39.990412
95.838468,32585,19430,13:10:39.990412
95.84033,32667,19416,13:10:39.990412
95.84219,32086,19585,13:10:39.990412
95.844046,33425,20023,13:10:39.991400
95.845905,33759,20099,13:10:39.991400
95.847763,34214,20191,13:10:39.991400
95.849625,34601,20491,13:10:39.991400
95.851484,35188,20594,13:10:39.991400
95.85335,35265,20921,13:10:39.991400
95.855207,35854,21334,13:10:40.004725
95.857085,36287,21398,13:10:40.005716
95.858949,36628,21655,13:10:40.005716
95.860863,36663,21657,13:10:40.005716
95.86272,37050,21527,13:10:40.005716
95.864578,37310,22122,13:10:40.005716
95.866434,37473,21955,13:10:40.005716
95.868291,37438,22028,13:10:40.005716
95.870149,37582,22263,13:10:40.005716
95.872007,37521,21941,13:10:40.005716
95.873866,37834,22146,13:10:40.005716
95.875722,37393,22314,13:10:40.005716
95.877588,37364,22562,13:10:40.005716
95.879444,38053,22362,13:10:40.005716
95.881301,37969,22462,13:10:40.005716
95.88316,37988,22469,13:10:40.005716
95.885016,38026,22357,13:10:40.005716
95.886876,37810,22358,13:10:40.005716
95.888733,37672,22495,13:10:40.005716
95.890589,37783,22448,13:10:40.005716
95.892452,38254,22584,13:10:40.005716
95.89434,36061,22307,13:10:40.005716
95.896208,38334,22634,13:10:40.005716
95.898064,38436,22418,13:10:40.005716
95.899921,38652,22706,13:10:40.005716
95.901779,38685,22799,13:10:40.005716
95.903635,38779,22636,13:10:40.005716
95.905496,38746,22574,13:10:40.058322
95.907362,38762,22913,13:10:40.058322
95.909224,38857,22877,13:10:40.058322
95.911134,38905,22797,13:10:40.058322
95.913009,38867,22878,13:10:40.058322
95.914867,39037,22803,13:10:40.058322
95.916723,38983,22746,13:10:40.058322
95.91858,38957,23142,13:10:40.058322
95.920438,38985,22802,13:10:40.058322
95.922295,38729,22959,13:10:40.058322
95.924151,39033,22834,13:10:40.058322
95.926007,39053,23049,13:10:40.058322
95.927876,39082,23336,13:10:40.058322
95.929734,39206,22821,13:10:40.058322
95.931592,39123,23201,13:10:40.058322
95.933455,39419,23526,13:10:40.058322
95.935311,39651,23223,13:10:40.058322
95.937169,39900,23556,13:10:40.058322
95.939026,40164,23935,13:10:40.058322
95.940882,40675,24112,13:10:40.058322
95.942744,41026,24339,13:10:40.058322
95.944601,41626,24688,13:10:40.058322
95.946459,41838,24938,13:10:40.058322
95.948317,42165,25038,13:10:40.058322
95.950184,42984,25143,13:10:40.058322
95.95204,43492,25822,13:10:40.058322
95.953896,44027,25966,13:10:40.058322
95.955759,44667,26356,13:10:40.108922
95.957621,44932,26805,13:10:40.108922
95.959485,45446,26968,13:10:40.108922
95.961396,45687,26815,13:10:40.108922
95.963252,46131,27246,13:10:40.108922
95.965108,46509,27249,13:10:40.108922
95.966965,46873,27689,13:10:40.108922
95.968831,47019,27413,13:10:40.108922
95.970687,47268,27788,13:10:40.108922
95.972544,47525,27725,13:10:40.108922
95.974402,47724,27898,13:10:40.108922
95.976259,47580,27768,13:10:40.108922
95.978115,47395,27834,13:10:40.108922
95.979971,47103,27502,13:10:40.108922
95.981828,46833,27462,13:10:40.108922
95.983684,46753,27563,13:10:40.108922
95.985551,46345,27376,13:10:40.108922
95.987409,46310,27122,13:10:40.108922
95.989265,46231,26921,13:10:40.108922
95.991123,45743,26833,13:10:40.108922
95.99298,45722,26668,13:10:40.108922
95.994836,45417,26439,13:10:40.108922
95.996693,45381,26645,13:10:40.108922
95.998549,44958,26458,13:10:40.108922
96.000405,44867,26456,13:10:40.108922
96.002262,44854,26243,13:10:40.108922
96.004122,44525,26025,13:10:40.108922
96.005998,44696,26170,13:10:40.155113
96.007861,44395,26159,13:10:40.155113
96.009727,44644,26266,13:10:40.155113
96.011627,44154,26181,13:10:40.155113
96.013496,44427,26170,13:10:40.155113
96.015354,44470,26400,13:10:40.155113
96.01721,44508,26155,13:10:40.155113
96.019069,44870,26322,13:10:40.155113
96.020925,45185,26572,13:10:40.155113
96.022785,45166,26564,13:10:40.155113
96.024644,45133,26785,13:10:40.156103
96.02651,45228,26675,13:10:40.156103
96.028366,45474,26619,13:10:40.156103
96.030223,45459,26969,13:10:40.157102
96.032081,45865,26921,13:10:40.157102
96.033937,45975,26969,13:10:40.157102
96.035796,46397,27292,13:10:40.157102
96.037654,46741,27650,13:10:40.157102
96.03951,47083,27796,13:10:40.157102
96.041369,47387,28003,13:10:40.157102
96.043225,47559,28069,13:10:40.157102
96.045089,47668,28157,13:10:40.157102
96.046946,48009,28192,13:10:40.157102
96.048803,48076,28458,13:10:40.157102
96.050688,48539,28417,13:10:40.157102
96.052545,48526,28650,13:10:40.157102
96.054411,48831,28642,13:10:40.157102
96.056275,49034,28889,13:10:40.205080
96.058136,49121,28885,13:10:40.205080
96.060014,49320,29123,13:10:40.205080
96.061934,49537,29247,13:10:40.205080
96.063816,49536,29049,13:10:40.205080
96.065673,49620,29226,13:10:40.205080
96.067529,49866,29007,13:10:40.205080
96.069391,50055,29435,13:10:40.206066
96.071248,49970,29464,13:10:40.206066
96.073104,50309,29350,13:10:40.206066
96.074962,50063,29568,13:10:40.206066
96.076819,50108,29445,13:10:40.206066
96.078677,50223,29430,13:10:40.206066
96.080534,50111,29362,13:10:40.206066
96.082392,50347,29601,13:10:40.206066
96.08425,50228,29356,13:10:40.206066
96.086107,50182,29154,13:10:40.206066
96.087967,50524,29733,13:10:40.206066
96.089825,50716,29838,13:10:40.206066
96.091684,50904,30027,13:10:40.206066
96.09354,51110,30301,13:10:40.206066
96.095396,51498,30490,13:10:40.206066
96.097255,51831,30466,13:10:40.206066
96.099113,52432,30605,13:10:40.206066
96.100971,52721,30900,13:10:40.206066
96.102828,52852,30956,13:10:40.206066
96.104688,53160,31453,13:10:40.255953
96.106558,53750,31444,13:10:40.255953
96.108426,53636,31416,13:10:40.255953
96.110322,53762,31693,13:10:40.255953
96.112191,53911,31557,13:10:40.255953
96.114047,54042,31948,13:10:40.255953
96.115906,54193,31780,13:10:40.255953
96.117762,54326,32035,13:10:40.255953
96.119619,54428,32044,13:10:40.255953
96.121475,54500,31787,13:10:40.255953
96.123337,54579,32339,13:10:40.255953
96.125194,54773,32446,13:10:40.255953
96.12705,54871,32206,13:10:40.255953
96.12891,55201,32445,13:10:40.255953
96.130767,55224,32584,13:10:40.255953
96.132623,55622,32576,13:10:40.255953
96.134479,55802,32858,13:10:40.255953
96.136338,56157,32923,13:10:40.255953
96.138196,56474,32690,13:10:40.255953
96.140053,56511,33267,13:10:40.255953
96.141913,57050,33490,13:10:40.255953
96.143771,57192,33476,13:10:40.255953
96.14563,57680,33770,13:10:40.255953
96.147488,57685,33876,13:10:40.255953
96.149344,58042,34303,13:10:40.255953
96.151202,58189,34162,13:10:40.255953
96.153059,58538,34076,13:10:40.255953
96.154917,58642,34540,13:10:40.305103
96.156797,59049,34711,13:10:40.305103
96.158656,59150,34865,13:10:40.305103
96.160543,59397,34783,13:10:40.305103
96.162432,59287,34741,13:10:40.305103
96.164293,59629,34960,13:10:40.305103
96.166149,59952,35049,13:10:40.305103
96.168005,60083,35126,13:10:40.305103
96.169866,60193,35199,13:10:40.305103
96.171722,60377,35287,13:10:40.305103
96.17358,60584,35352,13:10:40.305103
96.175437,60641,35544,13:10:40.305103
96.177297,60886,35775,13:10:40.305103
96.179155,61249,35825,13:10:40.305103
96.181012,61620,36028,13:10:40.305103
96.182876,61532,35902,13:10:40.305103
96.184732,62337,36289,13:10:40.305103
96.186591,62579,36354,13:10:40.305103
96.188449,62843,36420,13:10:40.305103
96.190305,62837,36675,13:10:40.305103
96.192164,63546,37090,13:10:40.305103
96.19402,63903,37356,13:10:40.305103
96.195879,64311,37293,13:10:40.305103
96.197735,64660,37737,13:10:40.305103
96.199599,65034,38103,13:10:40.305103
96.201456,65884,38440,13:10:40.306092
96.203312,66375,38754,13:10:40.306092
96.20517,66939,39240,13:10:40.355345
96.207031,67867,39596,13:10:40.355345
96.208891,68193,39700,13:10:40.355345
96.210789,68976,40152,13:10:40.355345
96.212657,69700,40495,13:10:40.355345
96.214514,70499,41209,13:10:40.355345
96.216374,71087,41195,13:10:40.355345
96.21823,71518,41761,13:10:40.355345
96.220087,71790,41728,13:10:40.355345
96.221943,72811,42103,13:10:40.355345
96.223805,72954,42426,13:10:40.355345
96.225662,73618,42867,13:10:40.355345
96.227518,74087,42955,13:10:40.355345
96.229378,74609,43195,13:10:40.355345
96.231235,75072,43611,13:10:40.355345
96.233091,75701,43900,13:10:40.355345
96.234948,76265,44124,13:10:40.355345
96.236808,76755,44282,13:10:40.355345
96.238664,77183,44660,13:10:40.355345
96.240523,77288,44944,13:10:40.355345
96.242379,78017,45317,13:10:40.355345
96.244235,78446,45121,13:10:40.355345
96.246092,78646,45557,13:10:40.355345
96.247953,79062,45813,13:10:40.355345
96.24983,79102,45730,13:10:40.355345
96.251687,79387,46045,13:10:40.355345
96.253545,79329,45929,13:10:40.355345
96.255401,79562,46022,13:10:40.406129
96.257268,79609,45844,13:10:40.406129
96.259132,79753,45927,13:10:40.406129
96.261036,79900,46126,13:10:40.409508
96.262892,79613,46213,13:10:40.409508
96.264751,79849,45907,13:10:40.409508
96.266612,79757,46075,13:10:40.409508
96.268469,79721,46076,13:10:40.409508
96.270326,79991,46321,13:10:40.409508
96.272188,79872,46087,13:10:40.409508
96.274045,80078,46095,13:10:40.409508
96.275901,80080,46059,13:10:40.409508
96.277761,80285,46226,13:10:40.409508
96.279618,79906,46684,13:10:40.409508
96.281476,80495,46492,13:10:40.409508
96.283332,80546,46436,13:10:40.409508
96.285189,80690,46687,13:10:40.409508
96.287045,80827,46678,13:10:40.409508
96.288901,81245,46895,13:10:40.409508
96.290764,81484,46802,13:10:40.409508
96.29262,81377,47154,13:10:40.409508
96.294478,81603,47237,13:10:40.409508
96.296335,81888,47272,13:10:40.409508
96.298191,82460,47638,13:10:40.409508
96.300049,82615,47738,13:10:40.409508
96.30191,82852,48080,13:10:40.409508
96.303768,83400,48105,13:10:40.409508
96.305632,84240,48646,13:10:40.456080
96.307493,84166,48913,13:10:40.456080
96.309357,84768,49159,13:10:40.456080
96.311273,85565,49497,13:10:40.456080
96.313135,86318,50088,13:10:40.456080
96.314992,87054,50174,13:10:40.456080
96.316848,87341,50768,13:10:40.456080
96.318706,88120,50956,13:10:40.456080
96.320563,88617,51240,13:10:40.456080
96.322421,89485,51480,13:10:40.456080
96.324278,89652,51772,13:10:40.456080
96.32614,90182,51850,13:10:40.456080
96.327996,90477,52169,13:10:40.456080
96.329855,90691,52425,13:10:40.456080
96.331713,91146,52674,13:10:40.456080
96.333569,91475,53009,13:10:40.456080
96.335428,92139,53146,13:10:40.456080
96.337284,92673,53361,13:10:40.456080
96.33914,92777,53629,13:10:40.456080
96.340997,93199,53671,13:10:40.456080
96.34286,93481,53701,13:10:40.456080
96.344717,93756,54229,13:10:40.456080
96.346574,93987,54281,13:10:40.456080
96.348432,94144,54462,13:10:40.456080
96.350288,94461,54487,13:10:40.456080
96.352147,94797,54580,13:10:40.456080
96.354005,94906,54906,13:10:40.456080
96.355863,95406,54997,13:10:40.505388
96.357726,95919,55118,13:10:40.505388
96.359588,96012,55345,13:10:40.505388
96.36154,96040,55288,13:10:40.505388
96.363396,96164,55515,13:10:40.505388
96.365253,96402,55441,13:10:40.505388
96.367109,96100,55484,13:10:40.505388
96.368965,96198,55531,13:10:40.505388
96.370822,96173,55356,13:10:40.505388
96.372682,95652,55320,13:10:40.505388
96.374538,95831,55175,13:10:40.505388
96.376397,95586,55343,13:10:40.505388
96.378253,95001,54882,13:10:40.505388
96.38011,95468,55016,13:10:40.505388
96.381968,95277,54879,13:10:40.505388
96.383828,95470,55058,13:10:40.505388
96.385687,95412,55131,13:10:40.505388
96.387543,95704,55194,13:10:40.505388
96.389409,95616,55067,13:10:40.505388
96.391266,95917,55276,13:10:40.505388
96.393122,96007,55415,13:10:40.505388
96.39498,96042,55395,13:10:40.505388
96.396837,96518,55480,13:10:40.505388
96.398695,96769,55737,13:10:40.505388
96.400551,97134,55948,13:10:40.505388
96.40241,97492,56208,13:10:40.505388
96.404268,97992,56719,13:10:40.505388
96.406129,98566,56918,13:10:40.556754
96.407989,98992,57215,13:10:40.556754
96.409855,99509,57500,13:10:40.556754
96.411761,99665,57614,13:10:40.556754
96.413628,100374,58109,13:10:40.556754
96.415484,100601,58470,13:10:40.556754
96.417342,101559,58268,13:10:40.556754
96.419199,101847,58757,13:10:40.556754
96.421055,102471,58952,13:10:40.556754
96.422911,103110,59379,13:10:40.556754
96.424768,103642,60002,13:10:40.556754
96.426628,104044,60116,13:10:40.556754
96.428485,104654,60447,13:10:40.556754
96.430343,105323,60919,13:10:40.556754
96.432199,105507,61179,13:10:40.556754
96.434056,106257,61373,13:10:40.556754
96.435914,106398,61412,13:10:40.556754
96.437774,106791,61698,13:10:40.556754
96.439633,107384,62018,13:10:40.556754
96.441489,107732,61996,13:10:40.556754
96.443355,107955,62405,13:10:40.556754
96.445212,108608,62512,13:10:40.556754
96.447068,108744,62934,13:10:40.556754
96.448926,109221,62775,13:10:40.556754
96.450783,109492,63213,13:10:40.556754
96.452642,109739,63478,13:10:40.556754
96.454507,110162,63612,13:10:40.609673
96.45637,110437,63588,13:10:40.609673
96.45823,110877,64155,13:10:40.609673
96.46012,111503,64210,13:10:40.609673
96.462005,111872,64757,13:10:40.609673
96.463865,112125,64819,13:10:40.609673
96.465724,112552,64876,13:10:40.609673
96.467586,113318,65323,13:10:40.609673
96.469442,113765,65489,13:10:40.609673
96.4713,114028,65900,13:10:40.609673
96.473157,114520,66096,13:10:40.609673
96.475013,115052,66475,13:10:40.609673
96.476875,115691,66739,13:10:40.609673
96.478733,115834,66831,13:10:40.609673
96.48059,116273,67000,13:10:40.609673
96.482449,116683,67289,13:10:40.609673
96.484315,116940,67347,13:10:40.609673
96.486171,117260,67579,13:10:40.609673
96.488027,117614,67551,13:10:40.609673
96.489886,117542,67643,13:10:40.609673
96.491742,117927,67728,13:10:40.609673
96.493599,118106,68071,13:10:40.609673
96.495455,118317,68123,13:10:40.609673
96.497311,118646,68153,13:10:40.609673
96.499168,118823,68418,13:10:40.609673
96.501024,119143,68526,13:10:40.609673
96.502886,119238,68781,13:10:40.609673
96.504743,119595,68862,13:10:40.660275
96.506611,119695,68911,13:10:40.660275
96.508471,119990,69029,13:10:40.660275
96.510381,120287,69454,13:10:40.660275
96.51227,120120,69450,13:10:40.660275
96.514126,120394,69314,13:10:40.660275
96.515982,120457,69171,13:10:40.660275
96.517843,120613,69306,13:10:40.660275
96.519699,120807,69548,13:10:40.660275
96.521556,120923,69558,13:10:40.660275
96.523412,121106,69449,13:10:40.660275
96.525274,121324,69771,13:10:40.660275
96.527133,121326,70025,13:10:40.660275
96.528989,121765,69993,13:10:40.660275
96.530847,121979,69976,13:10:40.660275
96.532704,122451,70501,13:10:40.660275
96.534562,122661,70398,13:10:40.660275
96.536418,122748,70840,13:10:40.660275
96.538275,123117,70906,13:10:40.660275
96.540133,123820,71407,13:10:40.660275
96.541994,124050,71549,13:10:40.660275
96.543854,124733,71767,13:10:40.660275
96.54571,125106,72297,13:10:40.660275
96.547568,125953,72467,13:10:40.660275
96.549425,126335,72925,13:10:40.660275
96.551281,126786,73259,13:10:40.660275
96.553139,127494,73538,13:10:40.660275
96.554996,128239,73738,13:10:40.706034
96.556868,129078,74503,13:10:40.706034
96.558728,129384,74423,13:10:40.706034
96.560642,130131,75146,13:10:40.706034
96.562505,130976,75650,13:10:40.706034
96.564361,131640,75788,13:10:40.706034
96.566226,132462,76136,13:10:40.706034
96.568082,133136,76772,13:10:40.706034
96.569938,133734,76901,13:10:40.706034
96.571797,134875,77713,13:10:40.706034
96.573653,135305,77799,13:10:40.706034
96.575511,135576,78243,13:10:40.706034
96.577368,136447,78657,13:10:40.706034
96.579228,137128,78669,13:10:40.706034
96.581086,137529,79390,13:10:40.706034
96.582943,138067,79514,13:10:40.706034
96.584805,138523,79568,13:10:40.706034
96.586661,138991,79820,13:10:40.706034
96.58852,139482,80131,13:10:40.706034
96.590378,139613,80294,13:10:40.706034
96.592235,140185,80546,13:10:40.706034
96.594091,140374,80560,13:10:40.706034
96.595949,140892,80946,13:10:40.707031
96.597808,141351,80954,13:10:40.707031
96.599664,141402,81480,13:10:40.707031
96.60153,141950,81724,13:10:40.707031
96.603387,142737,81496,13:10:40.707031
96.605243,143318,82186,13:10:40.754816
96.607105,143335,82529,13:10:40.754816
96.608966,144129,82770,13:10:40.754816
96.610896,144453,83006,13:10:40.754816
96.612762,145482,83386,13:10:40.754816
96.614618,145549,83579,13:10:40.755834
96.616477,145894,83628,13:10:40.755834
96.618333,146246,83983,13:10:40.755834
96.620189,147012,84175,13:10:40.755834
96.622046,147542,84611,13:10:40.755834
96.623912,147735,84911,13:10:40.755834
96.625768,148176,84875,13:10:40.755834
96.627625,148545,85291,13:10:40.755834
96.629483,149024,85497,13:10:40.755834
96.63134,149259,85683,13:10:40.755834
96.633196,149792,86061,13:10:40.755834
96.635054,150179,86084,13:10:40.755834
96.636911,150593,86601,13:10:40.755834
96.638769,151076,86736,13:10:40.755834
96.640625,151564,86803,13:10:40.755834
96.64249,151751,86910,13:10:40.755834
96.644346,151906,87512,13:10:40.755834
96.646202,152564,87646,13:10:40.755834
96.648061,153236,87806,13:10:40.755834
96.649917,153490,88117,13:10:40.755834
96.651775,153983,88610,13:10:40.755834
96.653632,154564,88621,13:10:40.755834
96.65549,155113,89157,13:10:40.806006
96.657362,155475,89310,13:10:40.806006
96.659228,156174,89726,13:10:40.806006
96.661131,156466,89822,13:10:40.806006
96.662987,156954,90387,13:10:40.806006
96.664846,157795,90403,13:10:40.806006
96.666705,158536,90997,13:10:40.806006
96.668582,158978,91184,13:10:40.806006
96.670441,159691,91856,13:10:40.808017
96.672297,160230,92126,13:10:40.808017
96.674153,160996,92335,13:10:40.808017
96.676012,161819,92770,13:10:40.808017
96.67787,162645,93253,13:10:40.808017
96.679729,163240,93748,13:10:40.808017
96.681585,163894,93931,13:10:40.808017
96.683449,164277,94499,13:10:40.808017
96.685306,165112,94515,13:10:40.808017
96.687162,165711,94927,13:10:40.808017
96.68902,165873,95095,13:10:40.808017
96.690877,166214,95433,13:10:40.808017
96.692733,166703,95914,13:10:40.808017
96.694589,167299,95922,13:10:40.808017
96.696449,167739,96188,13:10:40.808017
96.698306,168066,96134,13:10:40.808017
96.700169,168012,96515,13:10:40.808017
96.702027,168729,96860,13:10:40.808017
96.703883,169016,97326,13:10:40.808017
96.705745,169483,96882,13:10:40.857884
96.707608,169880,97416,13:10:40.857884
96.709472,170340,97325,13:10:40.857884
96.711376,170274,97861,13:10:40.857884
96.713235,170823,97832,13:10:40.857884
96.715095,171578,98462,13:10:40.857884
96.716953,171938,98448,13:10:40.857884
96.718817,172216,98901,13:10:40.857884
96.720674,172868,99185,13:10:40.857884
96.72253,173611,99738,13:10:40.857884
96.724389,174436,100223,13:10:40.857884
96.726245,174936,100466,13:10:40.857884
96.728102,175916,101044,13:10:40.857884
96.729958,176979,101094,13:10:40.857884
96.731814,177586,101691,13:10:40.857884
96.733671,178302,102221,13:10:40.857884
96.735527,178938,102787,13:10:40.857884
96.737387,180204,103344,13:10:40.858883
96.739244,180823,103764,13:10:40.858883
96.7411,181893,104316,13:10:40.858883
96.742958,182726,105059,13:10:40.858883
96.744815,183779,105299,13:10:40.858883
96.746673,184381,105947,13:10:40.858883
96.748529,185575,106124,13:10:40.858883
96.750388,186254,107029,13:10:40.858883
96.752246,187181,107492,13:10:40.858883
96.754102,188319,107749,13:10:40.858883
96.755977,188777,108485,13:10:40.908739
96.757839,189764,108903,13:10:40.908739
96.759703,190628,109239,13:10:40.908739
96.761602,191292,109574,13:10:40.908739
96.763492,192270,109806,13:10:40.908739
96.76535,192943,110319,13:10:40.908739
96.767209,193737,111099,13:10:40.908739
96.769065,194012,111025,13:10:40.908739
96.770923,194876,111481,13:10:40.908739
96.772782,195335,111769,13:10:40.908739
96.774638,195906,112186,13:10:40.908739
96.776494,196379,112412,13:10:40.908739
96.778353,196821,112507,13:10:40.908739
96.780209,197258,112615,13:10:40.908739
96.782065,197446,113222,13:10:40.908739
96.783924,197908,113162,13:10:40.908739
96.785782,198003,113304,13:10:40.908739
96.787641,198047,113353,13:10:40.908739
96.789497,198107,113272,13:10:40.908739
96.791353,198073,113342,13:10:40.908739
96.793212,198462,113193,13:10:40.908739
96.795074,197973,113292,13:10:40.908739
96.79693,197868,113270,13:10:40.908739
96.798787,198196,113462,13:10:40.908739
96.800645,198378,113308,13:10:40.908739
96.802501,197987,113154,13:10:40.908739
96.804358,198104,113377,13:10:40.908739
96.806222,198297,113451,13:10:40.960485
96.808082,198689,113583,13:10:40.960485
96.809955,199087,113930,13:10:40.960485
96.811837,199210,114182,13:10:40.960485
96.813695,200117,114390,13:10:40.960485
96.81558,200672,114929,13:10:40.960485
96.817436,201606,115397,13:10:40.960485
96.819294,202164,115794,13:10:40.960485
96.821151,202788,115983,13:10:40.960485
96.823007,203346,116136,13:10:40.960485
96.824865,203704,116439,13:10:40.960485
96.826722,204370,116693,13:10:40.960485
96.82858,204398,117074,13:10:40.960485
96.830436,204924,116973,13:10:40.960485
96.832299,205385,117035,13:10:40.960485
96.834155,205705,117542,13:10:40.960485
96.836012,206002,117800,13:10:40.960485
96.837874,206117,117567,13:10:40.960485
96.83973,206254,117969,13:10:40.960485
96.841589,206737,118124,13:10:40.960485
96.843444,206880,118256,13:10:40.960485
96.845301,207044,118234,13:10:40.960485
96.84716,207414,118613,13:10:40.960485
96.84902,207178,118271,13:10:40.960485
96.850876,207601,118532,13:10:40.960485
96.852733,207665,118578,13:10:40.960485
96.854591,207788,118939,13:10:40.960485
96.856457,208538,119195,13:10:41.011815
96.858318,208812,119260,13:10:41.011815
96.860214,209344,119514,13:10:41.011815
96.862084,209703,120044,13:10:41.011815
96.863946,210071,120180,13:10:41.011815
96.865807,210929,120432,13:10:41.011815
96.867668,211746,120926,13:10:41.012827
96.869525,212386,121616,13:10:41.012827
96.871384,213103,121903,13:10:41.012827
96.873284,214238,122432,13:10:41.012827
96.875142,215217,122854,13:10:41.012827
96.877001,215827,123420,13:10:41.012827
96.878859,216542,123775,13:10:41.012827
96.880715,217393,123969,13:10:41.012827
96.882576,217940,124656,13:10:41.012827
96.884432,218687,125054,13:10:41.012827
96.886288,219242,125038,13:10:41.012827
96.888147,219595,125322,13:10:41.012827
96.890003,219776,125417,13:10:41.012827
96.891862,220102,125610,13:10:41.012827
96.893718,220490,125691,13:10:41.012827
96.895578,220482,125711,13:10:41.012827
96.897437,220664,125900,13:10:41.012827
96.899303,221108,125972,13:10:41.012827
96.901159,221159,126182,13:10:41.012827
96.903016,221057,126427,13:10:41.012827
96.904874,221501,126499,13:10:41.062772
96.90674,221557,125964,13:10:41.062772
96.908601,221512,126151,13:10:41.062772
96.910513,221406,126293,13:10:41.062772
96.912373,220954,126225,13:10:41.062772
96.914229,220888,125519,13:10:41.062772
96.916088,220930,125908,13:10:41.062772
96.917946,220395,125455,13:10:41.062772
96.919808,220643,125641,13:10:41.062772
96.921665,220270,125722,13:10:41.062772
96.923523,220361,125488,13:10:41.062772
96.92538,220156,125604,13:10:41.062772
96.927236,219704,125288,13:10:41.062772
96.929092,220327,125358,13:10:41.062772
96.930949,220133,125509,13:10:41.062772
96.932805,220161,125191,13:10:41.062772
96.934661,220217,125570,13:10:41.062772
96.936522,220578,125824,13:10:41.062772
96.938378,220588,125838,13:10:41.062772
96.940234,221243,126106,13:10:41.062772
96.942093,221334,126089,13:10:41.062772
96.943949,221495,126397,13:10:41.062772
96.945807,221994,126620,13:10:41.062772
96.947664,222596,127028,13:10:41.062772
96.949524,223118,126981,13:10:41.062772
96.951382,223635,127495,13:10:41.062772
96.953239,224095,127672,13:10:41.062772
96.955099,224655,128137,13:10:41.116030
96.956975,225345,128235,13:10:41.116030
96.95884,225407,128486,13:10:41.116030
96.960746,225387,128558,13:10:41.116030
96.962606,225839,128648,13:10:41.116030
96.964467,225989,128811,13:10:41.116030
96.966335,226043,128835,13:10:41.116030
96.968234,224781,128960,13:10:41.116030
96.970091,226326,128846,13:10:41.116030
96.971948,226648,129154,13:10:41.116030
96.973808,226380,128913,13:10:41.116030
96.975664,226373,128894,13:10:41.116030
96.977521,226337,129003,13:10:41.116030
96.979379,226283,128803,13:10:41.116030
96.981236,226238,128873,13:10:41.116030
96.983094,225971,129075,13:10:41.116030
96.984952,225826,128697,13:10:41.116030
96.986813,226012,128816,13:10:41.116030
96.988669,226108,129070,13:10:41.116030
96.990525,226075,128918,13:10:41.116030
96.992384,226062,129126,13:10:41.116030
96.99424,226383,129043,13:10:41.116030
96.996098,226420,129062,13:10:41.116030
96.997955,226567,129400,13:10:41.116030
96.999811,226794,129147,13:10:41.116030
97.001669,226949,129456,13:10:41.116030
97.003532,227356,129854,13:10:41.116030
97.005388,227512,129722,13:10:41.166549
97.007257,227840,130044,13:10:41.166549
97.009121,228373,130291,13:10:41.166549
97.011027,228539,130524,13:10:41.170993
97.012883,229030,130830,13:10:41.170993
97.014742,229954,131029,13:10:41.170993
97.016598,229792,131261,13:10:41.170993
97.018456,230472,131629,13:10:41.170993
97.020313,231232,132122,13:10:41.170993
97.022193,231406,131877,13:10:41.170993
97.024067,231959,132516,13:10:41.170993
97.025924,232327,132495,13:10:41.170993
97.027782,232985,132749,13:10:41.170993
97.029638,233148,133004,13:10:41.170993
97.031504,233414,132756,13:10:41.170993
97.033361,233906,133227,13:10:41.170993
97.035217,233911,133265,13:10:41.170993
97.037076,234375,133471,13:10:41.170993
97.038932,234615,133682,13:10:41.170993
97.040789,235135,134102,13:10:41.170993
97.042645,235054,133899,13:10:41.170993
97.044501,235360,134097,13:10:41.170993
97.046358,235493,134337,13:10:41.171992
97.048214,235803,134625,13:10:41.171992
97.050076,235684,134254,13:10:41.171992
97.051933,235724,134577,13:10:41.171992
97.053791,235981,134174,13:10:41.171992
97.055653,236126,134480,13:10:41.217416
97.057518,236386,134600,13:10:41.217416
97.059384,236497,134863,13:10:41.217416
97.061288,236711,135089,13:10:41.217416
97.063148,237109,135132,13:10:41.217416
97.065007,237066,135306,13:10:41.217416
97.066866,237624,135247,13:10:41.217416
97.06873,237690,135667,13:10:41.217416
97.070587,236162,135511,13:10:41.217416
97.072451,238160,135673,13:10:41.217416
97.074315,237959,135539,13:10:41.217416
97.076171,238127,135815,13:10:41.217416
97.078029,238409,135767,13:10:41.217416
97.079886,238038,135541,13:10:41.217416
97.081742,238033,135750,13:10:41.217416
97.0836,238270,135590,13:10:41.217416
97.085459,238056,135810,13:10:41.217416
97.087317,238276,135657,13:10:41.217416
97.089173,238487,135724,13:10:41.217416
97.091034,238429,135583,13:10:41.217416
97.09289,238320,135693,13:10:41.217416
97.094747,238358,135993,13:10:41.217416
97.096605,238449,135728,13:10:41.217416
97.098461,238124,135890,13:10:41.217416
97.10032,238010,135841,13:10:41.217416
97.102176,237719,135498,13:10:41.217416
97.104036,237770,135561,13:10:41.217416
97.105905,237383,135416,13:10:41.267032
97.107771,237312,135275,13:10:41.267032
97.109634,237074,134946,13:10:41.267032
97.111529,236688,135042,13:10:41.267032
97.113386,236462,134805,13:10:41.268027
97.115244,236318,134642,13:10:41.268027
97.1171,236079,134568,13:10:41.268027
97.118959,235971,134625,13:10:41.268027
97.120817,236013,134080,13:10:41.268027
97.122691,233790,134364,13:10:41.268027
97.124554,236003,134598,13:10:41.268027
97.12641,236064,134400,13:10:41.268027
97.128266,236301,134970,13:10:41.268027
97.130123,236462,135015,13:10:41.268027
97.131981,237075,135125,13:10:41.268027
97.133838,237329,135426,13:10:41.268027
97.135694,237834,135736,13:10:41.268027
97.13755,238428,136201,13:10:41.268027
97.139407,238897,136282,13:10:41.268027
97.141263,239591,136518,13:10:41.268027
97.143119,239864,136850,13:10:41.268027
97.14498,240348,137518,13:10:41.268027
97.146836,240598,137271,13:10:41.268027
97.148692,241252,137682,13:10:41.268027
97.150551,241664,137847,13:10:41.268027
97.152407,241929,137875,13:10:41.268027
97.154265,242212,138272,13:10:41.268027
97.156134,242398,138079,13:10:41.319767
97.157994,242612,138273,13:10:41.319767
97.159866,242902,138426,13:10:41.319767
97.161769,242837,138350,13:10:41.319767
97.163635,243137,138604,13:10:41.319767
97.165491,243214,138644,13:10:41.319767
97.167348,243572,138840,13:10:41.319767
97.169206,244006,138933,13:10:41.319767
97.17107,243886,139156,13:10:41.319767
97.172931,242155,139207,13:10:41.319767
97.174789,244782,139417,13:10:41.319767
97.176683,245143,139489,13:10:41.319767
97.178545,244991,139556,13:10:41.319767
97.180442,245531,139938,13:10:41.319767
97.182298,245730,140050,13:10:41.319767
97.184157,245755,140380,13:10:41.319767
97.186016,246243,140194,13:10:41.319767
97.187875,246181,140113,13:10:41.319767
97.189732,246422,140281,13:10:41.319767
97.19159,246522,140402,13:10:41.319767
97.193449,246583,140560,13:10:41.319767
97.195307,246723,140599,13:10:41.319767
97.197167,246635,140673,13:10:41.319767
97.199023,247139,140746,13:10:41.319767
97.200882,246991,140912,13:10:41.319767
97.202738,247526,140935,13:10:41.319767
97.204594,247446,140899,13:10:41.319767
97.206461,247586,140903,13:10:41.370002
97.208326,247707,140986,13:10:41.370002
97.210227,247481,141008,13:10:41.370002
97.212167,247523,140934,13:10:41.370002
97.21403,247513,140656,13:10:41.370002
97.21589,247228,140845,13:10:41.370002
97.217748,247214,140806,13:10:41.370002
97.219607,247193,140884,13:10:41.370002
97.221463,247015,140623,13:10:41.370002
97.223321,246971,140476,13:10:41.370002
97.225186,246176,140627,13:10:41.370002
97.227072,246830,140468,13:10:41.370002
97.228928,246623,140483,13:10:41.370002
97.230787,246640,140670,13:10:41.370002
97.232645,246472,140232,13:10:41.370002
97.234503,246715,140548,13:10:41.370002
97.23636,246709,140356,13:10:41.370002
97.23822,246505,140231,13:10:41.370002
97.240076,246520,140426,13:10:41.370002
97.241933,246379,140285,13:10:41.370002
97.243791,246245,140345,13:10:41.370002
97.245647,246621,140648,13:10:41.370002
97.247506,246280,140620,13:10:41.370002
97.249362,246287,140468,13:10:41.370002
97.251222,246425,140393,13:10:41.370002
97.253081,246486,140515,13:10:41.370002
97.254945,246523,140521,13:10:41.425239
97.256813,246653,140436,13:10:41.425239
97.258674,246441,140564,13:10:41.425239
97.260584,246379,140343,13:10:41.425239
97.262442,246348,140484,13:10:41.425239
97.264298,246128,140547,13:10:41.425239
97.266157,246383,140792,13:10:41.425239
97.268013,246461,140313,13:10:41.425239
97.269874,246467,140328,13:10:41.425239
97.271732,246378,140595,13:10:41.425239
97.273595,246592,140633,13:10:41.425239
97.275453,244290,140228,13:10:41.425239
97.277315,246474,140292,13:10:41.425239
97.279177,246290,140322,13:10:41.425239
97.281034,246421,140440,13:10:41.425239
97.28289,246303,140090,13:10:41.425239
97.284748,245984,140394,13:10:41.425239
97.286605,246107,140626,13:10:41.425239
97.288463,246088,140189,13:10:41.425239
97.290319,246316,140258,13:10:41.425239
97.292182,246236,140154,13:10:41.425239
97.29404,245836,140296,13:10:41.425239
97.295906,245958,140275,13:10:41.425239
97.297763,246067,140213,13:10:41.425239
97.299619,245864,140146,13:10:41.425239
97.301477,246082,139947,13:10:41.425239
97.303334,245915,140186,13:10:41.425239
97.30519,245718,140014,13:10:41.472021
97.307068,245629,140072,13:10:41.472021
97.308929,245321,139945,13:10:41.472021
97.310821,244935,139872,13:10:41.472021
97.312681,244867,139476,13:10:41.472021
97.314541,244725,139652,13:10:41.472021
97.316402,244681,139282,13:10:41.472021
97.318258,244409,139138,13:10:41.472021
97.320117,244114,139024,13:10:41.472021
97.321973,243760,139185,13:10:41.472021
97.323829,243813,138743,13:10:41.472021
97.325688,243411,138898,13:10:41.472021
97.327558,242954,138544,13:10:41.472021
97.32943,243020,138647,13:10:41.472021
97.331287,242998,138573,13:10:41.472021
97.333143,243052,138456,13:10:41.472021
97.335001,242913,138644,13:10:41.472021
97.336865,243086,138587,13:10:41.472021
97.338722,242787,138477,13:10:41.472021
97.340578,242931,138398,13:10:41.473027
97.342437,243093,138358,13:10:41.473027
97.344293,242745,138257,13:10:41.473027
97.346149,243107,138413,13:10:41.473027
97.348006,242929,138527,13:10:41.473027
97.349864,243136,138731,13:10:41.473027
97.35172,243062,138630,13:10:41.473027
97.353577,243073,138883,13:10:41.473027
97.355444,243595,138663,13:10:41.525086
97.357315,243707,139016,13:10:41.525701
97.359176,243663,138994,13:10:41.525701
97.361074,243729,139317,13:10:41.525701
97.362934,243897,139079,13:10:41.525701
97.364793,244111,139125,13:10:41.525701
97.366651,244366,139486,13:10:41.525701
97.368509,244188,139024,13:10:41.525701
97.370368,244275,139223,13:10:41.525701
97.372224,244787,139639,13:10:41.525701
97.374084,244926,139661,13:10:41.525701
97.375947,245124,139634,13:10:41.525701
97.377806,243532,139653,13:10:41.525701
97.379667,245373,139893,13:10:41.525701
97.381526,245928,139932,13:10:41.525701
97.383384,246219,140251,13:10:41.525701
97.38524,246156,140365,13:10:41.525701
97.387097,246604,140530,13:10:41.525701
97.388955,246634,140626,13:10:41.525701
97.390812,247048,140782,13:10:41.525701
97.39267,247138,140868,13:10:41.525701
97.394526,247440,141376,13:10:41.525701
97.396384,247902,141328,13:10:41.525701
97.398241,248159,141278,13:10:41.525701
97.400097,248387,141791,13:10:41.525701
97.401956,248588,141873,13:10:41.525701
97.403812,248937,142079,13:10:41.525701
97.405672,249543,142149,13:10:41.575411
97.407541,249509,142651,13:10:41.575411
97.409403,249790,142593,13:10:41.575411
97.411297,249993,142971,13:10:41.575411
97.413155,250554,143067,13:10:41.575411
97.415014,251097,142938,13:10:41.575411
97.416874,251090,143396,13:10:41.575411
97.418732,251117,143594,13:10:41.575411
97.420591,251842,144054,13:10:41.575411
97.422448,252404,144280,13:10:41.575411
97.424306,252919,144772,13:10:41.575411
97.426162,253663,144766,13:10:41.575411
97.428022,253802,145258,13:10:41.575411
97.429902,254133,145087,13:10:41.575411
97.43177,254838,145524,13:10:41.575411
97.433627,255245,145798,13:10:41.575411
97.435483,255743,146006,13:10:41.575411
97.437342,255842,146070,13:10:41.575411
97.439198,255998,146007,13:10:41.575411
97.441055,256166,146140,13:10:41.575411
97.442913,256289,146149,13:10:41.575411
97.444771,256622,146354,13:10:41.575411
97.44663,256586,146626,13:10:41.575411
97.448486,256585,146265,13:10:41.575411
97.450348,256596,146671,13:10:41.575411
97.452205,256852,146303,13:10:41.575411
97.454061,256630,146372,13:10:41.575411
97.455921,256546,146469,13:10:41.627232
97.457784,256441,146637,13:10:41.627232
97.459648,256700,146239,13:10:41.627232
97.461546,256308,146185,13:10:41.627232
97.463405,256299,146279,13:10:41.627232
97.465263,255854,146035,13:10:41.627232
97.467119,256057,146020,13:10:41.627232
97.46898,256142,145894,13:10:41.627232
97.470836,255557,145966,13:10:41.627232
97.472692,255056,145929,13:10:41.627232
97.474551,255181,145680,13:10:41.627232
97.476407,255116,145724,13:10:41.627232
97.478269,254781,145529,13:10:41.627232
97.480126,254287,145415,13:10:41.627232
97.481984,254422,145410,13:10:41.627232
97.483842,254256,144896,13:10:41.627852
97.485698,254206,145193,13:10:41.627852
97.487587,253781,144745,13:10:41.627852
97.489444,253555,144801,13:10:41.627852
97.491308,253492,144467,13:10:41.627852
97.493164,253452,144403,13:10:41.627852
97.49502,253052,144551,13:10:41.627852
97.496879,252935,144370,13:10:41.627852
97.498735,253042,144327,13:10:41.627852
97.500594,252854,144199,13:10:41.627852
97.50245,252700,144187,13:10:41.627852
97.504306,252465,143965,13:10:41.627852
97.506169,252325,143958,13:10:41.678565
97.508034,252382,144013,13:10:41.678565
97.509903,252086,143965,13:10:41.678565
97.511791,251885,143725,13:10:41.678565
97.513648,252024,143731,13:10:41.678565
97.515506,251930,143952,13:10:41.678565
97.517362,252059,143897,13:10:41.678565
97.519221,252044,143882,13:10:41.678565
97.521083,251362,143878,13:10:41.678565
97.522945,251501,143615,13:10:41.678565
97.524806,251451,143990,13:10:41.678565
97.526662,251793,144035,13:10:41.678565
97.528524,251972,143922,13:10:41.678565
97.530381,252467,144467,13:10:41.678565
97.532239,251162,144555,13:10:41.678565
97.534098,252827,144330,13:10:41.678565
97.535954,253282,144774,13:10:41.678565
97.537812,253607,145086,13:10:41.678565
97.539671,253987,145116,13:10:41.678565
97.541529,254097,145221,13:10:41.678565
97.543385,254471,145245,13:10:41.678565
97.545246,254714,145347,13:10:41.678565
97.547102,254704,145362,13:10:41.678565
97.548958,254932,145414,13:10:41.678565
97.550817,254806,145409,13:10:41.678565
97.552673,254778,145412,13:10:41.678565
97.554531,254583,145346,13:10:41.678565
97.556398,254443,145206,13:10:41.729654
97.558258,254445,145040,13:10:41.729654
97.560136,253990,144735,13:10:41.729654
97.562013,253407,144673,13:10:41.729654
97.563877,253251,144479,13:10:41.729654
97.565733,252543,144437,13:10:41.729654
97.56759,252272,143984,13:10:41.729654
97.56945,251625,143364,13:10:41.729654
97.571306,251111,143096,13:10:41.729654
97.573165,250329,143169,13:10:41.729654
97.575021,250185,142703,13:10:41.729654
97.576889,249862,142263,13:10:41.729654
97.578746,249546,142373,13:10:41.729654
97.580608,248834,142437,13:10:41.729654
97.582473,247755,142425,13:10:41.729654
97.58436,249251,142285,13:10:41.729654
97.586221,248943,142186,13:10:41.729654
97.588077,248982,142229,13:10:41.729654
97.589933,249240,142308,13:10:41.729654
97.591796,249632,142382,13:10:41.729654
97.593652,249797,142553,13:10:41.729654
97.595511,250060,143201,13:10:41.729654
97.597367,250179,143081,13:10:41.729654
97.599223,250616,143506,13:10:41.729654
97.601082,251361,143743,13:10:41.729654
97.602941,251762,144012,13:10:41.729654
97.6048,252525,144026,13:10:41.788609
97.606661,252570,144275,13:10:41.788609
97.608523,253134,144652,13:10:41.788609
97.610431,253194,144630,13:10:41.789608
97.612294,253411,144867,13:10:41.789608
97.614154,253703,145158,13:10:41.789608
97.61601,253450,144717,13:10:41.789608
97.617869,253951,145012,13:10:41.789608
97.619727,253639,144911,13:10:41.789608
97.621589,253745,145064,13:10:41.789608
97.623449,254026,145165,13:10:41.789608
97.625306,253756,144853,13:10:41.789608
97.62717,253624,144431,13:10:41.791608
97.629029,253276,144504,13:10:41.791608
97.630885,252811,144566,13:10:41.791608
97.632746,252676,144642,13:10:41.791608
97.634632,250789,144119,13:10:41.791608
97.636494,252470,144183,13:10:41.791608
97.63835,252426,144004,13:10:41.791608
97.640207,252227,144379,13:10:41.791608
97.642065,252178,144265,13:10:41.791608
97.643921,252190,144076,13:10:41.791608
97.64578,252285,144131,13:10:41.791608
97.647636,252257,144270,13:10:41.791608
97.649492,252546,144439,13:10:41.791608
97.651349,252941,144555,13:10:41.791608
97.653215,252839,144539,13:10:41.791608
97.655071,253431,144677,13:10:41.831725
97.656944,253663,145061,13:10:41.831725
97.658806,253732,145096,13:10:41.831725
97.660696,254040,145167,13:10:41.831725
97.662558,253917,145197,13:10:41.831725
97.664417,254279,145321,13:10:41.831725
97.666273,254462,145382,13:10:41.831725
97.668132,254216,145158,13:10:41.831725
97.669988,254552,145344,13:10:41.831725
97.671845,254519,145472,13:10:41.831725
97.673703,254484,145533,13:10:41.831725
97.675559,254752,145257,13:10:41.831725
97.677417,254446,145201,13:10:41.831725
97.679274,254438,145391,13:10:41.831725
97.68113,254424,145222,13:10:41.831725
97.68299,254224,145376,13:10:41.831725
97.68485,254223,145303,13:10:41.831725
97.686707,254225,145357,13:10:41.831725
97.688563,254220,145284,13:10:41.831725
97.690422,254197,145416,13:10:41.831725
97.692314,253235,145252,13:10:41.831725
97.694183,254391,145240,13:10:41.831725
97.696041,254022,145244,13:10:41.831725
97.697897,254348,145319,13:10:41.831725
97.699759,254238,145306,13:10:41.831725
97.701616,254231,145417,13:10:41.831725
97.703472,254518,145248,13:10:41.831725
97.705332,254385,145481,13:10:41.881236
97.707201,254583,145447,13:10:41.881236
97.709063,254878,145637,13:10:41.881236
97.710967,254743,145812,13:10:41.881236
97.712823,255081,145532,13:10:41.881236
97.714682,254835,145902,13:10:41.881236
97.71654,254977,145810,13:10:41.881236
97.718404,255386,145915,13:10:41.881236
97.720261,255421,145871,13:10:41.881236
97.722117,254862,145961,13:10:41.881236
97.723975,254961,145745,13:10:41.881236
97.725834,254862,145706,13:10:41.881236
97.727692,255040,145673,13:10:41.881236
97.729549,254867,145979,13:10:41.881236
97.731405,254471,145398,13:10:41.881236
97.733263,254586,145325,13:10:41.881236
97.73512,254290,145407,13:10:41.881236
97.736984,252219,145430,13:10:41.881236
97.738886,254155,145135,13:10:41.881236
97.740742,254137,144976,13:10:41.881236
97.742601,253924,144819,13:10:41.882222
97.744457,253793,145075,13:10:41.882222
97.746313,253672,144905,13:10:41.882222
97.74817,253458,144759,13:10:41.882222
97.750028,253367,144558,13:10:41.882222
97.751885,253032,144568,13:10:41.882222
97.753741,252836,144414,13:10:41.882222
97.755603,252922,144655,13:10:41.936406
97.757464,252516,144333,13:10:41.936406
97.759326,252678,144322,13:10:41.936406
97.761242,252291,143980,13:10:41.936406
97.763105,252364,144097,13:10:41.936406
97.764963,252303,144063,13:10:41.936406
97.766819,251654,143795,13:10:41.936406
97.768677,251742,144173,13:10:41.936406
97.770536,251689,143841,13:10:41.937840
97.772392,251854,143973,13:10:41.937840
97.774248,252037,143985,13:10:41.937840
97.776107,251617,144077,13:10:41.937840
97.777965,252039,143840,13:10:41.937840
97.779824,251986,144094,13:10:41.937840
97.781682,252181,143925,13:10:41.937840
97.783538,252276,144158,13:10:41.937840
97.785398,252756,144363,13:10:41.937840
97.787267,251626,144771,13:10:41.937840
97.789147,252745,144531,13:10:41.937840
97.791007,253137,144414,13:10:41.937840
97.792866,253126,144707,13:10:41.937840
97.794722,253450,144641,13:10:41.937840
97.79658,253393,144714,13:10:41.937840
97.798437,253401,144618,13:10:41.937840
97.800295,253460,144600,13:10:41.937840
97.802152,253451,144558,13:10:41.937840
97.804008,253322,144378,13:10:41.937840
97.805876,253000,144451,13:10:41.987440
97.807737,253130,144161,13:10:41.987440
97.8096,252747,144499,13:10:41.987440
97.811505,252607,144441,13:10:41.987440
97.813361,252544,144258,13:10:41.987440
97.81522,252334,144233,13:10:41.987440
97.817076,251903,143853,13:10:41.987440
97.818934,251830,143692,13:10:41.987440
97.820793,251702,143903,13:10:41.987440
97.822651,251558,143937,13:10:41.987440
97.824509,251641,143643,13:10:41.987440
97.826375,251875,143607,13:10:41.987440
97.828234,251305,143940,13:10:41.987440
97.830091,251614,143886,13:10:41.987440
97.831949,251892,143715,13:10:41.987440
97.833805,251424,143745,13:10:41.987440
97.835662,251779,143806,13:10:41.987440
97.837523,251540,144208,13:10:41.987440
97.839398,252118,144132,13:10:41.987440
97.841262,252184,144303,13:10:41.987440
97.843123,251545,144277,13:10:41.987440
97.844979,252443,144079,13:10:41.987440
97.846838,252299,144018,13:10:41.987440
97.848695,252659,144014,13:10:41.987440
97.850552,252569,144381,13:10:41.987440
97.852409,252556,144361,13:10:41.987440
97.854271,252508,144443,13:10:41.987440
97.856137,252576,144432,13:10:42.037645
97.857998,252486,144278,13:10:42.037645
97.859875,252476,144034,13:10:42.037645
97.861772,252144,144260,13:10:42.037645
97.863628,252025,144136,13:10:42.037645
97.865487,251946,143877,13:10:42.037645
97.867343,251745,143904,13:10:42.037645
97.869201,251400,143647,13:10:42.037645
97.871058,251474,143875,13:10:42.037645
97.872924,251726,143738,13:10:42.037645
97.874782,251609,143695,13:10:42.037645
97.876639,251483,143824,13:10:42.037645
97.878497,251752,143783,13:10:42.037645
97.880353,251349,143806,13:10:42.037645
97.882212,251777,143854,13:10:42.037645
97.884068,252014,144101,13:10:42.037645
97.885925,252216,143920,13:10:42.037645
97.887789,251936,144040,13:10:42.037645
97.889646,252461,144043,13:10:42.037645
97.891507,251183,144225,13:10:42.037645
97.893364,252842,144496,13:10:42.037645
97.895228,253072,144489,13:10:42.037645
97.897088,252905,144567,13:10:42.037645
97.898974,253229,144713,13:10:42.037645
97.900831,253642,144628,13:10:42.037645
97.902687,253513,144829,13:10:42.037645
97.904552,253530,144843,13:10:42.037645
97.90642,253415,144868,13:10:42.087930
97.908281,253350,144753,13:10:42.087930
97.910165,253146,144514,13:10:42.087930
97.912039,253062,144431,13:10:42.087930
97.913895,252929,144350,13:10:42.087930
97.915754,252935,144227,13:10:42.087930
97.917617,252345,144319,13:10:42.087930
97.919476,252590,144226,13:10:42.087930
97.921333,252361,143979,13:10:42.087930
97.923191,252096,144022,13:10:42.087930
97.925047,252027,143638,13:10:42.087930
97.926904,251985,143972,13:10:42.087930
97.928762,252098,144036,13:10:42.087930
97.930619,251650,144226,13:10:42.087930
97.932477,251935,143879,13:10:42.087930
97.934333,251664,144136,13:10:42.087930
97.936196,252121,144038,13:10:42.087930
97.938052,252405,144043,13:10:42.087930
97.939911,251886,144253,13:10:42.087930
97.941802,250587,144147,13:10:42.087930
97.943665,252679,144590,13:10:42.087930
97.945527,252713,144390,13:10:42.087930
97.947386,252632,144422,13:10:42.087930
97.949252,252999,144482,13:10:42.087930
97.951108,252974,144293,13:10:42.087930
97.952965,253256,144722,13:10:42.087930
97.954823,253262,144750,13:10:42.105369
97.956691,253131,144650,13:10:42.105369
97.958552,253066,144639,13:10:42.105369
97.960454,253258,144602,13:10:42.105369
97.962312,253259,144280,13:10:42.105369
97.964168,252987,144532,13:10:42.105369
97.966025,253086,144463,13:10:42.105369
97.967881,252785,144387,13:10:42.105369
97.96974,252715,144161,13:10:42.105369
97.9716,252519,144195,13:10:42.105369
97.973458,252771,144134,13:10:42.105369
97.975315,252324,144231,13:10:42.105369
97.977171,252667,144203,13:10:42.105369
97.979027,252514,143990,13:10:42.105369
97.980887,252514,144059,13:10:42.105369
97.982744,252552,144190,13:10:42.105369
97.984604,252293,144167,13:10:42.105369
97.986469,252618,144295,13:10:42.105369
97.988326,252637,144231,13:10:42.105369
97.990192,252795,144436,13:10:42.105369
97.99208,252370,144572,13:10:42.105369
97.993938,252782,144181,13:10:42.105369
97.995802,252965,144066,13:10:42.105369
97.997661,252710,144502,13:10:42.105369
97.999517,253127,144539,13:10:42.105369
98.001377,253285,144536,13:10:42.105369
98.003234,253247,144489,13:10:42.105369
98.005092,253010,144680,13:10:42.155295
98.006959,253058,144421,13:10:42.155295
98.008819,253221,144438,13:10:42.155295
98.010723,252996,144386,13:10:42.155295
98.012583,253016,144475,13:10:42.155295
98.01445,252862,144432,13:10:42.155295
98.016306,253082,144295,13:10:42.155295
98.018163,252572,144103,13:10:42.155295
98.020021,252619,144203,13:10:42.155295
98.021877,252381,143960,13:10:42.155295
98.023734,252373,143877,13:10:42.155295
98.02559,252230,144033,13:10:42.155295
98.027449,252363,143931,13:10:42.155295
98.029307,251844,143972,13:10:42.155295
98.03117,251951,143816,13:10:42.155295
98.033027,252220,143936,13:10:42.155295
98.034884,252218,144030,13:10:42.155295
98.036742,252273,143986,13:10:42.155295
98.038598,252415,143914,13:10:42.155295
98.040455,252655,143835,13:10:42.155295
98.042313,252612,144260,13:10:42.155295
98.044187,252666,144064,13:10:42.155295
98.046046,252773,144355,13:10:42.155295
98.047902,252903,144380,13:10:42.155295
98.04976,253072,144699,13:10:42.155295
98.051619,253177,144753,13:10:42.155295
98.053481,253318,144715,13:10:42.155295
98.055337,253324,144790,13:10:42.206383
98.057206,253599,144894,13:10:42.206383
98.05907,253711,144651,13:10:42.206383
98.06097,253383,144924,13:10:42.206383
98.062827,253655,144728,13:10:42.206383
98.064685,253473,144672,13:10:42.206383
98.066541,253313,144442,13:10:42.206383
98.0684,253248,144367,13:10:42.206383
98.070258,253205,144435,13:10:42.206383
98.072116,253263,144203,13:10:42.206383
98.073979,252899,144316,13:10:42.206383
98.075835,252822,144120,13:10:42.206383
98.077693,252558,144144,13:10:42.206383
98.07955,252585,143800,13:10:42.206383
98.081406,252364,144172,13:10:42.206383
98.083264,252147,144045,13:10:42.206383
98.085125,252225,144044,13:10:42.206383
98.086983,252185,143826,13:10:42.206383
98.088839,252392,143792,13:10:42.206383
98.0907,252226,143694,13:10:42.206383
98.09256,252279,143844,13:10:42.206383
98.094417,252441,144219,13:10:42.206383
98.096275,252483,143988,13:10:42.206383
98.098133,252483,144163,13:10:42.206383
98.099992,252554,143988,13:10:42.206383
98.101848,252687,144173,13:10:42.206383
98.103704,253012,144549,13:10:42.206383
98.105565,252894,144113,13:10:42.255023
98.107428,252977,144430,13:10:42.255023
98.109294,252923,144277,13:10:42.255023
98.111225,252975,144516,13:10:42.255023
98.113088,253050,144571,13:10:42.255023
98.114944,252850,144722,13:10:42.255023
98.116802,253057,144485,13:10:42.255023
98.118661,252683,144272,13:10:42.255023
98.120517,252743,144178,13:10:42.255023
98.122377,252723,144233,13:10:42.255023
98.124236,252882,144276,13:10:42.255023
98.126092,252941,144389,13:10:42.255023
98.127951,252788,144254,13:10:42.255023
98.129807,252855,144365,13:10:42.255023
98.131665,252406,144129,13:10:42.255023
98.133522,252298,144195,13:10:42.255023
98.13538,252426,144085,13:10:42.255023
98.137238,252605,143943,13:10:42.255023
98.139095,252281,144059,13:10:42.255023
98.140953,252657,144175,13:10:42.255023
98.142809,252665,144405,13:10:42.255023
98.144666,252612,144074,13:10:42.255023
98.146522,252213,144098,13:10:42.255023
98.148386,252882,144371,13:10:42.255023
98.150243,252882,144292,13:10:42.255023
98.152099,252652,144245,13:10:42.255023
98.153957,252823,144210,13:10:42.255023
98.15583,252815,144461,13:10:42.304775
98.157694,252847,144313,13:10:42.304775
98.159558,252833,144341,13:10:42.304775
98.161472,252722,144323,13:10:42.304775
98.163329,252992,144594,13:10:42.304775
98.165185,252948,144395,13:10:42.304775
98.167043,253044,144326,13:10:42.304775
98.168902,252597,144291,13:10:42.304775
98.170758,252612,144299,13:10:42.304775
98.172625,252778,144441,13:10:42.304775
98.174481,252663,144042,13:10:42.304775
98.176337,252620,144412,13:10:42.304775
98.178196,252491,144035,13:10:42.304775
98.180052,252625,144013,13:10:42.304775
98.181908,252422,143942,13:10:42.304775
98.183765,252331,144032,13:10:42.304775
98.185621,252529,143832,13:10:42.304775
98.187477,252046,143856,13:10:42.304775
98.189334,252178,143627,13:10:42.304775
98.191196,252314,143688,13:10:42.304775
98.193054,252240,144088,13:10:42.304775
98.194927,252396,144000,13:10:42.305776
98.196785,252332,143859,13:10:42.305776
98.198641,252228,143899,13:10:42.305776
98.2005,252126,144082,13:10:42.305776
98.202364,252274,143974,13:10:42.305776
98.20425,252389,144071,13:10:42.305776
98.206119,252501,144058,13:10:42.359525
98.207982,252612,144065,13:10:42.359525
98.209849,252484,143917,13:10:42.359525
98.211749,252810,143890,13:10:42.359525
98.213606,252890,144105,13:10:42.359525
98.215464,252812,144231,13:10:42.359525
98.217325,252741,144334,13:10:42.359525
98.219185,252847,144168,13:10:42.359525
98.221041,252813,144086,13:10:42.359525
98.222901,253007,144149,13:10:42.359525
98.224758,252733,144139,13:10:42.359525
98.226614,252821,143948,13:10:42.359525
98.228473,252549,144222,13:10:42.359525
98.230329,252607,144037,13:10:42.359525
98.232187,252675,143923,13:10:42.359525
98.234044,252687,144111,13:10:42.359525
98.235902,252502,144046,13:10:42.359525
98.237758,252652,143954,13:10:42.359525
98.239615,252396,143959,13:10:42.359525
98.241477,252641,143967,13:10:42.359525
98.243333,252382,143986,13:10:42.359525
98.245192,252564,143711,13:10:42.359525
98.247048,252178,143779,13:10:42.359525
98.248904,252307,144071,13:10:42.359525
98.250763,251905,143724,13:10:42.359525
98.252624,252236,143682,13:10:42.359525
98.254481,252105,143741,13:10:42.359525
98.25634,252078,143832,13:10:42.406530
98.258206,252137,143876,13:10:42.406530
98.260094,252050,143677,13:10:42.406530
98.26198,251919,143731,13:10:42.406530
98.263839,252109,143929,13:10:42.406530
98.265695,252322,143519,13:10:42.406530
98.267552,252511,143771,13:10:42.406530
98.26941,252198,143995,13:10:42.407528
98.271272,252319,144206,13:10:42.407528
98.273131,252433,143991,13:10:42.407528
98.274987,252463,143981,13:10:42.407528
98.276853,252463,143863,13:10:42.407528
98.27871,252351,143732,13:10:42.407528
98.280566,252236,144260,13:10:42.407528
98.282424,252354,143892,13:10:42.407528
98.284281,252728,144140,13:10:42.407528
98.286139,252705,143987,13:10:42.407528
98.287995,252794,144084,13:10:42.407528
98.289854,252705,144084,13:10:42.407528
98.291712,252858,144208,13:10:42.407528
98.293574,252402,144288,13:10:42.407528
98.295432,252391,143922,13:10:42.407528
98.297299,252394,143863,13:10:42.407528
98.299165,252558,143817,13:10:42.407528
98.301022,252506,143997,13:10:42.407528
98.302899,252520,143998,13:10:42.407528
98.30477,252476,143876,13:10:42.455116
98.306644,252424,143815,13:10:42.455116
98.308505,252623,144102,13:10:42.455116
98.310415,252270,143785,13:10:42.455116
98.312334,252555,144049,13:10:42.455116
98.314207,252439,143926,13:10:42.455116
98.31607,252611,143997,13:10:42.455116
98.317926,252335,143909,13:10:42.455116
98.319786,252239,143963,13:10:42.455116
98.321643,252401,143685,13:10:42.455116
98.323499,252606,143838,13:10:42.455116
98.325357,252592,144012,13:10:42.455116
98.327216,252590,143987,13:10:42.455116
98.329074,252527,144119,13:10:42.455116
98.330931,252615,143974,13:10:42.455116
98.332791,252577,144180,13:10:42.455116
98.334647,252691,144095,13:10:42.455116
98.336504,252392,143931,13:10:42.455116
98.338362,252681,144127,13:10:42.455116
98.340218,252611,144003,13:10:42.455116
98.342077,252691,143893,13:10:42.455116
98.343933,252351,143752,13:10:42.455116
98.345793,252353,143863,13:10:42.455116
98.347652,252571,144051,13:10:42.455116
98.349518,252290,143920,13:10:42.455116
98.351378,252548,143886,13:10:42.455116
98.353235,252362,144278,13:10:42.455116
98.355091,252456,143862,13:10:42.505773
98.356961,252560,143865,13:10:42.505773
98.358822,252475,143840,13:10:42.505773
98.360748,252181,143636,13:10:42.505773
98.362604,252076,143688,13:10:42.505773
98.364461,252233,143813,13:10:42.505773
98.366317,252621,143730,13:10:42.505773
98.368175,252355,143798,13:10:42.505773
98.370034,252379,143924,13:10:42.505773
98.37189,252350,144188,13:10:42.505773
98.373756,252745,144133,13:10:42.505773
98.375613,252899,144016,13:10:42.505773
98.377469,252762,143998,13:10:42.505773
98.379327,252733,143943,13:10:42.505773
98.381184,252795,143884,13:10:42.505773
98.383042,252771,144304,13:10:42.505773
98.384898,252731,144046,13:10:42.505773
98.386755,253149,144241,13:10:42.505773
98.388613,253099,144267,13:10:42.505773
98.390479,252914,144027,13:10:42.505773
98.392336,252864,144143,13:10:42.505773
98.394192,253191,144223,13:10:42.505773
98.39605,252920,144372,13:10:42.505773
98.397907,253103,144082,13:10:42.505773
98.399763,252981,144074,13:10:42.505773
98.401622,252913,144177,13:10:42.505773
98.403478,252920,144119,13:10:42.505773
98.405334,252930,144362,13:10:42.555215
98.407203,252739,144099,13:10:42.555215
98.409071,252764,144182,13:10:42.555215
98.410987,252410,144031,13:10:42.555215
98.412849,252442,143843,13:10:42.555215
98.414716,252592,144094,13:10:42.555215
98.416572,252397,143963,13:10:42.555215
98.418428,252444,143853,13:10:42.555215
98.420287,252587,144069,13:10:42.555215
98.422143,252461,144041,13:10:42.555215
98.423999,252646,143856,13:10:42.555215
98.425856,252661,144154,13:10:42.555215
98.427712,252708,143960,13:10:42.555215
98.42957,252586,143755,13:10:42.555215
98.431436,252611,144083,13:10:42.555215
98.433293,252700,144355,13:10:42.555215
98.435149,252949,144308,13:10:42.555215
98.437008,252800,143976,13:10:42.555215
98.438866,252946,144203,13:10:42.555215
98.440722,252815,144405,13:10:42.555215
98.442581,253192,144250,13:10:42.555215
98.444437,253290,144425,13:10:42.555215
98.446294,252987,144267,13:10:42.555215
98.44815,253212,144329,13:10:42.555215
98.450014,253031,144248,13:10:42.555215
98.451875,252802,144170,13:10:42.555215
98.453734,253116,144190,13:10:42.555215
98.455599,253142,144414,13:10:42.605218
98.457464,253029,144612,13:10:42.605218
98.459331,253019,144285,13:10:42.605218
98.461257,252448,144310,13:10:42.605218
98.463128,252941,144360,13:10:42.605218
98.464993,253019,144122,13:10:42.605218
98.466849,252852,143998,13:10:42.605218
98.468705,253011,144464,13:10:42.606231
98.470564,252759,144267,13:10:42.606231
98.47242,253145,144362,13:10:42.606231
98.474278,252824,144294,13:10:42.606231
98.476135,252928,144145,13:10:42.607227
98.477995,252964,144459,13:10:42.607227
98.479853,253244,144217,13:10:42.607227
98.481719,253004,144407,13:10:42.607227
98.483576,253159,144424,13:10:42.607227
98.485432,252946,144446,13:10:42.607227
98.487291,253362,144411,13:10:42.607227
98.489147,253195,144382,13:10:42.607227
98.491003,253356,144517,13:10:42.607227
98.49286,253251,144526,13:10:42.607227
98.494716,253256,144582,13:10:42.607227
98.496572,253199,144313,13:10:42.607227
98.498429,253274,144679,13:10:42.607227
98.500292,253255,144383,13:10:42.607227
98.502151,253275,144427,13:10:42.607227
98.504008,253224,144441,13:10:42.607227
98.505876,253111,144367,13:10:42.657001
98.50774,252951,144519,13:10:42.657001
98.509604,253155,144598,13:10:42.657001
98.511519,253226,144435,13:10:42.657001
98.513379,253022,144330,13:10:42.657001
98.515238,252927,144046,13:10:42.657001
98.517094,252926,144217,13:10:42.657001
98.518954,252960,144327,13:10:42.657001
98.520811,252725,144297,13:10:42.657001
98.522667,252919,144135,13:10:42.657001
98.524529,253080,144212,13:10:42.657001
98.526386,252915,144313,13:10:42.657001
98.528244,253179,144423,13:10:42.657001
98.5301,252874,144466,13:10:42.658002
98.531957,252904,144344,13:10:42.658002
98.533815,253068,144340,13:10:42.658002
98.535674,253113,144725,13:10:42.658002
98.537532,253482,144486,13:10:42.658002
98.539388,253348,144613,13:10:42.658002
98.541248,253401,144395,13:10:42.658002
98.543105,253218,144337,13:10:42.658002
98.544961,253606,144336,13:10:42.658002
98.546819,253256,144390,13:10:42.658002
98.548676,253254,144639,13:10:42.658002
98.550534,253559,144472,13:10:42.658002
98.552391,253319,144460,13:10:42.658002
98.554251,253395,144397,13:10:42.658002
98.556111,253180,144697,13:10:42.707186
98.557975,253074,144679,13:10:42.707186
98.559848,253361,144620,13:10:42.707186
98.561766,253405,144500,13:10:42.707186
98.563624,253565,144386,13:10:42.707186
98.565485,253153,144575,13:10:42.707186
98.567341,252973,144216,13:10:42.707186
98.569199,252786,144269,13:10:42.707186
98.571056,253189,144199,13:10:42.707186
98.572912,253011,144547,13:10:42.707186
98.57477,252986,144455,13:10:42.707186
98.576633,252961,144536,13:10:42.707186
98.578491,253164,144231,13:10:42.707186
98.580348,253143,144237,13:10:42.707186
98.582208,252850,144316,13:10:42.707186
98.584064,253207,144437,13:10:42.707186
98.585921,252991,144382,13:10:42.707186
98.587779,252738,144460,13:10:42.707186
98.589635,253297,144149,13:10:42.707186
98.591494,253067,144548,13:10:42.707186
98.59335,253108,144376,13:10:42.707186
98.59521,252941,144231,13:10:42.707186
98.597069,253167,144511,13:10:42.707186
98.598935,253181,144151,13:10:42.707186
98.600791,253195,144377,13:10:42.707186
98.602648,253091,144403,13:10:42.707186
98.604526,253180,144499,13:10:42.707186
98.606392,252847,144265,13:10:42.755014
98.608258,253230,144390,13:10:42.755014
98.610137,253118,144480,13:10:42.755014
98.612015,252900,144330,13:10:42.755014
98.613907,252864,144508,13:10:42.755014
98.615768,253014,144156,13:10:42.755014
98.617624,252985,144205,13:10:42.755014
98.619482,253250,144208,13:10:42.755014
98.621339,253180,144258,13:10:42.755014
98.623195,253149,144549,13:10:42.755014
98.625054,253121,144123,13:10:42.756013
98.626916,252862,144312,13:10:42.756013
98.628774,253004,144279,13:10:42.756013
98.630631,252995,144156,13:10:42.756013
98.632491,253070,144465,13:10:42.756013
98.634347,253154,144171,13:10:42.756013
98.636204,253116,144490,13:10:42.756013
98.638062,253138,144382,13:10:42.756013
98.639918,253024,144494,13:10:42.756013
98.641777,253334,144194,13:10:42.756013
98.643633,253130,144398,13:10:42.756013
98.645493,252881,144283,13:10:42.756013
98.647352,253176,144256,13:10:42.756013
98.649218,252988,144513,13:10:42.756013
98.651074,253346,144416,13:10:42.756013
98.652931,253232,144189,13:10:42.756013
98.654789,253065,144137,13:10:42.810000
98.656655,253250,144423,13:10:42.810000
98.658516,253113,144335,13:10:42.810000
98.66043,252838,144341,13:10:42.810000
98.662312,252843,144082,13:10:42.810000
98.664169,252858,144172,13:10:42.810000
98.666027,253000,144244,13:10:42.810000
98.667883,252960,144148,13:10:42.810000
98.66974,253073,144225,13:10:42.810000
98.671596,253059,144218,13:10:42.810000
98.673456,252794,144322,13:10:42.810000
98.675313,252734,144308,13:10:42.810000
98.677169,252946,144212,13:10:42.810000
98.679027,253015,144222,13:10:42.810000
98.680884,252616,143997,13:10:42.810000
98.682742,252583,143909,13:10:42.810000
98.684598,252796,143919,13:10:42.810000
98.686455,252859,144104,13:10:42.810000
98.688313,252558,143991,13:10:42.810000
98.690177,252869,144391,13:10:42.810000
98.692034,252837,144367,13:10:42.810000
98.69389,253152,144361,13:10:42.810000
98.695748,252874,144246,13:10:42.810000
98.697605,252753,144186,13:10:42.810000
98.699461,252912,144394,13:10:42.810000
98.70132,252928,144026,13:10:42.810000
98.703176,252989,144388,13:10:42.810000
98.705035,252899,144204,13:10:42.855473
98.706903,252830,144137,13:10:42.855473
98.708765,253103,144395,13:10:42.855473
98.710671,253127,144128,13:10:42.856472
98.712527,253039,144364,13:10:42.856472
98.714388,252891,144485,13:10:42.856472
98.71625,252992,144309,13:10:42.856472
98.718106,252849,144333,13:10:42.856472
98.719965,253071,144401,13:10:42.858464
98.721823,252716,144077,13:10:42.858464
98.723679,252874,144049,13:10:42.858464
98.725536,252903,144185,13:10:42.858464
98.727398,252858,144002,13:10:42.858464
98.729255,252730,144060,13:10:42.858464
98.731111,252756,144181,13:10:42.858464
98.732969,252721,144135,13:10:42.858464
98.734826,252759,144405,13:10:42.858464
98.736684,252790,144088,13:10:42.858464
98.73854,252410,144339,13:10:42.858464
98.740401,253019,144321,13:10:42.858464
98.742259,252985,144031,13:10:42.858464
98.744123,252782,144046,13:10:42.858464
98.74598,252647,143962,13:10:42.858464
98.747836,252879,143912,13:10:42.858464
98.749694,252692,143864,13:10:42.858464
98.751551,252693,144071,13:10:42.858464
98.753407,252630,144075,13:10:42.858464
98.755265,252792,144081,13:10:42.905409
98.757138,252875,144305,13:10:42.905409
98.759,252846,144126,13:10:42.905409
98.760908,252372,144107,13:10:42.906409
98.762786,253031,143975,13:10:42.906409
98.764645,252598,143846,13:10:42.906409
98.766501,252494,143963,13:10:42.906409
98.768361,252508,143847,13:10:42.906409
98.770218,252523,144131,13:10:42.906409
98.772074,252699,144062,13:10:42.906409
98.773932,252585,144047,13:10:42.906409
98.775789,252607,143864,13:10:42.906409
98.777647,252764,144166,13:10:42.906409
98.779503,252693,144001,13:10:42.906409
98.78136,252443,144262,13:10:42.906409
98.783218,252529,143819,13:10:42.906409
98.785082,252521,143932,13:10:42.906409
98.786939,252575,143966,13:10:42.906409
98.788795,252743,144112,13:10:42.907904
98.790654,252785,144040,13:10:42.907904
98.79251,252593,144069,13:10:42.907904
98.794366,252628,144026,13:10:42.907904
98.796225,252646,143968,13:10:42.907904
98.798081,252650,143898,13:10:42.907904
98.799937,252289,143997,13:10:42.907904
98.801796,252910,144115,13:10:42.907904
98.80366,252865,144149,13:10:42.907904
98.80552,252725,144149,13:10:42.957196
98.807387,252844,144094,13:10:42.957196
98.809254,252857,144087,13:10:42.957196
98.811155,252746,143916,13:10:42.957196
98.813011,252635,144089,13:10:42.957196
98.814874,252873,144210,13:10:42.957196
98.81673,252700,144043,13:10:42.957196
98.818588,252930,143934,13:10:42.957196
98.820444,252537,144269,13:10:42.957196
98.822307,252616,144109,13:10:42.957196
98.824163,252755,144002,13:10:42.957196
98.82602,252820,143983,13:10:42.957196
98.827878,252788,144124,13:10:42.957196
98.829734,252581,143993,13:10:42.957196
98.831593,252477,143923,13:10:42.957196
98.833449,252627,143850,13:10:42.957196
98.835306,252616,143904,13:10:42.957196
98.837164,252281,143881,13:10:42.957196
98.839028,252325,144000,13:10:42.957196
98.840885,252666,143727,13:10:42.957196
98.842741,252716,144019,13:10:42.958205
98.844599,252559,143839,13:10:42.958205
98.846456,252662,144048,13:10:42.958205
98.848312,252387,143682,13:10:42.958205
98.85017,252509,143912,13:10:42.958205
98.852027,252599,143750,13:10:42.958205
98.853885,252657,144100,13:10:42.958205
98.855745,252604,143905,13:10:43.014607
98.857606,252838,144144,13:10:43.014607
98.859468,252895,143770,13:10:43.014607
98.861372,252379,144076,13:10:43.014607
98.863268,252418,143864,13:10:43.014607
98.865127,252577,144174,13:10:43.014607
98.866982,252556,143937,13:10:43.014607
98.868839,252713,143792,13:10:43.014607
98.870696,252612,143991,13:10:43.014607
98.872554,253214,143993,13:10:43.014607
98.874411,252798,144263,13:10:43.014607
98.876267,252715,144343,13:10:43.014607
98.878123,252797,144052,13:10:43.014607
98.879987,252716,144054,13:10:43.014607
98.881846,252719,143903,13:10:43.014607
98.883702,252872,144066,13:10:43.014607
98.885561,252862,143964,13:10:43.014607
98.887417,252726,143819,13:10:43.014607
98.889273,252908,143987,13:10:43.014607
98.891132,252802,144007,13:10:43.014607
98.892988,252854,143965,13:10:43.014607
98.894846,253018,144134,13:10:43.014607
98.896703,252708,144003,13:10:43.014607
98.898565,252579,144195,13:10:43.014607
98.900421,252831,143922,13:10:43.014607
98.902278,252986,144017,13:10:43.014607
98.904136,252675,144001,13:10:43.014607
98.906008,252578,143993,13:10:43.059702
98.907869,252621,144246,13:10:43.059702
98.909732,252652,144238,13:10:43.059702
98.911651,252696,144180,13:10:43.059702
98.913529,252775,143923,13:10:43.059702
98.915386,252779,144068,13:10:43.059702
98.917248,252788,144179,13:10:43.059702
98.919106,252886,144223,13:10:43.059702
98.920971,252938,143937,13:10:43.059702
98.922829,252905,144017,13:10:43.059702
98.924685,252706,143950,13:10:43.059702
98.926546,252779,143980,13:10:43.059702
98.928404,252745,144113,13:10:43.059702
98.93027,252705,143916,13:10:43.059702
98.932127,252847,144052,13:10:43.059702
98.933983,252688,143780,13:10:43.059702
98.935841,252813,144110,13:10:43.059702
98.937698,252990,144206,13:10:43.059702
98.939554,252738,143932,13:10:43.059702
98.941414,252810,144164,13:10:43.059702
98.943271,252710,143892,13:10:43.059702
98.945127,252856,143924,13:10:43.059702
98.946984,252672,144060,13:10:43.059702
98.948848,252606,144397,13:10:43.059702
98.950704,252834,144055,13:10:43.059702
98.952561,252513,144151,13:10:43.059702
98.954419,252704,144335,13:10:43.059702
98.956285,252650,143996,13:10:43.110420
98.958146,252686,144137,13:10:43.110420
98.960022,253065,143881,13:10:43.110420
98.961905,253007,144033,13:10:43.110420
98.963764,253096,143985,13:10:43.110420
98.965661,252548,144249,13:10:43.110420
98.967519,252670,144203,13:10:43.110420
98.969377,252689,144263,13:10:43.110420
98.971238,252703,144286,13:10:43.110420
98.973096,252669,144100,13:10:43.110420
98.974952,252683,144173,13:10:43.110420
98.976813,252791,144214,13:10:43.110420
98.978669,252783,144144,13:10:43.110420
98.980525,252560,144119,13:10:43.110420
98.982384,252889,144235,13:10:43.110420
98.984248,252872,143969,13:10:43.110420
98.986106,252995,144292,13:10:43.110420
98.987963,253044,144138,13:10:43.110420
98.989819,253017,144381,13:10:43.110420
98.991678,252974,144170,13:10:43.110420
98.99354,252841,144227,13:10:43.110420
98.995396,252998,144191,13:10:43.110420
98.997253,252492,144013,13:10:43.110420
98.999111,252899,144014,13:10:43.110420
99.000967,252778,143918,13:10:43.110420
99.002824,252786,144052,13:10:43.114412
99.004682,252978,144079,13:10:43.166811
99.006544,252655,144251,13:10:43.166811
99.008405,252613,144282,13:10:43.166811
99.010316,252557,143816,13:10:43.166811
99.012182,252787,143748,13:10:43.166811
99.014047,252918,143889,13:10:43.166811
99.015934,251663,144191,13:10:43.166811
99.017796,252853,144171,13:10:43.166811
99.019652,252593,144210,13:10:43.166811
99.021512,252810,144059,13:10:43.166811
99.023369,252973,144074,13:10:43.166811
99.025225,252730,144052,13:10:43.166811
99.027084,252825,144135,13:10:43.166811
99.02894,252728,144054,13:10:43.166811
99.030798,252663,144030,13:10:43.166811
99.032657,253110,144399,13:10:43.166811
99.034513,252830,144211,13:10:43.166811
99.036372,253047,144096,13:10:43.166811
99.038228,252955,144061,13:10:43.166811
99.04009,252908,144023,13:10:43.166811
99.041949,253023,143958,13:10:43.166811
99.043805,252815,144200,13:10:43.166811
99.045663,252673,144030,13:10:43.166811
99.04752,252598,144132,13:10:43.166811
99.04938,252814,144126,13:10:43.166811
99.051236,252754,144046,13:10:43.166811
99.053093,252847,144144,13:10:43.166811
99.054951,252970,143980,13:10:43.214344
99.056819,253043,144292,13:10:43.214344
99.05868,253050,144320,13:10:43.214344
99.06058,252957,144512,13:10:43.214344
99.06244,252815,144047,13:10:43.214344
99.0643,252668,143924,13:10:43.214344
99.066157,252580,144255,13:10:43.214344
99.068043,252822,144146,13:10:43.214344
99.069909,252634,144075,13:10:43.214344
99.071766,252905,144307,13:10:43.214344
99.073624,252735,143963,13:10:43.214344
99.07548,252892,144150,13:10:43.214344
99.077339,252723,144118,13:10:43.214344
99.079195,252698,144057,13:10:43.214344
99.081057,252711,144041,13:10:43.214344
99.082916,252607,144049,13:10:43.214344
99.084782,252690,144070,13:10:43.214344
99.086638,252964,144316,13:10:43.214344
99.088495,252787,144172,13:10:43.214344
99.090353,252957,143944,13:10:43.214344
99.09221,252781,144091,13:10:43.214344
99.094066,252956,143911,13:10:43.214344
99.095924,252471,144049,13:10:43.215343
99.097783,252692,143889,13:10:43.215343
99.099639,252796,144085,13:10:43.215343
99.101495,252855,144021,13:10:43.215343
99.10336,252784,143947,13:10:43.215343
99.105216,252740,143937,13:10:43.265188
99.107092,252913,143937,13:10:43.265188
99.108953,252531,144003,13:10:43.265188
99.110843,252527,143977,13:10:43.265188
99.112699,252526,143966,13:10:43.265188
99.114556,252625,143993,13:10:43.265188
99.116426,252429,144034,13:10:43.265188
99.118284,252744,144089,13:10:43.265188
99.120143,252473,144116,13:10:43.265188
99.122009,252728,144122,13:10:43.265188
99.123869,252916,144123,13:10:43.265188
99.125744,252606,143978,13:10:43.265188
99.127612,252711,144129,13:10:43.265188
99.129468,252689,144149,13:10:43.265188
99.131332,252696,143996,13:10:43.265188
99.133189,252718,144139,13:10:43.265188
99.135045,252822,144011,13:10:43.266195
99.136904,252608,144051,13:10:43.266195
99.138762,252976,143892,13:10:43.266195
99.14062,252867,143918,13:10:43.266195
99.142477,252552,144145,13:10:43.266195
99.144333,252695,144042,13:10:43.266195
99.146191,252682,144118,13:10:43.266195
99.148052,252747,144137,13:10:43.266195
99.14991,252802,144132,13:10:43.266195
99.151766,252712,143942,13:10:43.266195
99.153625,252627,143891,13:10:43.266195
99.155483,252811,144060,13:10:43.317139
99.157347,252673,144181,13:10:43.317139
99.159208,252604,143825,13:10:43.317139
99.161114,252717,143970,13:10:43.317139
99.162976,252434,143920,13:10:43.317139
99.164835,252620,143880,13:10:43.317139
99.1667,252809,143932,13:10:43.317139
99.168558,252621,143906,13:10:43.317139
99.170455,250765,144132,13:10:43.317139
99.172318,252370,143891,13:10:43.317139
99.174176,252351,143792,13:10:43.317139
99.176033,252474,143863,13:10:43.317139
99.177891,252518,144208,13:10:43.317139
99.179747,252647,143801,13:10:43.317139
99.181609,252549,143619,13:10:43.317139
99.183466,252513,143966,13:10:43.317139
99.185322,252555,143997,13:10:43.317139
99.187182,252462,143926,13:10:43.317139
99.189039,252537,143995,13:10:43.317139
99.190895,252626,143948,13:10:43.317139
99.192753,252523,143929,13:10:43.317139
99.19461,252654,144099,13:10:43.317139
99.196468,252470,144089,13:10:43.317139
99.198325,252181,143999,13:10:43.317139
99.200185,252556,143769,13:10:43.317139
99.202041,252508,143995,13:10:43.317139
99.203899,252401,144054,13:10:43.317139
99.20576,252579,144019,13:10:43.367680
99.207626,252680,144276,13:10:43.367680
99.209488,252700,144119,13:10:43.367680
99.211391,252403,144012,13:10:43.367680
99.213249,252546,144138,13:10:43.367680
99.215108,252234,143954,13:10:43.367680
99.216968,252179,144047,13:10:43.367680
99.218836,252158,143929,13:10:43.367680
99.220714,252448,144185,13:10:43.367680
99.222586,251554,143864,13:10:43.367680
99.224444,252546,143740,13:10:43.367680
99.226307,252768,144044,13:10:43.367680
99.228163,252582,144176,13:10:43.367680
99.23002,252518,144125,13:10:43.367680
99.231878,252692,144013,13:10:43.367680
99.233734,252573,144059,13:10:43.367680
99.235591,252418,143920,13:10:43.367680
99.237449,252117,144036,13:10:43.367680
99.239307,252546,143912,13:10:43.367680
99.241166,252599,143932,13:10:43.367680
99.243022,252768,143865,13:10:43.367680
99.244886,252486,143886,13:10:43.367680
99.246745,252419,143746,13:10:43.367680
99.2486,252372,144092,13:10:43.367680
99.250457,252271,144015,13:10:43.367680
99.252314,252303,143841,13:10:43.367680
99.254172,252504,143832,13:10:43.367680
99.256042,252232,143946,13:10:43.417887
99.257903,252510,143901,13:10:43.417887
99.259769,252581,143886,13:10:43.417887
99.261663,252202,144112,13:10:43.417887
99.263524,252246,144082,13:10:43.417887
99.26538,252348,143644,13:10:43.417887
99.267238,251893,143803,13:10:43.417887
99.269097,252094,144118,13:10:43.417887
99.270953,252427,143952,13:10:43.417887
99.272811,250789,143916,13:10:43.417887
99.274698,252347,144190,13:10:43.417887
99.276554,252694,144194,13:10:43.417887
99.278412,252548,144094,13:10:43.417887
99.280269,252513,144010,13:10:43.417887
99.282127,252283,143894,13:10:43.418887
99.283983,252355,144038,13:10:43.418887
99.285844,252425,144119,13:10:43.418887
99.2877,252302,144121,13:10:43.418887
99.289556,252369,143927,13:10:43.418887
99.291415,252584,143959,13:10:43.418887
99.293271,252409,144080,13:10:43.418887
99.295129,252399,143949,13:10:43.418887
99.296986,252374,144055,13:10:43.418887
99.298844,252688,144197,13:10:43.418887
99.3007,252382,143899,13:10:43.418887
99.302564,252538,144123,13:10:43.418887
99.304421,252593,144006,13:10:43.418887
99.306287,252591,144060,13:10:43.469662
99.308154,252518,143732,13:10:43.469662
99.310028,252572,144110,13:10:43.469662
99.31191,252409,143936,13:10:43.469662
99.313768,252414,143814,13:10:43.469662
99.315625,251991,143914,13:10:43.469662
99.317487,252315,144277,13:10:43.469662
99.319345,252175,144319,13:10:43.469662
99.321212,252050,144091,13:10:43.469662
99.323069,251405,144064,13:10:43.469662
99.324928,252517,143923,13:10:43.469662
99.326787,252495,144054,13:10:43.469662
99.328645,252356,143941,13:10:43.469662
99.330501,252472,143889,13:10:43.469662
99.33236,252323,143947,13:10:43.469662
99.334216,252566,143980,13:10:43.469662
99.336074,252435,144138,13:10:43.469662
99.337931,252540,144011,13:10:43.469662
99.339789,252461,143994,13:10:43.469662
99.341645,252548,144157,13:10:43.469662
99.343502,252497,144008,13:10:43.469662
99.34536,252376,144044,13:10:43.469662
99.347217,252494,144314,13:10:43.469662
99.349075,252470,144284,13:10:43.469662
99.350931,252526,144153,13:10:43.469662
99.352788,252573,143974,13:10:43.469662
99.354646,252428,144173,13:10:43.530300
99.356519,252697,144033,13:10:43.530300
99.358381,252638,144373,13:10:43.530300
99.360292,252484,144137,13:10:43.530300
99.362171,252589,144119,13:10:43.530300
99.364027,252346,144015,13:10:43.530300
99.365884,252426,144171,13:10:43.530300
99.367742,252333,144321,13:10:43.530300
99.369598,252014,143889,13:10:43.530300
99.371455,252339,144272,13:10:43.530300
99.373313,252348,144323,13:10:43.530300
99.37521,250730,144086,13:10:43.530300
99.377078,252743,144189,13:10:43.530300
99.378934,252693,144478,13:10:43.530300
99.380792,252504,144378,13:10:43.530300
99.382651,252742,144202,13:10:43.530300
99.384507,252855,144058,13:10:43.530300
99.386365,252783,144249,13:10:43.530300
99.388222,252682,144023,13:10:43.530300
99.390082,252769,144275,13:10:43.530300
99.39194,252724,143960,13:10:43.531320
99.393806,252797,144470,13:10:43.531320
99.395663,252478,144290,13:10:43.531320
99.397519,252601,144255,13:10:43.531320
99.399382,252808,144283,13:10:43.531320
99.401238,252709,144186,13:10:43.531320
99.403094,252612,144503,13:10:43.531320
99.404953,252534,144094,13:10:43.575659
99.406821,252565,144260,13:10:43.575659
99.408681,252663,144339,13:10:43.575659
99.41058,252688,144527,13:10:43.575659
99.412488,252695,144395,13:10:43.575659
99.414346,252625,144588,13:10:43.575659
99.41621,252507,144370,13:10:43.575659
99.418067,252668,144283,13:10:43.576667
99.419925,252264,144170,13:10:43.576667
99.421787,252800,144162,13:10:43.576667
99.423652,252887,144295,13:10:43.576667
99.425508,252676,144270,13:10:43.576667
99.427368,252863,144263,13:10:43.576667
99.429229,252810,144286,13:10:43.576667
99.431117,252637,144223,13:10:43.576667
99.432975,252810,144350,13:10:43.576667
99.434842,252904,144423,13:10:43.576667
99.436731,252157,144414,13:10:43.576667
99.438604,253144,144402,13:10:43.576667
99.440461,253113,144340,13:10:43.576667
99.442319,252888,144398,13:10:43.576667
99.444175,252987,144410,13:10:43.576667
99.446032,253149,144407,13:10:43.576667
99.447888,252825,144300,13:10:43.576667
99.44975,252827,144368,13:10:43.576667
99.451607,252937,144708,13:10:43.576667
99.453463,253138,144450,13:10:43.576667
99.455321,252950,144331,13:10:43.625850
99.457194,252858,144604,13:10:43.625850
99.459054,252981,144635,13:10:43.625850
99.460948,252906,144780,13:10:43.625850
99.462805,252959,144663,13:10:43.625850
99.464665,252917,144640,13:10:43.625850
99.466521,252858,144615,13:10:43.625850
99.468378,253067,144536,13:10:43.625850
99.470236,253026,144434,13:10:43.625850
99.472092,253020,144510,13:10:43.625850
99.473949,253149,144384,13:10:43.625850
99.475805,252877,144511,13:10:43.625850
99.477661,253166,144514,13:10:43.625850
99.479518,253103,144627,13:10:43.625850
99.481385,251217,144511,13:10:43.625850
99.483248,252958,144550,13:10:43.625850
99.485105,252970,144749,13:10:43.625850
99.486967,253164,144575,13:10:43.625850
99.488823,253099,144424,13:10:43.625850
99.49068,253018,144751,13:10:43.625850
99.492538,253098,144787,13:10:43.625850
99.494394,253254,144427,13:10:43.625850
99.496253,252962,144706,13:10:43.625850
99.498109,252963,144774,13:10:43.625850
99.499971,252774,144473,13:10:43.625850
99.50183,253154,144255,13:10:43.625850
99.503696,253208,144810,13:10:43.625850
99.505554,253138,144587,13:10:43.674487
99.507419,253238,144267,13:10:43.674487
99.509288,253477,144686,13:10:43.674487
99.511205,252958,144770,13:10:43.674487
99.513063,252914,144403,13:10:43.674487
99.514922,252929,144669,13:10:43.674487
99.516778,252923,144336,13:10:43.674487
99.518635,253152,144680,13:10:43.674487
99.520493,252569,144646,13:10:43.674487
99.522353,253213,144452,13:10:43.674487
99.524212,253208,144711,13:10:43.674487
99.526074,252967,144549,13:10:43.674487
99.527962,252239,144870,13:10:43.674487
99.529826,253285,144796,13:10:43.676480
99.531683,253088,144767,13:10:43.676480
99.533541,253503,144636,13:10:43.676480
99.535397,253513,144938,13:10:43.676480
99.537258,253135,144847,13:10:43.676480
99.539114,253178,144797,13:10:43.676480
99.540971,253448,144771,13:10:43.676480
99.542829,253415,144705,13:10:43.676480
99.544685,253146,144602,13:10:43.676480
99.546544,252937,144856,13:10:43.676480
99.5484,253295,144671,13:10:43.676480
99.550256,252957,144895,13:10:43.676480
99.552113,253077,144585,13:10:43.676480
99.553969,253079,144760,13:10:43.676480
99.555837,253315,144702,13:10:43.725270
99.557702,253061,144811,13:10:43.725270
99.559572,252922,144662,13:10:43.725270
99.56147,253120,144762,13:10:43.725270
99.563326,253365,144730,13:10:43.725270
99.565185,252958,144764,13:10:43.725270
99.567041,253243,144777,13:10:43.725270
99.568901,252880,144620,13:10:43.725270
99.570758,252845,144950,13:10:43.725270
99.572614,252802,144844,13:10:43.725270
99.574476,253397,144725,13:10:43.725270
99.576333,252538,144830,13:10:43.725270
99.578191,253056,144763,13:10:43.725270
99.580054,251215,144678,13:10:43.725270
99.581958,253031,144501,13:10:43.725270
99.583816,253084,144683,13:10:43.725270
99.585672,253035,144683,13:10:43.725270
99.587533,253242,144619,13:10:43.725270
99.589389,253267,144762,13:10:43.725270
99.591245,252825,144718,13:10:43.725270
99.593104,253238,144781,13:10:43.725270
99.59496,253273,144916,13:10:43.725270
99.596818,253524,144772,13:10:43.725270
99.598675,253395,144582,13:10:43.725270
99.600537,253135,144654,13:10:43.725270
99.602395,253252,144897,13:10:43.725270
99.604252,253471,144751,13:10:43.725270
99.606124,253002,144673,13:10:43.776215
99.607985,253017,144544,13:10:43.776215
99.60985,253118,144678,13:10:43.776215
99.611761,253172,144908,13:10:43.776215
99.613617,253106,144494,13:10:43.776215
99.615474,253093,144473,13:10:43.776215
99.61733,253143,144660,13:10:43.776215
99.619186,253174,144722,13:10:43.776215
99.621043,253409,144679,13:10:43.776215
99.6229,252787,144690,13:10:43.776215
99.624761,253307,144858,13:10:43.776215
99.626618,253013,144927,13:10:43.776215
99.628479,253268,144681,13:10:43.777208
99.630336,251562,144748,13:10:43.777208
99.632193,253075,144818,13:10:43.777208
99.634053,252905,144723,13:10:43.777208
99.63591,253098,144868,13:10:43.777208
99.637768,253062,144638,13:10:43.777208
99.639624,253098,144817,13:10:43.777208
99.641489,253196,144392,13:10:43.777208
99.643345,253246,144641,13:10:43.777208
99.645201,253122,144617,13:10:43.777208
99.64706,253182,144724,13:10:43.777208
99.648916,253053,144489,13:10:43.777208
99.650774,253001,144695,13:10:43.777208
99.652631,252847,144672,13:10:43.777208
99.654487,253247,144822,13:10:43.777208
99.656363,253486,144718,13:10:43.836291
99.658224,252817,144510,13:10:43.836291
99.6601,252720,144845,13:10:43.836291
99.661976,252818,144692,13:10:43.836291
99.663835,253067,144643,13:10:43.836291
99.665693,253117,144800,13:10:43.836291
99.667549,252484,144772,13:10:43.836291
99.669406,252671,144653,13:10:43.836291
99.671262,252847,144405,13:10:43.836291
99.673122,253117,144456,13:10:43.836291
99.674979,253057,144662,13:10:43.836291
99.676835,253182,144601,13:10:43.836291
99.678693,252903,144732,13:10:43.836291
99.68055,252910,144514,13:10:43.836291
99.682414,251829,144671,13:10:43.836291
99.684292,253131,144506,13:10:43.836291
99.686149,253225,144661,13:10:43.836291
99.688009,252963,144740,13:10:43.836291
99.689867,253163,144738,13:10:43.836291
99.691726,253136,144768,13:10:43.836291
99.693582,252933,144767,13:10:43.836291
99.695442,253112,144597,13:10:43.836291
99.697299,253041,144711,13:10:43.836291
99.699155,253000,144580,13:10:43.836291
99.701017,252965,144468,13:10:43.836291
99.702876,253105,144662,13:10:43.836291
99.704734,252848,144721,13:10:43.883580
99.706602,253101,144770,13:10:43.883580
99.708463,252840,144665,13:10:43.883580
99.710363,253201,144434,13:10:43.883580
99.712229,252772,144518,13:10:43.883580
99.714093,253179,144438,13:10:43.883580
99.715952,253037,144729,13:10:43.883580
99.717815,252888,144490,13:10:43.883580
99.719675,252771,144825,13:10:43.883580
99.721531,252243,144624,13:10:43.883580
99.723389,252729,144777,13:10:43.883580
99.725246,252421,144474,13:10:43.883580
99.727102,252803,144648,13:10:43.883580
99.72896,252322,144697,13:10:43.883580
99.730825,252713,144492,13:10:43.883580
99.732711,252764,144539,13:10:43.883580
99.734567,252926,144603,13:10:43.883580
99.73643,252592,144767,13:10:43.883580
99.73829,252893,144607,13:10:43.883580
99.740146,252561,144591,13:10:43.883580
99.742007,253096,144665,13:10:43.883580
99.743865,252883,144371,13:10:43.883580
99.745725,252667,144409,13:10:43.883580
99.747584,252791,144379,13:10:43.883580
99.74945,252720,144433,13:10:43.883580
99.751306,253054,144368,13:10:43.883580
99.753163,253145,144704,13:10:43.883580
99.755021,252791,144391,13:10:43.929923
99.756885,253056,144587,13:10:43.929923
99.758746,252910,144173,13:10:43.929923
99.760636,252733,144411,13:10:43.929923
99.762492,252807,144475,13:10:43.929923
99.764357,253067,144442,13:10:43.929923
99.766213,252694,144600,13:10:43.929923
99.768069,252800,144573,13:10:43.930914
99.769928,252771,144361,13:10:43.930914
99.771784,252747,144588,13:10:43.930914
99.773642,252855,144534,13:10:43.930914
99.775499,253084,144643,13:10:43.930914
99.777361,252473,144340,13:10:43.930914
99.779219,252301,144285,13:10:43.933914
99.781085,252713,144400,13:10:43.933914
99.782942,252641,144305,13:10:43.933914
99.784802,252743,144465,13:10:43.933914
99.786668,252664,144215,13:10:43.933914
99.788547,251402,144154,13:10:43.933914
99.790409,252846,144167,13:10:43.933914
99.792266,252550,144211,13:10:43.933914
99.794122,252564,144134,13:10:43.933914
99.79598,252769,144456,13:10:43.933914
99.797837,252796,144346,13:10:43.933914
99.799693,252939,144565,13:10:43.933914
99.801551,253014,144022,13:10:43.933914
99.803408,252756,144267,13:10:43.935914
99.805266,253109,144265,13:10:43.983851
99.807136,252922,144355,13:10:43.983851
99.808997,252844,144404,13:10:43.983851
99.810893,252476,144255,13:10:43.983851
99.812751,252773,144310,13:10:43.983851
99.814608,252573,144259,13:10:43.983851
99.816464,252329,144426,13:10:43.983851
99.818322,252251,144257,13:10:43.983851
99.820179,252632,144440,13:10:43.983851
99.822044,252898,144341,13:10:43.983851
99.823901,252875,143994,13:10:43.983851
99.825758,252886,144071,13:10:43.983851
99.827616,252931,144319,13:10:43.983851
99.829472,252302,144238,13:10:43.983851
99.831329,252593,144146,13:10:43.983851
99.833192,252567,144344,13:10:43.983851
99.835076,251350,143997,13:10:43.983851
99.836941,252746,144371,13:10:43.984843
99.838802,252886,144358,13:10:43.984843
99.84066,252732,144452,13:10:43.984843
99.842518,252940,144321,13:10:43.984843
99.844379,253051,144128,13:10:43.984843
99.846237,252818,144249,13:10:43.984843
99.848094,252984,144058,13:10:43.984843
99.849954,252572,144203,13:10:43.984843
99.851812,252919,144454,13:10:43.984843
99.853669,252719,144223,13:10:43.984843
99.855531,252587,144161,13:10:44.032530
99.857393,253116,144319,13:10:44.032530
99.859254,252476,144159,13:10:44.032530
99.86116,252702,144077,13:10:44.032530
99.863018,252568,144278,13:10:44.032530
99.864876,252489,144415,13:10:44.032530
99.866733,252838,144106,13:10:44.032530
99.868593,252672,144192,13:10:44.032530
99.870449,252780,144160,13:10:44.032530
99.872306,252461,144268,13:10:44.032530
99.874164,252885,144209,13:10:44.032530
99.87602,252676,144277,13:10:44.032530
99.877879,252401,144229,13:10:44.032530
99.879735,252458,144389,13:10:44.032530
99.881591,252631,144115,13:10:44.032530
99.883449,252516,144209,13:10:44.032530
99.885313,252941,144209,13:10:44.032530
99.887202,252880,144373,13:10:44.032530
99.88906,251660,144320,13:10:44.032530
99.890923,252875,144046,13:10:44.032530
99.892781,253084,144232,13:10:44.032530
99.894638,253158,144473,13:10:44.032530
99.896494,252872,144341,13:10:44.032530
99.89835,252893,144251,13:10:44.032530
99.900209,252627,144416,13:10:44.032530
99.902065,252715,144203,13:10:44.032530
99.903921,252911,144321,13:10:44.032530
99.905784,252828,144428,13:10:44.087783
99.907652,253106,144252,13:10:44.087783
99.909516,252825,144231,13:10:44.087783
99.911403,252810,144308,13:10:44.087783
99.913259,252948,144296,13:10:44.087783
99.915117,252743,144116,13:10:44.087783
99.916974,252591,144426,13:10:44.087783
99.918832,252329,144269,13:10:44.087783
99.920688,252492,144499,13:10:44.087783
99.922549,252751,144344,13:10:44.087783
99.924407,253033,144134,13:10:44.087783
99.926273,252748,144223,13:10:44.087783
99.92813,252728,144433,13:10:44.087783
99.929988,252836,144298,13:10:44.087783
99.931846,252935,144449,13:10:44.087783
99.933703,252494,144303,13:10:44.087783
99.935575,252918,144205,13:10:44.087783
99.937434,251546,144451,13:10:44.087783
99.939294,252833,144335,13:10:44.087783
99.941152,253060,144128,13:10:44.087783
99.943008,252937,144305,13:10:44.087783
99.944869,252943,144014,13:10:44.087783
99.946753,252942,144085,13:10:44.087783
99.948609,252778,144149,13:10:44.087783
99.950468,252839,144417,13:10:44.087783
99.952324,252891,144378,13:10:44.087783
99.954184,252977,144346,13:10:44.087783
99.956051,253026,144182,13:10:44.136303
99.957915,252849,144409,13:10:44.136303
99.959779,252992,144500,13:10:44.136303
99.961699,252970,144342,13:10:44.136303
99.963558,252875,144122,13:10:44.136303
99.965418,252768,144069,13:10:44.136303
99.967274,253193,144159,13:10:44.136303
99.969133,252596,144404,13:10:44.136303
99.970989,252491,144348,13:10:44.136303
99.972845,253129,144239,13:10:44.136303
99.974704,252524,144303,13:10:44.136303
99.976565,252699,144062,13:10:44.136303
99.978424,253044,144257,13:10:44.136303
99.980281,252534,144368,13:10:44.136303
99.982147,252932,144148,13:10:44.136303
99.984007,252911,144377,13:10:44.136303
99.985889,252268,144083,13:10:44.136303
99.987748,251769,144238,13:10:44.136303
99.989608,252633,144143,13:10:44.136303
99.991472,252615,144159,13:10:44.136303
99.993331,251029,144101,13:10:44.136303
99.995186,252862,144015,13:10:44.136303
99.997043,252949,144137,13:10:44.136303
99.9989,253071,144280,13:10:44.136303
100.000758,253054,144399,13:10:44.136303
100.002615,252932,144179,13:10:44.136303
100.004471,252812,144229,13:10:44.136303
100.006337,252784,144358,13:10:44.188149
100.008198,253303,144318,13:10:44.188149
100.010084,253012,144458,13:10:44.188149
100.011962,252815,144333,13:10:44.188149
100.013818,252829,144402,13:10:44.188149
100.015679,253062,144190,13:10:44.188149
100.017535,252749,144434,13:10:44.188149
100.019393,252900,144063,13:10:44.188149
100.02125,252612,144045,13:10:44.188149
100.023106,252772,144148,13:10:44.188149
100.024962,252498,144333,13:10:44.188149
100.026819,252618,144255,13:10:44.188149
100.028677,252934,144146,13:10:44.188149
100.030534,252813,144508,13:10:44.188149
100.03239,253013,144278,13:10:44.188149
100.034246,252478,144339,13:10:44.188149
100.036103,252447,144287,13:10:44.188149
100.037965,252506,144125,13:10:44.188149
100.039847,252844,144400,13:10:44.188149
100.041704,250801,144129,13:10:44.188149
100.043568,253188,144249,13:10:44.188149
100.045428,253070,144124,13:10:44.188149
100.047285,252908,144115,13:10:44.188149
100.04915,253177,144408,13:10:44.188149
100.051007,253074,144246,13:10:44.188149
100.052866,253068,144208,13:10:44.188149
100.054724,252951,144353,13:10:44.238007
100.056588,252724,144188,13:10:44.238007
100.058455,252777,144363,13:10:44.238007
100.060357,253064,144278,13:10:44.238007
100.062221,252803,144134,13:10:44.238007
100.064077,252800,143984,13:10:44.239002
100.065936,252659,144475,13:10:44.239002
100.067798,252630,144428,13:10:44.239002
100.069654,253078,143949,13:10:44.239002
100.071511,252956,144283,13:10:44.239002
100.073369,252544,144299,13:10:44.239002
100.075225,252536,144346,13:10:44.239002
100.077082,252465,144184,13:10:44.241000
100.07894,252280,144543,13:10:44.241000
100.080799,252804,144097,13:10:44.241000
100.082655,252343,144434,13:10:44.241000
100.084511,252552,144392,13:10:44.241000
100.086376,252852,144133,13:10:44.241000
100.088232,252614,144318,13:10:44.241000
100.090088,252886,144362,13:10:44.241000
100.091947,252351,144260,13:10:44.241000
100.093825,252663,144028,13:10:44.241000
100.095699,253034,144194,13:10:44.241000
100.097556,252769,144274,13:10:44.241000
100.099412,252666,144231,13:10:44.241000
100.10127,252738,144193,13:10:44.241000
100.103127,252758,143943,13:10:44.241000
100.104985,252668,144255,13:10:44.255244
100.106855,252838,144142,13:10:44.255244
100.108716,252732,144084,13:10:44.255244
100.110624,252644,144401,13:10:44.255244
100.112482,252838,143996,13:10:44.255244
100.114348,252912,144259,13:10:44.255244
100.116205,252737,144133,13:10:44.255244
100.118061,252893,144067,13:10:44.255244
100.119921,252728,144256,13:10:44.255244
100.121778,252663,144361,13:10:44.255244
100.123636,252713,143882,13:10:44.255244
100.125492,252444,144086,13:10:44.255244
100.127351,252806,144145,13:10:44.255244
100.129209,252505,144121,13:10:44.255244
100.131068,252399,143959,13:10:44.255244
100.132926,252013,144385,13:10:44.255244
100.134784,252796,144310,13:10:44.255244
100.136642,252596,144356,13:10:44.255244
100.138499,252856,144311,13:10:44.255244
100.140361,252493,143981,13:10:44.255244
100.142222,251431,144078,13:10:44.255244
100.14408,252805,144247,13:10:44.255244
100.145938,252695,144132,13:10:44.255244
100.147797,252685,144201,13:10:44.255244
100.149655,252774,144110,13:10:44.255244
100.151511,252757,144062,13:10:44.255244
100.153368,252900,144057,13:10:44.255244
100.15523,252833,144196,13:10:44.304904
100.157108,252675,144104,13:10:44.304904
100.158971,252780,144206,13:10:44.304904
100.160867,252673,144106,13:10:44.304904
100.162745,252555,143989,13:10:44.305901
100.164603,252658,143907,13:10:44.305901
100.16646,252592,143908,13:10:44.305901
100.168316,252387,144047,13:10:44.305901
100.170174,252523,144168,13:10:44.305901
100.172036,252439,143947,13:10:44.305901
100.173893,253018,143783,13:10:44.305901
100.175751,252748,144067,13:10:44.305901
100.177618,252684,143575,13:10:44.305901
100.179474,252661,144181,13:10:44.305901
100.18133,252547,144083,13:10:44.305901
100.183189,252447,144263,13:10:44.305901
100.185045,252603,144035,13:10:44.305901
100.186903,252841,144297,13:10:44.305901
100.188762,252609,144098,13:10:44.305901
100.190618,252782,144248,13:10:44.305901
100.192475,252897,144282,13:10:44.305901
100.194338,252924,144186,13:10:44.305901
100.196195,252477,144046,13:10:44.305901
100.198052,252999,143848,13:10:44.305901
100.19991,252455,143872,13:10:44.305901
100.201766,252571,144244,13:10:44.305901
100.203623,252584,144099,13:10:44.305901
100.205481,252717,144041,13:10:44.355245
100.207347,252865,143983,13:10:44.355245
100.20921,252895,144175,13:10:44.355245
100.211112,252264,143994,13:10:44.355245
100.212968,252618,143838,13:10:44.355245
100.214826,252445,143846,13:10:44.355245
100.216685,252478,143889,13:10:44.355245
100.218543,252450,144027,13:10:44.355245
100.220399,252506,144093,13:10:44.355245
100.222256,252456,144204,13:10:44.355245
100.224114,252506,144117,13:10:44.355245
100.225977,252689,143987,13:10:44.355245
100.227835,252786,143713,13:10:44.355245
100.229691,252585,143808,13:10:44.355245
100.231556,252546,144080,13:10:44.355245
100.233412,252567,143896,13:10:44.355245
100.235268,252758,144130,13:10:44.355245
100.237127,252516,144210,13:10:44.355245
100.238983,252564,144079,13:10:44.355245
100.240841,252480,143952,13:10:44.355245
100.2427,252659,143916,13:10:44.355245
100.24456,252446,144175,13:10:44.355245
100.246416,252506,144014,13:10:44.355245
100.248273,252419,143936,13:10:44.355245
100.250137,252555,144099,13:10:44.355245
100.251993,252370,143874,13:10:44.355245
100.253852,252605,144056,13:10:44.355245
100.255716,252580,144012,13:10:44.405224
100.25758,252496,144297,13:10:44.405224
100.259441,252460,144055,13:10:44.405224
100.261363,252275,143958,13:10:44.405224
100.263237,252402,144243,13:10:44.405224
100.265095,252375,143835,13:10:44.405224
100.266952,252486,143940,13:10:44.405224
100.26881,252466,143778,13:10:44.405224
100.270666,252269,143939,13:10:44.405224
100.272523,252620,143916,13:10:44.405224
100.274379,252545,144197,13:10:44.405224
100.276235,252674,143664,13:10:44.405224
100.278094,252515,143945,13:10:44.405224
100.27995,252635,143793,13:10:44.405224
100.281808,252333,143651,13:10:44.405224
100.283665,252526,144084,13:10:44.405224
100.285521,252460,143987,13:10:44.405224
100.28738,252330,144015,13:10:44.405224
100.289243,252423,143945,13:10:44.405224
100.2911,252641,143936,13:10:44.405224
100.292957,252507,144013,13:10:44.405224
100.294815,252622,144114,13:10:44.405224
100.296671,252492,143878,13:10:44.405224
100.298528,252466,144045,13:10:44.405224
100.300386,252795,144042,13:10:44.405224
100.302242,252620,144193,13:10:44.405224
100.304101,252552,144319,13:10:44.405224
100.305973,252341,143774,13:10:44.455741
100.307833,252528,144129,13:10:44.455741
100.309703,252534,144111,13:10:44.455741
100.311602,252662,144130,13:10:44.455741
100.31346,252370,143792,13:10:44.455741
100.315316,252328,143789,13:10:44.455741
100.317173,252411,143566,13:10:44.455741
100.319029,252736,143789,13:10:44.455741
100.320887,252396,144030,13:10:44.455741
100.322746,252434,144035,13:10:44.455741
100.324602,252548,144179,13:10:44.455741
100.326468,252470,143896,13:10:44.455741
100.328325,252516,143852,13:10:44.455741
100.330181,252376,144126,13:10:44.455741
100.332039,252460,144047,13:10:44.455741
100.333896,252580,143639,13:10:44.455741
100.335754,252591,144199,13:10:44.455741
100.337611,252397,144036,13:10:44.455741
100.339467,252661,143998,13:10:44.455741
100.341325,252708,143871,13:10:44.455741
100.343189,252637,144289,13:10:44.455741
100.345048,252653,143978,13:10:44.455741
100.346904,252612,143904,13:10:44.455741
100.348771,252786,143913,13:10:44.455741
100.350627,252551,144019,13:10:44.455741
100.352483,252743,144067,13:10:44.455741
100.354342,252689,144008,13:10:44.455741
100.356206,252672,144049,13:10:44.505642
100.358066,252709,144269,13:10:44.505642
100.359936,252524,144220,13:10:44.505642
100.361857,252475,144371,13:10:44.505642
100.363715,252766,144248,13:10:44.505642
100.365571,252399,144016,13:10:44.505642
100.367428,252665,144078,13:10:44.505642
100.369284,252690,143949,13:10:44.505642
100.37114,252498,144078,13:10:44.505642
100.372999,252741,144013,13:10:44.505642
100.374855,252524,144105,13:10:44.505642
100.376713,252660,144062,13:10:44.505642
100.37857,252714,144081,13:10:44.505642
100.380426,252708,144025,13:10:44.505642
100.382285,252665,144004,13:10:44.505642
100.384148,252663,144053,13:10:44.505642
100.386005,252834,144083,13:10:44.505642
100.387864,252420,143917,13:10:44.505642
100.389722,252870,144068,13:10:44.505642
100.391578,252770,144201,13:10:44.505642
100.393435,252654,144014,13:10:44.505642
100.395293,252865,143987,13:10:44.505642
100.397149,252675,144182,13:10:44.505642
100.399008,252511,143986,13:10:44.505642
100.400866,252978,144344,13:10:44.505642
100.402726,252725,144114,13:10:44.505642
100.404583,252700,144067,13:10:44.555796
100.406475,252625,144163,13:10:44.555796
100.408335,252838,144009,13:10:44.555796
100.410212,252906,144194,13:10:44.555796
100.412132,252886,144062,13:10:44.555796
100.41399,253027,144154,13:10:44.555796
100.415846,252916,144321,13:10:44.555796
100.417711,252656,144316,13:10:44.555796
100.419567,252852,144375,13:10:44.555796
100.421423,252683,144084,13:10:44.555796
100.423282,252741,143970,13:10:44.555796
100.425138,252951,144197,13:10:44.555796
100.426996,252828,144484,13:10:44.555796
100.428855,252671,144041,13:10:44.555796
100.430711,252725,144114,13:10:44.555796
100.432567,252898,143960,13:10:44.555796
100.434431,252804,144128,13:10:44.555796
100.436288,252886,144193,13:10:44.555796
100.438144,252794,144204,13:10:44.555796
100.440003,252799,144205,13:10:44.555796
100.441859,252722,144181,13:10:44.555796
100.443715,252935,144157,13:10:44.556800
100.445572,252856,144257,13:10:44.556800
100.44743,252788,144317,13:10:44.556800
100.449286,252871,144089,13:10:44.556800
100.451143,253000,144263,13:10:44.558809
100.453009,253211,144017,13:10:44.558809
100.454867,252729,144212,13:10:44.604659
100.456742,252943,144540,13:10:44.604659
100.458602,253071,144276,13:10:44.604659
100.460508,253210,144684,13:10:44.604659
100.462403,252863,144268,13:10:44.604659
100.464261,252962,144558,13:10:44.604659
100.466119,253035,144313,13:10:44.605657
100.467977,252785,144326,13:10:44.605657
100.469834,253284,144485,13:10:44.605657
100.47169,252962,144469,13:10:44.605657
100.473547,253099,144280,13:10:44.605657
100.475403,253223,144462,13:10:44.605657
100.477261,252961,144352,13:10:44.605657
100.479118,253233,144487,13:10:44.605657
100.48098,253071,144415,13:10:44.605657
100.482836,253232,144438,13:10:44.605657
100.484693,252910,144461,13:10:44.605657
100.486551,253147,144382,13:10:44.605657
100.488407,253283,144379,13:10:44.605657
100.490266,253051,144337,13:10:44.605657
100.492122,253039,144289,13:10:44.605657
100.493978,253135,144382,13:10:44.605657
100.495835,253040,144524,13:10:44.605657
100.497701,253284,144331,13:10:44.605657
100.499557,253007,144284,13:10:44.605657
100.501414,253187,144414,13:10:44.605657
100.503272,253157,144658,13:10:44.605657
100.505128,253369,144360,13:10:44.655992
100.506987,253143,144805,13:10:44.655992
100.508847,252873,144323,13:10:44.656993
100.510753,252919,144418,13:10:44.656993
100.51262,253080,144534,13:10:44.656993
100.514478,253174,144519,13:10:44.656993
100.516336,253276,144379,13:10:44.656993
100.518199,253322,144508,13:10:44.656993
100.520055,253167,144529,13:10:44.656993
100.521913,253208,144550,13:10:44.656993
100.523772,253287,144568,13:10:44.656993
100.525628,253257,144591,13:10:44.656993
100.527486,253305,144521,13:10:44.656993
100.529345,253224,144601,13:10:44.656993
100.531203,253173,144771,13:10:44.656993
100.533059,253010,144561,13:10:44.656993
100.53492,253280,144627,13:10:44.656993
100.536776,253221,144636,13:10:44.656993
100.538632,253203,144519,13:10:44.656993
100.540491,252985,144667,13:10:44.656993
100.542347,253195,144705,13:10:44.656993
100.544205,253108,144454,13:10:44.656993
100.546062,253277,144357,13:10:44.656993
100.547922,253205,144528,13:10:44.656993
100.54979,253045,144513,13:10:44.656993
100.551648,253105,144488,13:10:44.656993
100.553505,253343,144507,13:10:44.656993
100.555363,253117,144590,13:10:44.705170
100.557256,253177,144567,13:10:44.705170
100.559116,253264,144406,13:10:44.705170
100.561,253092,144619,13:10:44.705170
100.562917,253126,144601,13:10:44.705170
100.564791,253137,144534,13:10:44.705170
100.566647,253365,144396,13:10:44.705170
100.568505,253189,144780,13:10:44.705170
100.570362,253386,144878,13:10:44.705170
100.572222,253235,144545,13:10:44.705170
100.574079,253292,144540,13:10:44.705170
100.575935,253307,144604,13:10:44.705170
100.577793,253212,144456,13:10:44.705170
100.57965,253225,144583,13:10:44.705170
100.581508,253280,144489,13:10:44.705170
100.583364,252985,144633,13:10:44.705170
100.585221,253274,144528,13:10:44.705170
100.587079,253280,144582,13:10:44.705170
100.588943,253277,144480,13:10:44.705170
100.590806,253269,144656,13:10:44.705170
100.592662,253368,144701,13:10:44.705170
100.594526,253269,144634,13:10:44.705170
100.596383,253209,144532,13:10:44.705170
100.598239,252960,144626,13:10:44.705170
100.600097,253203,144369,13:10:44.705170
100.601954,253226,144686,13:10:44.705170
100.603812,253119,144712,13:10:44.705170
100.605674,253034,144712,13:10:44.755419
100.607537,253498,144440,13:10:44.755419
100.609399,253128,144442,13:10:44.755419
100.611313,253062,144627,13:10:44.755419
100.613175,253573,144575,13:10:44.755419
100.615032,253305,144837,13:10:44.755419
100.616888,253058,144529,13:10:44.755419
100.618746,253280,144408,13:10:44.755419
100.620603,253260,144637,13:10:44.755419
100.622461,253246,144682,13:10:44.755419
100.624318,253212,144652,13:10:44.755419
100.626178,252993,144529,13:10:44.755419
100.628034,253193,144656,13:10:44.755419
100.629891,253164,144637,13:10:44.755419
100.631753,253168,144420,13:10:44.755419
100.633609,253148,144487,13:10:44.755419
100.635468,253241,144509,13:10:44.755419
100.637324,253370,144659,13:10:44.755419
100.63918,253377,144681,13:10:44.755419
100.641039,253274,144453,13:10:44.755419
100.642898,253381,144505,13:10:44.755419
100.644757,253010,144714,13:10:44.755419
100.646614,253151,144361,13:10:44.755419
100.64848,253175,144578,13:10:44.755419
100.650336,253259,144605,13:10:44.755419
100.6522,253092,144605,13:10:44.755419
100.654061,252782,144420,13:10:44.755419
100.655931,253167,144758,13:10:44.805254
100.657796,253474,144452,13:10:44.805254
100.65966,253121,144788,13:10:44.805254
100.66158,253067,144713,13:10:44.805254
100.663438,253074,144254,13:10:44.805254
100.665295,253199,144428,13:10:44.805254
100.667151,253095,144457,13:10:44.805254
100.66901,253075,144622,13:10:44.805254
100.67087,252869,144459,13:10:44.805254
100.672728,253182,144465,13:10:44.805254
100.674585,252976,144514,13:10:44.805254
100.676444,252881,144187,13:10:44.805254
100.678301,253080,144515,13:10:44.805254
100.680158,253202,144507,13:10:44.805254
100.682016,253079,144457,13:10:44.805254
100.683874,252991,144705,13:10:44.805254
100.685733,252995,144439,13:10:44.805254
100.687589,253057,144462,13:10:44.805254
100.689449,252938,144272,13:10:44.805254
100.691306,252999,144531,13:10:44.805254
100.693172,253053,144346,13:10:44.805254
100.695028,253207,144543,13:10:44.805254
100.696885,253180,144359,13:10:44.805254
100.698743,253109,144453,13:10:44.805254
100.700599,252898,144327,13:10:44.805254
100.702456,253139,144470,13:10:44.805254
100.704314,253271,144630,13:10:44.805254
100.706198,252840,144546,13:10:44.857631
100.708059,252971,144701,13:10:44.857631
100.709927,253149,144695,13:10:44.857631
100.711835,252995,144528,13:10:44.857631
100.713694,253306,144522,13:10:44.857631
100.715552,253176,144552,13:10:44.857631
100.71741,252997,144340,13:10:44.857631
100.719267,253018,144359,13:10:44.857631
100.721123,252860,144517,13:10:44.857631
100.722981,252975,144432,13:10:44.857631
100.724838,252905,144590,13:10:44.857631
100.726696,253120,144645,13:10:44.857631
100.728552,252965,144329,13:10:44.857631
100.730409,252919,144391,13:10:44.857631
100.732267,252883,144615,13:10:44.857631
100.734131,253034,144429,13:10:44.857631
100.735988,252921,144426,13:10:44.857631
100.737844,252750,144496,13:10:44.857631
100.739703,252837,144314,13:10:44.857631
100.741559,253034,144321,13:10:44.857631
100.743415,252820,144449,13:10:44.857631
100.745274,252879,144345,13:10:44.857631
100.74713,253210,144284,13:10:44.857631
100.748986,252785,144302,13:10:44.857631
100.750843,253089,144573,13:10:44.857631
100.752703,252935,144498,13:10:44.857631
100.754561,253007,144310,13:10:44.905485
100.756431,252820,144485,13:10:44.905485
100.758292,252933,144361,13:10:44.905485
100.76018,252769,144531,13:10:44.905485
100.762047,252852,144339,13:10:44.905485
100.763929,252744,144653,13:10:44.905485
100.765787,253189,144485,13:10:44.905485
100.767643,253028,144485,13:10:44.905485
100.7695,252975,144518,13:10:44.905485
100.771358,253060,144698,13:10:44.905485
100.773215,252987,144479,13:10:44.905485
100.775071,252880,144289,13:10:44.905485
100.776929,252963,144428,13:10:44.905485
100.778786,252780,144408,13:10:44.905485
100.780644,252896,144562,13:10:44.905485
100.7825,252720,144602,13:10:44.905485
100.784357,253065,144324,13:10:44.905485
100.786215,253055,144536,13:10:44.905485
100.788077,252697,144431,13:10:44.905485
100.789934,252999,144337,13:10:44.905485
100.791792,252769,144467,13:10:44.905485
100.79365,252747,144673,13:10:44.905485
100.795507,252936,144325,13:10:44.905485
100.797363,252838,144476,13:10:44.905485
100.799221,252642,144409,13:10:44.905485
100.801078,252631,144334,13:10:44.905485
100.802934,252863,144276,13:10:44.905485
100.804792,253036,144377,13:10:44.960298
100.806675,252551,144424,13:10:44.960298
100.808535,252550,144249,13:10:44.960298
100.810429,252562,144420,13:10:44.960298
100.812298,253046,144266,13:10:44.960298
100.814154,252807,144517,13:10:44.960298
100.81601,252828,144273,13:10:44.960298
100.817871,252870,144251,13:10:44.960298
100.819727,253010,144409,13:10:44.960298
100.821585,253177,144341,13:10:44.960298
100.823442,252990,144502,13:10:44.960298
100.825302,253125,144355,13:10:44.960298
100.827158,252665,144425,13:10:44.960298
100.829015,252800,144339,13:10:44.960298
100.830875,252614,144467,13:10:44.960934
100.832731,252656,144494,13:10:44.960934
100.83459,252719,144586,13:10:44.960934
100.836449,253031,144422,13:10:44.960934
100.838306,252954,144224,13:10:44.960934
100.840163,252918,144458,13:10:44.960934
100.842023,252880,144470,13:10:44.960934
100.843879,252809,144504,13:10:44.960934
100.845736,252915,144280,13:10:44.960934
100.847594,252887,144531,13:10:44.960934
100.849451,252803,144435,13:10:44.960934
100.851307,252431,144589,13:10:44.960934
100.853165,252905,144332,13:10:44.960934
100.855022,253022,144485,13:10:45.009456
100.856894,252692,144332,13:10:45.009456
100.858768,252830,144396,13:10:45.009456
100.860667,252886,144494,13:10:45.009456
100.862545,252705,144523,13:10:45.009456
100.864403,252671,144528,13:10:45.009456
100.866265,252962,144462,13:10:45.009456
100.868124,252840,144569,13:10:45.009456
100.869982,252756,144476,13:10:45.009456
100.871846,252834,144410,13:10:45.009456
100.873703,252959,144569,13:10:45.009456
100.875563,252969,144408,13:10:45.009456
100.877419,252845,144270,13:10:45.009456
100.879276,252793,144339,13:10:45.009456
100.881132,252511,144276,13:10:45.009456
100.882991,252765,144457,13:10:45.009456
100.884847,252613,144216,13:10:45.009456
100.886703,252767,144416,13:10:45.009456
100.888564,252689,144596,13:10:45.009456
100.89042,253059,144144,13:10:45.009456
100.892276,252985,144504,13:10:45.009456
100.894135,252855,144447,13:10:45.009456
100.895991,252670,144464,13:10:45.009456
100.897849,252837,144275,13:10:45.009456
100.899706,252876,144671,13:10:45.009456
100.901568,252703,144423,13:10:45.009456
100.903426,252919,144534,13:10:45.009456
100.905283,252956,144376,13:10:45.055359
100.907153,252814,144401,13:10:45.055359
100.909013,252941,144689,13:10:45.055359
100.91091,252882,144323,13:10:45.055359
100.9128,252870,144354,13:10:45.055359
100.914656,252870,144164,13:10:45.055359
100.916517,252706,144559,13:10:45.055359
100.918373,252680,144469,13:10:45.055359
100.920229,252834,144581,13:10:45.055359
100.922088,252759,144251,13:10:45.055359
100.92395,252975,144362,13:10:45.055359
100.925808,252666,144369,13:10:45.055359
100.927665,252738,144467,13:10:45.055359
100.929531,252949,144100,13:10:45.055359
100.931387,252643,144230,13:10:45.055359
100.933244,252947,144433,13:10:45.055359
100.935102,252837,144543,13:10:45.055359
100.936958,253031,144443,13:10:45.055359
100.938817,252946,144657,13:10:45.055359
100.940673,252889,144661,13:10:45.055359
100.942529,252964,144455,13:10:45.055359
100.944386,252863,144536,13:10:45.055359
100.946252,253025,144475,13:10:45.055359
100.948109,252870,144630,13:10:45.055359
100.949965,253133,144403,13:10:45.055359
100.951823,252899,144465,13:10:45.055359
100.95368,253152,144326,13:10:45.055359
100.955538,252838,144751,13:10:45.107297
100.957408,252723,144441,13:10:45.107297
100.959272,252975,144431,13:10:45.107297
100.961177,252702,144514,13:10:45.107297
100.963033,252829,144425,13:10:45.107297
100.9649,252748,144289,13:10:45.107297
100.966758,253047,144366,13:10:45.107297
100.968614,252562,144162,13:10:45.107297
100.970472,252994,144362,13:10:45.107297
100.972329,252775,144389,13:10:45.107297
100.974185,252838,144535,13:10:45.107297
100.976043,252988,144421,13:10:45.107297
100.9779,253053,144628,13:10:45.107297
100.979758,252710,144366,13:10:45.107297
100.981614,252838,144753,13:10:45.107297
100.983477,252529,144320,13:10:45.107297
100.985337,252745,144578,13:10:45.107297
100.987193,253035,144346,13:10:45.107297
100.989052,252909,144414,13:10:45.107297
100.990908,252700,144658,13:10:45.107297
100.992767,253106,144601,13:10:45.107297
100.994623,252912,144471,13:10:45.108575
100.996479,252984,144449,13:10:45.108575
100.998338,252816,144378,13:10:45.108575
101.000198,253077,144446,13:10:45.108575
101.002054,252951,144386,13:10:45.108575
101.003911,252839,144338,13:10:45.109582
101.005775,252989,144394,13:10:45.158232
101.007637,252967,144359,13:10:45.158232
101.009499,252932,144250,13:10:45.158232
101.01141,252963,144448,13:10:45.158232
101.013272,252652,144527,13:10:45.158232
101.015152,252663,144389,13:10:45.158232
101.017013,253001,144273,13:10:45.158232
101.018871,252909,144412,13:10:45.158232
101.020729,252857,144641,13:10:45.158232
101.022586,252859,144434,13:10:45.158232
101.024449,252980,144237,13:10:45.158232
101.026306,252914,144289,13:10:45.158232
101.02817,252824,144404,13:10:45.158232
101.030027,253016,144421,13:10:45.158232
101.031883,252912,144308,13:10:45.158232
101.033742,252746,144420,13:10:45.158232
101.035598,252727,144540,13:10:45.158232
101.037454,252735,144403,13:10:45.158232
101.039311,252772,144239,13:10:45.158232
101.041167,252775,144599,13:10:45.158232
101.043023,253063,144118,13:10:45.159497
101.04488,253060,144394,13:10:45.159497
101.046742,252910,144503,13:10:45.159497
101.048598,252888,144223,13:10:45.159497
101.050455,252825,144187,13:10:45.159497
101.052313,252629,144399,13:10:45.159497
101.05417,252679,144240,13:10:45.159497
101.056036,252754,144208,13:10:45.210078
101.057894,252961,144541,13:10:45.210078
101.059756,252781,144639,13:10:45.210078
101.061655,252701,144364,13:10:45.210078
101.063537,252273,144353,13:10:45.210078
101.065401,252910,144349,13:10:45.210078
101.06726,252837,144672,13:10:45.210078
101.069118,252798,144362,13:10:45.210078
101.07098,252931,144126,13:10:45.210078
101.072837,252838,144304,13:10:45.210078
101.074697,252757,144298,13:10:45.210078
101.076553,252706,143993,13:10:45.210078
101.07841,252915,144199,13:10:45.210078
101.080268,252847,144468,13:10:45.210078
101.082125,252812,144260,13:10:45.210078
101.083981,252695,144552,13:10:45.210078
101.085837,252673,144269,13:10:45.210078
101.087698,252826,144196,13:10:45.210078
101.089554,252884,143961,13:10:45.210078
101.09141,252857,144416,13:10:45.210078
101.093269,252828,144308,13:10:45.210078
101.095125,252698,144267,13:10:45.210078
101.096983,252702,144230,13:10:45.210078
101.09884,252710,144131,13:10:45.210078
101.100702,252582,144281,13:10:45.210078
101.10256,252658,144105,13:10:45.210078
101.104417,253010,144159,13:10:45.260716
101.106285,252831,144430,13:10:45.260716
101.108145,252884,144419,13:10:45.260716
101.110025,252805,144332,13:10:45.260716
101.11191,252507,144286,13:10:45.260716
101.113766,252741,144239,13:10:45.260716
101.11566,252379,144502,13:10:45.260716
101.117523,252890,144330,13:10:45.260716
101.119379,252874,144201,13:10:45.260716
101.121239,252778,144030,13:10:45.260716
101.123096,252813,144214,13:10:45.260716
101.124952,252830,144233,13:10:45.260716
101.126808,252825,144221,13:10:45.260716
101.128665,252696,144062,13:10:45.260716
101.130521,252900,144275,13:10:45.260716
101.132378,252586,144480,13:10:45.261709
101.134236,252734,144166,13:10:45.261709
101.136092,252892,144348,13:10:45.261709
101.137951,252587,144322,13:10:45.261709
101.139807,252592,144012,13:10:45.261709
101.141663,252524,144229,13:10:45.261709
101.14352,252610,144076,13:10:45.261709
101.145386,252745,144290,13:10:45.261709
101.147242,252296,144285,13:10:45.261709
101.149099,252443,144006,13:10:45.261709
101.150957,252399,144303,13:10:45.261709
101.152813,252811,144238,13:10:45.261709
101.15467,252521,144179,13:10:45.312394
101.156536,252599,144296,13:10:45.312394
101.158396,252646,144359,13:10:45.312394
101.1603,252687,144313,13:10:45.312394
101.162169,252524,144020,13:10:45.312394
101.164034,252137,144191,13:10:45.312394
101.165892,252258,144233,13:10:45.312394
101.167758,252319,144224,13:10:45.312394
101.169624,252664,144173,13:10:45.312394
101.17148,252681,144382,13:10:45.312394
101.173358,252544,144191,13:10:45.312394
101.175215,252556,144160,13:10:45.312394
101.177071,252678,144337,13:10:45.312394
101.17893,252777,144293,13:10:45.312394
101.180786,252770,144385,13:10:45.312394
101.182642,252650,144381,13:10:45.312394
101.184501,252682,144127,13:10:45.312394
101.186357,252665,143970,13:10:45.312394
101.188215,252448,144039,13:10:45.312394
101.190072,252412,144197,13:10:45.312394
101.191936,252634,144130,13:10:45.312394
101.193794,252385,143911,13:10:45.312394
101.195651,252109,144034,13:10:45.312394
101.197509,252362,144196,13:10:45.312394
101.199366,252397,144134,13:10:45.312394
101.201224,252431,144012,13:10:45.312394
101.20308,252532,144051,13:10:45.312394
101.204937,252527,143952,13:10:45.365003
101.206809,252478,143929,13:10:45.365003
101.208669,252503,143674,13:10:45.365003
101.210567,252706,144227,13:10:45.365003
101.212426,252319,144309,13:10:45.365003
101.214282,252628,144210,13:10:45.365003
101.216142,252667,144052,13:10:45.365003
101.218001,252243,143982,13:10:45.365003
101.219859,252615,144011,13:10:45.365003
101.221715,252609,144146,13:10:45.365003
101.223572,252712,143930,13:10:45.365003
101.225428,252777,143925,13:10:45.365003
101.227285,252757,144114,13:10:45.365003
101.229143,252515,144119,13:10:45.365003
101.230999,252391,144102,13:10:45.365003
101.232858,252537,144206,13:10:45.365003
101.234714,252500,144103,13:10:45.365003
101.23657,252438,144144,13:10:45.365003
101.238429,252625,144129,13:10:45.365003
101.240291,252497,143988,13:10:45.365003
101.242147,252308,144067,13:10:45.365003
101.244004,252534,143924,13:10:45.365003
101.245862,252204,144141,13:10:45.365003
101.247718,252490,143886,13:10:45.365003
101.249575,252375,143806,13:10:45.365003
101.251433,252465,143877,13:10:45.365003
101.253289,252388,143857,13:10:45.365003
101.255148,252320,144000,13:10:45.416375
101.257026,252234,144071,13:10:45.416375
101.258888,252245,143890,13:10:45.416375
101.260779,252167,143650,13:10:45.416375
101.262635,252307,143899,13:10:45.416375
101.264493,252371,144233,13:10:45.416375
101.266354,252437,143933,13:10:45.416375
101.26824,251660,144068,13:10:45.416375
101.270112,252609,144193,13:10:45.416375
101.271968,252370,144165,13:10:45.416375
101.273829,252347,144033,13:10:45.416375
101.275685,252648,143708,13:10:45.416375
101.277541,252392,143947,13:10:45.416375
101.2794,252531,144066,13:10:45.416375
101.281259,252580,143859,13:10:45.416375
101.283117,252506,143934,13:10:45.416375
101.284973,252464,144016,13:10:45.416375
101.286835,252726,143934,13:10:45.416375
101.288692,252528,144108,13:10:45.416375
101.290548,252837,143953,13:10:45.416375
101.292408,252801,143947,13:10:45.416375
101.294265,252480,143911,13:10:45.416375
101.296123,252497,143869,13:10:45.416375
101.297979,252449,144081,13:10:45.416375
101.299836,252376,144094,13:10:45.416375
101.301692,252376,143972,13:10:45.416375
101.303548,252479,143868,13:10:45.416375
101.305409,252416,144065,13:10:45.474809
101.307275,252383,143835,13:10:45.474809
101.309135,252301,144066,13:10:45.474809
101.311029,252349,144042,13:10:45.474809
101.312888,252428,143992,13:10:45.474809
101.31475,252356,144068,13:10:45.474809
101.316606,252482,143873,13:10:45.474809
101.318469,252550,143679,13:10:45.474809
101.320341,252430,143983,13:10:45.474809
101.322211,251386,143983,13:10:45.474809
101.324068,252609,144120,13:10:45.474809
101.325924,252545,144333,13:10:45.474809
101.327782,252562,143912,13:10:45.474809
101.329639,252329,144053,13:10:45.474809
101.331495,252428,144140,13:10:45.474809
101.333353,252625,144042,13:10:45.475817
101.33521,252422,143920,13:10:45.475817
101.337066,252792,144069,13:10:45.475817
101.338922,252596,144121,13:10:45.475817
101.340787,252451,144006,13:10:45.475817
101.342643,252663,144044,13:10:45.475817
101.3445,252628,144051,13:10:45.475817
101.346358,252660,144194,13:10:45.475817
101.348214,252551,144060,13:10:45.475817
101.350071,252669,144225,13:10:45.475817
101.351927,252700,143765,13:10:45.475817
101.353785,252441,144033,13:10:45.475817
101.355646,252385,143989,13:10:45.518059
101.357514,252599,144137,13:10:45.518059
101.359376,252632,144407,13:10:45.518059
101.36128,252537,144120,13:10:45.518059
101.363137,252409,144035,13:10:45.518059
101.364997,252106,144238,13:10:45.518059
101.366855,252647,144283,13:10:45.518059
101.36872,252727,144178,13:10:45.518059
101.370578,252755,143876,13:10:45.518059
101.372462,252906,144081,13:10:45.518059
101.374321,252806,144032,13:10:45.518059
101.376183,252632,144293,13:10:45.518059
101.378041,252627,144240,13:10:45.518059
101.379898,251161,144133,13:10:45.518059
101.38176,252887,144241,13:10:45.518059
101.383618,252784,144223,13:10:45.518059
101.385479,252620,144273,13:10:45.518059
101.387335,252885,144361,13:10:45.518059
101.389191,252734,144172,13:10:45.518059
101.39105,252648,144336,13:10:45.518059
101.392906,252797,144444,13:10:45.518059
101.394763,252741,144086,13:10:45.518059
101.396621,252642,144340,13:10:45.518059
101.398477,252878,144255,13:10:45.518059
101.400336,252689,144150,13:10:45.518059
101.402192,252751,144386,13:10:45.518059
101.404056,252601,144510,13:10:45.518059
101.405919,252851,144282,13:10:45.569041
101.407779,252753,144219,13:10:45.569041
101.409644,252822,144214,13:10:45.569041
101.411536,252746,144365,13:10:45.569041
101.413396,252834,144260,13:10:45.569041
101.415254,252804,144286,13:10:45.569041
101.417114,252715,144235,13:10:45.569041
101.418971,252411,144074,13:10:45.569041
101.420827,252568,144164,13:10:45.569041
101.422686,252295,144577,13:10:45.569041
101.42459,252584,144249,13:10:45.569041
101.426454,252778,144435,13:10:45.569041
101.428313,252819,144547,13:10:45.569041
101.430169,253108,144325,13:10:45.569041
101.432029,252972,144487,13:10:45.569041
101.433886,253127,144502,13:10:45.569041
101.435742,252832,144206,13:10:45.569041
101.4376,252909,144335,13:10:45.569041
101.439457,252950,144345,13:10:45.569041
101.441313,252946,144299,13:10:45.569041
101.443169,252956,144515,13:10:45.569041
101.445026,253216,144210,13:10:45.569041
101.446882,252804,144482,13:10:45.569041
101.448739,253045,144492,13:10:45.569041
101.450599,253203,144325,13:10:45.569041
101.452455,252954,144429,13:10:45.569041
101.454313,253113,144589,13:10:45.569041
101.45618,253185,144461,13:10:45.624345
101.45804,252960,144342,13:10:45.624345
101.459908,252926,144403,13:10:45.624345
101.461795,252952,144333,13:10:45.624345
101.463659,252864,144582,13:10:45.624345
101.465515,252903,144510,13:10:45.624345
101.467374,252871,144274,13:10:45.624345
101.469232,253010,144374,13:10:45.624345
101.471092,252659,144340,13:10:45.624345
101.472951,253009,144702,13:10:45.624345
101.474807,251816,144387,13:10:45.624345
101.476663,253081,144536,13:10:45.624345
101.478522,253015,144598,13:10:45.624345
101.480384,253027,144419,13:10:45.624345
101.48224,253113,144627,13:10:45.624345
101.484097,252864,144670,13:10:45.624345
101.485955,252850,144625,13:10:45.624345
101.487811,253233,144560,13:10:45.624345
101.489668,253071,144655,13:10:45.624345
101.491526,253004,144489,13:10:45.624345
101.493382,253325,144740,13:10:45.624345
101.495241,253325,144853,13:10:45.624345
101.497097,253133,144875,13:10:45.624345
101.498961,253333,144609,13:10:45.624345
101.500818,253132,144558,13:10:45.624345
101.502674,253141,144512,13:10:45.624345
101.504533,252905,144660,13:10:45.676942
101.506413,252825,144144,13:10:45.676942
101.508277,252871,144223,13:10:45.676942
101.510159,252663,144221,13:10:45.676942
101.512036,252880,144576,13:10:45.676942
101.513894,252931,144377,13:10:45.676942
101.51575,253118,144710,13:10:45.676942
101.517611,253102,144820,13:10:45.676942
101.519467,253084,144458,13:10:45.676942
101.521323,252631,144380,13:10:45.676942
101.523182,252829,144575,13:10:45.676942
101.525038,251934,144732,13:10:45.676942
101.526898,252766,144750,13:10:45.676942
101.528781,252684,144743,13:10:45.676942
101.530645,253319,144771,13:10:45.676942
101.532503,253478,144758,13:10:45.676942
101.53436,253465,144913,13:10:45.676942
101.536218,253591,144849,13:10:45.676942
101.538074,253611,144809,13:10:45.676942
101.539931,253605,144791,13:10:45.676942
101.541789,254007,144835,13:10:45.676942
101.543654,253793,145013,13:10:45.676942
101.545512,254034,145012,13:10:45.676942
101.547368,253908,145162,13:10:45.676942
101.549226,253832,145357,13:10:45.676942
101.551083,253512,145047,13:10:45.676942
101.552939,253897,145232,13:10:45.676942
101.554798,253696,145094,13:10:45.722788
101.556662,254057,144888,13:10:45.722788
101.558522,253589,145086,13:10:45.722788
101.560434,253650,145081,13:10:45.722788
101.562293,253459,144735,13:10:45.722788
101.564153,253417,144620,13:10:45.722788
101.566009,253336,144722,13:10:45.722788
101.567868,253193,144909,13:10:45.722788
101.569724,253494,144911,13:10:45.722788
101.571581,253049,144908,13:10:45.722788
101.573444,253295,144965,13:10:45.722788
101.575303,253639,145045,13:10:45.722788
101.577193,252889,145005,13:10:45.722788
101.57905,254010,145102,13:10:45.722788
101.580906,253865,145219,13:10:45.722788
101.582765,254069,145177,13:10:45.722788
101.584622,254132,145256,13:10:45.722788
101.586479,254308,145418,13:10:45.722788
101.588336,254415,145639,13:10:45.722788
101.590198,254358,145442,13:10:45.722788
101.592054,254271,145528,13:10:45.722788
101.593911,254372,145357,13:10:45.722788
101.595769,254178,145378,13:10:45.722788
101.597625,254382,145424,13:10:45.722788
101.599484,254164,145548,13:10:45.722788
101.60134,254454,145379,13:10:45.722788
101.6032,254249,145400,13:10:45.722788
101.605057,254467,145305,13:10:45.773248
101.606922,254562,145654,13:10:45.773248
101.608782,254276,145232,13:10:45.773248
101.610672,254251,145317,13:10:45.773248
101.612528,254160,145291,13:10:45.773248
101.614384,254461,145616,13:10:45.773248
101.616248,254124,145397,13:10:45.773248
101.618105,254027,145280,13:10:45.773248
101.619961,253898,145527,13:10:45.773248
101.62182,253708,145311,13:10:45.773248
101.623676,254337,145644,13:10:45.773248
101.625532,254151,145431,13:10:45.773248
101.627389,252554,145374,13:10:45.773248
101.629279,254028,145190,13:10:45.773248
101.631137,253703,145040,13:10:45.773248
101.632994,253485,145048,13:10:45.773248
101.63485,253610,144575,13:10:45.773248
101.636708,252996,144618,13:10:45.773248
101.638568,252850,144633,13:10:45.773248
101.640425,252693,144589,13:10:45.773248
101.642281,252325,144287,13:10:45.773248
101.644144,251805,144179,13:10:45.773248
101.646,251711,143961,13:10:45.773248
101.647857,251416,143847,13:10:45.773248
101.649715,251230,143743,13:10:45.773248
101.651571,251076,143490,13:10:45.773248
101.65343,251061,143599,13:10:45.773248
101.655286,250697,143503,13:10:45.826379
101.657156,250741,143153,13:10:45.826379
101.659017,250823,143448,13:10:45.826379
101.660915,250663,143448,13:10:45.826379
101.662813,250641,143443,13:10:45.826379
101.664673,250817,143617,13:10:45.826379
101.666531,250666,143541,13:10:45.826379
101.668388,250874,143399,13:10:45.826379
101.670244,250958,143454,13:10:45.826379
101.672103,250537,143691,13:10:45.826379
101.673959,250775,143696,13:10:45.826379
101.675819,251036,143340,13:10:45.826379
101.677678,250760,143373,13:10:45.826379
101.679546,250774,143225,13:10:45.826379
101.681406,250154,143229,13:10:45.826379
101.683307,250111,142801,13:10:45.826379
101.685189,249925,142968,13:10:45.826379
101.687049,249468,142936,13:10:45.826379
101.688905,249082,142636,13:10:45.826379
101.69077,248759,142349,13:10:45.826379
101.692626,248109,141828,13:10:45.826379
101.694483,247830,141684,13:10:45.826379
101.696341,247206,141516,13:10:45.826379
101.698197,246725,141206,13:10:45.826379
101.700054,246273,140802,13:10:45.826379
101.70191,245799,140433,13:10:45.826379
101.703766,245633,140523,13:10:45.826379
101.705631,245299,140238,13:10:45.879191
101.707499,245082,139995,13:10:45.879191
101.709359,244907,140214,13:10:45.879191
101.711267,244416,140118,13:10:45.879191
101.713124,245108,140491,13:10:45.879191
101.714984,244932,140318,13:10:45.879191
101.716842,245251,140437,13:10:45.879191
101.718699,245641,140564,13:10:45.879191
101.720555,246178,140759,13:10:45.879191
101.722418,246351,141179,13:10:45.879191
101.724274,246228,141516,13:10:45.879191
101.726138,246556,141772,13:10:45.879191
101.727995,247347,141781,13:10:45.879191
101.729881,248051,142179,13:10:45.879191
101.731741,246885,142290,13:10:45.879191
101.733599,248454,142283,13:10:45.879191
101.735463,248703,142579,13:10:45.879191
101.73732,248916,142434,13:10:45.879191
101.739176,249192,142380,13:10:45.879191
101.741035,249049,142866,13:10:45.879191
101.742891,249174,142388,13:10:45.879191
101.744748,248739,142176,13:10:45.879191
101.746606,248184,142023,13:10:45.879191
101.748462,248114,142108,13:10:45.879191
101.750319,247807,141745,13:10:45.879191
101.752175,247187,141560,13:10:45.879191
101.754039,246768,141484,13:10:45.879191
101.7559,246683,140969,13:10:45.930906
101.757764,246191,140935,13:10:45.930906
101.759628,245850,140706,13:10:45.930906
101.76152,245618,140620,13:10:45.930906
101.763381,245574,140672,13:10:45.930906
101.765239,245509,140441,13:10:45.930906
101.767097,245458,140607,13:10:45.930906
101.768954,245722,140450,13:10:45.930906
101.77081,245603,140900,13:10:45.930906
101.772669,245623,140698,13:10:45.930906
101.774525,245719,141216,13:10:45.930906
101.776381,246176,141056,13:10:45.930906
101.778244,246537,141236,13:10:45.930906
101.78013,246770,141525,13:10:45.930906
101.781998,245954,141505,13:10:45.930906
101.783856,247320,141815,13:10:45.930906
101.785715,247560,141998,13:10:45.930906
101.787573,247831,141953,13:10:45.930906
101.78943,248162,141953,13:10:45.930906
101.791286,248048,142201,13:10:45.930906
101.793142,248146,141957,13:10:45.930906
101.795001,247971,142088,13:10:45.930906
101.796857,248004,141863,13:10:45.930906
101.798714,247855,141703,13:10:45.930906
101.800572,247411,141688,13:10:45.930906
101.802428,246850,141528,13:10:45.930906
101.804286,246602,141267,13:10:45.930906
101.806153,246664,140816,13:10:45.978396
101.808011,246095,140810,13:10:45.978396
101.809887,245555,140543,13:10:45.980809
101.811779,244900,140244,13:10:45.980809
101.81364,244669,139713,13:10:45.980809
101.815498,244237,139610,13:10:45.980809
101.817355,243676,139322,13:10:45.980809
101.819213,243587,139133,13:10:45.981828
101.821069,242944,139162,13:10:45.981828
101.822928,242086,139043,13:10:45.981828
101.824784,241950,138665,13:10:45.981828
101.826642,242002,138738,13:10:45.981828
101.828501,242072,138747,13:10:45.981828
101.830367,241999,138729,13:10:45.981828
101.832223,241970,138791,13:10:45.981828
101.83408,242680,138799,13:10:45.981828
101.83594,241308,138740,13:10:45.981828
101.837822,242648,138923,13:10:45.981828
101.839678,242664,138587,13:10:45.981828
101.841539,242588,138878,13:10:45.981828
101.843395,242331,138618,13:10:45.981828
101.845254,242253,138552,13:10:45.981828
101.84711,242001,138435,13:10:45.986810
101.848966,241612,137991,13:10:45.986810
101.850825,241071,137744,13:10:45.986810
101.852687,240933,137393,13:10:45.986810
101.854545,240235,137070,13:10:45.986810
101.856414,239458,136670,13:10:46.030421
101.85828,238565,135998,13:10:46.030421
101.860164,237491,135404,13:10:46.030421
101.862034,236441,135078,13:10:46.030421
101.863893,235718,134656,13:10:46.030421
101.865755,234733,134302,13:10:46.030421
101.867611,234179,133322,13:10:46.030421
101.86947,233324,133106,13:10:46.030421
101.871327,232195,132801,13:10:46.030421
101.873184,231732,132457,13:10:46.030421
101.875043,230841,131750,13:10:46.030421
101.876899,229690,131100,13:10:46.030421
101.878757,228439,130836,13:10:46.030421
101.880616,228620,130242,13:10:46.030421
101.882476,227399,129984,13:10:46.030421
101.884344,225455,129498,13:10:46.030421
101.886201,226082,129004,13:10:46.030421
101.888059,225487,128834,13:10:46.030421
101.889915,225119,128685,13:10:46.030421
101.891774,224714,128601,13:10:46.030421
101.893637,224730,128453,13:10:46.030421
101.895494,224388,128307,13:10:46.030421
101.897351,224143,128153,13:10:46.030421
101.899209,224131,128536,13:10:46.030421
101.901066,224409,128097,13:10:46.030421
101.902922,224474,128337,13:10:46.030421
101.90478,224027,128033,13:10:46.080254
101.906649,223639,127717,13:10:46.080254
101.908509,223131,127378,13:10:46.080254
101.910415,222484,126913,13:10:46.080254
101.912285,221888,126434,13:10:46.080254
101.914142,220621,126169,13:10:46.080254
101.915998,219508,125367,13:10:46.080254
101.917856,218426,124544,13:10:46.080254
101.919713,216358,123498,13:10:46.080254
101.921573,215144,122600,13:10:46.080254
101.923433,213115,122167,13:10:46.080254
101.925292,212078,120963,13:10:46.080254
101.92715,210106,119949,13:10:46.080254
101.929006,208304,118774,13:10:46.080254
101.930865,206519,117865,13:10:46.080254
101.932721,204207,117077,13:10:46.080254
101.934607,203034,116045,13:10:46.080254
101.936468,200972,115039,13:10:46.080254
101.938324,200079,114255,13:10:46.080254
101.940186,199084,113607,13:10:46.080254
101.942043,197755,113036,13:10:46.080254
101.943899,196411,112342,13:10:46.080254
101.945757,195754,111893,13:10:46.080254
101.947614,195200,111446,13:10:46.080254
101.949472,194772,111213,13:10:46.080254
101.951329,194513,111243,13:10:46.080254
101.953185,193975,110928,13:10:46.081260
101.955043,194080,111121,13:10:46.136088
101.956907,193880,110918,13:10:46.136088
101.958766,193738,110702,13:10:46.136088
101.96066,193503,110361,13:10:46.136088
101.962522,193253,110631,13:10:46.136088
101.964383,192848,110211,13:10:46.136088
101.966241,191731,109760,13:10:46.136088
101.968098,191550,109420,13:10:46.136088
101.969954,190454,108939,13:10:46.136088
101.971816,189103,108070,13:10:46.136088
101.973673,187729,107347,13:10:46.136088
101.975529,186854,106292,13:10:46.136088
101.977389,185335,105771,13:10:46.136088
101.979246,184282,104759,13:10:46.136088
101.981104,181832,104134,13:10:46.136088
101.982965,180901,103249,13:10:46.136088
101.984825,179522,102731,13:10:46.136088
101.986689,178794,101968,13:10:46.136088
101.988551,177848,101739,13:10:46.136088
101.990412,176795,100925,13:10:46.136088
101.992302,175985,100441,13:10:46.136088
101.994162,175102,99834,13:10:46.136088
101.996021,173915,99325,13:10:46.136088
101.997877,173173,98964,13:10:46.136088
101.999733,172336,98198,13:10:46.136088
102.00159,171001,97851,13:10:46.136088
102.00345,170405,97067,13:10:46.136088
102.005306,169242,96567,13:10:46.182988
102.007177,168079,95854,13:10:46.182988
102.009039,166740,94791,13:10:46.182988
102.010943,165022,94186,13:10:46.182988
102.012805,163541,93472,13:10:46.182988
102.014664,162156,92528,13:10:46.182988
102.016523,161150,91560,13:10:46.182988
102.01838,159385,91109,13:10:46.182988
102.020237,158227,90224,13:10:46.182988
102.022099,156425,89590,13:10:46.182988
102.023956,155643,88552,13:10:46.182988
102.025812,154326,87974,13:10:46.182988
102.027672,153305,87744,13:10:46.182988
102.029529,151998,86810,13:10:46.182988
102.031387,150953,86420,13:10:46.182988
102.033243,149604,85808,13:10:46.182988
102.0351,149256,85313,13:10:46.182988
102.036956,148629,84836,13:10:46.182988
102.038812,148154,84276,13:10:46.182988
102.040673,146950,84246,13:10:46.182988
102.042533,146907,83862,13:10:46.182988
102.044391,146473,83568,13:10:46.182988
102.046248,146181,83582,13:10:46.182988
102.048104,145868,83315,13:10:46.182988
102.049962,145201,83127,13:10:46.182988
102.051821,144810,82935,13:10:46.182988
102.053679,144405,82733,13:10:46.182988
102.055545,144385,82537,13:10:46.235827
102.057408,143641,82007,13:10:46.235827
102.05927,142921,81561,13:10:46.235827
102.061184,141689,81167,13:10:46.235827
102.063043,141725,80873,13:10:46.235827
102.064903,140802,80411,13:10:46.235827
102.066761,139743,79848,13:10:46.235827
102.068622,138928,79170,13:10:46.235827
102.070478,137830,78611,13:10:46.235827
102.072334,136306,78107,13:10:46.235827
102.074191,135379,77140,13:10:46.235827
102.076051,134012,76203,13:10:46.235827
102.077907,132293,75388,13:10:46.235827
102.079764,130824,74503,13:10:46.235827
102.081622,128549,73353,13:10:46.235827
102.083478,127414,72387,13:10:46.235827
102.085341,125336,71601,13:10:46.235827
102.087198,124398,70707,13:10:46.235827
102.089087,122089,70537,13:10:46.235827
102.090946,122307,69746,13:10:46.235827
102.092804,121790,69489,13:10:46.235827
102.09466,121006,69223,13:10:46.235827
102.096517,120696,68951,13:10:46.235827
102.098373,120267,68911,13:10:46.235827
102.100231,120177,68755,13:10:46.235827
102.102095,120078,68462,13:10:46.235827
102.103952,119700,68368,13:10:46.235827
102.105812,119554,67847,13:10:46.285658
102.107675,119170,68081,13:10:46.285658
102.109537,118682,67991,13:10:46.285658
102.111449,118042,67354,13:10:46.285658
102.11331,117553,66984,13:10:46.285658
102.115166,117067,66535,13:10:46.285658
102.117022,116148,66137,13:10:46.285658
102.118881,115382,65968,13:10:46.285658
102.120743,114709,65015,13:10:46.285658
102.122599,113242,64691,13:10:46.285658
102.124456,112316,64463,13:10:46.285658
102.126314,111478,63717,13:10:46.285658
102.128172,110797,63115,13:10:46.285658
102.130029,109819,62432,13:10:46.285658
102.131887,109214,62114,13:10:46.285658
102.133743,108476,61890,13:10:46.285658
102.1356,107650,61382,13:10:46.285658
102.137458,106892,60970,13:10:46.285658
102.139338,106014,60576,13:10:46.285658
102.141217,104266,60070,13:10:46.285658
102.143073,105138,60100,13:10:46.285658
102.144931,104525,59664,13:10:46.285658
102.146788,104258,59540,13:10:46.285658
102.148646,103692,59445,13:10:46.285658
102.150502,103376,58936,13:10:46.285658
102.152359,103210,58842,13:10:46.285658
102.154217,102923,58670,13:10:46.285658
102.156083,102508,58611,13:10:46.341358
102.157944,102510,58681,13:10:46.341358
102.15981,102107,58076,13:10:46.341358
102.16169,101701,58177,13:10:46.341358
102.163553,101551,57964,13:10:46.341358
102.165409,101327,57928,13:10:46.341358
102.167267,100704,57672,13:10:46.341358
102.169124,100484,57076,13:10:46.341358
102.170982,99687,56793,13:10:46.341358
102.17284,99112,56290,13:10:46.341358
102.174697,98340,55750,13:10:46.341358
102.176561,97495,55514,13:10:46.341358
102.178418,95644,54722,13:10:46.341358
102.18028,94717,54058,13:10:46.341358
102.182142,93416,52987,13:10:46.341358
102.184,92410,52267,13:10:46.341358
102.185863,90811,51747,13:10:46.341358
102.187727,89467,50637,13:10:46.341358
102.189586,88022,49841,13:10:46.341358
102.191449,85327,49059,13:10:46.341358
102.193306,85195,48292,13:10:46.341358
102.195167,83771,47334,13:10:46.341358
102.197025,82101,46452,13:10:46.341358
102.198907,80785,45582,13:10:46.341358
102.200764,79222,45282,13:10:46.341358
102.20262,78559,44601,13:10:46.341358
102.204478,77436,43971,13:10:46.341358
102.206343,75889,43165,13:10:46.358781
102.208203,75151,42615,13:10:46.358781
102.210089,74245,42041,13:10:46.358781
102.211972,73208,41567,13:10:46.358781
102.213834,72284,41254,13:10:46.358781
102.215692,71685,40862,13:10:46.358781
102.21755,71269,40820,13:10:46.358781
102.219407,71123,40410,13:10:46.358781
102.221263,70379,40281,13:10:46.358781
102.223122,70567,40357,13:10:46.358781
102.224978,70323,40161,13:10:46.358781
102.226834,69857,39930,13:10:46.358781
102.228693,70102,40164,13:10:46.358781
102.230555,69786,40006,13:10:46.358781
102.232411,69642,40224,13:10:46.358781
102.234268,69692,40212,13:10:46.358781
102.236126,70364,40009,13:10:46.358781
102.237982,69482,39962,13:10:46.358781
102.239839,69854,39689,13:10:46.358781
102.241695,69900,39932,13:10:46.358781
102.243552,69376,39532,13:10:46.358781
102.245408,69416,39569,13:10:46.358781
102.24727,67866,39418,13:10:46.358781
102.249133,68917,39314,13:10:46.358781
102.250989,68159,38977,13:10:46.358781
102.252847,67906,38946,13:10:46.358781
102.254704,67463,38429,13:10:46.405152
102.256572,66936,37938,13:10:46.405152
102.258432,66067,37785,13:10:46.405152
102.260347,65779,37541,13:10:46.405152
102.262213,65077,36798,13:10:46.405152
102.264071,64548,36323,13:10:46.405152
102.265931,63641,36377,13:10:46.405152
102.267788,63210,36017,13:10:46.405152
102.269644,62477,35482,13:10:46.405152
102.271502,62146,35201,13:10:46.405152
102.273359,61498,34798,13:10:46.405152
102.275215,60620,34390,13:10:46.405152
102.277074,60185,34353,13:10:46.405152
102.27893,59296,33412,13:10:46.405152
102.280788,58437,33346,13:10:46.405152
102.282645,58482,33178,13:10:46.405152
102.284509,57908,32282,13:10:46.405152
102.286365,56351,32202,13:10:46.405152
102.288222,56461,32080,13:10:46.405152
102.290086,56089,31524,13:10:46.405152
102.291959,54482,30794,13:10:46.405152
102.293833,53674,30659,13:10:46.405152
102.29569,53707,30424,13:10:46.405152
102.297548,52826,29936,13:10:46.405152
102.299406,52033,29657,13:10:46.405152
102.301262,52192,29989,13:10:46.405152
102.30312,52335,29455,13:10:46.405152
102.304977,50874,28652,13:10:46.455221
102.306845,50623,29150,13:10:46.455221
102.308705,51148,28834,13:10:46.455221
102.310609,49972,28256,13:10:46.455221
102.312472,49635,28821,13:10:46.455221
102.314328,50621,28889,13:10:46.455221
102.316185,49140,27378,13:10:46.455221
102.318043,48232,27723,13:10:46.455221
102.319899,48830,27805,13:10:46.455221
102.321758,47674,26796,13:10:46.455221
102.323614,47231,27294,13:10:46.455221
102.325476,48049,27422,13:10:46.455221
102.327335,46933,26202,13:10:46.455221
102.329201,45594,26013,13:10:46.455221
102.331057,46712,27016,13:10:46.455221
102.332914,48152,27162,13:10:46.455221
102.334774,46231,24523,13:10:46.455221
102.33663,41991,24103,13:10:46.455221
102.338487,45695,27251,13:10:46.455221
102.340345,47180,25260,13:10:46.455221
102.342201,42010,22977,13:10:46.455221
102.34406,41362,24940,13:10:46.455221
102.345916,45205,25321,13:10:46.455221
102.347778,41347,21688,13:10:46.455221
102.349635,39068,23476,13:10:46.455221
102.351491,42570,24649,13:10:46.455221
102.35335,41459,22602,13:10:46.455221
102.355206,38632,22235,13:10:46.504944
102.357074,40598,23689,13:10:46.504944
102.358935,41789,22831,13:10:46.504944
102.360835,38353,21223,13:10:46.504944
102.362713,38575,22816,13:10:46.504944
102.364569,40632,22548,13:10:46.504944
102.366426,38575,20899,13:10:46.504944
102.368282,36507,21198,13:10:46.504944
102.370139,38606,22404,13:10:46.504944
102.371997,38571,20811,13:10:46.504944
102.373855,35489,19934,13:10:46.504944
102.375714,36314,21393,13:10:46.504944
102.37757,37394,20625,13:10:46.504944
102.379426,35086,19305,13:10:46.504944
102.381283,34143,20119,13:10:46.504944
102.383147,36726,20986,13:10:46.504944
102.385003,34845,18457,13:10:46.504944
102.38686,32309,18661,13:10:46.504944
102.388718,34475,20198,13:10:46.504944
102.390574,34848,19002,13:10:46.504944
102.392444,31778,17643,13:10:46.504944
102.394301,31991,18929,13:10:46.504944
102.396157,33743,18949,13:10:46.504944
102.398016,31441,17081,13:10:46.504944
102.399876,30135,17516,13:10:46.504944
102.401734,31878,18537,13:10:46.504944
102.403591,31430,16821,13:10:46.504944
102.405451,28286,16019,13:10:46.555327
102.407315,29271,17366,13:10:46.555327
102.409177,30208,16489,13:10:46.555327
102.411078,27172,15105,13:10:46.555327
102.412936,27606,16270,13:10:46.555327
102.414799,29448,16354,13:10:46.555327
102.416657,27035,14315,13:10:46.555327
102.418513,25896,15460,13:10:46.555327
102.420374,27914,16315,13:10:46.555327
102.42223,27083,14481,13:10:46.555327
102.424086,25034,14039,13:10:46.555327
102.425945,26688,15726,13:10:46.555327
102.427803,27904,14876,13:10:46.555327
102.429661,25295,14116,13:10:46.555327
102.431518,25831,15299,13:10:46.555327
102.433378,27817,15695,13:10:46.555327
102.435237,26498,14411,13:10:46.555327
102.437093,25195,14382,13:10:46.555327
102.438949,26999,15424,13:10:46.555327
102.440806,26888,14071,13:10:46.555327
102.442664,23689,13206,13:10:46.555327
102.44452,24505,14630,13:10:46.555327
102.446379,26015,14159,13:10:46.555327
102.448237,24167,13046,13:10:46.555327
102.450093,23473,13861,13:10:46.555327
102.45195,25437,14638,13:10:46.555327
102.453806,25831,13988,13:10:46.555327
102.455666,24080,13255,13:10:46.606558
102.457529,24734,14323,13:10:46.606558
102.459387,25349,14006,13:10:46.606558
102.461307,23437,13013,13:10:46.606558
102.463174,23329,13504,13:10:46.606558
102.46503,24459,13442,13:10:46.606558
102.466888,22789,12052,13:10:46.606558
102.468745,21843,12091,13:10:46.606558
102.470603,22690,12879,13:10:46.606558
102.472459,22514,11918,13:10:46.606558
102.47432,20660,11266,13:10:46.606558
102.476176,21002,12260,13:10:46.606558
102.478032,21918,11574,13:10:46.606558
102.479891,19843,10775,13:10:46.606558
102.481747,19454,11559,13:10:46.606558
102.483605,20306,11226,13:10:46.606558
102.485462,19518,10576,13:10:46.606558
102.487318,18146,10190,13:10:46.606558
102.489174,18869,10935,13:10:46.606558
102.491039,19214,10518,13:10:46.606558
102.492895,17643,9830,13:10:46.606558
102.494757,17618,10173,13:10:46.606558
102.496622,18095,9968,13:10:46.606558
102.498478,16783,9089,13:10:46.606558
102.500335,15838,9193,13:10:46.606558
102.502195,16647,9169,13:10:46.606558
102.504051,16183,8771,13:10:46.606558
102.50592,15093,8241,13:10:46.655598
102.507794,15160,8677,13:10:46.655598
102.509656,15723,8755,13:10:46.655598
102.511582,14332,8079,13:10:46.655598
102.513442,14000,8167,13:10:46.655598
102.515299,14536,8195,13:10:46.655598
102.517157,14151,7783,13:10:46.655598
102.519013,13334,7422,13:10:46.655598
102.520874,13682,7690,13:10:46.655598
102.52273,13795,7427,13:10:46.655598
102.524593,12766,7146,13:10:46.655598
102.526449,12719,7544,13:10:46.655598
102.528307,13315,7343,13:10:46.655598
102.530166,12585,6790,13:10:46.655598
102.532022,11802,6779,13:10:46.655598
102.53388,12233,7279,13:10:46.655598
102.535737,12098,6942,13:10:46.655598
102.537597,11421,6540,13:10:46.655598
102.539456,11498,6678,13:10:46.655598
102.541322,11518,6574,13:10:46.655598
102.543178,10980,5904,13:10:46.655598
102.545035,10668,6122,13:10:46.655598
102.546893,11034,6468,13:10:46.655598
102.548751,10430,5976,13:10:46.655598
102.550608,10032,5671,13:10:46.655598
102.552466,10308,5853,13:10:46.655598
102.55434,10053,5646,13:10:46.655598
102.556205,9941,5493,13:10:46.705165
102.558065,9667,5728,13:10:46.705165
102.559937,10183,5454,13:10:46.705165
102.561826,9565,5303,13:10:46.705165
102.563682,9404,5522,13:10:46.705165
102.56554,9796,5527,13:10:46.705165
102.567397,9360,5202,13:10:46.705165
102.569253,9018,5101,13:10:46.705165
102.571111,9085,5185,13:10:46.705165
102.572968,9000,4989,13:10:46.705165
102.574826,8386,4741,13:10:46.705165
102.576682,8197,5127,13:10:46.705165
102.578547,8531,4951,13:10:46.705165
102.580403,8030,4450,13:10:46.705165
102.582259,7718,4698,13:10:46.705165
102.584118,7970,4632,13:10:46.705165
102.585974,7583,4586,13:10:46.705165
102.587833,6950,4007,13:10:46.705165
102.589689,6942,4067,13:10:46.705165
102.591545,7158,4233,13:10:46.705165
102.593402,6733,3903,13:10:46.705165
102.595268,6147,3827,13:10:46.705165
102.597126,6301,3747,13:10:46.705165
102.598985,5967,3591,13:10:46.705165
102.600841,5300,3342,13:10:46.705165
102.602697,5274,3404,13:10:46.705165
102.604556,5298,3435,13:10:46.705165
102.60642,4897,3177,13:10:46.755185
102.608278,4430,2870,13:10:46.755185
102.610164,4813,2955,13:10:46.755185
102.612051,4613,2600,13:10:46.755185
102.613916,3811,2709,13:10:46.755185
102.615774,3884,2918,13:10:46.755185
102.61763,3872,2452,13:10:46.755185
102.619488,3367,2213,13:10:46.756185
102.621345,3185,2058,13:10:46.756185
102.623201,2963,2167,13:10:46.756185
102.625059,2596,2041,13:10:46.756185
102.626916,2151,2048,13:10:46.756185
102.628776,2755,2154,13:10:46.756185
102.630632,2259,1897,13:10:46.756185
102.632493,1968,1495,13:10:46.756185
102.634349,1857,1690,13:10:46.756185
102.636206,2060,1636,13:10:46.756185
102.638064,1369,1529,13:10:46.756185
102.63992,1357,1423,13:10:46.756185
102.641779,1523,1634,13:10:46.756185
102.643635,1422,1275,13:10:46.756185
102.645491,1386,1116,13:10:46.756185
102.647348,1489,1879,13:10:46.756185
102.649214,1609,1625,13:10:46.756185
102.65107,1015,1454,13:10:46.756185
102.652927,1447,1674,13:10:46.756185
102.654785,1645,1546,13:10:46.805678
102.656649,1347,1504,13:10:46.805678
102.65851,1326,1408,13:10:46.805678
102.660412,1454,1734,13:10:46.805678
102.66227,1797,1387,13:10:46.805678
102.664129,1415,1431,13:10:46.805678
102.665985,1572,1738,13:10:46.805678
102.667844,1634,1709,13:10:46.805678
102.669702,1419,1461,13:10:46.805678
102.671558,1312,1418,13:10:46.805678
102.673416,1555,1557,13:10:46.805678
102.675273,1369,1456,13:10:46.806672
102.677129,1452,1659,13:10:46.806672
102.678985,1777,1640,13:10:46.806672
102.680849,1650,1597,13:10:46.806672
102.682706,1493,1600,13:10:46.806672
102.684562,1528,1516,13:10:46.806672
102.686421,1761,1710,13:10:46.806672
102.688277,1493,1528,13:10:46.807671
102.690133,1437,1401,13:10:46.807671
102.69199,1448,1542,13:10:46.807671
102.693846,1611,1715,13:10:46.807671
102.695703,1420,1525,13:10:46.807671
102.697559,1513,1815,13:10:46.807671
102.699422,1811,1701,13:10:46.809670
102.701284,1483,1488,13:10:46.809670
102.70314,1390,1485,13:10:46.809670
102.704998,1642,1598,13:10:46.855731
102.706875,1646,1297,13:10:46.855731
102.708735,1294,1579,13:10:46.855731
102.710641,1582,1646,13:10:46.855731
102.712525,1545,1418,13:10:46.855731
102.714384,1310,1598,13:10:46.855731
102.716244,1385,1689,13:10:46.855731
102.7181,1605,1560,13:10:46.855731
102.719959,1687,1496,13:10:46.855731
102.721817,1516,1552,13:10:46.855731
102.723675,1387,1570,13:10:46.855731
102.725532,1623,1430,13:10:46.855731
102.727394,1348,1526,13:10:46.855731
102.72925,1633,1543,13:10:46.855731
102.731107,1550,1661,13:10:46.855731
102.732965,1737,1696,13:10:46.855731
102.734823,1638,1761,13:10:46.855731
102.73668,1602,1589,13:10:46.856741
102.738536,1349,1733,13:10:46.856741
102.740394,1214,1727,13:10:46.856741
102.742253,1611,1425,13:10:46.857737
102.744119,1756,1557,13:10:46.857737
102.745975,1305,1635,13:10:46.857737
102.747834,1636,1534,13:10:46.857737
102.749692,1601,1662,13:10:46.857737
102.751549,1365,1547,13:10:46.857737
102.753405,1820,1360,13:10:46.858736
102.75527,1527,1314,13:10:46.905767
102.757155,1723,1562,13:10:46.905767
102.759016,1571,1731,13:10:46.905767
102.760912,1461,1643,13:10:46.905767
102.762836,1101,1770,13:10:46.905767
102.764706,1725,1646,13:10:46.905767
102.766563,1408,1639,13:10:46.905767
102.768428,1768,1417,13:10:46.905767
102.770285,1538,1700,13:10:46.905767
102.772142,1479,1680,13:10:46.905767
102.774,1694,1570,13:10:46.905767
102.775856,1894,1466,13:10:46.905767
102.777713,1498,1564,13:10:46.905767
102.779569,1387,1375,13:10:46.905767
102.781425,1382,1413,13:10:46.905767
102.783282,1718,1618,13:10:46.905767
102.785138,1602,1611,13:10:46.905767
102.786999,1446,1821,13:10:46.905767
102.788857,1531,1927,13:10:46.905767
102.790713,1624,1460,13:10:46.905767
102.792572,1544,1786,13:10:46.905767
102.794428,1853,1378,13:10:46.905767
102.796286,1493,1681,13:10:46.905767
102.798143,1640,1669,13:10:46.905767
102.800001,1487,1653,13:10:46.905767
102.801861,1485,1642,13:10:46.905767
102.803726,1552,1585,13:10:46.905767
102.805586,1789,1814,13:10:46.955929
102.807451,1638,1733,13:10:46.955929
102.809349,1747,1583,13:10:46.955929
102.811249,1595,1366,13:10:46.955929
102.813109,1624,1690,13:10:46.955929
102.814971,1623,1633,13:10:46.955929
102.816828,1481,1500,13:10:46.955929
102.818684,1895,1665,13:10:46.955929
102.820542,1510,1520,13:10:46.955929
102.822399,1688,1619,13:10:46.955929
102.824257,1770,1684,13:10:46.955929
102.826113,1811,1578,13:10:46.955929
102.827974,1539,1505,13:10:46.955929
102.829832,1619,1555,13:10:46.955929
102.831698,1478,1430,13:10:46.955929
102.833555,1577,1657,13:10:46.955929
102.835411,1663,1716,13:10:46.955929
102.837269,1908,1423,13:10:46.955929
102.839126,1651,1302,13:10:46.955929
102.840982,1666,1692,13:10:46.955929
102.84284,1725,1782,13:10:46.955929
102.844697,1839,1708,13:10:46.955929
102.846555,1785,1584,13:10:46.955929
102.848412,1492,1538,13:10:46.955929
102.850276,1545,1566,13:10:46.955929
102.852132,1523,1385,13:10:46.955929
102.853989,1767,1581,13:10:46.955929
102.855849,1856,1733,13:10:47.010720
102.857713,1735,1814,13:10:47.010720
102.859577,1574,1528,13:10:47.010720
102.861497,1298,1699,13:10:47.010720
102.863382,1748,1576,13:10:47.010720
102.86524,1762,1511,13:10:47.010720
102.867097,1611,1481,13:10:47.010720
102.868953,1428,1315,13:10:47.010720
102.870811,1438,1622,13:10:47.010720
102.872668,1655,1717,13:10:47.010720
102.874524,1701,1717,13:10:47.010720
102.87638,1608,1863,13:10:47.010720
102.878241,1830,1368,13:10:47.010720
102.880097,1654,1560,13:10:47.010720
102.881953,1596,1692,13:10:47.010720
102.883812,1544,1600,13:10:47.010720
102.885668,1591,1689,13:10:47.010720
102.887526,1742,1694,13:10:47.010720
102.889383,1596,1557,13:10:47.010720
102.891243,1515,1325,13:10:47.010720
102.893101,1702,1474,13:10:47.010720
102.894961,1830,1799,13:10:47.010720
102.896824,1653,1654,13:10:47.010720
102.89868,1509,1600,13:10:47.010720
102.900539,1777,1677,13:10:47.010720
102.902395,1728,1778,13:10:47.010720
102.904252,1635,1538,13:10:47.010720
102.90613,1784,1798,13:10:47.056783
102.907998,1617,1737,13:10:47.056783
102.909862,1693,1506,13:10:47.056783
102.91178,1828,1827,13:10:47.056783
102.913649,1465,1699,13:10:47.056783
102.915507,1656,1440,13:10:47.056783
102.917363,1473,1664,13:10:47.056783
102.91922,1641,1637,13:10:47.056783
102.921076,1599,1887,13:10:47.056783
102.92294,1672,1654,13:10:47.056783
102.924797,1796,1737,13:10:47.056783
102.926653,1619,1616,13:10:47.056783
102.928511,1728,1805,13:10:47.056783
102.930368,1834,1615,13:10:47.056783
102.932224,1775,1801,13:10:47.056783
102.934082,1919,1485,13:10:47.056783
102.935939,1699,1530,13:10:47.056783
102.937797,1853,1727,13:10:47.056783
102.939654,1814,1693,13:10:47.056783
102.941518,1640,1455,13:10:47.056783
102.943378,1721,1760,13:10:47.056783
102.945238,1574,2028,13:10:47.056783
102.947099,1490,1701,13:10:47.056783
102.948955,1633,1725,13:10:47.056783
102.950814,2015,1933,13:10:47.056783
102.95267,1677,1750,13:10:47.056783
102.954526,1645,1599,13:10:47.056783
102.956399,1713,1720,13:10:47.109803
102.958259,1563,1921,13:10:47.113820
102.960138,1833,1704,13:10:47.113820
102.962043,1775,1728,13:10:47.113820
102.9639,1493,1500,13:10:47.113820
102.965758,1800,1478,13:10:47.113820
102.967614,1897,1686,13:10:47.113820
102.969473,1714,1792,13:10:47.113820
102.971329,1652,1739,13:10:47.114817
102.973185,1780,1865,13:10:47.114817
102.975044,1726,1779,13:10:47.114817
102.9769,1588,1724,13:10:47.114817
102.978756,1654,1650,13:10:47.114817
102.980613,1582,1599,13:10:47.114817
102.982477,1685,1485,13:10:47.114817
102.984338,1653,1866,13:10:47.114817
102.986197,1742,1625,13:10:47.114817
102.988058,1831,1668,13:10:47.114817
102.989915,1603,1754,13:10:47.114817
102.991773,1942,1815,13:10:47.114817
102.993629,1894,1734,13:10:47.114817
102.995486,1758,1634,13:10:47.114817
102.997344,1771,1757,13:10:47.114817
102.999206,1889,1733,13:10:47.114817
103.001065,1873,1917,13:10:47.114817
103.002921,1475,1571,13:10:47.114817
103.004787,1795,1439,13:10:47.155126
103.006652,1722,1561,13:10:47.155126
103.008522,1624,1725,13:10:47.155126
103.010425,1697,1543,13:10:47.155126
103.012286,1612,1781,13:10:47.155126
103.014147,1748,1751,13:10:47.155126
103.016011,1961,1784,13:10:47.155126
103.017869,1853,1572,13:10:47.155126
103.019728,1901,1700,13:10:47.155126
103.021584,1631,1894,13:10:47.155126
103.023444,1833,1442,13:10:47.155126
103.025303,1760,1681,13:10:47.155126
103.027169,1955,1607,13:10:47.155126
103.029025,1852,1810,13:10:47.155126
103.030882,1684,1781,13:10:47.155126
103.03274,1792,1801,13:10:47.155126
103.034597,1844,1715,13:10:47.155126
103.036453,1703,1768,13:10:47.155126
103.038311,1658,1650,13:10:47.155126
103.040168,1881,1656,13:10:47.155126
103.042026,1704,1744,13:10:47.155126
103.043882,1684,1694,13:10:47.155126
103.045747,2007,1687,13:10:47.155126
103.047603,1616,1706,13:10:47.155126
103.049459,1688,1888,13:10:47.155126
103.051318,1716,1584,13:10:47.155126
103.053174,1728,1702,13:10:47.155126
103.055032,1816,1756,13:10:47.205262
103.056911,1815,1524,13:10:47.205262
103.058771,1900,1625,13:10:47.205262
103.060689,1701,1587,13:10:47.205262
103.062569,1662,1584,13:10:47.205262
103.064426,1769,1751,13:10:47.205262
103.066282,1800,1750,13:10:47.205262
103.068138,1791,1704,13:10:47.205262
103.069995,1872,1685,13:10:47.205262
103.071853,1605,1752,13:10:47.205262
103.07372,1731,1859,13:10:47.205262
103.075576,1591,1552,13:10:47.205262
103.077432,1725,1744,13:10:47.205262
103.079291,1899,1775,13:10:47.205262
103.081147,1740,1558,13:10:47.205262
103.083003,1853,1617,13:10:47.205262
103.08486,1699,1634,13:10:47.205262
103.086722,1918,1590,13:10:47.205262
103.08858,1635,1696,13:10:47.205262
103.090439,1744,1620,13:10:47.205262
103.092295,1900,1808,13:10:47.205262
103.094151,1995,1714,13:10:47.205262
103.09601,1549,1632,13:10:47.205262
103.097868,1643,1928,13:10:47.205262
103.099725,1543,1703,13:10:47.205262
103.101583,1696,1619,13:10:47.205262
103.103439,1792,1671,13:10:47.205262
103.105298,1846,1997,13:10:47.259674
103.107164,1649,1443,13:10:47.259674
103.109024,1763,1637,13:10:47.259674
103.11093,1372,1917,13:10:47.259674
103.112787,1688,1694,13:10:47.259674
103.114645,1609,1516,13:10:47.259674
103.116503,1711,1656,13:10:47.259674
103.11836,1718,1712,13:10:47.259674
103.120218,1818,1853,13:10:47.259674
103.122075,1519,1783,13:10:47.259674
103.123933,1997,1871,13:10:47.259674
103.125789,1636,1612,13:10:47.259674
103.127647,1578,1819,13:10:47.259674
103.129504,1604,1789,13:10:47.259674
103.13136,1479,1574,13:10:47.259674
103.133219,1768,1935,13:10:47.259674
103.135075,1696,1830,13:10:47.259674
103.136931,1751,1932,13:10:47.259674
103.138788,1792,1817,13:10:47.259674
103.140652,1683,1742,13:10:47.259674
103.142508,1644,1741,13:10:47.259674
103.144365,1755,1688,13:10:47.259674
103.146223,1621,1573,13:10:47.260672
103.148079,1582,1756,13:10:47.260672
103.149936,1769,1991,13:10:47.260672
103.151794,1695,1799,13:10:47.260672
103.15365,1808,1652,13:10:47.260672
103.155511,1769,1896,13:10:47.312820
103.15738,1624,1653,13:10:47.312820
103.159239,1681,2168,13:10:47.312820
103.161148,1581,1755,13:10:47.312820
103.163013,1549,1644,13:10:47.312820
103.164897,1814,1740,13:10:47.312820
103.16676,1595,1715,13:10:47.312820
103.168623,1543,1500,13:10:47.312820
103.170479,1611,1709,13:10:47.312820
103.172336,1765,1831,13:10:47.312820
103.174194,1725,1620,13:10:47.312820
103.17605,1769,1850,13:10:47.312820
103.177909,1775,1935,13:10:47.312820
103.179765,1773,1619,13:10:47.312820
103.181621,1355,2067,13:10:47.312820
103.183478,1512,1700,13:10:47.312820
103.185344,1693,1695,13:10:47.312820
103.1872,1455,1608,13:10:47.312820
103.189057,1718,1900,13:10:47.312820
103.190915,1643,1653,13:10:47.312820
103.192773,1502,1589,13:10:47.312820
103.19463,1543,1773,13:10:47.312820
103.196488,1752,1680,13:10:47.312820
103.198344,1410,1659,13:10:47.312820
103.200203,1572,1981,13:10:47.312820
103.202059,1675,1626,13:10:47.312820
103.203921,1762,1816,13:10:47.312820
103.20578,1732,1902,13:10:47.361002
103.207645,1692,2023,13:10:47.361002
103.209508,1634,1784,13:10:47.361002
103.211412,1333,1733,13:10:47.361002
103.213275,1546,1565,13:10:47.361002
103.215135,-15,1986,13:10:47.362189
103.216996,1430,1764,13:10:47.362189
103.218856,1482,1834,13:10:47.362189
103.220714,1573,1766,13:10:47.362189
103.222606,1780,1734,13:10:47.362189
103.224467,1645,1893,13:10:47.362189
103.226323,1512,2060,13:10:47.362189
103.22818,1576,1745,13:10:47.362189
103.230036,1611,1764,13:10:47.362189
103.2319,1542,1793,13:10:47.362189
103.233757,1542,1769,13:10:47.363194
103.235614,1518,1755,13:10:47.363194
103.237475,1463,1881,13:10:47.363194
103.239332,1451,1765,13:10:47.363194
103.24119,1746,1992,13:10:47.363194
103.243046,1779,1779,13:10:47.363194
103.244903,1763,1699,13:10:47.363194
103.246761,1837,1996,13:10:47.364194
103.248623,1251,1779,13:10:47.364194
103.250482,1685,1829,13:10:47.364194
103.252338,1625,1837,13:10:47.364194
103.254204,1443,1711,13:10:47.364194
103.256077,1465,1890,13:10:47.412002
103.257937,1648,1913,13:10:47.412002
103.259803,1814,1840,13:10:47.412002
103.261706,1551,1974,13:10:47.412002
103.263562,1549,1947,13:10:47.412002
103.26542,1580,2054,13:10:47.412002
103.267279,646,1844,13:10:47.412002
103.269137,1597,1872,13:10:47.412002
103.270993,1811,1787,13:10:47.412002
103.272854,1576,1975,13:10:47.412002
103.27471,1645,1804,13:10:47.412002
103.276566,1614,1877,13:10:47.412002
103.278425,1729,1727,13:10:47.412002
103.280281,1701,1741,13:10:47.412002
103.282139,1574,1520,13:10:47.412002
103.283996,1454,1822,13:10:47.412002
103.285854,1473,1819,13:10:47.412002
103.287712,1675,1836,13:10:47.412002
103.289573,1538,1762,13:10:47.412002
103.291429,1745,1808,13:10:47.412002
103.293286,1511,1537,13:10:47.412002
103.295144,1902,1777,13:10:47.412002
103.297,1707,2112,13:10:47.412002
103.298857,1681,1882,13:10:47.412002
103.300715,1408,1981,13:10:47.412002
103.302571,1592,1716,13:10:47.412002
103.30443,1485,1768,13:10:47.412002
103.306296,1636,1833,13:10:47.463186
103.30816,1590,2106,13:10:47.463186
103.31005,1762,1972,13:10:47.463186
103.311929,1689,1984,13:10:47.463186
103.31379,1765,1986,13:10:47.463186
103.315652,1764,1517,13:10:47.463186
103.317545,-158,1855,13:10:47.463186
103.319408,1748,1737,13:10:47.463186
103.321268,1436,1898,13:10:47.463186
103.323129,1549,1983,13:10:47.463186
103.324985,1817,2090,13:10:47.463186
103.326843,1403,1920,13:10:47.463186
103.328702,1756,1913,13:10:47.463186
103.330558,1762,2006,13:10:47.463186
103.332417,1679,1721,13:10:47.464091
103.334273,1562,2025,13:10:47.464091
103.336131,1704,1829,13:10:47.464091
103.33799,1723,1824,13:10:47.464091
103.339856,1870,1905,13:10:47.464091
103.341712,1832,1783,13:10:47.464091
103.343569,1618,1787,13:10:47.464091
103.345427,1714,1856,13:10:47.464091
103.347283,1771,2173,13:10:47.464091
103.34914,1655,1673,13:10:47.464091
103.350998,1733,1688,13:10:47.464091
103.352856,1854,2218,13:10:47.464091
103.354715,1668,1813,13:10:47.523766
103.356575,1649,1707,13:10:47.523766
103.358436,1857,1886,13:10:47.523766
103.360345,1787,1969,13:10:47.523766
103.362208,1815,2030,13:10:47.523766
103.364066,1931,1836,13:10:47.523766
103.365923,1698,1730,13:10:47.523766
103.367791,1577,2023,13:10:47.523766
103.369677,1115,2016,13:10:47.523766
103.371534,1712,2013,13:10:47.523766
103.373392,1560,1739,13:10:47.523766
103.375248,1748,2005,13:10:47.523766
103.377105,1453,1936,13:10:47.523766
103.378963,1970,1770,13:10:47.523766
103.380824,1650,2020,13:10:47.523766
103.382682,1771,1886,13:10:47.523766
103.384538,1677,2070,13:10:47.523766
103.3864,2000,1969,13:10:47.523766
103.388257,1906,2180,13:10:47.523766
103.390113,1752,2149,13:10:47.523766
103.391971,1751,2014,13:10:47.523766
103.393828,1687,2035,13:10:47.523766
103.395686,1916,1781,13:10:47.523766
103.397543,1709,2161,13:10:47.523766
103.399403,1706,2196,13:10:47.523766
103.401259,1919,2160,13:10:47.523766
103.403116,1753,1661,13:10:47.523766
103.404976,1671,1703,13:10:47.567086
103.40684,1701,1812,13:10:47.567086
103.408701,1747,1916,13:10:47.567086
103.410605,1753,2071,13:10:47.567086
103.412463,1694,2258,13:10:47.567086
103.414319,1517,1770,13:10:47.567086
103.416176,1900,1888,13:10:47.567086
103.418044,1675,1927,13:10:47.567086
103.419901,1586,1877,13:10:47.567086
103.421756,1742,2081,13:10:47.567086
103.423613,1711,2120,13:10:47.567086
103.425472,1501,1677,13:10:47.567086
103.427372,1820,1833,13:10:47.567086
103.429228,-472,2005,13:10:47.567086
103.431098,1733,1821,13:10:47.567086
103.432955,1737,1834,13:10:47.567086
103.434811,1808,2028,13:10:47.567086
103.436669,1571,2106,13:10:47.567086
103.438526,1933,1921,13:10:47.567086
103.440382,1724,1938,13:10:47.567086
103.442241,1699,2089,13:10:47.567086
103.444097,1666,2116,13:10:47.567086
103.445953,1813,1886,13:10:47.567086
103.44781,1859,2058,13:10:47.567086
103.449676,1742,1883,13:10:47.567086
103.451532,1787,1933,13:10:47.567086
103.453389,1598,1685,13:10:47.567086
103.455247,1662,2208,13:10:47.617155
103.457113,1692,1915,13:10:47.617155
103.458974,1765,1889,13:10:47.617155
103.46087,1677,1839,13:10:47.617155
103.462733,1575,1896,13:10:47.617155
103.464592,1891,2072,13:10:47.617155
103.466451,1828,2089,13:10:47.617155
103.468315,1865,2090,13:10:47.617155
103.470171,1537,2212,13:10:47.617155
103.472028,887,2010,13:10:47.617155
103.473886,1592,2048,13:10:47.617155
103.475778,1824,1982,13:10:47.617155
103.477639,1571,1920,13:10:47.617155
103.479495,1811,1958,13:10:47.617155
103.481351,1884,2222,13:10:47.617155
103.48321,1772,1964,13:10:47.617155
103.485066,1905,2135,13:10:47.617155
103.486924,1917,2139,13:10:47.617155
103.488783,1761,2018,13:10:47.617155
103.490643,1958,2207,13:10:47.617155
103.492502,1895,1930,13:10:47.617155
103.494368,2060,1982,13:10:47.617155
103.496224,1885,1955,13:10:47.617155
103.498081,1676,1872,13:10:47.617155
103.499939,1776,2201,13:10:47.617155
103.501797,1742,1961,13:10:47.617155
103.503654,1761,2002,13:10:47.617155
103.505514,1855,2324,13:10:47.668023
103.50738,1870,2023,13:10:47.668023
103.509241,2072,2246,13:10:47.668023
103.511151,1424,2019,13:10:47.668023
103.513016,1632,1855,13:10:47.668023
103.514875,1726,1906,13:10:47.668023
103.516734,1736,1850,13:10:47.668023
103.518598,1583,1923,13:10:47.668023
103.520458,1988,1977,13:10:47.668023
103.522316,263,2048,13:10:47.668023
103.524179,2061,2151,13:10:47.668023
103.526037,1643,1971,13:10:47.668023
103.527896,1838,1892,13:10:47.668023
103.529752,1678,2339,13:10:47.668023
103.531608,1862,2130,13:10:47.668023
103.533467,1693,1851,13:10:47.668023
103.535327,1663,2043,13:10:47.668023
103.537184,1814,1990,13:10:47.668023
103.53904,1815,2004,13:10:47.668023
103.540898,1834,2494,13:10:47.668023
103.542755,1841,1927,13:10:47.668023
103.544611,1853,1812,13:10:47.668023
103.546469,1754,1757,13:10:47.668023
103.548326,1732,2167,13:10:47.668023
103.550184,1746,2000,13:10:47.668023
103.55204,1794,2021,13:10:47.668023
103.553905,2038,1916,13:10:47.668023
103.555769,2035,2170,13:10:47.718530
103.557636,1893,1980,13:10:47.718530
103.559497,1910,1999,13:10:47.718530
103.561394,2024,2003,13:10:47.718530
103.56325,1925,2051,13:10:47.718530
103.565109,1690,2130,13:10:47.718530
103.566967,1694,1997,13:10:47.718530
103.568827,1771,1905,13:10:47.718530
103.570684,2065,2104,13:10:47.718530
103.572546,1766,2306,13:10:47.718530
103.57442,1780,2200,13:10:47.718530
103.576295,1852,2102,13:10:47.718530
103.578153,1819,2160,13:10:47.718530
103.580009,1766,2240,13:10:47.718530
103.581872,1857,2062,13:10:47.718530
103.583728,1682,2175,13:10:47.718530
103.585584,1685,2031,13:10:47.718530
103.587444,1881,2168,13:10:47.718530
103.589301,1979,1874,13:10:47.718530
103.591157,1879,1996,13:10:47.718530
103.593014,2073,1923,13:10:47.718530
103.594876,1983,1957,13:10:47.718530
103.596733,1724,2106,13:10:47.718530
103.598597,1841,2122,13:10:47.718530
103.600453,1759,2094,13:10:47.718530
103.60231,1975,1962,13:10:47.718530
103.604168,1822,1938,13:10:47.718530
103.606034,1800,2087,13:10:47.770687
103.607895,1833,2377,13:10:47.770687
103.609758,1581,2191,13:10:47.770687
103.611653,1548,2135,13:10:47.770687
103.613513,1735,2047,13:10:47.770687
103.61537,1795,1913,13:10:47.770687
103.617227,1631,2059,13:10:47.770687
103.619085,1374,2040,13:10:47.770687
103.620941,1642,2174,13:10:47.770687
103.622805,1912,1968,13:10:47.770687
103.624664,1626,2145,13:10:47.770687
103.62652,1992,2172,13:10:47.770687
103.628378,1945,1971,13:10:47.770687
103.630234,1700,1986,13:10:47.770687
103.632091,1858,2008,13:10:47.770687
103.633947,1983,2322,13:10:47.770687
103.635806,1877,1989,13:10:47.770687
103.637662,2158,2163,13:10:47.770687
103.639518,1913,2121,13:10:47.770687
103.641379,1943,1978,13:10:47.770687
103.643235,1744,2150,13:10:47.770687
103.645091,1941,1873,13:10:47.770687
103.646948,1929,2017,13:10:47.770687
103.64881,1874,2125,13:10:47.770687
103.650669,1675,2111,13:10:47.770687
103.652525,1870,1954,13:10:47.770687
103.654383,1974,2073,13:10:47.770687
103.656256,1636,1986,13:10:47.826887
103.658116,2012,1914,13:10:47.826887
103.659996,1925,2208,13:10:47.826887
103.661878,1945,1926,13:10:47.826887
103.663737,1675,2184,13:10:47.826887
103.665593,1891,2160,13:10:47.826887
103.667457,1878,2026,13:10:47.826887
103.669314,1783,1931,13:10:47.826887
103.67117,1536,2153,13:10:47.826887
103.673028,1488,2129,13:10:47.826887
103.674901,1762,1883,13:10:47.826887
103.676781,242,2134,13:10:47.826887
103.678645,1907,1850,13:10:47.826887
103.680502,1774,2191,13:10:47.826887
103.682364,2019,2214,13:10:47.826887
103.68422,1847,1773,13:10:47.826887
103.686079,1845,2078,13:10:47.827804
103.687935,1956,2032,13:10:47.827804
103.689793,1909,2115,13:10:47.827804
103.691652,1820,2353,13:10:47.827804
103.693511,1896,2151,13:10:47.827804
103.695369,1981,2044,13:10:47.827804
103.697225,2006,2086,13:10:47.827804
103.699087,2014,2248,13:10:47.827804
103.700944,1660,2258,13:10:47.827804
103.702804,1883,1959,13:10:47.827804
103.704662,1987,2181,13:10:47.874193
103.706527,1990,1955,13:10:47.874193
103.708387,1711,2121,13:10:47.874193
103.710295,2289,2314,13:10:47.874193
103.712164,1859,2279,13:10:47.874193
103.714024,1942,2028,13:10:47.874193
103.715886,1869,1893,13:10:47.874193
103.717742,1872,2294,13:10:47.874193
103.719599,2016,1947,13:10:47.874193
103.721455,1823,2248,13:10:47.874193
103.723313,1817,2162,13:10:47.874193
103.725176,1802,2123,13:10:47.874193
103.727064,1963,2411,13:10:47.874193
103.72892,1972,2111,13:10:47.874193
103.730777,1944,2141,13:10:47.874193
103.732635,2018,1876,13:10:47.874193
103.734497,1895,2087,13:10:47.874193
103.736356,1920,2162,13:10:47.874193
103.738212,1951,1970,13:10:47.874193
103.740068,1627,2407,13:10:47.874193
103.741927,2093,2059,13:10:47.874193
103.743786,1861,1919,13:10:47.874193
103.745643,1906,2186,13:10:47.874193
103.7475,1946,2237,13:10:47.874193
103.749358,1796,2492,13:10:47.874193
103.751214,1810,2131,13:10:47.874193
103.753071,2182,2186,13:10:47.874193
103.754929,1999,1884,13:10:47.924659
103.756792,1649,2048,13:10:47.924659
103.758652,1887,1924,13:10:47.924659
103.760562,1782,2059,13:10:47.924659
103.76242,1577,1960,13:10:47.924659
103.764281,1659,2112,13:10:47.924659
103.766137,1982,1918,13:10:47.924659
103.767995,1457,2143,13:10:47.924659
103.769854,1582,1881,13:10:47.924659
103.77171,1415,2238,13:10:47.924659
103.773568,2029,1805,13:10:47.924659
103.775429,1546,2080,13:10:47.924659
103.777287,1758,2374,13:10:47.924659
103.779151,1126,2340,13:10:47.924659
103.78103,1868,2212,13:10:47.924659
103.782888,2112,1903,13:10:47.924659
103.784745,2025,2280,13:10:47.924659
103.786603,1889,2125,13:10:47.924659
103.788459,2095,2039,13:10:47.925659
103.790317,1777,2096,13:10:47.925659
103.792174,1944,2273,13:10:47.925659
103.79403,1871,2038,13:10:47.925659
103.795889,1991,2063,13:10:47.925659
103.797745,1720,2123,13:10:47.925659
103.799601,1745,2043,13:10:47.925659
103.801458,2070,2224,13:10:47.925659
103.803322,1749,2191,13:10:47.925659
103.805178,1698,2251,13:10:47.977582
103.807054,2029,2023,13:10:47.977582
103.808913,2017,2048,13:10:47.977582
103.810801,1936,1963,13:10:47.977582
103.812659,1855,1972,13:10:47.977582
103.814518,1794,2131,13:10:47.977582
103.816379,1738,2223,13:10:47.977582
103.818236,1855,2179,13:10:47.977582
103.820093,1815,1936,13:10:47.977582
103.821951,1928,2138,13:10:47.977582
103.823808,1770,2023,13:10:47.977582
103.825664,1238,2138,13:10:47.977582
103.827526,1546,1891,13:10:47.977582
103.829383,1380,2147,13:10:47.977582
103.831241,1893,2102,13:10:47.977582
103.833097,1990,1911,13:10:47.977582
103.834958,1731,2099,13:10:47.977582
103.836814,1971,2101,13:10:47.977582
103.83867,1771,1891,13:10:47.977582
103.840529,1908,2268,13:10:47.977582
103.842385,1862,2130,13:10:47.977582
103.844243,1810,2004,13:10:47.977582
103.8461,1978,2110,13:10:47.977582
103.847956,1683,2034,13:10:47.977582
103.849814,1872,2114,13:10:47.977582
103.851677,1911,2154,13:10:47.977582
103.853533,1948,2164,13:10:47.977582
103.855389,1795,2102,13:10:48.033668
103.857268,2070,2023,13:10:48.033668
103.859128,1866,2253,13:10:48.033668
103.861028,1627,1931,13:10:48.033668
103.862887,1864,2073,13:10:48.033668
103.864743,1554,1998,13:10:48.033668
103.866601,1901,1996,13:10:48.033668
103.868458,1778,2013,13:10:48.033668
103.870314,1703,2060,13:10:48.033668
103.872176,2078,1849,13:10:48.033668
103.874033,1768,1989,13:10:48.033668
103.875891,1723,2223,13:10:48.033668
103.877747,1637,1975,13:10:48.033668
103.879614,1625,2121,13:10:48.033668
103.881486,1861,1924,13:10:48.033668
103.883358,354,2091,13:10:48.033668
103.885219,1715,1865,13:10:48.033668
103.887075,2033,2096,13:10:48.033668
103.888931,1898,2246,13:10:48.033668
103.89079,1989,2354,13:10:48.033668
103.892646,1832,1938,13:10:48.033668
103.894504,1808,1995,13:10:48.033668
103.896361,1935,2249,13:10:48.033668
103.898227,1789,1822,13:10:48.033668
103.900083,1781,2038,13:10:48.033668
103.90194,1940,2046,13:10:48.033668
103.903798,1974,1920,13:10:48.033668
103.905656,1976,1978,13:10:48.079394
103.907521,2012,2053,13:10:48.079394
103.909382,1764,2197,13:10:48.079394
103.911308,1972,2027,13:10:48.079394
103.913211,1595,2070,13:10:48.079394
103.915068,1973,2213,13:10:48.079394
103.916924,1509,1991,13:10:48.079394
103.918782,1637,2022,13:10:48.079394
103.920639,1830,1853,13:10:48.079394
103.922497,1651,2023,13:10:48.079394
103.924353,1606,2328,13:10:48.079394
103.92621,1817,2162,13:10:48.079394
103.928068,1699,2052,13:10:48.079394
103.929932,1284,2149,13:10:48.079394
103.931789,1901,2101,13:10:48.079394
103.933645,1795,2080,13:10:48.079394
103.935523,1702,2029,13:10:48.079394
103.937384,1968,2065,13:10:48.079394
103.939265,469,2236,13:10:48.079394
103.941152,1815,2128,13:10:48.079394
103.943009,1921,1857,13:10:48.079394
103.944867,2044,2063,13:10:48.079394
103.946725,1527,2042,13:10:48.079394
103.948582,1836,1803,13:10:48.079394
103.950438,1930,1735,13:10:48.079394
103.952294,1905,2249,13:10:48.079394
103.954153,1992,1982,13:10:48.079394
103.956021,1736,1980,13:10:48.128684
103.957883,1909,2232,13:10:48.128684
103.959749,1742,1987,13:10:48.128684
103.961642,1767,2011,13:10:48.128684
103.963504,1785,1949,13:10:48.128684
103.965364,1651,2080,13:10:48.128684
103.967228,1769,1797,13:10:48.128684
103.969085,1662,2101,13:10:48.128684
103.970942,1468,2035,13:10:48.128684
103.97281,1582,1873,13:10:48.128684
103.974666,1995,2091,13:10:48.128684
103.976523,1594,1954,13:10:48.128684
103.978381,1302,1974,13:10:48.128684
103.980237,1819,2127,13:10:48.128684
103.982096,1299,2139,13:10:48.128684
103.983954,1428,2157,13:10:48.128684
103.985816,1735,2175,13:10:48.128684
103.987673,1777,2108,13:10:48.128684
103.989539,1584,2125,13:10:48.128684
103.991395,1954,1946,13:10:48.128684
103.993252,2051,2089,13:10:48.128684
103.99511,1897,2304,13:10:48.128684
103.996966,1931,2208,13:10:48.128684
103.998825,1974,2130,13:10:48.128684
104.000683,1750,2034,13:10:48.128684
104.002539,1837,1978,13:10:48.128684
104.004396,1774,2019,13:10:48.128684
104.006268,1961,1938,13:10:48.182851
104.008128,1963,1917,13:10:48.182851
104.01001,2121,2112,13:10:48.182851
104.011887,1646,2182,13:10:48.182851
104.013745,1686,2184,13:10:48.182851
104.015601,1382,2097,13:10:48.182851
104.01746,1769,2169,13:10:48.182851
104.019318,1746,1927,13:10:48.182851
104.021175,1433,1895,13:10:48.182851
104.023033,1172,2081,13:10:48.182851
104.024889,1747,1909,13:10:48.182851
104.026748,1950,2024,13:10:48.182851
104.028604,1654,1936,13:10:48.182851
104.03046,1549,2426,13:10:48.182851
104.032327,1774,2107,13:10:48.182851
104.034186,75,2029,13:10:48.182851
104.036047,1907,2350,13:10:48.182851
104.037906,1856,1960,13:10:48.182851
104.039766,1856,2083,13:10:48.182851
104.041648,1948,2204,13:10:48.182851
104.043504,1871,2042,13:10:48.182851
104.045363,1931,2282,13:10:48.182851
104.047219,1972,1819,13:10:48.182851
104.049078,1807,2153,13:10:48.182851
104.050934,2228,1936,13:10:48.182851
104.052791,1848,2206,13:10:48.182851
104.054649,2072,2291,13:10:48.231559
104.056513,1822,2178,13:10:48.231559
104.058373,1885,2045,13:10:48.231559
104.060279,2068,1981,13:10:48.231559
104.062148,1891,2040,13:10:48.231559
104.064006,2081,2174,13:10:48.231559
104.065864,1916,2154,13:10:48.231559
104.067725,1499,2017,13:10:48.231559
104.069581,1804,2123,13:10:48.231559
104.071437,1901,1855,13:10:48.231559
104.073296,1907,1859,13:10:48.231559
104.075152,1611,2164,13:10:48.231559
104.07701,1914,2011,13:10:48.231559
104.078867,2110,2073,13:10:48.231559
104.080727,1864,2154,13:10:48.231559
104.082585,1860,2355,13:10:48.231559
104.084444,1844,2241,13:10:48.231559
104.0863,1937,2032,13:10:48.231559
104.08816,-159,2090,13:10:48.231559
104.090073,1891,2099,13:10:48.231559
104.091931,2055,2056,13:10:48.231559
104.093787,1935,2142,13:10:48.231559
104.095646,1952,2036,13:10:48.231559
104.097502,1938,2110,13:10:48.231559
104.09936,1742,2264,13:10:48.231559
104.101217,1687,2291,13:10:48.231559
104.103073,1915,2239,13:10:48.231559
104.104931,1935,1943,13:10:48.282978
104.106794,1987,2042,13:10:48.282978
104.108656,1868,2290,13:10:48.282978
104.110568,1947,2260,13:10:48.282978
104.112426,1983,1943,13:10:48.282978
104.114291,1902,2093,13:10:48.282978
104.116147,1732,2301,13:10:48.282978
104.118007,1959,2194,13:10:48.282978
104.119866,1656,2075,13:10:48.282978
104.121722,1784,1897,13:10:48.282978
104.123581,1374,2035,13:10:48.282978
104.125437,2079,2016,13:10:48.282978
104.127297,1520,2124,13:10:48.282978
104.129154,1495,2080,13:10:48.282978
104.13101,2040,2144,13:10:48.282978
104.132871,1976,2248,13:10:48.282978
104.134729,1637,2326,13:10:48.282978
104.136603,1218,2075,13:10:48.282978
104.138481,1938,2091,13:10:48.283942
104.140339,1586,1980,13:10:48.283942
104.142198,1777,2155,13:10:48.283942
104.14406,1616,1942,13:10:48.283942
104.145918,2013,2135,13:10:48.283942
104.147775,1772,2011,13:10:48.283942
104.149641,1644,2160,13:10:48.283942
104.151497,1734,2250,13:10:48.283942
104.153354,2053,2369,13:10:48.283942
104.155212,1924,2229,13:10:48.334797
104.157079,1970,2065,13:10:48.334797
104.158939,1906,2073,13:10:48.334797
104.160841,1722,1991,13:10:48.334797
104.1627,1812,2202,13:10:48.334797
104.164558,1809,2221,13:10:48.334797
104.166414,1744,1941,13:10:48.334797
104.168272,1781,2135,13:10:48.334797
104.170129,986,2182,13:10:48.334797
104.171985,1729,2063,13:10:48.334797
104.173845,1624,1970,13:10:48.334797
104.175702,1782,2086,13:10:48.334797
104.177558,1387,1948,13:10:48.334797
104.179414,1922,2436,13:10:48.334797
104.181277,1366,2312,13:10:48.334797
104.183133,1633,2201,13:10:48.334797
104.18499,1888,2300,13:10:48.334797
104.18685,1943,2377,13:10:48.334797
104.188723,-150,1919,13:10:48.334797
104.1906,1631,1947,13:10:48.334797
104.192457,1528,2091,13:10:48.334797
104.194313,1743,2352,13:10:48.334797
104.196171,1667,2107,13:10:48.334797
104.198028,1914,2317,13:10:48.334797
104.199886,1961,2142,13:10:48.334797
104.201742,1735,1999,13:10:48.334797
104.203599,1754,2050,13:10:48.334797
104.205459,1523,2266,13:10:48.385674
104.207331,1774,2139,13:10:48.385674
104.209192,1516,2132,13:10:48.385674
104.211082,1727,2373,13:10:48.385674
104.21294,1702,2451,13:10:48.385674
104.214799,1948,2271,13:10:48.385674
104.216657,1831,1914,13:10:48.385674
104.218515,1813,2462,13:10:48.385674
104.220374,1961,2307,13:10:48.385674
104.222236,1987,2294,13:10:48.385674
104.224092,1461,2057,13:10:48.385674
104.225949,1967,2087,13:10:48.385674
104.227807,1229,2027,13:10:48.385674
104.229663,1735,1961,13:10:48.385674
104.23152,1715,2043,13:10:48.385674
104.233378,1847,2481,13:10:48.385674
104.235237,1369,2277,13:10:48.385674
104.237105,1646,2329,13:10:48.385674
104.238965,1762,2267,13:10:48.385674
104.240825,1443,2201,13:10:48.385674
104.242682,1534,2138,13:10:48.385674
104.244546,1705,2177,13:10:48.385674
104.246404,1626,2260,13:10:48.385674
104.248289,1694,2114,13:10:48.385674
104.250147,1809,2203,13:10:48.385674
104.252003,1819,2415,13:10:48.385674
104.253864,1671,2259,13:10:48.385674
104.255726,1975,2118,13:10:48.442768
104.257592,1589,2106,13:10:48.442768
104.259456,1708,2303,13:10:48.442768
104.26136,1544,2187,13:10:48.442768
104.263217,1617,2161,13:10:48.442768
104.265076,1595,2281,13:10:48.442768
104.266937,1627,2287,13:10:48.442768
104.268796,1592,2161,13:10:48.442768
104.270655,1627,2164,13:10:48.442768
104.272519,1216,2211,13:10:48.442768
104.274377,1626,2069,13:10:48.442768
104.276234,1272,2261,13:10:48.442768
104.278092,1646,2243,13:10:48.442768
104.279949,1675,2262,13:10:48.442768
104.281807,1769,2427,13:10:48.442768
104.283665,1755,2280,13:10:48.442768
104.285522,1750,2385,13:10:48.442768
104.28738,2009,2414,13:10:48.442768
104.289239,1789,2306,13:10:48.442768
104.291097,280,1954,13:10:48.442768
104.292953,1917,2483,13:10:48.442768
104.294811,1947,2150,13:10:48.442768
104.296668,1538,2247,13:10:48.442768
104.298524,1636,2339,13:10:48.442768
104.30038,1833,2186,13:10:48.442768
104.302237,1785,2181,13:10:48.442768
104.304093,1878,2358,13:10:48.442768
104.305971,2242,2169,13:10:48.488753
104.307832,1899,2472,13:10:48.489754
104.309694,1649,2335,13:10:48.489754
104.311578,1717,2251,13:10:48.489754
104.313437,1587,2261,13:10:48.489754
104.315295,1852,2360,13:10:48.489754
104.317151,1805,2319,13:10:48.489754
104.319008,1905,2452,13:10:48.490754
104.320874,1781,2015,13:10:48.490754
104.32273,1729,2378,13:10:48.490754
104.324593,1494,2312,13:10:48.490754
104.326457,1628,2319,13:10:48.490754
104.328313,1809,2223,13:10:48.490754
104.33017,1846,2399,13:10:48.490754
104.332028,1883,2159,13:10:48.490754
104.333884,1782,2496,13:10:48.490754
104.335743,1675,2456,13:10:48.490754
104.3376,1668,2326,13:10:48.490754
104.339463,1996,2494,13:10:48.491755
104.34134,1758,2445,13:10:48.491755
104.343196,2013,2275,13:10:48.491755
104.345052,1713,2333,13:10:48.491755
104.346909,1809,2428,13:10:48.491755
104.348777,481,2167,13:10:48.491755
104.350633,1832,2064,13:10:48.491755
104.35249,1827,2256,13:10:48.491755
104.354348,1841,2505,13:10:48.491755
104.35621,2014,2442,13:10:48.504729
104.358073,1598,2443,13:10:48.504729
104.359955,1938,2229,13:10:48.504729
104.36184,1835,2262,13:10:48.504729
104.363704,1953,2385,13:10:48.504729
104.36556,1669,2038,13:10:48.504729
104.367424,1760,2457,13:10:48.504729
104.369281,1851,2201,13:10:48.504729
104.371137,1921,2392,13:10:48.504729
104.372995,1864,2368,13:10:48.504729
104.374854,1879,2322,13:10:48.504729
104.376714,1982,2444,13:10:48.504729
104.37857,2035,2423,13:10:48.504729
104.380427,1080,2332,13:10:48.504729
104.382287,1398,2091,13:10:48.504729
104.384144,1860,2496,13:10:48.504729
104.386002,1501,2291,13:10:48.504729
104.387858,1525,2306,13:10:48.504729
104.389716,1840,2415,13:10:48.504729
104.391573,1380,2451,13:10:48.504729
104.393431,2051,2283,13:10:48.504729
104.39529,1967,2161,13:10:48.504729
104.397172,1942,2339,13:10:48.504729
104.39903,2020,2299,13:10:48.504729
104.400886,1899,2338,13:10:48.504729
104.402743,1779,2391,13:10:48.504729
104.404599,1769,2393,13:10:48.555197
104.406472,1963,2258,13:10:48.555197
104.408332,1889,2396,13:10:48.555197
104.410232,1870,2495,13:10:48.555197
104.412104,1800,2388,13:10:48.555197
104.413967,1894,2347,13:10:48.555197
104.415825,2013,2472,13:10:48.555197
104.417683,1761,2332,13:10:48.555197
104.41954,2218,2549,13:10:48.555197
104.421396,1956,2558,13:10:48.555197
104.423254,1936,2370,13:10:48.555197
104.425112,2081,2248,13:10:48.555197
104.426971,2111,2537,13:10:48.555197
104.428827,2077,2237,13:10:48.555197
104.430694,2121,2440,13:10:48.555197
104.43255,1863,2247,13:10:48.555197
104.434406,2025,2447,13:10:48.555197
104.436265,1623,2430,13:10:48.555197
104.438121,1854,2499,13:10:48.555197
104.439979,1952,2183,13:10:48.555197
104.441846,1905,2518,13:10:48.555197
104.443702,1887,2350,13:10:48.555197
104.44556,2051,2436,13:10:48.555197
104.447423,2081,2380,13:10:48.555197
104.449281,2233,2363,13:10:48.555197
104.451137,1676,2396,13:10:48.555197
104.452998,1868,2515,13:10:48.555197
104.454856,2057,2349,13:10:48.605665
104.456726,2098,2686,13:10:48.605665
104.458587,2038,2253,13:10:48.605665
104.460501,1859,2265,13:10:48.605665
104.462399,2166,2469,13:10:48.605665
104.464255,1955,2608,13:10:48.605665
104.466112,2144,2517,13:10:48.605665
104.46797,2073,2340,13:10:48.605665
104.469826,1829,2303,13:10:48.605665
104.471683,2067,2418,13:10:48.605665
104.473541,2042,2212,13:10:48.605665
104.475397,1985,2390,13:10:48.605665
104.477256,1970,2307,13:10:48.605665
104.479112,1912,2215,13:10:48.605665
104.480976,1969,2403,13:10:48.605665
104.482835,2176,2611,13:10:48.605665
104.484691,2022,2352,13:10:48.605665
104.486549,2005,2346,13:10:48.606660
104.488406,1976,2362,13:10:48.606660
104.490264,2004,2437,13:10:48.606660
104.49212,2037,2578,13:10:48.606660
104.493977,1976,2367,13:10:48.606660
104.495835,2024,2508,13:10:48.606660
104.497697,2087,2250,13:10:48.606660
104.499554,2179,2387,13:10:48.606660
104.50141,2046,2472,13:10:48.606660
104.503269,1902,2652,13:10:48.607657
104.505125,1976,2405,13:10:48.655098
104.506991,1864,2499,13:10:48.655098
104.508862,1929,2369,13:10:48.655098
104.510777,2110,2579,13:10:48.655098
104.512642,1923,2554,13:10:48.655098
104.5145,2074,2465,13:10:48.655098
104.516357,1942,2163,13:10:48.655098
104.518215,2037,2616,13:10:48.655098
104.520071,2305,2180,13:10:48.655098
104.521936,1830,2319,13:10:48.655098
104.523794,1952,2440,13:10:48.655098
104.525651,2097,2402,13:10:48.655098
104.527509,1968,2350,13:10:48.655098
104.529365,1871,2444,13:10:48.655098
104.531223,1868,2463,13:10:48.655098
104.53308,1953,2464,13:10:48.655098
104.534936,2044,2512,13:10:48.655098
104.536794,2117,2245,13:10:48.655098
104.538656,2035,2494,13:10:48.655098
104.540513,2077,2485,13:10:48.655098
104.54237,1712,2673,13:10:48.655098
104.54423,1719,2444,13:10:48.655098
104.546086,1983,2354,13:10:48.655098
104.547943,1950,2648,13:10:48.655098
104.549801,2079,2352,13:10:48.655098
104.551657,2061,2503,13:10:48.655098
104.553539,2166,2681,13:10:48.655098
104.555396,2133,2360,13:10:48.705408
104.557264,1880,2646,13:10:48.705408
104.559127,2033,2332,13:10:48.705408
104.561027,1911,2346,13:10:48.705408
104.562883,1918,2432,13:10:48.705408
104.564739,2081,2428,13:10:48.705408
104.566596,2039,2415,13:10:48.705408
104.568454,1920,2300,13:10:48.705408
104.57031,2000,2572,13:10:48.705408
104.572169,2011,2382,13:10:48.705408
104.574025,2136,2318,13:10:48.705408
104.575887,2108,2325,13:10:48.705408
104.577746,2285,2555,13:10:48.705408
104.579602,1973,2266,13:10:48.705408
104.581464,1835,2472,13:10:48.705408
104.583321,2038,2234,13:10:48.705408
104.585179,1967,2464,13:10:48.705408
104.587035,2164,2264,13:10:48.705408
104.588892,1971,2402,13:10:48.705408
104.59075,1898,2352,13:10:48.705408
104.592611,2299,2527,13:10:48.705408
104.594467,1856,2389,13:10:48.705408
104.596323,1968,2476,13:10:48.705408
104.598186,1911,2651,13:10:48.705408
104.600042,2081,2404,13:10:48.705408
104.601898,2008,2528,13:10:48.705408
104.603757,2228,2391,13:10:48.705408
104.605621,2072,2555,13:10:48.755398
104.607481,1895,2443,13:10:48.755398
104.609342,2036,2462,13:10:48.755398
104.611256,2165,2409,13:10:48.755398
104.61314,2205,2321,13:10:48.755398
104.614996,1782,2405,13:10:48.755398
104.616855,2170,2537,13:10:48.755398
104.618713,1870,2358,13:10:48.755398
104.620574,2169,2445,13:10:48.755398
104.622432,2117,2404,13:10:48.755398
104.624288,2406,2518,13:10:48.755398
104.626146,2129,2418,13:10:48.755398
104.628003,2204,2541,13:10:48.755398
104.629859,1738,2646,13:10:48.755398
104.631715,2114,2308,13:10:48.755398
104.633572,1983,2382,13:10:48.755398
104.635428,2175,2306,13:10:48.755398
104.637284,2138,2464,13:10:48.755398
104.639145,2036,2465,13:10:48.755398
104.641001,1979,2456,13:10:48.755398
104.642858,2044,2299,13:10:48.755398
104.644716,1965,2444,13:10:48.755398
104.64658,1742,2355,13:10:48.755398
104.648438,1102,1833,13:10:48.755398
104.650295,1054,2389,13:10:48.755398
104.652151,2797,2884,13:10:48.755398
104.654008,2211,2293,13:10:48.755398
104.655871,2631,3217,13:10:48.805490
104.657732,3488,2835,13:10:48.805490
104.659596,2631,2621,13:10:48.805490
104.661501,1920,2532,13:10:48.805490
104.663359,2242,2715,13:10:48.805490
104.665215,1894,1997,13:10:48.805490
104.667074,1061,1971,13:10:48.805490
104.66893,1747,2507,13:10:48.805490
104.670788,1626,2176,13:10:48.805490
104.672647,743,1949,13:10:48.805490
104.674502,1909,2864,13:10:48.805490
104.676359,2851,2865,13:10:48.805490
104.678216,2648,2336,13:10:48.806406
104.680074,2307,2920,13:10:48.806406
104.68193,2462,2528,13:10:48.806406
104.683787,1669,2046,13:10:48.806406
104.685643,1198,2412,13:10:48.806406
104.687507,1829,2523,13:10:48.806406
104.689364,1704,2241,13:10:48.806406
104.69122,1933,2768,13:10:48.806406
104.693079,2379,2819,13:10:48.806406
104.694935,2548,2473,13:10:48.806406
104.696793,2216,2460,13:10:48.806406
104.698652,1668,1868,13:10:48.806406
104.700508,1452,2173,13:10:48.806406
104.702364,1440,2030,13:10:48.806406
104.704221,922,2029,13:10:48.806406
104.706093,1939,2727,13:10:48.855176
104.707953,2779,2766,13:10:48.855176
104.709833,2229,2611,13:10:48.855176
104.711756,2800,2927,13:10:48.855176
104.713612,2956,3083,13:10:48.855176
104.715479,2124,2222,13:10:48.856167
104.717337,1475,2136,13:10:48.856167
104.719193,1830,2325,13:10:48.856167
104.721051,1114,1917,13:10:48.856167
104.722908,1087,2011,13:10:48.856167
104.724764,2068,2689,13:10:48.856167
104.72662,2819,2842,13:10:48.856167
104.728477,2150,2480,13:10:48.856167
104.730333,2167,2686,13:10:48.856167
104.732189,2514,2656,13:10:48.856167
104.73405,1813,2048,13:10:48.856167
104.735906,890,1944,13:10:48.856167
104.737764,1758,2571,13:10:48.856167
104.739623,1830,2102,13:10:48.856167
104.741479,1200,2028,13:10:48.856167
104.743338,2351,3132,13:10:48.856167
104.745194,2916,2886,13:10:48.856167
104.747052,2046,2317,13:10:48.856167
104.748913,2074,2652,13:10:48.856167
104.750777,1975,2322,13:10:48.856167
104.752635,1559,2024,13:10:48.856167
104.754492,1049,2007,13:10:48.905319
104.756362,1967,2639,13:10:48.905319
104.758228,2184,2529,13:10:48.905319
104.760094,1796,2267,13:10:48.905319
104.762009,2324,3071,13:10:48.905319
104.763867,2874,2627,13:10:48.907319
104.765723,1921,2079,13:10:48.907319
104.767582,1736,2463,13:10:48.907319
104.769438,2353,2576,13:10:48.907319
104.771294,1881,1905,13:10:48.907319
104.773151,1278,2155,13:10:48.907319
104.775015,2192,2729,13:10:48.907319
104.776875,2441,2568,13:10:48.907319
104.778731,1676,2448,13:10:48.907319
104.780588,2111,2884,13:10:48.907319
104.782444,2440,2613,13:10:48.907319
104.784303,1653,2063,13:10:48.907319
104.786159,1556,2032,13:10:48.907319
104.788015,1945,2671,13:10:48.907319
104.789876,2077,2166,13:10:48.907319
104.791736,1543,2360,13:10:48.907319
104.793592,2040,2585,13:10:48.907319
104.795449,2288,2600,13:10:48.907319
104.797309,1854,2421,13:10:48.907319
104.799165,1952,2379,13:10:48.907319
104.801022,2076,2662,13:10:48.907319
104.802884,1983,2279,13:10:48.907319
104.804762,1545,2289,13:10:48.955217
104.806629,1877,2756,13:10:48.955217
104.808489,2091,2422,13:10:48.955217
104.810401,2167,2291,13:10:48.955217
104.812267,1832,2633,13:10:48.955217
104.814124,2414,2690,13:10:48.955217
104.815984,2059,2593,13:10:48.955217
104.817845,2240,2397,13:10:48.955217
104.819708,2259,2624,13:10:48.955217
104.821565,1885,2305,13:10:48.955217
104.823422,1773,2411,13:10:48.955217
104.82528,1966,2534,13:10:48.955217
104.827136,2002,2220,13:10:48.955217
104.828993,1641,2486,13:10:48.955217
104.830849,2160,2612,13:10:48.955217
104.832705,2273,2753,13:10:48.955217
104.834562,2339,2467,13:10:48.955217
104.836418,1893,2334,13:10:48.955217
104.83828,1873,2630,13:10:48.955217
104.840137,2215,2551,13:10:48.955217
104.841993,1809,2324,13:10:48.955217
104.843853,1906,2653,13:10:48.955217
104.84571,2358,2741,13:10:48.955217
104.847566,2194,2358,13:10:48.955217
104.849422,2235,2520,13:10:48.955217
104.851281,2263,2642,13:10:48.955217
104.853139,2063,2360,13:10:48.955217
104.854996,2291,2483,13:10:49.004966
104.856874,2038,2416,13:10:49.004966
104.858734,2458,2366,13:10:49.004966
104.860657,1804,2424,13:10:49.004966
104.86254,2064,2472,13:10:49.004966
104.864397,2145,2502,13:10:49.004966
104.866257,2025,2361,13:10:49.004966
104.868113,2051,2383,13:10:49.004966
104.86997,2161,2539,13:10:49.004966
104.871828,1929,2536,13:10:49.004966
104.873684,1765,2592,13:10:49.004966
104.875543,2092,2305,13:10:49.004966
104.877399,2257,2454,13:10:49.004966
104.879255,2200,2591,13:10:49.004966
104.881114,2023,2656,13:10:49.004966
104.88297,2000,2494,13:10:49.004966
104.884834,2515,2317,13:10:49.004966
104.886691,1901,2482,13:10:49.004966
104.888549,2257,2465,13:10:49.004966
104.890406,2081,2498,13:10:49.004966
104.892262,1839,2332,13:10:49.004966
104.89412,2352,2577,13:10:49.004966
104.895979,2476,2653,13:10:49.004966
104.897839,2254,2371,13:10:49.004966
104.899695,2143,2760,13:10:49.004966
104.901556,2561,2673,13:10:49.004966
104.903412,2030,2557,13:10:49.004966
104.905268,1795,2591,13:10:49.058421
104.907137,2084,2306,13:10:49.058421
104.908997,1765,2501,13:10:49.058421
104.910899,1647,2316,13:10:49.058421
104.912757,1914,2648,13:10:49.058421
104.914614,2177,2436,13:10:49.058421
104.91647,1978,2690,13:10:49.058421
104.918327,2069,2557,13:10:49.058421
104.920185,2265,2496,13:10:49.058421
104.922041,2335,2263,13:10:49.058421
104.923898,2153,2258,13:10:49.058421
104.925756,2145,2444,13:10:49.058421
104.927612,2311,2619,13:10:49.058421
104.929471,1766,2459,13:10:49.058421
104.931327,1979,2461,13:10:49.058421
104.933191,2180,2796,13:10:49.058421
104.935048,2260,2451,13:10:49.058421
104.936904,2006,2454,13:10:49.058421
104.938762,2224,2681,13:10:49.058421
104.940619,2435,2506,13:10:49.058421
104.942475,1915,2384,13:10:49.058421
104.944331,1902,2576,13:10:49.058421
104.946188,2247,2858,13:10:49.058421
104.948044,1937,2316,13:10:49.058421
104.949901,1634,2554,13:10:49.058421
104.951763,2133,2848,13:10:49.058421
104.953623,2123,2636,13:10:49.058421
104.955481,1807,2766,13:10:49.106419
104.957342,2319,2669,13:10:49.106419
104.959205,2370,3161,13:10:49.106419
104.961108,1981,2457,13:10:49.106419
104.962996,1737,2350,13:10:49.106419
104.964855,1981,2630,13:10:49.106419
104.966713,1653,2490,13:10:49.106419
104.96857,2025,2541,13:10:49.106419
104.970426,2046,2546,13:10:49.106419
104.972282,1934,2501,13:10:49.106419
104.974143,2253,2466,13:10:49.106419
104.975999,2213,2648,13:10:49.106419
104.977855,2277,2667,13:10:49.106419
104.979714,2167,2335,13:10:49.106419
104.98157,2000,2371,13:10:49.106419
104.983428,1882,2580,13:10:49.106419
104.985291,2205,2596,13:10:49.106419
104.987147,2155,2400,13:10:49.106419
104.989003,1960,2787,13:10:49.106419
104.99086,2251,2734,13:10:49.106419
104.99272,1982,2549,13:10:49.106419
104.994576,2112,2697,13:10:49.106419
104.996435,2205,2508,13:10:49.106419
104.998291,2148,2527,13:10:49.106419
105.000147,1886,2436,13:10:49.106419
105.002006,2425,2702,13:10:49.106419
105.003866,2277,2360,13:10:49.106419
105.005733,1986,2721,13:10:49.158845
105.007605,2393,3104,13:10:49.158845
105.009466,2203,2656,13:10:49.158845
105.011379,1978,2893,13:10:49.158845
105.013298,2659,3074,13:10:49.158845
105.015166,2714,2565,13:10:49.158845
105.017028,2286,2618,13:10:49.158845
105.018884,1841,2399,13:10:49.158845
105.020743,1314,2076,13:10:49.158845
105.022599,1840,2348,13:10:49.158845
105.024455,1610,2261,13:10:49.158845
105.026314,1943,2263,13:10:49.158845
105.028175,1954,2704,13:10:49.158845
105.030033,2147,2197,13:10:49.158845
105.031889,1904,2771,13:10:49.158845
105.033751,2150,2454,13:10:49.158845
105.035608,2240,2887,13:10:49.158845
105.037464,2596,2802,13:10:49.158845
105.039324,1896,2320,13:10:49.158845
105.041181,1614,2702,13:10:49.158845
105.043039,2214,3124,13:10:49.158845
105.044895,2088,2512,13:10:49.158845
105.046752,2234,2613,13:10:49.158845
105.048608,2199,2840,13:10:49.158845
105.050467,2289,2605,13:10:49.158845
105.052329,2055,2395,13:10:49.158845
105.054185,1930,2383,13:10:49.158845
105.056069,2144,2505,13:10:49.204845
105.05793,2485,2663,13:10:49.204845
105.059805,1589,2358,13:10:49.204845
105.06171,1858,2729,13:10:49.204845
105.063572,2427,2524,13:10:49.205844
105.065435,1266,2307,13:10:49.205844
105.067293,1718,2491,13:10:49.205844
105.069149,1897,2893,13:10:49.205844
105.071008,1965,2348,13:10:49.205844
105.072866,1360,2156,13:10:49.205844
105.074724,2001,2919,13:10:49.205844
105.076583,2666,2321,13:10:49.205844
105.078449,1670,2561,13:10:49.205844
105.080305,2425,3038,13:10:49.205844
105.082162,2838,2648,13:10:49.205844
105.08402,1886,2006,13:10:49.205844
105.085877,1982,2649,13:10:49.205844
105.087733,2427,2685,13:10:49.205844
105.089591,1684,2016,13:10:49.205844
105.091447,1292,2454,13:10:49.205844
105.093306,2422,2847,13:10:49.205844
105.095162,2201,2494,13:10:49.205844
105.097027,1928,2645,13:10:49.205844
105.098883,2379,3219,13:10:49.205844
105.100739,2615,2878,13:10:49.205844
105.102598,1960,2359,13:10:49.205844
105.104454,1826,2540,13:10:49.256528
105.10632,2272,2643,13:10:49.256528
105.108181,1479,2056,13:10:49.256528
105.110059,1721,2418,13:10:49.256528
105.111956,1929,2844,13:10:49.256528
105.113818,1991,2755,13:10:49.256528
105.115674,1671,2516,13:10:49.256528
105.11753,1918,2790,13:10:49.256528
105.119387,2262,2595,13:10:49.256528
105.121245,2072,2376,13:10:49.256528
105.123101,1819,2450,13:10:49.256528
105.12496,2022,2573,13:10:49.256528
105.126816,1989,2712,13:10:49.256528
105.128672,1572,2632,13:10:49.256528
105.130529,2042,2534,13:10:49.256528
105.132395,2281,2621,13:10:49.256528
105.134251,2027,2251,13:10:49.256528
105.136108,2114,2805,13:10:49.256528
105.137966,1867,2526,13:10:49.256528
105.139824,1725,2188,13:10:49.256528
105.141681,1744,2122,13:10:49.256528
105.143539,1925,2519,13:10:49.256528
105.145395,1680,2545,13:10:49.256528
105.147254,2000,2608,13:10:49.256528
105.14911,2389,2645,13:10:49.256528
105.150972,2520,2666,13:10:49.256528
105.152829,2092,2597,13:10:49.256528
105.154685,1806,2373,13:10:49.304635
105.156557,1902,2560,13:10:49.304635
105.15842,1808,2544,13:10:49.310096
105.160338,1571,2472,13:10:49.310096
105.162204,1784,2340,13:10:49.310096
105.164061,2016,2446,13:10:49.310096
105.165919,1721,2493,13:10:49.310096
105.167775,2117,2637,13:10:49.310096
105.169632,2291,2698,13:10:49.310096
105.17149,2202,2540,13:10:49.310096
105.173354,1905,2582,13:10:49.310096
105.175211,2237,2796,13:10:49.310096
105.177067,1776,2162,13:10:49.310096
105.178925,1797,2697,13:10:49.310096
105.180784,1891,2452,13:10:49.310096
105.18264,2326,2440,13:10:49.310096
105.184498,1935,2477,13:10:49.310096
105.186355,1852,2590,13:10:49.310096
105.188211,2173,2468,13:10:49.310096
105.190067,2341,2821,13:10:49.310096
105.191932,2138,2435,13:10:49.310096
105.193788,2054,2599,13:10:49.310096
105.195644,2144,2483,13:10:49.310096
105.197503,2247,2446,13:10:49.310096
105.199359,2160,2567,13:10:49.310096
105.201217,1927,2740,13:10:49.310096
105.203076,2180,2389,13:10:49.310096
105.204932,1702,2705,13:10:49.356113
105.206806,1996,2619,13:10:49.356113
105.208667,1817,2672,13:10:49.356113
105.210568,1903,2526,13:10:49.356113
105.212439,1913,2810,13:10:49.356113
105.214296,1995,2709,13:10:49.356113
105.216154,2166,2481,13:10:49.356113
105.21801,2159,2505,13:10:49.356113
105.219869,2031,2753,13:10:49.356113
105.221725,1810,2422,13:10:49.356113
105.223581,1879,2522,13:10:49.356113
105.22544,1736,2630,13:10:49.356113
105.2273,2097,2776,13:10:49.356113
105.229156,1837,2602,13:10:49.356113
105.231013,1962,2558,13:10:49.356113
105.232871,2177,2651,13:10:49.356113
105.234727,2161,2431,13:10:49.356113
105.236584,1735,2519,13:10:49.356113
105.238442,2352,2726,13:10:49.356113
105.240298,2099,2500,13:10:49.356113
105.242157,2156,2446,13:10:49.356113
105.244013,1972,2485,13:10:49.356113
105.245881,2158,2471,13:10:49.356113
105.24774,1947,2514,13:10:49.356113
105.249598,1845,2667,13:10:49.356113
105.25146,2108,2465,13:10:49.356113
105.253317,2114,2579,13:10:49.356113
105.255175,2001,2666,13:10:49.407644
105.257043,2161,2630,13:10:49.407644
105.258904,2162,2552,13:10:49.407644
105.260796,1801,2328,13:10:49.407644
105.262682,1991,2460,13:10:49.407644
105.264539,2220,2726,13:10:49.407644
105.266399,2065,2438,13:10:49.407644
105.268259,2155,2678,13:10:49.407644
105.270116,2423,2542,13:10:49.407644
105.271972,2143,2454,13:10:49.407644
105.27383,1854,2552,13:10:49.407644
105.275687,2158,2562,13:10:49.407644
105.277543,2507,2732,13:10:49.407644
105.279401,2268,2616,13:10:49.407644
105.281258,2248,2834,13:10:49.407644
105.283116,2191,2491,13:10:49.407644
105.284972,2202,2667,13:10:49.407644
105.286837,2055,2586,13:10:49.407644
105.288693,2297,2287,13:10:49.407644
105.290549,2199,2497,13:10:49.407644
105.292408,1772,2621,13:10:49.407644
105.294264,1842,2351,13:10:49.407644
105.29612,1709,2555,13:10:49.407644
105.297977,1782,2485,13:10:49.407644
105.299835,1960,2534,13:10:49.407644
105.301692,1860,2635,13:10:49.407644
105.303557,2075,2468,13:10:49.407644
105.305414,2177,2666,13:10:49.458309
105.307281,2267,2669,13:10:49.458309
105.309147,2540,3117,13:10:49.458309
105.311041,2578,2522,13:10:49.458309
105.312899,2353,2777,13:10:49.458309
105.314792,2384,2635,13:10:49.458309
105.316648,2335,2339,13:10:49.458309
105.318504,1880,2774,13:10:49.458309
105.320363,2033,2443,13:10:49.458309
105.322219,1989,2562,13:10:49.458309
105.324077,2052,2584,13:10:49.458309
105.325934,1975,2788,13:10:49.458309
105.327796,2036,2545,13:10:49.458309
105.329652,2096,2827,13:10:49.458309
105.331509,2366,2631,13:10:49.458309
105.333367,2287,2705,13:10:49.458309
105.335224,2112,2775,13:10:49.458309
105.33708,2037,2618,13:10:49.458309
105.338936,1820,2331,13:10:49.458309
105.340795,2303,2383,13:10:49.458309
105.342653,1988,2506,13:10:49.459292
105.344516,1832,2307,13:10:49.459292
105.346378,2047,2412,13:10:49.459292
105.348234,2056,2506,13:10:49.459292
105.350098,2475,2680,13:10:49.459292
105.351955,2529,2905,13:10:49.459292
105.353811,2534,2685,13:10:49.459292
105.355673,2461,2874,13:10:49.514944
105.357542,2310,2741,13:10:49.514944
105.359404,2420,2423,13:10:49.514944
105.361311,2056,2732,13:10:49.514944
105.363174,1758,2491,13:10:49.514944
105.365039,2007,2288,13:10:49.514944
105.366895,1911,2269,13:10:49.514944
105.368758,2253,2910,13:10:49.514944
105.370614,2305,2500,13:10:49.514944
105.37247,2397,2573,13:10:49.514944
105.374329,2417,2590,13:10:49.514944
105.376185,2244,2364,13:10:49.514944
105.378043,2018,2475,13:10:49.514944
105.3799,1777,2345,13:10:49.514944
105.381756,1480,2416,13:10:49.514944
105.383614,1677,2421,13:10:49.514944
105.385479,1855,2246,13:10:49.514944
105.387339,1907,2389,13:10:49.514944
105.389195,2680,2548,13:10:49.514944
105.391058,2602,2567,13:10:49.514944
105.392914,2397,2639,13:10:49.514944
105.394773,2342,2935,13:10:49.514944
105.396631,2358,2489,13:10:49.514944
105.398487,2050,2440,13:10:49.514944
105.400346,2047,2455,13:10:49.514944
105.402202,2054,2568,13:10:49.514944
105.404062,2293,2227,13:10:49.514944
105.405933,1704,2490,13:10:49.562066
105.407795,2272,2709,13:10:49.562066
105.409659,2089,2588,13:10:49.562066
105.411551,2412,2874,13:10:49.562066
105.41341,2339,2885,13:10:49.562066
105.41527,2021,2688,13:10:49.562066
105.417143,1611,2548,13:10:49.562066
105.419011,2112,2827,13:10:49.562066
105.420869,964,2504,13:10:49.562066
105.422726,1856,2436,13:10:49.562066
105.424584,2238,2843,13:10:49.562066
105.426443,2433,2754,13:10:49.562066
105.428301,2257,2460,13:10:49.562066
105.430157,1989,2524,13:10:49.562066
105.432019,1920,2491,13:10:49.562066
105.433876,1779,2459,13:10:49.562066
105.435732,1951,2533,13:10:49.562066
105.437592,1897,2807,13:10:49.562066
105.439449,2275,2554,13:10:49.562066
105.441309,2335,2752,13:10:49.562066
105.443165,2306,2698,13:10:49.562066
105.445022,2415,2532,13:10:49.562066
105.446878,1842,2486,13:10:49.562066
105.448735,1935,2294,13:10:49.562066
105.450595,1966,2360,13:10:49.562066
105.452451,1919,2511,13:10:49.562066
105.45431,1721,2503,13:10:49.562066
105.456178,2125,2707,13:10:49.615453
105.458038,2524,2646,13:10:49.615453
105.459916,2400,2760,13:10:49.615453
105.461799,2565,2870,13:10:49.616452
105.463659,2581,2523,13:10:49.616452
105.465523,1934,2301,13:10:49.616452
105.46738,1655,2505,13:10:49.616452
105.469242,1888,2608,13:10:49.616452
105.471101,1889,2683,13:10:49.616452
105.472959,1898,2670,13:10:49.616452
105.474847,2093,2715,13:10:49.616452
105.476704,2255,2677,13:10:49.616452
105.478566,2128,2721,13:10:49.616452
105.480422,2001,2669,13:10:49.616452
105.482281,2027,2519,13:10:49.616452
105.484137,2196,2705,13:10:49.616452
105.485993,2077,2420,13:10:49.616452
105.487854,2242,2699,13:10:49.616452
105.489713,2204,2608,13:10:49.616452
105.491572,2239,2753,13:10:49.616452
105.493429,1909,2561,13:10:49.616452
105.495295,2214,2745,13:10:49.616452
105.497151,2029,2488,13:10:49.616452
105.499008,2125,2528,13:10:49.616452
105.500868,2313,3060,13:10:49.616452
105.502724,2758,2906,13:10:49.616452
105.504583,2374,2877,13:10:49.664557
105.506451,2306,2625,13:10:49.664557
105.508312,2442,2602,13:10:49.664557
105.510213,1930,2261,13:10:49.664557
105.512088,1633,2520,13:10:49.664557
105.513944,1576,2613,13:10:49.664557
105.515803,2076,2654,13:10:49.664557
105.517663,1674,2465,13:10:49.664557
105.519525,1851,2660,13:10:49.664557
105.521384,2251,2901,13:10:49.664557
105.523244,2376,2618,13:10:49.664557
105.5251,2062,2548,13:10:49.664557
105.526957,2515,2850,13:10:49.664557
105.528815,2074,2366,13:10:49.664557
105.530672,1561,2462,13:10:49.664557
105.532528,2061,2465,13:10:49.664557
105.534384,2476,2553,13:10:49.664557
105.536245,1827,2513,13:10:49.664557
105.538101,2365,2752,13:10:49.664557
105.539957,2443,2687,13:10:49.664557
105.541816,2024,2599,13:10:49.664557
105.543672,2183,2750,13:10:49.664557
105.54553,2468,2868,13:10:49.664557
105.547387,2116,2364,13:10:49.666561
105.549249,1858,2478,13:10:49.666561
105.551107,2217,2492,13:10:49.666561
105.552964,2057,2365,13:10:49.666561
105.554826,2158,2765,13:10:49.715730
105.556696,2160,2617,13:10:49.715730
105.558557,2428,3010,13:10:49.715730
105.560465,2491,2525,13:10:49.715730
105.562325,2065,2728,13:10:49.715730
105.564183,2324,2578,13:10:49.715730
105.566041,1817,2591,13:10:49.715730
105.5679,1638,2576,13:10:49.715730
105.569784,189,2734,13:10:49.715730
105.571653,2290,2988,13:10:49.715730
105.573511,2173,2303,13:10:49.715730
105.575367,2040,2900,13:10:49.715730
105.577224,2626,2888,13:10:49.715730
105.579082,2296,2449,13:10:49.715730
105.580946,1667,2563,13:10:49.715730
105.582809,2328,2618,13:10:49.715730
105.584665,2216,2350,13:10:49.715730
105.586529,1745,2511,13:10:49.715730
105.588386,2242,2930,13:10:49.715730
105.590242,2431,2909,13:10:49.715730
105.5921,2319,2425,13:10:49.715730
105.593957,2083,2578,13:10:49.715730
105.595815,2414,2770,13:10:49.715730
105.597671,2524,2428,13:10:49.715730
105.599532,1396,1992,13:10:49.715730
105.60139,2022,2920,13:10:49.715730
105.603247,2606,2486,13:10:49.715730
105.605107,1626,2313,13:10:49.767155
105.606977,2065,3009,13:10:49.767155
105.60884,2734,2979,13:10:49.767155
105.610756,1804,2279,13:10:49.767155
105.612612,1821,2446,13:10:49.768141
105.61447,2672,2840,13:10:49.768141
105.616327,1762,2170,13:10:49.768141
105.618183,1558,2423,13:10:49.768141
105.620041,1975,2889,13:10:49.768141
105.621907,1519,2716,13:10:49.768141
105.623788,1979,2300,13:10:49.768141
105.625644,1775,2422,13:10:49.768141
105.627505,2357,2966,13:10:49.768141
105.629363,2286,2509,13:10:49.768141
105.631229,1656,2050,13:10:49.768141
105.633086,2139,2921,13:10:49.768141
105.634942,2667,2499,13:10:49.768141
105.636802,1921,2192,13:10:49.768141
105.638659,1671,2842,13:10:49.768141
105.640515,2501,2916,13:10:49.768141
105.642373,2163,2323,13:10:49.768141
105.64423,1909,2404,13:10:49.768141
105.646088,2294,2655,13:10:49.768141
105.647944,2407,2535,13:10:49.768141
105.649807,1876,2115,13:10:49.768141
105.651663,1984,2715,13:10:49.768141
105.653519,2630,2594,13:10:49.768141
105.655378,2405,2388,13:10:49.819290
105.657246,1870,2449,13:10:49.819290
105.659106,2533,2929,13:10:49.819290
105.660997,2224,2418,13:10:49.819290
105.662864,1829,2607,13:10:49.819290
105.664721,2092,2714,13:10:49.819290
105.666578,2262,2578,13:10:49.819290
105.668436,1873,2337,13:10:49.819290
105.6703,1673,2647,13:10:49.819290
105.672157,2501,2826,13:10:49.819290
105.674019,2182,2335,13:10:49.819290
105.675875,2046,2699,13:10:49.819290
105.677736,2374,2651,13:10:49.819290
105.679622,2120,2333,13:10:49.819290
105.681488,1891,2514,13:10:49.819290
105.683349,1894,2463,13:10:49.819290
105.685205,2010,2534,13:10:49.819290
105.687063,2087,2486,13:10:49.819290
105.68892,2094,2434,13:10:49.819290
105.690776,2226,2736,13:10:49.819290
105.692632,2407,2735,13:10:49.819290
105.694489,2029,2723,13:10:49.819290
105.696349,2420,2903,13:10:49.819290
105.698205,2187,2693,13:10:49.819290
105.700064,1672,2616,13:10:49.819290
105.70192,1744,2613,13:10:49.819290
105.703777,2019,2588,13:10:49.819290
105.705639,2034,2249,13:10:49.870319
105.707499,2212,2738,13:10:49.870319
105.709361,2441,2653,13:10:49.870319
105.711274,2344,2562,13:10:49.870319
105.713129,2173,2368,13:10:49.870319
105.714986,2098,2374,13:10:49.870319
105.716843,1929,2457,13:10:49.870319
105.718701,2056,2580,13:10:49.870319
105.720557,2302,2667,13:10:49.870319
105.722414,2563,2709,13:10:49.870319
105.724271,1270,2348,13:10:49.870319
105.726136,2106,2722,13:10:49.870319
105.727993,2385,2469,13:10:49.870319
105.729849,2681,2401,13:10:49.870319
105.731708,2077,2714,13:10:49.870319
105.733564,1846,2379,13:10:49.870319
105.73542,2195,2570,13:10:49.870319
105.737279,2260,2605,13:10:49.870319
105.739135,1960,2591,13:10:49.870319
105.740993,2369,2794,13:10:49.870319
105.74285,2758,2515,13:10:49.870319
105.744712,2213,2578,13:10:49.870319
105.746568,2367,2825,13:10:49.870319
105.748425,2487,2726,13:10:49.870319
105.750283,2164,2545,13:10:49.870319
105.752139,2433,2655,13:10:49.870319
105.753996,2329,2580,13:10:49.870319
105.755864,2350,2463,13:10:49.921117
105.757726,2224,2674,13:10:49.921117
105.759588,2338,2462,13:10:49.921117
105.761489,2253,2604,13:10:49.921117
105.763347,2209,2645,13:10:49.921117
105.765208,1924,2870,13:10:49.921117
105.767064,2140,2974,13:10:49.921117
105.768922,2092,2574,13:10:49.921117
105.770781,2326,2641,13:10:49.921117
105.772647,2195,2685,13:10:49.921117
105.774557,2255,2588,13:10:49.921117
105.776417,1229,2766,13:10:49.921117
105.778274,2231,2584,13:10:49.921117
105.780132,2485,2776,13:10:49.921117
105.78199,2486,2601,13:10:49.921117
105.783847,1961,2557,13:10:49.921117
105.785703,2242,2453,13:10:49.921117
105.787562,2022,2537,13:10:49.922124
105.789418,1822,2410,13:10:49.924121
105.791274,1866,2610,13:10:49.924121
105.793131,2143,2573,13:10:49.924121
105.794995,2276,2686,13:10:49.924121
105.796853,1702,2537,13:10:49.924121
105.79871,1891,2647,13:10:49.924121
105.800568,2217,2594,13:10:49.924121
105.802424,2299,2919,13:10:49.924121
105.804283,2743,2658,13:10:49.924121
105.806151,2580,2698,13:10:49.971664
105.808011,2481,2958,13:10:49.971664
105.809881,2711,2690,13:10:49.971664
105.811764,1932,2630,13:10:49.971664
105.813622,1925,2706,13:10:49.971664
105.815479,1985,2498,13:10:49.971664
105.817335,1481,2686,13:10:49.971664
105.819193,1887,2607,13:10:49.971664
105.82105,2559,3134,13:10:49.971664
105.822906,2820,2842,13:10:49.971664
105.824764,2922,3147,13:10:49.971664
105.826631,767,2635,13:10:49.971664
105.828515,2333,2692,13:10:49.971664
105.830373,2233,2732,13:10:49.973166
105.83223,2121,2434,13:10:49.973166
105.834086,1775,2446,13:10:49.973166
105.835948,1975,2827,13:10:49.973166
105.837805,1959,2525,13:10:49.973166
105.839661,2246,2722,13:10:49.973166
105.841521,2818,2741,13:10:49.973166
105.843378,2282,2603,13:10:49.973166
105.845236,2317,2802,13:10:49.973166
105.847092,2519,2707,13:10:49.973166
105.848949,2086,2452,13:10:49.973166
105.850807,1919,2589,13:10:49.973166
105.852664,2309,2473,13:10:49.973166
105.854524,2161,2282,13:10:49.973166
105.856392,1987,2745,13:10:50.023420
105.858256,2242,2495,13:10:50.023420
105.860136,2369,2625,13:10:50.023420
105.862015,1796,2513,13:10:50.023420
105.863875,2084,2598,13:10:50.023420
105.865732,2223,2759,13:10:50.024419
105.867588,2441,2565,13:10:50.024419
105.869444,2423,2869,13:10:50.024419
105.871304,2447,2945,13:10:50.024419
105.873161,1390,3004,13:10:50.024419
105.875022,2324,2318,13:10:50.024419
105.876882,846,2651,13:10:50.024419
105.878742,2436,2756,13:10:50.024419
105.8806,2401,2692,13:10:50.024419
105.882459,2007,2270,13:10:50.024419
105.884318,2497,2687,13:10:50.024419
105.886177,2374,2587,13:10:50.024419
105.888034,2052,2739,13:10:50.024419
105.889896,2340,2869,13:10:50.024419
105.891752,2459,2630,13:10:50.024419
105.893609,2085,2564,13:10:50.024419
105.895467,2146,2728,13:10:50.024419
105.897323,2523,2862,13:10:50.024419
105.899182,2316,2673,13:10:50.024419
105.901038,2138,2452,13:10:50.024419
105.902896,2073,2587,13:10:50.024419
105.904753,2172,2316,13:10:50.073062
105.90663,2171,2436,13:10:50.073062
105.908489,2203,2705,13:10:50.073062
105.910384,2513,2696,13:10:50.073062
105.912246,1924,2486,13:10:50.073062
105.914104,1988,2559,13:10:50.074058
105.915961,2537,2798,13:10:50.074058
105.917819,2508,2695,13:10:50.074058
105.919675,2010,2613,13:10:50.074058
105.921536,2488,2725,13:10:50.074058
105.923392,1822,2689,13:10:50.074058
105.925248,2445,2716,13:10:50.074058
105.92711,2062,2721,13:10:50.074058
105.929011,775,2616,13:10:50.074058
105.930875,2233,2697,13:10:50.074058
105.932734,2361,2581,13:10:50.074058
105.934592,2478,2625,13:10:50.074058
105.936449,2495,2672,13:10:50.074058
105.938307,2371,2648,13:10:50.074058
105.940165,2192,2743,13:10:50.074058
105.942021,2686,2374,13:10:50.074058
105.943878,2182,2736,13:10:50.074058
105.945736,2181,2477,13:10:50.074058
105.947592,2280,2725,13:10:50.074058
105.949451,2342,2603,13:10:50.074058
105.951307,2440,2318,13:10:50.074058
105.953169,2333,2390,13:10:50.074058
105.955026,2223,2450,13:10:50.129332
105.956902,2040,2383,13:10:50.129332
105.958762,1973,2195,13:10:50.129332
105.960651,1962,2314,13:10:50.129332
105.962507,2291,2446,13:10:50.129332
105.964365,1962,2389,13:10:50.129332
105.966227,2023,2593,13:10:50.129332
105.968084,2279,2582,13:10:50.129332
105.969942,2359,2648,13:10:50.129332
105.971809,2530,2688,13:10:50.129332
105.973665,1605,2456,13:10:50.129332
105.975521,1754,2707,13:10:50.129332
105.977382,2002,2341,13:10:50.130331
105.97924,113,2515,13:10:50.130331
105.981142,2445,3133,13:10:50.130331
105.982998,2797,2940,13:10:50.130331
105.984862,2821,2685,13:10:50.130331
105.986723,2561,2726,13:10:50.130331
105.988579,2225,2736,13:10:50.130331
105.990438,2151,2540,13:10:50.130331
105.992294,2315,2427,13:10:50.130331
105.994151,2332,2557,13:10:50.130331
105.996009,2210,2244,13:10:50.130331
105.997871,2103,2458,13:10:50.130331
105.99973,2863,2876,13:10:50.130331
106.001586,2781,2646,13:10:50.130331
106.003452,2390,2696,13:10:50.130331
106.005309,3031,2844,13:10:50.177080
106.007174,2574,2399,13:10:50.178085
106.009035,1969,2393,13:10:50.178085
106.010943,2278,2791,13:10:50.178085
106.012804,1943,2007,13:10:50.178085
106.014662,1603,2233,13:10:50.178085
106.016519,2630,3007,13:10:50.178085
106.018379,2784,2383,13:10:50.178085
106.020235,1831,2372,13:10:50.178085
106.022101,2497,3011,13:10:50.178085
106.023958,3028,3017,13:10:50.178085
106.025814,2297,2335,13:10:50.178085
106.027672,1309,2499,13:10:50.178085
106.029529,2528,2659,13:10:50.178085
106.031385,2252,2198,13:10:50.178085
106.033257,1596,2467,13:10:50.178085
106.035115,800,2780,13:10:50.178085
106.036984,2627,2493,13:10:50.178085
106.03884,2069,2262,13:10:50.178085
106.040699,1982,2585,13:10:50.178085
106.042555,2397,2943,13:10:50.178085
106.044413,2736,2671,13:10:50.178085
106.04627,2590,2609,13:10:50.178085
106.048127,2344,2919,13:10:50.178085
106.049985,2685,2715,13:10:50.178085
106.051843,2529,2472,13:10:50.178085
106.053701,2336,2742,13:10:50.178085
106.05556,2841,2878,13:10:50.228376
106.057426,2559,2316,13:10:50.228376
106.05929,1967,2396,13:10:50.229394
106.061198,1732,2741,13:10:50.229394
106.063061,2357,2711,13:10:50.229394
106.064917,2253,2660,13:10:50.229394
106.066773,2427,3072,13:10:50.229394
106.068632,2788,2906,13:10:50.229394
106.07049,2404,2819,13:10:50.229394
106.072348,1947,2575,13:10:50.229394
106.074205,2225,2603,13:10:50.229394
106.076061,2353,2438,13:10:50.229394
106.077924,1663,2198,13:10:50.229394
106.079797,2132,2642,13:10:50.229394
106.081658,421,2782,13:10:50.229394
106.083542,2356,2455,13:10:50.229394
106.085399,2240,2737,13:10:50.229394
106.087261,2767,2812,13:10:50.229394
106.089117,2623,2690,13:10:50.229394
106.090976,2514,2603,13:10:50.229394
106.092834,2570,2660,13:10:50.229394
106.094694,2364,2419,13:10:50.230394
106.096551,2171,2357,13:10:50.230394
106.098407,2206,2582,13:10:50.230394
106.100265,2190,2847,13:10:50.230394
106.102122,2133,2397,13:10:50.230394
106.10398,2228,2721,13:10:50.231395
106.105844,2489,2862,13:10:50.279248
106.107705,2352,2641,13:10:50.279248
106.109565,2337,2507,13:10:50.279248
106.111499,2172,2587,13:10:50.279248
106.113381,2633,2849,13:10:50.279248
106.115242,2250,2582,13:10:50.279248
106.117098,2496,2575,13:10:50.279248
106.118956,2009,2919,13:10:50.279248
106.120813,1649,2827,13:10:50.279248
106.122675,2205,2576,13:10:50.279248
106.124531,2023,2566,13:10:50.279248
106.126388,2483,2802,13:10:50.279248
106.128246,2228,2668,13:10:50.279248
106.130103,2291,2620,13:10:50.279248
106.131964,1942,2290,13:10:50.279248
106.133857,1968,2670,13:10:50.279248
106.135725,1772,2505,13:10:50.279248
106.137608,2485,2883,13:10:50.279248
106.139464,2612,2703,13:10:50.279248
106.141324,2470,2718,13:10:50.279248
106.143181,2477,2571,13:10:50.279248
106.145038,2353,2600,13:10:50.279248
106.146899,2228,2774,13:10:50.279248
106.148756,2393,2705,13:10:50.279248
106.150616,2345,2432,13:10:50.279248
106.152472,2522,2563,13:10:50.279248
106.154329,2334,2590,13:10:50.279248
106.156193,2180,2629,13:10:50.331468
106.158054,2471,2638,13:10:50.331468
106.159928,2729,2489,13:10:50.331468
106.161816,2453,2781,13:10:50.331468
106.163672,2410,2759,13:10:50.331468
106.165531,2342,2531,13:10:50.331468
106.167387,2220,2536,13:10:50.331468
106.169245,1880,2606,13:10:50.331468
106.171102,2350,2574,13:10:50.331468
106.172958,1885,2680,13:10:50.331468
106.174816,2478,2584,13:10:50.331468
106.176673,2308,2451,13:10:50.331468
106.178533,2020,2383,13:10:50.331468
106.180389,2214,2677,13:10:50.331468
106.182248,2416,2718,13:10:50.331468
106.184105,1087,2470,13:10:50.331468
106.185964,2266,2755,13:10:50.331468
106.187826,2362,2523,13:10:50.331468
106.189709,2299,2502,13:10:50.331468
106.191569,2185,2470,13:10:50.331468
106.193426,2435,2576,13:10:50.331468
106.195282,2552,2600,13:10:50.331468
106.19714,2304,2677,13:10:50.331468
106.199003,2621,2609,13:10:50.331468
106.200861,2222,2636,13:10:50.331468
106.202717,2435,2642,13:10:50.331468
106.204578,1979,2547,13:10:50.331468
106.206442,2158,2301,13:10:50.380849
106.2083,2007,2386,13:10:50.380849
106.210193,1807,2535,13:10:50.380849
106.212073,2003,2760,13:10:50.380849
106.213929,2272,2288,13:10:50.380849
106.21579,1705,2443,13:10:50.380849
106.217651,1332,2367,13:10:50.380849
106.21951,2800,2868,13:10:50.380849
106.221367,2354,2975,13:10:50.380849
106.223233,2454,2630,13:10:50.380849
106.225089,2320,2712,13:10:50.380849
106.226946,2371,2634,13:10:50.380849
106.228806,2137,2281,13:10:50.380849
106.230662,1790,2424,13:10:50.380849
106.232523,2712,2677,13:10:50.380849
106.23438,2492,2609,13:10:50.380849
106.236266,1894,2627,13:10:50.380849
106.238134,2374,2912,13:10:50.380849
106.23999,2767,2970,13:10:50.380849
106.241848,2285,2619,13:10:50.380849
106.243705,2608,2732,13:10:50.380849
106.245561,2543,2765,13:10:50.380849
106.247417,2370,2587,13:10:50.380849
106.249277,1732,2462,13:10:50.381851
106.251134,2438,2941,13:10:50.381851
106.25299,2757,2874,13:10:50.381851
106.254849,2593,2568,13:10:50.436994
106.256719,2523,2472,13:10:50.436994
106.258579,2802,2728,13:10:50.436994
106.260488,2382,2466,13:10:50.436994
106.26235,1806,2508,13:10:50.436994
106.264206,2256,2599,13:10:50.436994
106.266065,2113,2536,13:10:50.436994
106.267925,2151,2644,13:10:50.436994
106.269781,2421,2771,13:10:50.436994
106.271638,2403,2901,13:10:50.436994
106.273496,2368,2585,13:10:50.436994
106.275352,2240,2574,13:10:50.436994
106.277209,2111,2664,13:10:50.436994
106.279067,1914,2451,13:10:50.436994
106.280923,1701,2515,13:10:50.438995
106.282784,2107,2211,13:10:50.438995
106.284648,2176,3116,13:10:50.438995
106.286528,778,2250,13:10:50.438995
106.288397,2229,2313,13:10:50.438995
106.290255,2364,2822,13:10:50.438995
106.292113,2453,2493,13:10:50.438995
106.29397,2167,2117,13:10:50.438995
106.295828,2239,2637,13:10:50.438995
106.297684,2338,2808,13:10:50.438995
106.299541,2260,2590,13:10:50.438995
106.301399,2412,2725,13:10:50.438995
106.303255,2593,2676,13:10:50.438995
106.305114,2364,2652,13:10:50.486744
106.306984,2359,2694,13:10:50.486744
106.308844,2309,2534,13:10:50.486744
106.310735,2169,2410,13:10:50.486744
106.312595,2111,2399,13:10:50.486744
106.314453,2321,2618,13:10:50.486744
106.31631,2413,2529,13:10:50.486744
106.318166,2356,2610,13:10:50.486744
106.320024,2343,2376,13:10:50.486744
106.321881,2056,2760,13:10:50.486744
106.323737,2356,2543,13:10:50.486744
106.325593,2181,2630,13:10:50.486744
106.327456,1660,2476,13:10:50.486744
106.329312,2382,2791,13:10:50.486744
106.331169,2087,2418,13:10:50.487751
106.333027,2323,2497,13:10:50.487751
106.334883,2157,2693,13:10:50.487751
106.336742,2209,2820,13:10:50.487751
106.338598,2385,2751,13:10:50.487751
106.340466,2303,2753,13:10:50.487751
106.342341,2552,2672,13:10:50.487751
106.344197,2359,2564,13:10:50.487751
106.346055,2276,2596,13:10:50.487751
106.347912,2401,2557,13:10:50.487751
106.349772,2202,2513,13:10:50.487751
106.351628,2087,2437,13:10:50.487751
106.353485,2549,2704,13:10:50.487751
106.355343,2893,2794,13:10:50.536069
106.357217,2856,2758,13:10:50.536069
106.359078,2990,2979,13:10:50.536069
106.360974,2912,2770,13:10:50.536069
106.362831,2500,2709,13:10:50.536069
106.364688,1918,2383,13:10:50.536069
106.366547,1848,2319,13:10:50.536069
106.368403,1623,2355,13:10:50.536069
106.37026,1437,2299,13:10:50.536069
106.372116,1716,2192,13:10:50.536069
106.373974,2052,2338,13:10:50.536069
106.375833,1944,2464,13:10:50.536069
106.377691,2243,2444,13:10:50.536069
106.379547,2056,2833,13:10:50.536069
106.381408,2657,2872,13:10:50.536069
106.383264,2210,2581,13:10:50.536069
106.38512,2616,2590,13:10:50.536069
106.386983,2430,2517,13:10:50.536069
106.388839,1736,2179,13:10:50.536069
106.390698,439,2667,13:10:50.536069
106.392558,2293,2756,13:10:50.536069
106.394416,2089,2519,13:10:50.536069
106.396274,2030,2581,13:10:50.536069
106.398137,2355,2650,13:10:50.536069
106.399995,2328,2556,13:10:50.536069
106.401853,2301,2521,13:10:50.536069
106.40372,2693,2972,13:10:50.536069
106.405584,2780,3068,13:10:50.593492
106.407459,3117,2771,13:10:50.593492
106.40932,2824,3064,13:10:50.593492
106.411227,2880,2815,13:10:50.593492
106.413083,2576,2489,13:10:50.593492
106.414943,2170,2365,13:10:50.594369
106.416804,2881,2772,13:10:50.594369
106.418662,2478,2570,13:10:50.594369
106.420518,1742,2495,13:10:50.594369
106.422375,2425,2737,13:10:50.594369
106.424233,1971,2461,13:10:50.594369
106.42609,2262,2533,13:10:50.594369
106.427952,1951,2667,13:10:50.594369
106.429808,2539,2476,13:10:50.594369
106.431666,2416,2802,13:10:50.594369
106.433523,1939,2793,13:10:50.594369
106.435379,2198,2497,13:10:50.594369
106.437238,2186,2657,13:10:50.594369
106.439096,1829,2209,13:10:50.594369
106.440999,811,2134,13:10:50.594369
106.442864,1974,2489,13:10:50.594369
106.444721,2101,2448,13:10:50.594369
106.446579,2060,2428,13:10:50.594369
106.448435,2193,2614,13:10:50.594369
106.450294,2308,2726,13:10:50.594369
106.45215,2279,2640,13:10:50.594369
106.45401,1970,2433,13:10:50.594369
106.455875,2342,2489,13:10:50.638011
106.457742,2579,2615,13:10:50.638011
106.459603,2387,2521,13:10:50.638011
106.461507,2425,2842,13:10:50.638011
106.463364,2316,2804,13:10:50.638011
106.465222,1987,2584,13:10:50.638011
106.467079,2254,2667,13:10:50.638011
106.468937,2389,2901,13:10:50.638011
106.470795,2429,2732,13:10:50.638011
106.472652,2728,2838,13:10:50.638011
106.47451,2378,2644,13:10:50.638011
106.476365,2213,2658,13:10:50.638011
106.478223,1769,2521,13:10:50.638011
106.480079,2340,2669,13:10:50.638011
106.481937,2536,2678,13:10:50.638011
106.483796,2417,2654,13:10:50.638011
106.485658,2032,2771,13:10:50.638011
106.487516,2188,2674,13:10:50.638011
106.489382,2371,2848,13:10:50.638011
106.491241,2684,2679,13:10:50.638011
106.493097,2685,2550,13:10:50.638011
106.494956,2350,2551,13:10:50.638011
106.496812,2510,2897,13:10:50.638011
106.498695,2032,2550,13:10:50.638011
106.500561,2032,2565,13:10:50.638011
106.502417,2289,2392,13:10:50.638011
106.504279,2607,2709,13:10:50.638011
106.506144,2454,2756,13:10:50.655001
106.508007,2229,2655,13:10:50.655001
106.509878,2368,2654,13:10:50.655001
106.511764,2295,2592,13:10:50.655001
106.513621,1831,2587,13:10:50.655001
106.515479,1928,2512,13:10:50.655001
106.517336,2113,2712,13:10:50.655001
106.519194,2261,2381,13:10:50.655001
106.521052,1827,2907,13:10:50.655001
106.522913,1955,2532,13:10:50.655001
106.524771,1899,2498,13:10:50.655001
106.526627,1913,2413,13:10:50.655001
106.528484,2637,2717,13:10:50.655001
106.53034,2415,2677,13:10:50.655001
106.532196,2119,2756,13:10:50.655001
106.534053,1976,2589,13:10:50.655001
106.535913,2335,2630,13:10:50.655001
106.537771,2079,2615,13:10:50.655001
106.539628,2213,2567,13:10:50.655001
106.541486,2418,2612,13:10:50.655001
106.543342,176,2697,13:10:50.655001
106.545234,2691,2718,13:10:50.655001
106.547091,2612,2553,13:10:50.655001
106.548947,2451,2400,13:10:50.655001
106.550806,2568,2626,13:10:50.655001
106.552662,2391,2589,13:10:50.655001
106.55452,2647,2878,13:10:50.655001
106.556387,2601,2617,13:10:50.705706
106.558247,2297,2697,13:10:50.705706
106.560133,2169,2607,13:10:50.705706
106.562011,2260,2663,13:10:50.705706
106.56387,2472,2566,13:10:50.705706
106.565726,2275,2773,13:10:50.705706
106.567582,2442,2528,13:10:50.705706
106.569441,2453,2763,13:10:50.705706
106.571297,2358,2581,13:10:50.705706
106.573155,2468,2664,13:10:50.705706
106.575012,2573,2630,13:10:50.705706
106.576876,2698,2852,13:10:50.705706
106.578732,2206,2699,13:10:50.705706
106.580589,2490,2448,13:10:50.705706
106.582449,2626,2628,13:10:50.705706
106.584306,2166,2360,13:10:50.705706
106.586164,2271,2663,13:10:50.705706
106.58802,2317,2732,13:10:50.705706
106.589877,2399,2663,13:10:50.705706
106.591737,2124,2822,13:10:50.705706
106.593599,2593,2789,13:10:50.705706
106.595456,2391,2664,13:10:50.705706
106.597314,2496,2674,13:10:50.706712
106.599172,2576,2718,13:10:50.706712
106.601029,2476,2723,13:10:50.706712
106.602885,2485,2522,13:10:50.706712
106.604743,2531,2843,13:10:50.755668
106.60661,2615,2740,13:10:50.755668
106.608486,2674,2739,13:10:50.755668
106.610377,2448,2607,13:10:50.755668
106.61229,2388,2825,13:10:50.755668
106.614149,2422,2698,13:10:50.755668
106.616005,2374,2646,13:10:50.755668
106.617861,2321,2543,13:10:50.755668
106.61972,2576,2746,13:10:50.755668
106.62158,2381,2575,13:10:50.755668
106.623438,2436,2790,13:10:50.755668
106.625295,2413,2499,13:10:50.755668
106.627155,2378,2769,13:10:50.755668
106.629011,2419,2756,13:10:50.755668
106.63087,2627,2588,13:10:50.755668
106.632728,2367,2707,13:10:50.755668
106.634584,2142,2451,13:10:50.755668
106.636444,2503,2703,13:10:50.755668
106.638301,2539,2639,13:10:50.755668
106.640157,2323,2503,13:10:50.755668
106.642016,2582,2604,13:10:50.755668
106.643882,2308,2785,13:10:50.756676
106.645738,2491,2476,13:10:50.756676
106.647595,2471,2476,13:10:50.756676
106.649453,2449,2706,13:10:50.756676
106.651309,2467,2536,13:10:50.756676
106.653166,2587,2642,13:10:50.756676
106.65504,2425,2457,13:10:50.804783
106.656908,2671,2747,13:10:50.804783
106.658769,2664,2445,13:10:50.804783
106.660659,2540,2395,13:10:50.804783
106.66252,2430,2611,13:10:50.804783
106.664381,2676,2708,13:10:50.804783
106.666238,2790,2600,13:10:50.804783
106.668098,2541,2535,13:10:50.804783
106.669955,2466,2720,13:10:50.804783
106.671811,2537,2539,13:10:50.804783
106.673667,2598,2334,13:10:50.804783
106.675526,2444,2700,13:10:50.804783
106.677384,2329,2411,13:10:50.804783
106.67924,2433,2601,13:10:50.804783
106.681101,2559,2483,13:10:50.804783
106.682957,2573,2300,13:10:50.804783
106.684813,2626,2571,13:10:50.804783
106.686672,2344,2691,13:10:50.804783
106.688528,2471,2512,13:10:50.804783
106.690386,2126,2593,13:10:50.804783
106.692243,2536,2345,13:10:50.804783
106.694105,2441,2241,13:10:50.804783
106.695961,2072,2787,13:10:50.804783
106.697818,2220,2454,13:10:50.804783
106.699678,2333,2554,13:10:50.804783
106.701534,2532,2281,13:10:50.804783
106.703393,2453,2578,13:10:50.804783
106.705249,2467,2537,13:10:50.855173
106.707115,2471,2689,13:10:50.855173
106.708976,2597,2501,13:10:50.855173
106.71089,2220,2555,13:10:50.855173
106.712756,2395,2534,13:10:50.855173
106.714613,2822,2681,13:10:50.855173
106.716479,2510,2487,13:10:50.855173
106.718335,2489,2699,13:10:50.855173
106.720192,2561,2662,13:10:50.855173
106.72205,2377,2818,13:10:50.855173
106.723906,2607,2336,13:10:50.855173
106.725763,2526,2429,13:10:50.855173
106.727621,2422,2705,13:10:50.855173
106.729477,2680,2705,13:10:50.855173
106.731336,2294,2233,13:10:50.855173
106.733192,2470,2287,13:10:50.856156
106.735054,2668,2467,13:10:50.856156
106.736911,2570,2449,13:10:50.856156
106.738767,2696,2552,13:10:50.856156
106.740625,2579,2554,13:10:50.856156
106.742482,2420,2670,13:10:50.856156
106.744338,2500,2632,13:10:50.856156
106.746195,2476,2376,13:10:50.856156
106.748051,2619,2484,13:10:50.856156
106.749907,2468,2408,13:10:50.856156
106.751764,2455,2610,13:10:50.856156
106.753624,2756,2583,13:10:50.856156
106.755482,2456,2540,13:10:50.905777
106.757357,2393,2499,13:10:50.905777
106.759218,2569,2395,13:10:50.905777
106.761115,2362,2473,13:10:50.905777
106.762974,2376,2237,13:10:50.905777
106.76483,2527,2516,13:10:50.905777
106.766688,2584,2393,13:10:50.905777
106.768545,2365,2670,13:10:50.905777
106.770401,2538,2664,13:10:50.905777
106.772259,2460,2641,13:10:50.905777
106.774116,2580,2591,13:10:50.905777
106.775974,2596,2393,13:10:50.905777
106.77783,2462,2411,13:10:50.905777
106.779687,2308,2293,13:10:50.905777
106.781545,2428,2578,13:10:50.905777
106.783409,2598,2450,13:10:50.905777
106.785266,2684,2621,13:10:50.905777
106.787122,2255,2504,13:10:50.905777
106.788981,2524,2528,13:10:50.905777
106.790837,2502,2558,13:10:50.905777
106.792693,2539,2335,13:10:50.905777
106.794552,2452,2398,13:10:50.905777
106.796414,2364,2398,13:10:50.905777
106.79827,2337,2452,13:10:50.905777
106.800127,2523,2441,13:10:50.905777
106.801987,2566,2390,13:10:50.905777
106.803845,2249,2458,13:10:50.905777
106.80571,2446,2349,13:10:50.955647
106.807576,2478,2500,13:10:50.955647
106.809452,2207,2680,13:10:50.955647
106.811381,2401,2358,13:10:50.955647
106.813239,2218,2558,13:10:50.955647
106.815095,2211,2258,13:10:50.955647
106.816953,2326,2744,13:10:50.955647
106.81881,2322,2490,13:10:50.955647
106.820666,2343,2405,13:10:50.955647
106.822522,2430,2534,13:10:50.955647
106.824379,2339,2554,13:10:50.955647
106.826235,2661,2530,13:10:50.955647
106.828091,2431,2430,13:10:50.955647
106.829952,2592,2594,13:10:50.955647
106.831808,2590,2391,13:10:50.955647
106.833665,2421,2585,13:10:50.955647
106.835523,2512,2571,13:10:50.955647
106.837381,2459,2475,13:10:50.955647
106.83924,2619,2534,13:10:50.955647
106.841096,2511,2607,13:10:50.955647
106.842954,2540,2620,13:10:50.955647
106.844813,2590,2605,13:10:50.955647
106.846679,2351,2408,13:10:50.955647
106.848535,2276,2318,13:10:50.955647
106.850392,2337,2408,13:10:50.955647
106.85225,2528,2283,13:10:50.955647
106.854106,2420,2473,13:10:50.955647
106.855969,2339,2260,13:10:51.005992
106.857831,2408,2520,13:10:51.005992
106.859695,2470,2514,13:10:51.005992
106.861613,2419,2456,13:10:51.005992
106.863472,2807,2331,13:10:51.005992
106.865328,2255,2552,13:10:51.005992
106.867184,2317,2473,13:10:51.005992
106.869041,2438,2364,13:10:51.005992
106.870899,2336,2469,13:10:51.005992
106.872755,2574,2671,13:10:51.005992
106.874612,2531,2494,13:10:51.005992
106.876468,2513,2475,13:10:51.005992
106.878324,2311,2479,13:10:51.005992
106.880181,2476,2565,13:10:51.005992
106.882037,2382,2476,13:10:51.005992
106.883899,2257,2575,13:10:51.005992
106.885756,2651,2427,13:10:51.005992
106.887612,2336,2336,13:10:51.005992
106.889471,2496,2477,13:10:51.005992
106.891327,2396,2411,13:10:51.005992
106.893185,2661,2389,13:10:51.005992
106.895042,2428,2374,13:10:51.005992
106.896898,2517,2620,13:10:51.005992
106.898758,2559,2551,13:10:51.005992
106.900615,2705,2306,13:10:51.005992
106.902475,2517,2427,13:10:51.005992
106.904331,2409,2333,13:10:51.005992
106.906202,2757,2617,13:10:51.057949
106.908068,2433,2541,13:10:51.057949
106.909932,2441,2508,13:10:51.057949
106.911854,2299,2526,13:10:51.057949
106.913711,2468,2556,13:10:51.057949
106.915567,2378,2343,13:10:51.057949
106.917425,2046,2671,13:10:51.057949
106.919282,2467,2454,13:10:51.057949
106.92114,2263,2399,13:10:51.057949
106.922997,2481,2495,13:10:51.058939
106.924857,2287,2381,13:10:51.058939
106.926713,2246,2584,13:10:51.058939
106.92857,2523,2337,13:10:51.058939
106.930428,2490,2517,13:10:51.058939
106.932284,2416,2631,13:10:51.058939
106.934143,2626,2499,13:10:51.058939
106.935999,2516,2378,13:10:51.058939
106.937859,2217,2441,13:10:51.058939
106.939718,2508,2661,13:10:51.058939
106.941584,2226,2296,13:10:51.058939
106.94344,2505,2399,13:10:51.058939
106.945297,2870,2584,13:10:51.058939
106.947155,2498,2381,13:10:51.058939
106.949011,2352,2253,13:10:51.058939
106.95087,2647,2367,13:10:51.058939
106.952728,2548,2462,13:10:51.058939
106.954584,2318,2216,13:10:51.104987
106.956455,2445,2463,13:10:51.104987
106.958315,2559,2624,13:10:51.105994
106.960233,2470,2412,13:10:51.105994
106.962106,2448,2397,13:10:51.105994
106.963998,2593,2459,13:10:51.105994
106.965856,2475,2690,13:10:51.105994
106.967714,2681,2200,13:10:51.106993
106.969571,2323,2510,13:10:51.106993
106.971429,2438,2491,13:10:51.106993
106.973285,2439,2406,13:10:51.106993
106.975148,2427,2578,13:10:51.107992
106.977004,2483,2609,13:10:51.107992
106.978861,2563,2374,13:10:51.107992
106.980719,2521,2366,13:10:51.107992
106.982575,2334,2458,13:10:51.107992
106.984438,2574,2707,13:10:51.107992
106.986294,2282,2416,13:10:51.107992
106.98815,2401,2342,13:10:51.107992
106.990009,2501,2410,13:10:51.107992
106.991867,2355,2600,13:10:51.107992
106.993723,2479,2535,13:10:51.107992
106.99558,2799,2463,13:10:51.107992
106.997438,2380,2506,13:10:51.108993
106.999294,2448,2677,13:10:51.108993
107.001159,2545,2648,13:10:51.108993
107.003017,2704,2358,13:10:51.108993
107.004875,2543,2274,13:10:51.155934
107.006746,2306,2716,13:10:51.155934
107.008606,2677,2353,13:10:51.155934
107.010515,2384,2463,13:10:51.155934
107.012378,2522,2348,13:10:51.155934
107.014235,2523,2713,13:10:51.155934
107.016097,2728,2351,13:10:51.155934
107.017953,2313,2466,13:10:51.155934
107.01981,2420,2675,13:10:51.155934
107.021668,2281,2064,13:10:51.155934
107.023525,2441,2486,13:10:51.155934
107.025383,2321,2336,13:10:51.155934
107.027239,2372,2590,13:10:51.155934
107.029102,2456,2387,13:10:51.155934
107.03096,2434,2498,13:10:51.155934
107.032826,2682,2724,13:10:51.155934
107.034683,2460,2428,13:10:51.155934
107.036539,2642,2459,13:10:51.155934
107.038397,2292,2614,13:10:51.155934
107.040254,2509,2460,13:10:51.155934
107.04211,2335,2450,13:10:51.155934
107.043968,2505,2505,13:10:51.155934
107.045825,2548,2500,13:10:51.155934
107.047683,2560,2678,13:10:51.155934
107.049539,2405,2784,13:10:51.155934
107.051402,2638,2454,13:10:51.155934
107.05326,2439,2669,13:10:51.155934
107.055117,2375,2302,13:10:51.206672
107.056981,2539,2424,13:10:51.206672
107.058851,2276,2720,13:10:51.206672
107.060761,2382,2365,13:10:51.206672
107.062636,2556,2546,13:10:51.206672
107.064492,2260,2743,13:10:51.206672
107.06635,2491,2448,13:10:51.206672
107.068207,2374,2398,13:10:51.206672
107.070063,2469,2509,13:10:51.206672
107.071921,2512,2460,13:10:51.206672
107.073785,2702,2633,13:10:51.206672
107.075642,2689,2574,13:10:51.206672
107.077498,2582,2417,13:10:51.206672
107.079357,2505,2527,13:10:51.206672
107.081213,2271,2601,13:10:51.206672
107.083069,2404,2283,13:10:51.206672
107.084926,2401,2523,13:10:51.206672
107.086784,2564,2774,13:10:51.206672
107.08864,2538,2849,13:10:51.206672
107.090497,2732,2563,13:10:51.206672
107.092363,2534,2523,13:10:51.206672
107.09422,2628,2600,13:10:51.206672
107.096076,2233,2651,13:10:51.206672
107.097934,2227,2488,13:10:51.206672
107.099793,2312,2742,13:10:51.206672
107.101651,2699,2576,13:10:51.206672
107.103507,2333,2730,13:10:51.206672
107.105364,2505,2549,13:10:51.255158
107.107252,2378,2647,13:10:51.255158
107.109112,2609,2637,13:10:51.255158
107.111034,2467,2508,13:10:51.255158
107.112899,2372,2497,13:10:51.255158
107.114755,2237,2398,13:10:51.255158
107.116611,2496,2352,13:10:51.255158
107.118468,2598,2494,13:10:51.255158
107.120334,2365,2641,13:10:51.255158
107.12219,2611,2543,13:10:51.255158
107.124047,2560,2623,13:10:51.255158
107.125905,2619,2478,13:10:51.255158
107.127763,2667,2707,13:10:51.255158
107.129622,2676,2671,13:10:51.255158
107.131478,2309,2407,13:10:51.255158
107.133335,2394,2588,13:10:51.255158
107.135191,2212,2621,13:10:51.255158
107.137055,2636,2396,13:10:51.255158
107.138912,2369,2623,13:10:51.255158
107.140768,2476,2409,13:10:51.255158
107.142626,2368,2721,13:10:51.255158
107.144483,2506,2354,13:10:51.255158
107.146339,2589,2468,13:10:51.255158
107.148197,2442,2524,13:10:51.255158
107.150054,2469,2684,13:10:51.255158
107.151912,2379,2653,13:10:51.255158
107.153768,2635,2579,13:10:51.255158
107.155631,2450,2724,13:10:51.309919
107.157497,2412,2727,13:10:51.309919
107.159359,2702,2739,13:10:51.309919
107.161281,2382,2828,13:10:51.309919
107.16316,2528,2524,13:10:51.309919
107.165017,2479,2587,13:10:51.309919
107.166878,2666,2428,13:10:51.309919
107.168735,2299,2420,13:10:51.309919
107.170595,2593,2607,13:10:51.309919
107.172451,2788,2445,13:10:51.309919
107.174308,2432,2438,13:10:51.309919
107.176164,2284,2473,13:10:51.309919
107.178023,2508,2342,13:10:51.309919
107.179881,2428,2372,13:10:51.309919
107.181737,2413,2386,13:10:51.309919
107.183598,2452,2397,13:10:51.309919
107.185454,2865,2477,13:10:51.309919
107.18731,2486,2491,13:10:51.309919
107.189169,2448,2593,13:10:51.309919
107.191025,2583,2653,13:10:51.309919
107.192883,2512,2835,13:10:51.309919
107.19474,2466,2649,13:10:51.309919
107.1966,2574,2682,13:10:51.309919
107.198458,2382,2570,13:10:51.309919
107.200315,2702,2414,13:10:51.309919
107.202175,2689,2660,13:10:51.309919
107.204031,2579,2451,13:10:51.309919
107.205896,2648,2384,13:10:51.360996
107.207758,2789,2736,13:10:51.360996
107.20962,2539,2306,13:10:51.360996
107.211517,2434,2533,13:10:51.360996
107.213379,2331,2429,13:10:51.360996
107.215245,2667,2730,13:10:51.360996
107.217104,2461,2469,13:10:51.360996
107.218959,2412,2637,13:10:51.360996
107.220816,2500,2614,13:10:51.360996
107.222673,2384,2395,13:10:51.360996
107.224531,2627,2353,13:10:51.360996
107.226387,2303,2525,13:10:51.360996
107.228244,2651,2758,13:10:51.360996
107.2301,2419,2584,13:10:51.360996
107.231957,2622,2420,13:10:51.360996
107.233819,2561,2683,13:10:51.360996
107.235675,2515,2622,13:10:51.360996
107.237533,2532,2553,13:10:51.360996
107.23939,2675,2780,13:10:51.360996
107.241246,2688,2565,13:10:51.360996
107.243105,2687,2406,13:10:51.360996
107.244961,2299,2793,13:10:51.360996
107.246819,2525,2656,13:10:51.360996
107.248676,2504,2684,13:10:51.360996
107.250538,2434,2661,13:10:51.360996
107.252394,2420,2543,13:10:51.360996
107.254251,2352,2484,13:10:51.360996
107.256119,2386,2652,13:10:51.405184
107.257979,2321,2799,13:10:51.405184
107.259861,2701,2795,13:10:51.405184
107.261795,2313,2538,13:10:51.405184
107.263726,2512,2588,13:10:51.405184
107.265593,2468,2318,13:10:51.405184
107.26745,2638,2703,13:10:51.405184
107.269307,2545,2448,13:10:51.405184
107.271165,2313,2528,13:10:51.405184
107.273021,2456,2343,13:10:51.405184
107.274878,2578,2385,13:10:51.405184
107.276734,2330,2505,13:10:51.405184
107.27859,2779,2330,13:10:51.405184
107.280449,2305,2448,13:10:51.405184
107.282307,2473,2468,13:10:51.405184
107.284171,2344,2436,13:10:51.405184
107.28603,2429,2707,13:10:51.405184
107.287886,2317,2264,13:10:51.405184
107.289744,2521,2468,13:10:51.405184
107.291601,2251,2541,13:10:51.405184
107.293459,2477,2633,13:10:51.405184
107.295315,2485,2601,13:10:51.405184
107.297172,2461,2622,13:10:51.405184
107.29903,2297,2570,13:10:51.405184
107.300891,2495,2618,13:10:51.405184
107.302749,2508,2536,13:10:51.405184
107.304605,2443,2471,13:10:51.456235
107.306469,2287,2617,13:10:51.456235
107.308334,2611,2600,13:10:51.456235
107.310225,2417,2658,13:10:51.456235
107.312102,2542,2586,13:10:51.456235
107.31396,2706,2338,13:10:51.456235
107.315837,2451,2593,13:10:51.456235
107.317693,2548,2563,13:10:51.456235
107.31955,2608,2471,13:10:51.456235
107.321406,2376,2615,13:10:51.456235
107.323262,2634,2619,13:10:51.456235
107.325123,2534,2561,13:10:51.456235
107.326979,2457,2728,13:10:51.456235
107.328835,2477,2498,13:10:51.456235
107.330694,2457,2477,13:10:51.456235
107.33255,2245,2579,13:10:51.456235
107.334408,2446,2525,13:10:51.456235
107.336265,2344,2516,13:10:51.456235
107.338125,2344,2445,13:10:51.456235
107.339983,2526,2615,13:10:51.456235
107.34184,2465,2476,13:10:51.456235
107.3437,2491,2452,13:10:51.456235
107.345556,2512,2640,13:10:51.456235
107.347415,2786,2445,13:10:51.456235
107.349271,2377,2642,13:10:51.456235
107.351127,2411,2604,13:10:51.456235
107.352986,2439,2314,13:10:51.456235
107.354847,2641,2657,13:10:51.506319
107.356714,2521,2644,13:10:51.506319
107.358575,2519,2536,13:10:51.506319
107.360484,2337,2628,13:10:51.506319
107.362381,2164,2627,13:10:51.506319
107.364237,2403,2369,13:10:51.506319
107.366098,2358,2540,13:10:51.506319
107.367956,2424,2555,13:10:51.506319
107.369822,2548,2553,13:10:51.506319
107.371679,2192,2690,13:10:51.506319
107.373535,2384,2654,13:10:51.506319
107.375393,2561,2556,13:10:51.506319
107.37725,2351,2598,13:10:51.506319
107.379106,2545,2582,13:10:51.506319
107.380962,2848,2606,13:10:51.506319
107.382819,2452,2485,13:10:51.506319
107.384675,2115,2374,13:10:51.506319
107.386532,2255,2605,13:10:51.506319
107.388396,2699,2230,13:10:51.506319
107.390252,2213,2790,13:10:51.506319
107.392109,2377,2685,13:10:51.506319
107.393967,2356,2479,13:10:51.506319
107.395825,2545,2873,13:10:51.506319
107.397684,2436,2646,13:10:51.506319
107.39954,2461,2399,13:10:51.506319
107.401396,2556,2657,13:10:51.506319
107.403253,2494,2777,13:10:51.506319
107.40511,2743,2519,13:10:51.559043
107.406981,2340,2431,13:10:51.559043
107.408842,2479,2513,13:10:51.559043
107.41074,2646,2417,13:10:51.559043
107.412606,1825,2609,13:10:51.559043
107.414484,2214,2658,13:10:51.559043
107.416343,2428,2571,13:10:51.559043
107.418201,2096,2684,13:10:51.559043
107.420057,2515,2234,13:10:51.559043
107.421916,2453,2412,13:10:51.559043
107.423777,2483,2437,13:10:51.559043
107.425636,2369,2574,13:10:51.559043
107.427493,2444,2695,13:10:51.559043
107.429359,2461,2379,13:10:51.559043
107.431215,2236,2569,13:10:51.559043
107.433072,2269,2403,13:10:51.559043
107.43493,2323,2635,13:10:51.559043
107.436786,2351,2320,13:10:51.559043
107.438643,2496,2735,13:10:51.559043
107.440499,2429,2381,13:10:51.559043
107.442355,2367,2608,13:10:51.559043
107.444212,2387,2434,13:10:51.559043
107.446069,2400,2465,13:10:51.559043
107.44793,2519,2556,13:10:51.559043
107.449787,2429,2486,13:10:51.559043
107.451647,2400,2645,13:10:51.559043
107.453503,2372,2648,13:10:51.559043
107.45536,2439,2337,13:10:51.609463
107.457224,2427,2522,13:10:51.609463
107.459085,2586,2576,13:10:51.609463
107.460999,2290,2592,13:10:51.609463
107.462857,2320,2530,13:10:51.609463
107.464715,1972,2789,13:10:51.609463
107.46658,2506,2628,13:10:51.609463
107.468436,2565,2562,13:10:51.609463
107.470294,2557,2643,13:10:51.609463
107.472151,2488,2433,13:10:51.609463
107.474007,2404,2585,13:10:51.609463
107.475867,2612,2525,13:10:51.609463
107.477724,2380,2622,13:10:51.609463
107.47958,2235,2700,13:10:51.609463
107.481436,2567,2551,13:10:51.609463
107.483299,2404,2561,13:10:51.609463
107.485155,2752,2506,13:10:51.609463
107.487011,2537,2572,13:10:51.609463
107.488874,2373,2652,13:10:51.609463
107.49073,2391,2694,13:10:51.609463
107.492586,2428,2808,13:10:51.609463
107.494444,2380,2628,13:10:51.609463
107.496301,2241,2612,13:10:51.610484
107.498159,2456,2506,13:10:51.610484
107.500025,2713,2452,13:10:51.610484
107.501882,2303,2537,13:10:51.610484
107.503738,2558,2707,13:10:51.610484
107.505601,2349,2334,13:10:51.662025
107.507463,2500,2285,13:10:51.662025
107.509327,2254,2638,13:10:51.662025
107.511245,2035,2309,13:10:51.662025
107.513108,2562,2566,13:10:51.662025
107.514963,559,2497,13:10:51.662025
107.516858,2454,2606,13:10:51.662025
107.518715,2469,2530,13:10:51.662025
107.520573,2258,2539,13:10:51.662025
107.522429,2329,2543,13:10:51.662025
107.524286,2218,2582,13:10:51.662025
107.526144,2506,2619,13:10:51.662025
107.528006,2403,2474,13:10:51.662025
107.529865,2634,2578,13:10:51.662025
107.531721,2502,2484,13:10:51.662025
107.533587,2337,2615,13:10:51.662025
107.535444,2307,2647,13:10:51.662025
107.537302,2314,2709,13:10:51.662025
107.53916,2456,2518,13:10:51.662025
107.541017,2390,2450,13:10:51.663034
107.542875,2611,2528,13:10:51.663034
107.544731,2337,2545,13:10:51.663034
107.546588,2473,2633,13:10:51.663034
107.548444,2293,2352,13:10:51.663034
107.550308,2331,2273,13:10:51.663034
107.552165,2420,2375,13:10:51.663034
107.554021,2376,2582,13:10:51.663034
107.555886,2517,2477,13:10:51.719666
107.557754,2397,2491,13:10:51.719666
107.559616,2446,2385,13:10:51.719666
107.561518,2488,2596,13:10:51.719666
107.563379,2445,2618,13:10:51.719666
107.565235,2460,2548,13:10:51.719666
107.567091,806,2432,13:10:51.719666
107.568954,2759,2319,13:10:51.719666
107.570816,2689,2324,13:10:51.719666
107.572672,2363,2635,13:10:51.719666
107.574531,2354,2518,13:10:51.719666
107.576387,2537,2731,13:10:51.719666
107.578243,2398,2572,13:10:51.719666
107.580102,2336,2503,13:10:51.719666
107.581958,2557,2552,13:10:51.719666
107.583816,2480,2458,13:10:51.719666
107.585673,2511,2341,13:10:51.719666
107.587533,2407,2448,13:10:51.719666
107.58939,2488,2561,13:10:51.719666
107.591246,2303,2510,13:10:51.719666
107.593104,2462,2350,13:10:51.719666
107.594961,2434,2336,13:10:51.719666
107.596819,2346,2435,13:10:51.719666
107.598675,2420,2737,13:10:51.719666
107.600532,2358,2274,13:10:51.719666
107.60239,2339,2577,13:10:51.719666
107.604254,2426,2416,13:10:51.719666
107.606123,2462,2502,13:10:51.763594
107.607983,2488,2458,13:10:51.763594
107.609849,2546,2471,13:10:51.763594
107.611739,2353,2501,13:10:51.763594
107.613602,2543,2556,13:10:51.763594
107.615464,2378,2604,13:10:51.763594
107.617336,2132,2341,13:10:51.763594
107.619193,2545,2266,13:10:51.763594
107.621052,2138,2515,13:10:51.763594
107.622911,2350,2535,13:10:51.763594
107.62477,1175,2373,13:10:51.763594
107.626636,2700,2626,13:10:51.763594
107.628494,2658,2421,13:10:51.763594
107.630351,2363,2441,13:10:51.763594
107.632208,2526,2603,13:10:51.763594
107.634065,2376,2521,13:10:51.763594
107.635922,2323,2621,13:10:51.763594
107.63778,2632,2536,13:10:51.763594
107.639637,2349,2367,13:10:51.763594
107.641493,2606,2588,13:10:51.763594
107.643349,2712,2410,13:10:51.763594
107.645213,2484,2255,13:10:51.763594
107.64707,2419,2468,13:10:51.763594
107.648926,2380,2273,13:10:51.764592
107.650787,2449,2345,13:10:51.764592
107.652643,2372,2502,13:10:51.764592
107.654499,2372,2264,13:10:51.764592
107.656366,2366,2321,13:10:51.815731
107.658226,2444,2303,13:10:51.815731
107.660098,2453,2241,13:10:51.815731
107.66198,2280,2245,13:10:51.815731
107.663837,2192,2532,13:10:51.815731
107.665697,2529,2477,13:10:51.815731
107.667554,2271,2353,13:10:51.815731
107.669412,656,2402,13:10:51.815731
107.671302,2743,2424,13:10:51.815731
107.673158,2433,2451,13:10:51.815731
107.675017,2154,2653,13:10:51.815731
107.676875,2483,2366,13:10:51.815731
107.678733,2485,2386,13:10:51.815731
107.68059,2123,2429,13:10:51.815731
107.682449,2601,2469,13:10:51.815731
107.684307,2333,2310,13:10:51.815731
107.686172,2365,2428,13:10:51.815731
107.688029,2489,2208,13:10:51.815731
107.689886,2358,2552,13:10:51.815731
107.691744,2391,2396,13:10:51.815731
107.6936,2345,2526,13:10:51.815731
107.695457,2420,2480,13:10:51.815731
107.697313,2400,2499,13:10:51.815731
107.699169,2454,2411,13:10:51.815731
107.701026,2412,2312,13:10:51.815731
107.702882,2155,2243,13:10:51.815731
107.704744,2721,2268,13:10:51.866845
107.706607,2230,2334,13:10:51.866845
107.708466,2491,2451,13:10:51.866845
107.71038,2513,2378,13:10:51.866845
107.712243,2286,2137,13:10:51.866845
107.714101,2319,2238,13:10:51.866845
107.71596,2382,2493,13:10:51.866845
107.717822,2352,2412,13:10:51.866845
107.719681,2553,2332,13:10:51.867844
107.721553,698,2227,13:10:51.867844
107.723409,2257,2665,13:10:51.867844
107.725268,2472,2308,13:10:51.867844
107.727131,2409,2433,13:10:51.867844
107.728988,2607,2431,13:10:51.867844
107.730845,2361,2612,13:10:51.867844
107.732703,2595,2456,13:10:51.867844
107.734559,2559,2220,13:10:51.867844
107.736416,2221,2252,13:10:51.867844
107.738272,2371,2333,13:10:51.868843
107.740128,2428,2383,13:10:51.868843
107.741985,2333,2290,13:10:51.868843
107.743843,2539,2467,13:10:51.868843
107.745709,2525,2583,13:10:51.868843
107.747566,2426,2262,13:10:51.868843
107.749422,2414,2489,13:10:51.868843
107.751281,2470,2204,13:10:51.868843
107.753137,2243,2408,13:10:51.868843
107.754993,2514,2387,13:10:51.924224
107.756866,2326,2313,13:10:51.924224
107.758726,2357,2341,13:10:51.924224
107.760628,2497,2282,13:10:51.924224
107.762488,2660,2281,13:10:51.924224
107.764351,2168,2264,13:10:51.924224
107.766209,2142,2380,13:10:51.924224
107.768066,2492,2375,13:10:51.924224
107.769924,2663,2314,13:10:51.924224
107.771786,324,2270,13:10:51.924224
107.77368,2752,2350,13:10:51.924224
107.775537,2488,2269,13:10:51.924224
107.777393,2678,2400,13:10:51.924224
107.779251,2434,2298,13:10:51.924224
107.781108,2325,2175,13:10:51.924224
107.782966,2729,2313,13:10:51.924224
107.784824,2361,2401,13:10:51.924224
107.786681,2481,2262,13:10:51.924224
107.788537,2639,2184,13:10:51.924224
107.790401,2471,2085,13:10:51.924224
107.792258,2625,2374,13:10:51.924224
107.794114,2606,2238,13:10:51.924224
107.795972,2520,2446,13:10:51.924224
107.797829,2252,2431,13:10:51.924224
107.799685,2378,2469,13:10:51.924224
107.801543,2389,2116,13:10:51.924224
107.8034,2320,2168,13:10:51.924224
107.805256,2545,2385,13:10:51.969050
107.807125,2422,2404,13:10:51.969050
107.808987,2449,2043,13:10:51.969050
107.810891,2208,2163,13:10:51.969050
107.812749,2428,2242,13:10:51.969050
107.814612,2183,2247,13:10:51.969050
107.816468,2301,2333,13:10:51.969050
107.818324,2338,2584,13:10:51.969050
107.820187,1659,2287,13:10:51.969050
107.822085,2092,2074,13:10:51.969050
107.823943,2605,1965,13:10:51.969050
107.825804,2152,2299,13:10:51.969050
107.827662,2572,2206,13:10:51.969050
107.82952,939,2358,13:10:51.969050
107.831385,2378,2473,13:10:51.969050
107.833243,2500,2311,13:10:51.969050
107.835099,2448,2172,13:10:51.969050
107.83696,2645,2289,13:10:51.970041
107.838818,2533,2102,13:10:51.970041
107.840684,2349,2413,13:10:51.970041
107.842541,2457,2324,13:10:51.970041
107.844397,2387,2161,13:10:51.970041
107.846255,2446,2377,13:10:51.970041
107.848112,2422,2145,13:10:51.970041
107.849968,2596,2262,13:10:51.970041
107.851826,2394,2397,13:10:51.970041
107.853683,2362,2045,13:10:51.970041
107.855541,2515,2257,13:10:52.019644
107.857405,2295,2373,13:10:52.020651
107.859271,2656,2197,13:10:52.020651
107.861186,2227,2431,13:10:52.020651
107.863042,2358,2202,13:10:52.020651
107.864902,2275,2432,13:10:52.020651
107.866761,2323,2374,13:10:52.020651
107.868617,2495,2225,13:10:52.020651
107.870473,2198,2406,13:10:52.020651
107.87233,2078,2204,13:10:52.020651
107.874187,1156,2473,13:10:52.020651
107.876072,2609,2086,13:10:52.020651
107.877929,2580,2475,13:10:52.020651
107.879785,2403,2040,13:10:52.020651
107.881643,2321,2007,13:10:52.020651
107.8835,2237,2067,13:10:52.020651
107.885356,2493,2364,13:10:52.020651
107.887215,2332,2256,13:10:52.020651
107.889071,2458,2297,13:10:52.020651
107.890927,2365,2172,13:10:52.020651
107.892786,2443,2171,13:10:52.020651
107.894642,2526,2227,13:10:52.020651
107.8965,2503,2268,13:10:52.020651
107.898357,2270,2275,13:10:52.020651
107.900221,2482,2059,13:10:52.020651
107.902077,2404,2217,13:10:52.020651
107.903934,2485,2158,13:10:52.020651
107.9058,2438,2089,13:10:52.072273
107.90766,2283,2201,13:10:52.072273
107.909524,2401,2058,13:10:52.072273
107.911433,2145,2019,13:10:52.072273
107.913293,2163,2239,13:10:52.072273
107.915151,2425,2216,13:10:52.072273
107.917008,2148,2124,13:10:52.072273
107.918868,2172,2165,13:10:52.072273
107.920724,2619,2138,13:10:52.072273
107.922583,2353,2267,13:10:52.072273
107.924441,2508,2162,13:10:52.072273
107.926299,1634,2163,13:10:52.072273
107.928158,2124,2232,13:10:52.072273
107.930016,2431,1941,13:10:52.072273
107.931875,2455,2147,13:10:52.072273
107.933733,2075,1989,13:10:52.072273
107.93559,2207,2187,13:10:52.072273
107.937449,2580,2119,13:10:52.072273
107.939306,2457,2259,13:10:52.072273
107.941162,2256,2071,13:10:52.072273
107.943019,2434,2135,13:10:52.072273
107.944877,2427,2135,13:10:52.072273
107.946735,2319,2182,13:10:52.072273
107.948592,2182,2084,13:10:52.072273
107.95045,2501,2204,13:10:52.072273
107.952306,2447,2200,13:10:52.072273
107.954167,2095,2296,13:10:52.072273
107.956049,2543,2216,13:10:52.121674
107.957911,2388,2559,13:10:52.121674
107.959781,2268,2005,13:10:52.121674
107.961684,2273,2177,13:10:52.121674
107.963542,2348,2264,13:10:52.121674
107.9654,2613,2210,13:10:52.121674
107.967257,2327,2094,13:10:52.121674
107.969115,2174,2154,13:10:52.121674
107.970971,2202,2125,13:10:52.121674
107.972828,2340,2388,13:10:52.121674
107.974686,2109,2234,13:10:52.121674
107.976566,2484,2238,13:10:52.121674
107.978423,457,2177,13:10:52.121674
107.980289,2307,2113,13:10:52.121674
107.982147,2385,2216,13:10:52.121674
107.984014,2252,2267,13:10:52.121674
107.985874,2428,2197,13:10:52.121674
107.98773,2378,2283,13:10:52.121674
107.989587,2185,2102,13:10:52.121674
107.991444,2422,2232,13:10:52.121674
107.993301,2318,2023,13:10:52.121674
107.995158,2552,2114,13:10:52.121674
107.997016,2460,2094,13:10:52.121674
107.998874,2543,2210,13:10:52.121674
108.000733,2224,2478,13:10:52.121674
108.002589,2085,1940,13:10:52.121674
108.004449,2010,2049,13:10:52.121674
108.006314,2185,2148,13:10:52.176841
108.008174,2227,2246,13:10:52.176841
108.010054,2196,2295,13:10:52.176841
108.011933,2453,2409,13:10:52.176841
108.013793,2362,2258,13:10:52.176841
108.015651,2397,2020,13:10:52.176841
108.017508,2389,2009,13:10:52.176841
108.019364,2379,2147,13:10:52.177837
108.02122,2119,2101,13:10:52.177837
108.023079,1879,2266,13:10:52.177837
108.024943,1637,2177,13:10:52.177837
108.026831,1982,2086,13:10:52.177837
108.028703,2214,1923,13:10:52.177837
108.03056,2318,2234,13:10:52.177837
108.032422,2268,2189,13:10:52.177837
108.034279,2306,2190,13:10:52.177837
108.036135,2418,2328,13:10:52.177837
108.037993,2415,2446,13:10:52.177837
108.03985,2286,2206,13:10:52.177837
108.041706,2359,2097,13:10:52.177837
108.043562,2460,2593,13:10:52.177837
108.045419,2192,2181,13:10:52.177837
108.047275,2053,2147,13:10:52.177837
108.049132,2159,2051,13:10:52.177837
108.050994,2379,2291,13:10:52.177837
108.05285,2294,2316,13:10:52.177837
108.054708,2388,2129,13:10:52.224610
108.056571,2332,2259,13:10:52.224610
108.058431,2296,2387,13:10:52.224610
108.060344,2100,2351,13:10:52.224610
108.062209,2270,2034,13:10:52.224610
108.064068,2495,2114,13:10:52.224610
108.065926,2347,2212,13:10:52.224610
108.06779,1920,2109,13:10:52.224610
108.069647,1865,2369,13:10:52.224610
108.071503,1964,2218,13:10:52.224610
108.073361,2189,2106,13:10:52.224610
108.075218,2339,2281,13:10:52.224610
108.077074,2125,2076,13:10:52.224610
108.078933,2324,2400,13:10:52.224610
108.08079,258,2190,13:10:52.224610
108.082703,2214,2293,13:10:52.224610
108.084561,2011,2330,13:10:52.224610
108.086418,2439,2003,13:10:52.224610
108.088276,2116,2189,13:10:52.224610
108.090132,2261,2056,13:10:52.224610
108.091989,2345,2165,13:10:52.224610
108.093845,2399,2155,13:10:52.224610
108.095701,2361,2233,13:10:52.224610
108.097558,2204,2340,13:10:52.224610
108.099415,2263,2260,13:10:52.224610
108.101276,2497,2475,13:10:52.224610
108.103133,2412,2154,13:10:52.224610
108.104993,2287,2108,13:10:52.276334
108.106857,2438,2137,13:10:52.276334
108.108718,2372,2156,13:10:52.276334
108.11062,2046,1933,13:10:52.276334
108.112478,2444,2256,13:10:52.276334
108.114341,2530,2171,13:10:52.277341
108.116197,2099,2051,13:10:52.277341
108.118053,2048,2110,13:10:52.277341
108.119912,1835,2196,13:10:52.277341
108.12177,1100,2055,13:10:52.277341
108.123628,1593,2147,13:10:52.277341
108.125485,2406,2016,13:10:52.277341
108.127342,2053,2135,13:10:52.277341
108.129199,1835,2525,13:10:52.277341
108.13106,2425,2341,13:10:52.277341
108.132918,2190,2147,13:10:52.277341
108.134774,1893,2202,13:10:52.277341
108.136668,2342,2016,13:10:52.277341
108.138527,2239,2040,13:10:52.277341
108.140384,2011,2131,13:10:52.277341
108.142241,2190,2433,13:10:52.277341
108.144098,2294,2222,13:10:52.277341
108.145956,2218,2103,13:10:52.277341
108.147813,2096,2003,13:10:52.277341
108.149669,2140,2216,13:10:52.277341
108.151525,2326,2185,13:10:52.277341
108.153382,2051,2266,13:10:52.277341
108.155238,2280,2202,13:10:52.334806
108.157104,2350,2220,13:10:52.334806
108.158963,2223,2083,13:10:52.334806
108.160861,1964,2119,13:10:52.334806
108.162719,2102,2180,13:10:52.334806
108.164577,2033,1955,13:10:52.334806
108.166434,1802,2049,13:10:52.334806
108.168294,2375,2168,13:10:52.334806
108.170152,2124,2086,13:10:52.334806
108.172009,2098,2179,13:10:52.334806
108.173871,2102,2430,13:10:52.334806
108.175727,2770,2484,13:10:52.334806
108.177586,2111,2080,13:10:52.334806
108.179442,2482,2442,13:10:52.334806
108.181318,1820,2111,13:10:52.334806
108.183183,2122,2333,13:10:52.334806
108.185039,2281,1970,13:10:52.334806
108.186897,2423,2079,13:10:52.334806
108.188754,2020,2143,13:10:52.334806
108.19061,2294,2170,13:10:52.334806
108.192466,2353,2312,13:10:52.334806
108.19433,2363,2348,13:10:52.334806
108.196187,2313,2303,13:10:52.334806
108.198043,2435,2433,13:10:52.334806
108.199902,2655,2359,13:10:52.334806
108.201758,2341,2146,13:10:52.334806
108.203614,2160,2323,13:10:52.334806
108.205475,1990,2118,13:10:52.378250
108.207343,2467,2112,13:10:52.378250
108.209205,2374,1918,13:10:52.378250
108.211095,1843,2139,13:10:52.378250
108.212956,2410,2195,13:10:52.378250
108.214814,2048,2124,13:10:52.378250
108.216673,2041,1973,13:10:52.378250
108.218529,2290,2235,13:10:52.378250
108.220385,2368,1752,13:10:52.378250
108.222242,2046,2139,13:10:52.378250
108.224098,2166,2503,13:10:52.378250
108.225958,2379,1951,13:10:52.378250
108.227819,2331,2024,13:10:52.378250
108.229683,1453,2315,13:10:52.378250
108.231547,2293,2486,13:10:52.378250
108.233404,2170,2216,13:10:52.378250
108.23526,2197,2251,13:10:52.378250
108.237118,2358,2566,13:10:52.378250
108.239002,2241,2374,13:10:52.378250
108.240871,1016,2271,13:10:52.378250
108.242727,2308,2104,13:10:52.378250
108.244584,2506,2321,13:10:52.378250
108.246442,2160,2154,13:10:52.378250
108.248298,2098,2169,13:10:52.378250
108.250157,2468,2121,13:10:52.378250
108.252013,2382,2240,13:10:52.378250
108.253877,2429,2158,13:10:52.378250
108.255736,2201,2361,13:10:52.429004
108.257599,2467,1988,13:10:52.429004
108.25946,2332,2029,13:10:52.429004
108.261368,1806,2219,13:10:52.429004
108.263225,2193,2323,13:10:52.429004
108.265083,2113,2277,13:10:52.429004
108.26694,1955,2260,13:10:52.429004
108.2688,2252,2233,13:10:52.429004
108.270656,2176,2074,13:10:52.429004
108.272515,1829,2084,13:10:52.429004
108.274373,2192,2128,13:10:52.429004
108.27623,2120,2105,13:10:52.429004
108.278088,1729,2130,13:10:52.429004
108.279944,2132,2067,13:10:52.429004
108.281806,1840,2285,13:10:52.429004
108.283686,1981,2186,13:10:52.429004
108.285553,2057,2143,13:10:52.429004
108.287411,2257,2379,13:10:52.429004
108.289267,2210,1968,13:10:52.429004
108.291126,2375,2199,13:10:52.429004
108.292982,2220,2073,13:10:52.429004
108.294838,2302,2233,13:10:52.429004
108.296697,2036,2261,13:10:52.429004
108.298559,2312,2249,13:10:52.429004
108.300415,2226,2165,13:10:52.429004
108.302272,2194,2260,13:10:52.429004
108.30413,2311,2179,13:10:52.429004
108.305992,2429,2068,13:10:52.481720
108.307855,2490,2219,13:10:52.481720
108.309719,2424,2367,13:10:52.481720
108.311603,2371,2257,13:10:52.481720
108.313468,2389,2450,13:10:52.481720
108.315324,2218,2172,13:10:52.481720
108.31718,2201,2110,13:10:52.481720
108.319041,2162,2251,13:10:52.481720
108.320897,1712,2095,13:10:52.481720
108.322755,1927,2216,13:10:52.481720
108.324612,1725,2556,13:10:52.481720
108.32647,2099,2489,13:10:52.483721
108.328326,2398,2347,13:10:52.483721
108.330183,2117,2178,13:10:52.483721
108.332053,2145,2516,13:10:52.483721
108.333928,1889,2200,13:10:52.483721
108.3358,2106,2109,13:10:52.484729
108.337658,2211,2316,13:10:52.484729
108.339519,2366,2235,13:10:52.484729
108.341379,2143,2205,13:10:52.484729
108.343235,2183,2561,13:10:52.484729
108.345091,2252,2350,13:10:52.484729
108.346948,2149,2333,13:10:52.484729
108.348804,2144,2635,13:10:52.484729
108.350662,2279,2180,13:10:52.485729
108.352519,2326,2246,13:10:52.485729
108.354379,1958,2154,13:10:52.485729
108.356247,2288,2411,13:10:52.531324
108.358108,2254,2192,13:10:52.531324
108.359982,2223,2284,13:10:52.531324
108.361908,2063,2483,13:10:52.531324
108.36377,2372,2342,13:10:52.531324
108.365629,2189,2259,13:10:52.531324
108.36749,2247,2302,13:10:52.531324
108.369347,2163,2138,13:10:52.531324
108.371204,2008,2200,13:10:52.531324
108.373062,2449,2432,13:10:52.531324
108.374918,2238,2401,13:10:52.531324
108.376775,2087,2370,13:10:52.531324
108.378631,2277,2400,13:10:52.531324
108.380488,2666,2457,13:10:52.531324
108.382348,1701,2233,13:10:52.531324
108.384208,1685,2310,13:10:52.531324
108.386068,2195,2435,13:10:52.531324
108.387931,954,2190,13:10:52.531324
108.389817,2031,2376,13:10:52.531324
108.391675,2084,2452,13:10:52.531324
108.393531,2453,2396,13:10:52.531324
108.395392,2264,2287,13:10:52.531324
108.397248,2420,2276,13:10:52.531324
108.399105,2259,2421,13:10:52.531324
108.400963,2116,2422,13:10:52.531324
108.402819,2219,2326,13:10:52.531324
108.404678,2289,2416,13:10:52.584291
108.406546,2132,2168,13:10:52.584291
108.408406,2342,2359,13:10:52.584291
108.410321,2421,2484,13:10:52.584291
108.412187,2322,2421,13:10:52.584291
108.414049,1955,2579,13:10:52.584291
108.415905,2337,2761,13:10:52.584291
108.417773,2145,2359,13:10:52.584291
108.41963,1397,2496,13:10:52.584291
108.421486,2069,2248,13:10:52.584291
108.423345,2110,2214,13:10:52.584291
108.425201,1786,2247,13:10:52.584291
108.427057,2231,2367,13:10:52.584291
108.428914,2489,2313,13:10:52.584291
108.430772,2533,2104,13:10:52.584291
108.432628,2075,2354,13:10:52.584291
108.434489,1888,2381,13:10:52.584291
108.436352,1906,2360,13:10:52.584291
108.438221,2361,2301,13:10:52.584291
108.440079,2175,2299,13:10:52.584291
108.441972,2228,2390,13:10:52.584291
108.443848,2038,2560,13:10:52.584291
108.445704,2221,2347,13:10:52.584291
108.447563,2154,2584,13:10:52.584291
108.449419,2369,2317,13:10:52.584291
108.451275,2366,2468,13:10:52.584291
108.453132,2152,2332,13:10:52.584291
108.454998,2090,2541,13:10:52.634246
108.45687,1994,2325,13:10:52.634246
108.458731,1976,2364,13:10:52.634246
108.460627,2178,2505,13:10:52.634246
108.462487,2341,2342,13:10:52.634246
108.464344,2305,2467,13:10:52.634246
108.4662,2391,2319,13:10:52.634246
108.468057,2555,2266,13:10:52.634246
108.469915,2369,2324,13:10:52.634246
108.471771,2000,2292,13:10:52.634246
108.473629,2328,2433,13:10:52.634246
108.475486,1851,2281,13:10:52.634246
108.477344,1873,2413,13:10:52.634246
108.479202,1935,2614,13:10:52.634246
108.481059,1550,2203,13:10:52.634246
108.482917,1910,2237,13:10:52.634246
108.484775,1441,2331,13:10:52.634246
108.486634,2071,2565,13:10:52.634246
108.488512,2138,2687,13:10:52.634246
108.490376,1656,2533,13:10:52.634246
108.492235,2094,2441,13:10:52.634246
108.494091,2409,2264,13:10:52.634246
108.495957,2169,2319,13:10:52.634246
108.497814,2151,2477,13:10:52.634246
108.49967,2011,2434,13:10:52.634246
108.501528,2507,2518,13:10:52.634246
108.503385,2296,2557,13:10:52.634246
108.505241,2254,2544,13:10:52.685641
108.507107,2093,2437,13:10:52.685641
108.508968,2375,2672,13:10:52.685641
108.510874,2108,2337,13:10:52.685641
108.512732,2094,2640,13:10:52.685641
108.514588,2126,2531,13:10:52.686636
108.516444,2129,2510,13:10:52.686636
108.518301,2316,2467,13:10:52.686636
108.520159,2155,2709,13:10:52.686636
108.522016,2227,2356,13:10:52.686636
108.523876,2386,2572,13:10:52.686636
108.525732,1859,2305,13:10:52.686636
108.527593,2297,2430,13:10:52.686636
108.529449,1742,2609,13:10:52.686636
108.531306,2215,2553,13:10:52.686636
108.533164,1971,2413,13:10:52.686636
108.53502,2351,2701,13:10:52.686636
108.536883,2188,2500,13:10:52.686636
108.538741,1100,2502,13:10:52.686636
108.540625,2399,2534,13:10:52.686636
108.542483,2241,2311,13:10:52.686636
108.544344,2530,2662,13:10:52.686636
108.546202,2077,2423,13:10:52.686636
108.548058,2337,2601,13:10:52.686636
108.549915,2231,2218,13:10:52.686636
108.551773,2260,2715,13:10:52.686636
108.553637,2401,2458,13:10:52.686636
108.555498,2259,2382,13:10:52.744279
108.557358,2383,2442,13:10:52.744279
108.55922,2322,2357,13:10:52.744279
108.561129,1989,2499,13:10:52.744279
108.562989,2069,2556,13:10:52.744279
108.564847,2178,2654,13:10:52.744279
108.566704,2390,2576,13:10:52.744279
108.56856,2352,2619,13:10:52.744279
108.570418,2435,2640,13:10:52.744279
108.572275,1573,2581,13:10:52.745267
108.574135,2178,2462,13:10:52.745267
108.575991,2115,2518,13:10:52.745267
108.57785,2182,2496,13:10:52.745267
108.579706,1964,2502,13:10:52.745267
108.581562,2147,2540,13:10:52.745267
108.583421,1431,2451,13:10:52.745267
108.585281,1804,2291,13:10:52.745267
108.587139,2324,2553,13:10:52.745267
108.588998,1741,2566,13:10:52.745267
108.590862,1834,2621,13:10:52.745267
108.592722,2230,2450,13:10:52.745267
108.594578,2172,2361,13:10:52.745267
108.596435,2403,2584,13:10:52.745267
108.598291,2211,2687,13:10:52.745267
108.60015,2389,2580,13:10:52.745267
108.602006,2293,2618,13:10:52.745267
108.603864,2305,2440,13:10:52.745267
108.605729,2307,2607,13:10:52.755501
108.607593,2275,2515,13:10:52.755501
108.609454,2241,2203,13:10:52.755501
108.611367,2341,2291,13:10:52.755501
108.613224,2233,2444,13:10:52.755501
108.615082,2328,2428,13:10:52.755501
108.616938,2154,2520,13:10:52.755501
108.618799,2576,2555,13:10:52.755501
108.620655,2186,2421,13:10:52.755501
108.622512,2367,2698,13:10:52.755501
108.62437,2251,2613,13:10:52.755501
108.626231,2360,2383,13:10:52.755501
108.628091,2198,2353,13:10:52.755501
108.629947,2140,2334,13:10:52.755501
108.631805,2225,2467,13:10:52.755501
108.633662,2305,2570,13:10:52.756499
108.635518,2191,2522,13:10:52.756499
108.637378,2405,2447,13:10:52.756499
108.639239,2252,2622,13:10:52.756499
108.641095,2507,2457,13:10:52.756499
108.642975,2140,2664,13:10:52.756499
108.644834,2398,2512,13:10:52.756499
108.646694,2136,2500,13:10:52.756499
108.648551,1913,2591,13:10:52.756499
108.650412,2144,2501,13:10:52.756499
108.652269,2217,2629,13:10:52.756499
108.654133,1988,2503,13:10:52.756499
108.656013,2191,2796,13:10:52.804981
108.657874,2257,2972,13:10:52.804981
108.659736,2345,2466,13:10:52.804981
108.661652,2443,2749,13:10:52.804981
108.663509,2311,2493,13:10:52.804981
108.665367,2156,2447,13:10:52.804981
108.667223,2235,2570,13:10:52.804981
108.669082,2194,2630,13:10:52.804981
108.670938,2131,2325,13:10:52.804981
108.672796,2159,2709,13:10:52.804981
108.674653,2392,2676,13:10:52.804981
108.676514,2266,2596,13:10:52.804981
108.678373,2321,2838,13:10:52.804981
108.68023,2225,2699,13:10:52.804981
108.682088,2274,2440,13:10:52.804981
108.683944,2429,2534,13:10:52.804981
108.685803,2231,2606,13:10:52.804981
108.687661,2342,2599,13:10:52.804981
108.689517,2192,2515,13:10:52.804981
108.691378,2228,2695,13:10:52.804981
108.693256,2425,2544,13:10:52.804981
108.695112,2435,2533,13:10:52.804981
108.696969,2174,2436,13:10:52.804981
108.698826,2227,2422,13:10:52.804981
108.700683,2238,2876,13:10:52.804981
108.70254,2268,2340,13:10:52.804981
108.704398,2189,2520,13:10:52.804981
108.706262,2138,2721,13:10:52.855121
108.708123,2470,2200,13:10:52.855121
108.710003,2301,2546,13:10:52.855121
108.711883,1941,2549,13:10:52.855121
108.713741,2289,2555,13:10:52.855121
108.7156,2093,2648,13:10:52.855121
108.717456,2462,2633,13:10:52.855121
108.719314,2315,2828,13:10:52.855121
108.721171,2182,2382,13:10:52.855121
108.723029,2190,2395,13:10:52.855121
108.724885,2443,2580,13:10:52.855121
108.726742,2129,2489,13:10:52.855121
108.7286,2223,2532,13:10:52.855121
108.73046,2210,2497,13:10:52.855121
108.732317,2347,2666,13:10:52.855121
108.734173,2140,2339,13:10:52.855121
108.736032,2233,2653,13:10:52.855121
108.737888,2374,2659,13:10:52.855121
108.739744,2468,2372,13:10:52.855121
108.741605,2396,2502,13:10:52.855121
108.743461,2078,2353,13:10:52.855121
108.745317,2145,2494,13:10:52.855121
108.747174,2214,2565,13:10:52.855121
108.749038,2307,2288,13:10:52.855121
108.750894,2280,2399,13:10:52.855121
108.752753,2098,2473,13:10:52.855121
108.754611,2468,2623,13:10:52.904882
108.756481,2384,2626,13:10:52.904882
108.758342,2626,2466,13:10:52.904882
108.760242,2495,2605,13:10:52.904882
108.762132,2405,2771,13:10:52.904882
108.76399,2426,2398,13:10:52.904882
108.765847,2343,2302,13:10:52.904882
108.767703,2182,2253,13:10:52.904882
108.769559,2324,2441,13:10:52.904882
108.771419,2103,2653,13:10:52.904882
108.773276,2148,2282,13:10:52.904882
108.775132,2553,2176,13:10:52.904882
108.776991,2450,2160,13:10:52.904882
108.778847,2275,2417,13:10:52.904882
108.780703,2233,2476,13:10:52.904882
108.782562,2497,2296,13:10:52.904882
108.784418,2351,2528,13:10:52.904882
108.786276,2294,2483,13:10:52.904882
108.788133,2468,2531,13:10:52.904882
108.789997,2339,2632,13:10:52.904882
108.791853,2111,2578,13:10:52.904882
108.79371,2358,2773,13:10:52.904882
108.795568,2416,2590,13:10:52.904882
108.797424,2428,2727,13:10:52.904882
108.799281,2293,2518,13:10:52.904882
108.801137,2105,2443,13:10:52.904882
108.802993,2184,2520,13:10:52.904882
108.80485,2101,2505,13:10:52.955648
108.806715,2249,2256,13:10:52.955648
108.808574,2363,2443,13:10:52.955648
108.810487,2300,2425,13:10:52.955648
108.812347,2369,2380,13:10:52.955648
108.814207,2296,2379,13:10:52.955648
108.816063,2521,2903,13:10:52.955648
108.817922,2400,2595,13:10:52.955648
108.819778,2419,2566,13:10:52.955648
108.821641,2206,2448,13:10:52.955648
108.823499,1968,2553,13:10:52.955648
108.825365,2250,2469,13:10:52.955648
108.827222,2483,2445,13:10:52.955648
108.829078,2338,2512,13:10:52.955648
108.830936,2259,2372,13:10:52.955648
108.832795,2418,2449,13:10:52.955648
108.834651,2406,2267,13:10:52.955648
108.836509,2267,2511,13:10:52.955648
108.838366,2331,2367,13:10:52.955648
108.840222,2292,2392,13:10:52.955648
108.842078,2159,2495,13:10:52.955648
108.843945,2206,2353,13:10:52.955648
108.845803,2260,2543,13:10:52.955648
108.847658,2279,2436,13:10:52.955648
108.849516,2277,2372,13:10:52.955648
108.851374,2203,2446,13:10:52.955648
108.853232,2247,2305,13:10:52.955648
108.855089,2399,2312,13:10:53.006061
108.856959,2155,2440,13:10:53.006061
108.858831,2406,2526,13:10:53.006061
108.860735,2219,2345,13:10:53.006061
108.862612,2387,2360,13:10:53.006061
108.864468,2256,2336,13:10:53.006061
108.866325,2468,2489,13:10:53.006061
108.868183,2548,2271,13:10:53.006061
108.870039,2484,2469,13:10:53.006061
108.871897,2419,2454,13:10:53.006061
108.873754,2398,2453,13:10:53.006061
108.87561,2542,2649,13:10:53.006061
108.877468,2324,2326,13:10:53.006061
108.879325,2440,2411,13:10:53.006061
108.881181,2150,2586,13:10:53.006061
108.883037,2359,2366,13:10:53.006061
108.8849,2410,2592,13:10:53.006061
108.886756,2437,2417,13:10:53.007048
108.888612,2269,2405,13:10:53.007048
108.890471,2335,2659,13:10:53.007048
108.892327,2390,2419,13:10:53.007048
108.894183,2196,2240,13:10:53.007048
108.89604,2351,2285,13:10:53.007048
108.897896,2648,2345,13:10:53.007048
108.899752,2574,2596,13:10:53.007048
108.901609,2308,2362,13:10:53.007048
108.903471,2311,2505,13:10:53.007048
108.905327,2467,2424,13:10:53.059085
108.907208,2217,2183,13:10:53.059085
108.909068,2465,2370,13:10:53.059085
108.910981,2494,2462,13:10:53.060084
108.912844,2189,2514,13:10:53.060084
108.914701,2492,2483,13:10:53.060084
108.916557,2325,2464,13:10:53.060084
108.918413,2366,2355,13:10:53.060084
108.92027,2415,2301,13:10:53.060084
108.922126,2245,2567,13:10:53.060084
108.923982,2390,2525,13:10:53.060084
108.925841,2578,2143,13:10:53.060084
108.927697,2241,2544,13:10:53.060084
108.929554,2358,2579,13:10:53.060084
108.931412,2188,2367,13:10:53.060084
108.933268,2375,2463,13:10:53.060084
108.935125,2285,2257,13:10:53.060084
108.936981,2580,2273,13:10:53.060084
108.938847,2488,2385,13:10:53.060084
108.940704,2485,2389,13:10:53.060084
108.94256,2294,2272,13:10:53.060084
108.944418,2430,2473,13:10:53.060084
108.94628,2430,2408,13:10:53.060084
108.948139,2319,2220,13:10:53.060084
108.949995,2494,2077,13:10:53.060084
108.951854,2090,2368,13:10:53.060084
108.953712,2391,2422,13:10:53.060084
108.955582,2344,2355,13:10:53.105041
108.957442,2395,2234,13:10:53.105041
108.959302,2414,2153,13:10:53.105041
108.961223,2157,2349,13:10:53.105041
108.963099,2348,2673,13:10:53.105041
108.964956,2382,2369,13:10:53.105041
108.96682,2513,2498,13:10:53.105041
108.968676,2195,2329,13:10:53.105041
108.970533,2392,2373,13:10:53.105041
108.972391,2408,2326,13:10:53.105041
108.974247,2656,2128,13:10:53.105041
108.976104,2297,2404,13:10:53.105041
108.97796,2411,2301,13:10:53.105041
108.979816,2350,2344,13:10:53.105041
108.981673,2580,2291,13:10:53.105041
108.983529,2251,2335,13:10:53.105041
108.985397,2517,2218,13:10:53.105041
108.987254,2581,2272,13:10:53.105041
108.989112,2377,2601,13:10:53.105041
108.990968,2479,2362,13:10:53.105041
108.992825,2408,2254,13:10:53.105041
108.994681,2259,2197,13:10:53.106048
108.996537,2508,2272,13:10:53.106048
108.998394,2262,2244,13:10:53.106048
109.00025,2205,2208,13:10:53.106048
109.002112,2271,2499,13:10:53.106048
109.003969,2366,2390,13:10:53.106048
109.005829,2464,2252,13:10:53.155447
109.007693,2563,2108,13:10:53.155447
109.009556,2662,2376,13:10:53.155447
109.011464,2126,2448,13:10:53.155447
109.013322,2291,2403,13:10:53.155447
109.015184,2629,2126,13:10:53.155447
109.017043,2443,2337,13:10:53.155447
109.018899,2286,2585,13:10:53.155447
109.020765,2602,2494,13:10:53.155447
109.022622,2320,2548,13:10:53.155447
109.024478,2415,2373,13:10:53.155447
109.026336,2525,2400,13:10:53.155447
109.028193,2572,2316,13:10:53.155447
109.030051,2168,2368,13:10:53.155447
109.031907,2444,2558,13:10:53.155447
109.033764,2217,2385,13:10:53.155447
109.035622,2434,2477,13:10:53.155447
109.037486,2314,2201,13:10:53.155447
109.039343,2442,2362,13:10:53.155447
109.041199,2295,2444,13:10:53.155447
109.043057,2705,2440,13:10:53.155447
109.044914,2482,2136,13:10:53.155447
109.046772,2543,2511,13:10:53.155447
109.048632,2397,2340,13:10:53.155447
109.050489,2305,2235,13:10:53.155447
109.052347,2338,2387,13:10:53.155447
109.054204,2388,2311,13:10:53.155447
109.056074,2374,2353,13:10:53.205130
109.057934,2275,2266,13:10:53.205130
109.059805,2404,2343,13:10:53.205130
109.061726,2299,2379,13:10:53.206176
109.063583,2613,2266,13:10:53.206176
109.06544,2144,2179,13:10:53.206176
109.067298,2107,2359,13:10:53.206176
109.069154,2176,2195,13:10:53.206176
109.071012,2483,2439,13:10:53.206176
109.072871,2382,2389,13:10:53.206176
109.074729,2410,2448,13:10:53.206176
109.076585,2585,2312,13:10:53.206176
109.078445,2501,2024,13:10:53.206176
109.080302,2354,2096,13:10:53.206176
109.082158,2323,2052,13:10:53.206176
109.084017,2411,2395,13:10:53.206176
109.085875,2395,2296,13:10:53.206176
109.087731,2592,2052,13:10:53.206176
109.08959,2282,2425,13:10:53.206176
109.091449,2455,2353,13:10:53.206176
109.093306,2524,2504,13:10:53.206176
109.095163,2539,2548,13:10:53.206176
109.097023,2587,2487,13:10:53.206176
109.098879,2459,2315,13:10:53.206176
109.100736,2399,2537,13:10:53.206176
109.102594,2497,2224,13:10:53.206176
109.10445,2286,2321,13:10:53.206176
109.106329,2109,2327,13:10:53.254755
109.108189,2340,2643,13:10:53.254755
109.110055,2578,2192,13:10:53.254755
109.111983,2209,2453,13:10:53.254755
109.11384,2609,2226,13:10:53.254755
109.115696,2353,2230,13:10:53.254755
109.117554,2368,2187,13:10:53.254755
109.119413,2478,2503,13:10:53.254755
109.121271,2719,2423,13:10:53.254755
109.123127,2381,2410,13:10:53.254755
109.124988,2475,2183,13:10:53.255758
109.126846,2297,2523,13:10:53.255758
109.128702,2496,2419,13:10:53.255758
109.130561,2404,2481,13:10:53.255758
109.132417,2236,2326,13:10:53.255758
109.134275,2498,2230,13:10:53.255758
109.136132,2248,2504,13:10:53.255758
109.13799,2313,2216,13:10:53.255758
109.139848,2369,2525,13:10:53.255758
109.141705,2349,2401,13:10:53.255758
109.143565,2416,2380,13:10:53.255758
109.145421,2249,2199,13:10:53.255758
109.14728,2210,2281,13:10:53.255758
109.149136,2257,2432,13:10:53.255758
109.150999,2392,2194,13:10:53.255758
109.152865,2220,2291,13:10:53.255758
109.154741,2454,2188,13:10:53.307621
109.156613,2449,2308,13:10:53.307621
109.158474,2362,2380,13:10:53.307621
109.160378,2279,2323,13:10:53.307621
109.162248,2384,2193,13:10:53.307621
109.164105,2393,2528,13:10:53.307621
109.165963,2600,2258,13:10:53.307621
109.167819,2282,2351,13:10:53.307621
109.169676,2401,2338,13:10:53.307621
109.171538,2305,2247,13:10:53.307621
109.173394,2354,2276,13:10:53.307621
109.175253,2262,2226,13:10:53.307621
109.177109,2524,2580,13:10:53.307621
109.178965,2469,2479,13:10:53.307621
109.180826,2274,2178,13:10:53.307621
109.182683,2292,2317,13:10:53.307621
109.184542,2550,2511,13:10:53.307621
109.186399,2442,2407,13:10:53.307621
109.188265,2347,2051,13:10:53.307621
109.190121,2234,2465,13:10:53.307621
109.191978,2275,2581,13:10:53.307621
109.193836,2465,2310,13:10:53.307621
109.195692,2473,2243,13:10:53.307621
109.197549,2671,2504,13:10:53.307621
109.199405,2362,2273,13:10:53.307621
109.201262,2629,2191,13:10:53.307621
109.203118,2115,2303,13:10:53.307621
109.204974,2379,2486,13:10:53.357983
109.206843,2586,2293,13:10:53.357983
109.208703,2394,2319,13:10:53.357983
109.210607,2323,2177,13:10:53.357983
109.212465,2543,2460,13:10:53.357983
109.214326,2217,2115,13:10:53.357983
109.216206,2372,2449,13:10:53.357983
109.218062,2297,2271,13:10:53.357983
109.219919,2480,2403,13:10:53.357983
109.221777,2618,2528,13:10:53.357983
109.223634,2352,2401,13:10:53.357983
109.225492,2400,2245,13:10:53.357983
109.227348,2340,2003,13:10:53.357983
109.229206,2514,2504,13:10:53.357983
109.231063,2363,2586,13:10:53.357983
109.232919,2472,2371,13:10:53.357983
109.234776,2608,2424,13:10:53.357983
109.236632,2337,2279,13:10:53.358981
109.238488,2324,2454,13:10:53.358981
109.240345,2547,2278,13:10:53.358981
109.242211,2533,2291,13:10:53.358981
109.244067,2680,2347,13:10:53.358981
109.245924,2498,2195,13:10:53.358981
109.247782,2682,2454,13:10:53.358981
109.249638,2559,2250,13:10:53.358981
109.251495,2593,2264,13:10:53.358981
109.253355,2616,2354,13:10:53.358981
109.255211,2541,2397,13:10:53.405670
109.25708,2558,2491,13:10:53.405670
109.258947,2384,2307,13:10:53.405670
109.260842,2426,2431,13:10:53.405670
109.262698,2123,2355,13:10:53.405670
109.264555,2484,2393,13:10:53.405670
109.266413,2624,2165,13:10:53.405670
109.26827,2763,2472,13:10:53.405670
109.270128,2467,2229,13:10:53.405670
109.271984,2530,2467,13:10:53.405670
109.273847,2517,2249,13:10:53.405670
109.275703,2473,2271,13:10:53.405670
109.277559,2240,2241,13:10:53.405670
109.279418,2475,2279,13:10:53.405670
109.281274,2574,2357,13:10:53.405670
109.283132,2730,2274,13:10:53.405670
109.284989,2636,2313,13:10:53.405670
109.286845,2331,2520,13:10:53.405670
109.288703,2507,2449,13:10:53.405670
109.290566,2554,2510,13:10:53.405670
109.292422,2184,2347,13:10:53.405670
109.294278,2494,2314,13:10:53.405670
109.296137,2308,2182,13:10:53.405670
109.297993,2391,2165,13:10:53.405670
109.299849,2506,2323,13:10:53.405670
109.301708,2571,2276,13:10:53.405670
109.303564,2607,2322,13:10:53.405670
109.30542,2639,2174,13:10:53.459014
109.307283,2566,2296,13:10:53.459014
109.309151,2379,2430,13:10:53.459014
109.311062,2379,2403,13:10:53.459014
109.312924,2392,2240,13:10:53.459014
109.314784,2432,2244,13:10:53.459014
109.31664,2394,2137,13:10:53.459014
109.318497,2396,2380,13:10:53.459014
109.320355,2514,2369,13:10:53.459014
109.322211,2172,2434,13:10:53.459014
109.324068,2679,2230,13:10:53.459014
109.325924,2512,2262,13:10:53.459014
109.327792,2349,2289,13:10:53.459014
109.329649,2492,2242,13:10:53.459014
109.331505,2541,2391,13:10:53.459014
109.333363,2323,2322,13:10:53.459014
109.33522,2721,2374,13:10:53.459014
109.337076,2601,2397,13:10:53.459014
109.338932,2339,2300,13:10:53.459014
109.340789,2298,2144,13:10:53.459014
109.342645,2307,2441,13:10:53.459014
109.344502,2451,2259,13:10:53.459014
109.346362,2558,2302,13:10:53.459014
109.348218,2487,2249,13:10:53.459014
109.350077,2362,2558,13:10:53.459014
109.351933,2749,2176,13:10:53.459014
109.353789,2479,2292,13:10:53.459014
109.355656,2613,2149,13:10:53.505356
109.357518,2566,2309,13:10:53.505356
109.359387,2338,2228,13:10:53.505356
109.361314,2587,2159,13:10:53.505356
109.363173,2351,2465,13:10:53.505356
109.365033,2421,2240,13:10:53.506356
109.366889,2686,2266,13:10:53.506356
109.368752,2407,2251,13:10:53.506356
109.370608,2258,2173,13:10:53.506356
109.372464,2515,2361,13:10:53.506356
109.374323,2417,2392,13:10:53.506356
109.376179,2377,2237,13:10:53.506356
109.378037,2523,2292,13:10:53.506356
109.379894,2402,2304,13:10:53.506356
109.38175,2649,2318,13:10:53.506356
109.383608,2483,2313,13:10:53.506356
109.385465,2367,2255,13:10:53.506356
109.387327,2323,2337,13:10:53.506356
109.389183,2590,2432,13:10:53.506356
109.391042,2587,2353,13:10:53.506356
109.3929,2425,2179,13:10:53.506356
109.394756,2385,2524,13:10:53.506356
109.396615,2580,2176,13:10:53.506356
109.398475,2458,2293,13:10:53.506356
109.400333,2384,2165,13:10:53.506356
109.40219,2601,2319,13:10:53.506356
109.404048,2547,2154,13:10:53.506356
109.40591,2541,2346,13:10:53.558418
109.407773,2324,2473,13:10:53.558418
109.409639,2622,2378,13:10:53.558418
109.411547,2280,2329,13:10:53.558418
109.41342,2461,2118,13:10:53.558418
109.415278,2615,2048,13:10:53.558418
109.417134,2626,2242,13:10:53.558418
109.418993,2518,2430,13:10:53.558418
109.420849,2531,2292,13:10:53.558418
109.422705,2453,2216,13:10:53.558418
109.424564,2657,2444,13:10:53.558418
109.42643,2402,2305,13:10:53.558418
109.428286,2444,2243,13:10:53.558418
109.430143,2715,2015,13:10:53.558418
109.432001,2577,2279,13:10:53.558418
109.433857,2503,2030,13:10:53.558418
109.435714,2079,2399,13:10:53.558418
109.437572,2449,2324,13:10:53.559418
109.439428,2437,2329,13:10:53.559418
109.441287,2368,2429,13:10:53.559418
109.443143,2414,2327,13:10:53.562418
109.445007,2429,2340,13:10:53.562418
109.446866,2568,2224,13:10:53.562418
109.448722,2247,2341,13:10:53.562418
109.450581,2398,2252,13:10:53.562418
109.452437,2407,2072,13:10:53.562418
109.454295,2500,2173,13:10:53.562418
109.456164,2671,2147,13:10:53.606241
109.458026,2498,2091,13:10:53.606241
109.459896,2755,2566,13:10:53.606241
109.46182,2585,2245,13:10:53.606241
109.463683,2558,2229,13:10:53.606241
109.465541,2410,2302,13:10:53.606241
109.467403,2233,2285,13:10:53.606241
109.469298,2357,2448,13:10:53.606241
109.471154,2386,2273,13:10:53.606241
109.47301,2547,2201,13:10:53.606241
109.474869,2632,2450,13:10:53.606241
109.476725,2359,2350,13:10:53.606241
109.478581,2696,2335,13:10:53.608232
109.480438,2427,2219,13:10:53.608232
109.482304,2465,2357,13:10:53.608232
109.48416,2532,2395,13:10:53.608232
109.486017,2682,2321,13:10:53.608232
109.487877,2298,2456,13:10:53.608232
109.489733,2489,2397,13:10:53.608232
109.491592,2445,2111,13:10:53.608232
109.493449,2305,2263,13:10:53.608232
109.495306,2561,2434,13:10:53.608232
109.497163,2265,2192,13:10:53.608232
109.499024,2324,2253,13:10:53.608232
109.500883,2663,2269,13:10:53.608232
109.50274,2375,2109,13:10:53.608232
109.504598,2394,2468,13:10:53.657894
109.506468,2427,2178,13:10:53.657894
109.508329,2201,2096,13:10:53.657894
109.510227,2226,2270,13:10:53.657894
109.512097,2462,2218,13:10:53.657894
109.513959,2406,2334,13:10:53.657894
109.515816,2350,2172,13:10:53.657894
109.517673,2381,2214,13:10:53.657894
109.519531,2484,2255,13:10:53.657894
109.521387,2270,2102,13:10:53.657894
109.523245,2516,2286,13:10:53.657894
109.525102,2340,2207,13:10:53.657894
109.526958,2369,2358,13:10:53.657894
109.528816,2413,2174,13:10:53.657894
109.530673,2191,2173,13:10:53.657894
109.532529,2404,2236,13:10:53.657894
109.534385,2378,2474,13:10:53.657894
109.53625,2329,2299,13:10:53.657894
109.538106,2500,2294,13:10:53.657894
109.539962,2394,2428,13:10:53.657894
109.541823,2336,2388,13:10:53.657894
109.543679,2425,2285,13:10:53.657894
109.545537,2451,2136,13:10:53.657894
109.547394,2357,2305,13:10:53.657894
109.54925,2528,2325,13:10:53.657894
109.551106,2409,2079,13:10:53.657894
109.552963,2301,2136,13:10:53.657894
109.554825,2455,2267,13:10:53.711157
109.556691,2414,2376,13:10:53.711157
109.558552,2474,2124,13:10:53.711157
109.560467,2685,1993,13:10:53.711157
109.562332,2116,2433,13:10:53.711157
109.564224,2286,2382,13:10:53.711157
109.566081,2604,2163,13:10:53.711157
109.567964,2542,2062,13:10:53.711157
109.569823,2222,2229,13:10:53.711157
109.57168,2518,2195,13:10:53.711157
109.573546,2507,2139,13:10:53.711157
109.575402,2618,2261,13:10:53.711157
109.577259,2479,2173,13:10:53.711157
109.579117,2361,2515,13:10:53.711157
109.580974,2366,2384,13:10:53.711157
109.582832,2310,2230,13:10:53.711157
109.584688,2437,2460,13:10:53.711157
109.586545,2295,2075,13:10:53.711157
109.588403,2388,2202,13:10:53.711157
109.590266,2397,2287,13:10:53.711157
109.592124,2101,1971,13:10:53.711157
109.59398,2263,2198,13:10:53.711157
109.595838,2520,2174,13:10:53.711157
109.597695,2464,2257,13:10:53.711157
109.599551,2244,2332,13:10:53.711157
109.601407,2509,2226,13:10:53.711157
109.603264,2350,2233,13:10:53.711157
109.60512,2370,2277,13:10:53.761257
109.606996,2434,2055,13:10:53.761257
109.608857,2460,2393,13:10:53.761257
109.610761,2111,2463,13:10:53.761257
109.612621,2404,2343,13:10:53.761257
109.614487,1999,2355,13:10:53.761257
109.61635,923,2246,13:10:53.761257
109.618218,2286,2335,13:10:53.761257
109.620077,2355,2255,13:10:53.761257
109.621933,2396,2285,13:10:53.761257
109.623789,2271,2286,13:10:53.761257
109.625646,2586,2251,13:10:53.761257
109.627502,2370,2321,13:10:53.761257
109.629358,2402,2429,13:10:53.761257
109.631215,2379,1893,13:10:53.762144
109.633075,2338,2359,13:10:53.762144
109.634931,2391,2173,13:10:53.762144
109.63679,2347,2200,13:10:53.762144
109.638646,2129,2306,13:10:53.762144
109.640502,2374,2102,13:10:53.762144
109.642361,2401,2171,13:10:53.762144
109.644221,2532,2500,13:10:53.762144
109.646079,2238,2118,13:10:53.762144
109.647936,2576,2211,13:10:53.762144
109.649802,2507,2338,13:10:53.762144
109.651658,2409,2071,13:10:53.762144
109.653515,2274,2284,13:10:53.762144
109.655373,2407,2063,13:10:53.814036
109.657243,2401,2138,13:10:53.814036
109.659104,2275,2427,13:10:53.814036
109.661014,2100,2290,13:10:53.814036
109.662882,2629,2091,13:10:53.814036
109.664745,2239,2466,13:10:53.814036
109.666603,2289,2013,13:10:53.814036
109.668459,2498,2425,13:10:53.814036
109.670318,2426,2238,13:10:53.814036
109.672186,2345,2112,13:10:53.814036
109.674066,2228,2327,13:10:53.814036
109.675923,2478,2225,13:10:53.814036
109.677783,2343,2299,13:10:53.814036
109.679641,2154,2244,13:10:53.814036
109.681498,2222,2172,13:10:53.814036
109.683358,2265,2393,13:10:53.814036
109.685214,2185,2246,13:10:53.814036
109.687073,2312,2264,13:10:53.814036
109.688929,2532,2289,13:10:53.814036
109.690785,2484,2355,13:10:53.814036
109.692644,2188,2119,13:10:53.814036
109.694504,2411,2393,13:10:53.814036
109.696362,2643,2084,13:10:53.814036
109.698219,2269,2456,13:10:53.814036
109.700085,2259,2366,13:10:53.814036
109.701942,2172,2084,13:10:53.814036
109.703801,2348,2279,13:10:53.814036
109.705662,2395,2162,13:10:53.863444
109.707527,2562,2180,13:10:53.863444
109.709388,2321,2248,13:10:53.863444
109.711299,2195,2301,13:10:53.863444
109.713155,2456,2106,13:10:53.863444
109.715012,1990,2253,13:10:53.863444
109.71687,2058,2058,13:10:53.863444
109.718734,1626,2264,13:10:53.863444
109.720597,2431,2140,13:10:53.863444
109.722453,2461,2545,13:10:53.863444
109.724311,2490,2248,13:10:53.863444
109.726168,2767,2283,13:10:53.863444
109.728028,2489,2518,13:10:53.863444
109.729884,2794,2240,13:10:53.863444
109.731741,2356,2318,13:10:53.863444
109.733599,2433,2170,13:10:53.863444
109.735456,2300,2359,13:10:53.863444
109.737314,2344,2343,13:10:53.863444
109.73917,2358,2245,13:10:53.863444
109.741029,2395,2141,13:10:53.863444
109.742885,2389,2281,13:10:53.863444
109.744741,2441,2182,13:10:53.863444
109.7466,2297,2547,13:10:53.863444
109.748456,2446,2334,13:10:53.863444
109.750314,2676,2307,13:10:53.863444
109.752171,2316,2401,13:10:53.863444
109.754031,2551,2283,13:10:53.863444
109.755901,2349,2326,13:10:53.915078
109.757763,2389,2452,13:10:53.915078
109.759626,2488,2238,13:10:53.915078
109.761532,2239,2382,13:10:53.915078
109.763388,2500,2231,13:10:53.915078
109.765251,2356,2298,13:10:53.915078
109.767109,2354,2406,13:10:53.915078
109.769009,523,2492,13:10:53.915078
109.770868,2417,2526,13:10:53.915078
109.772726,2407,2354,13:10:53.915078
109.774584,2619,2347,13:10:53.915078
109.776441,2322,2160,13:10:53.915078
109.778297,2437,2423,13:10:53.915078
109.780153,2310,2469,13:10:53.915078
109.782012,2529,2248,13:10:53.915078
109.783874,2454,2315,13:10:53.915078
109.785737,2426,2575,13:10:53.915078
109.787595,2415,2228,13:10:53.915078
109.789451,2211,2259,13:10:53.915078
109.791309,2289,2299,13:10:53.915078
109.793166,2391,2416,13:10:53.915078
109.795022,2378,2531,13:10:53.916077
109.79688,2266,2020,13:10:53.916077
109.798737,2327,2304,13:10:53.916077
109.800595,2164,2120,13:10:53.918072
109.802452,2384,2377,13:10:53.918072
109.804314,2465,2230,13:10:53.918072
109.806178,2337,2337,13:10:53.964794
109.808038,2298,2200,13:10:53.964794
109.809913,2314,2497,13:10:53.964794
109.811797,2402,2218,13:10:53.964794
109.813653,2430,2339,13:10:53.964794
109.815512,2064,2299,13:10:53.964794
109.817374,2226,2064,13:10:53.964794
109.81923,2629,2461,13:10:53.964794
109.821091,1060,2225,13:10:53.964794
109.822977,2379,2080,13:10:53.964794
109.824835,2474,2297,13:10:53.964794
109.826696,2428,2235,13:10:53.964794
109.828552,2301,2126,13:10:53.964794
109.830408,2289,2336,13:10:53.964794
109.832267,2400,2179,13:10:53.965798
109.834123,2515,2113,13:10:53.965798
109.835979,2225,2322,13:10:53.965798
109.837838,2441,2244,13:10:53.965798
109.839694,2372,2234,13:10:53.965798
109.84155,2128,2449,13:10:53.965798
109.843407,2426,2368,13:10:53.965798
109.845273,2472,2157,13:10:53.965798
109.847129,2374,2133,13:10:53.965798
109.848986,2480,2315,13:10:53.965798
109.850846,2447,2414,13:10:53.965798
109.852702,2484,2406,13:10:53.965798
109.854561,2534,2376,13:10:53.965798
109.856429,2529,2345,13:10:54.017597
109.858289,2204,2313,13:10:54.017597
109.860177,2549,2283,13:10:54.017597
109.862048,2397,2462,13:10:54.017597
109.863904,2452,2514,13:10:54.017597
109.865767,2522,2303,13:10:54.017597
109.867625,2329,2083,13:10:54.017597
109.869485,2403,2379,13:10:54.017597
109.87135,1789,2164,13:10:54.017597
109.873206,2442,2507,13:10:54.017597
109.875064,2549,2309,13:10:54.017597
109.876921,2452,2576,13:10:54.017597
109.878779,2551,2197,13:10:54.017597
109.880642,2350,2342,13:10:54.017597
109.8825,2442,2364,13:10:54.017597
109.884356,2364,2278,13:10:54.017597
109.886214,2452,2241,13:10:54.017597
109.888071,2522,2323,13:10:54.017597
109.889927,2429,2246,13:10:54.017597
109.891785,2331,2228,13:10:54.017597
109.893642,2593,2212,13:10:54.017597
109.8955,2451,2357,13:10:54.017597
109.897356,2688,2293,13:10:54.017597
109.899219,2480,2403,13:10:54.017597
109.901075,2278,2382,13:10:54.017597
109.902932,2364,2431,13:10:54.017597
109.90479,2335,2297,13:10:54.070359
109.906654,2566,2155,13:10:54.070359
109.908517,2547,2294,13:10:54.070359
109.910437,2514,2428,13:10:54.070359
109.912299,2469,2432,13:10:54.070359
109.914157,2550,2531,13:10:54.070359
109.916014,2405,2343,13:10:54.070359
109.917878,2219,2264,13:10:54.070359
109.919738,1945,2620,13:10:54.070359
109.921612,2409,2341,13:10:54.070359
109.923493,732,2258,13:10:54.070359
109.925349,2467,2493,13:10:54.070359
109.927206,2529,2458,13:10:54.070359
109.929064,2636,2331,13:10:54.070359
109.930925,2698,2558,13:10:54.070359
109.932783,2388,2507,13:10:54.070359
109.934639,2580,2255,13:10:54.070359
109.936497,2320,2401,13:10:54.070359
109.938354,2523,2404,13:10:54.070359
109.94021,2297,2507,13:10:54.070359
109.942066,2513,2540,13:10:54.070359
109.943923,2456,2175,13:10:54.070359
109.945779,2493,2291,13:10:54.070359
109.947635,2310,2425,13:10:54.070359
109.949496,2491,2441,13:10:54.070359
109.951352,2177,2449,13:10:54.070359
109.953208,2319,2365,13:10:54.070359
109.955067,2564,2453,13:10:54.121328
109.956941,2228,2580,13:10:54.121328
109.958801,2547,2392,13:10:54.121328
109.960704,2144,2475,13:10:54.121328
109.962561,2338,2493,13:10:54.121328
109.964418,2512,2674,13:10:54.121328
109.966277,2324,2413,13:10:54.121328
109.968135,2285,2326,13:10:54.121328
109.969992,2436,2650,13:10:54.121328
109.971854,2550,2407,13:10:54.121328
109.973714,1177,2335,13:10:54.121328
109.97557,2772,2445,13:10:54.121328
109.977429,2389,2617,13:10:54.121328
109.979287,2331,2351,13:10:54.121328
109.981171,2769,2142,13:10:54.121328
109.98303,2440,2309,13:10:54.121328
109.984888,2377,2470,13:10:54.121328
109.986746,2486,2518,13:10:54.121328
109.988603,2430,2611,13:10:54.121328
109.990461,2603,2782,13:10:54.121328
109.992317,2608,2604,13:10:54.121328
109.994174,2273,2610,13:10:54.121328
109.996032,2433,2402,13:10:54.121328
109.997888,2519,2433,13:10:54.121328
109.999747,2633,2245,13:10:54.121328
110.001603,2500,2244,13:10:54.121328
110.003459,2350,2494,13:10:54.121328
110.005316,2369,2445,13:10:54.171900
110.007182,2375,2342,13:10:54.171900
110.009042,2545,2394,13:10:54.171900
110.010949,2130,2589,13:10:54.171900
110.012805,2258,2373,13:10:54.171900
110.014663,2361,2477,13:10:54.171900
110.016522,2188,2553,13:10:54.172899
110.018378,2655,2413,13:10:54.172899
110.020234,1512,2451,13:10:54.172899
110.022097,2640,2306,13:10:54.172899
110.023953,2381,2653,13:10:54.172899
110.025817,1744,2219,13:10:54.172899
110.027678,2359,2475,13:10:54.172899
110.029534,2619,2329,13:10:54.172899
110.031392,2742,2601,13:10:54.172899
110.033249,2486,2623,13:10:54.172899
110.035105,2291,2363,13:10:54.172899
110.036963,2492,2779,13:10:54.172899
110.038826,2622,2579,13:10:54.172899
110.040684,2317,2392,13:10:54.172899
110.04254,2478,2369,13:10:54.172899
110.044401,2353,2545,13:10:54.172899
110.046257,2262,2483,13:10:54.172899
110.048114,2751,2539,13:10:54.172899
110.049972,2337,2540,13:10:54.172899
110.051828,2775,2534,13:10:54.172899
110.053687,2288,2280,13:10:54.172899
110.055551,2411,2193,13:10:54.224978
110.057415,2455,2696,13:10:54.224978
110.059279,2478,2622,13:10:54.224978
110.061196,2291,2383,13:10:54.224978
110.063056,2685,2614,13:10:54.224978
110.064914,2409,2297,13:10:54.224978
110.066776,2510,2428,13:10:54.224978
110.068637,2453,2661,13:10:54.224978
110.070493,2072,2562,13:10:54.224978
110.072352,2420,2530,13:10:54.224978
110.074215,2300,2464,13:10:54.224978
110.076091,1998,2489,13:10:54.224978
110.077965,2505,2549,13:10:54.224978
110.079823,2175,2464,13:10:54.224978
110.081683,2448,2708,13:10:54.224978
110.08354,2584,2478,13:10:54.224978
110.085396,2175,2236,13:10:54.224978
110.087254,2515,2544,13:10:54.224978
110.089111,2359,2590,13:10:54.224978
110.090967,2537,2464,13:10:54.224978
110.092823,2770,2568,13:10:54.224978
110.094684,2695,2579,13:10:54.224978
110.09654,2578,2576,13:10:54.224978
110.098396,2569,2406,13:10:54.224978
110.100255,2425,2472,13:10:54.224978
110.102111,2592,2252,13:10:54.224978
110.103969,2815,2395,13:10:54.224978
110.105832,2435,2198,13:10:54.280121
110.107694,2407,2508,13:10:54.280121
110.10956,2495,2293,13:10:54.280121
110.111471,2355,2620,13:10:54.280121
110.113333,2759,2595,13:10:54.280121
110.115189,2544,2629,13:10:54.280121
110.117046,2336,2404,13:10:54.280121
110.118904,2286,2646,13:10:54.280121
110.120762,2569,2323,13:10:54.280121
110.122621,2064,2485,13:10:54.280121
110.124477,2603,2235,13:10:54.280121
110.126337,2599,2404,13:10:54.280121
110.128222,2730,2743,13:10:54.280121
110.13009,1977,2413,13:10:54.280121
110.131948,2400,2491,13:10:54.280121
110.133804,2655,2502,13:10:54.280121
110.135661,2518,2521,13:10:54.280121
110.137519,2522,2623,13:10:54.280121
110.139383,2595,2504,13:10:54.280121
110.14124,2757,2464,13:10:54.280121
110.143096,2654,2374,13:10:54.280121
110.144955,2702,2374,13:10:54.280121
110.146811,2453,2601,13:10:54.280121
110.148667,2635,2569,13:10:54.280121
110.150526,2423,2599,13:10:54.280121
110.152382,2373,2725,13:10:54.280121
110.15424,2447,2531,13:10:54.280121
110.156113,2718,2696,13:10:54.323748
110.157973,2801,2803,13:10:54.323748
110.159837,2818,2651,13:10:54.323748
110.161718,2351,2432,13:10:54.323748
110.163576,2395,2569,13:10:54.323748
110.165432,2526,2392,13:10:54.323748
110.167295,2664,2675,13:10:54.323748
110.169151,2044,2522,13:10:54.323748
110.171008,2643,2527,13:10:54.323748
110.172874,2655,2490,13:10:54.323748
110.17473,2424,2285,13:10:54.323748
110.176602,2165,2478,13:10:54.323748
110.178459,2579,2494,13:10:54.323748
110.180315,2597,2304,13:10:54.323748
110.182175,2500,2526,13:10:54.323748
110.184032,2635,2619,13:10:54.323748
110.185922,1623,2421,13:10:54.323748
110.187778,2564,2669,13:10:54.323748
110.189635,2691,2569,13:10:54.323748
110.191495,2492,2297,13:10:54.323748
110.193351,2732,2195,13:10:54.323748
110.19521,2788,2596,13:10:54.323748
110.197066,2722,2503,13:10:54.323748
110.198928,2658,2487,13:10:54.323748
110.200787,2667,2281,13:10:54.323748
110.202653,2543,2304,13:10:54.323748
110.204509,2788,2333,13:10:54.323748
110.206374,2743,2394,13:10:54.374892
110.208234,2694,2442,13:10:54.374892
110.210116,2822,2361,13:10:54.374892
110.212,2352,2534,13:10:54.374892
110.213859,2508,2625,13:10:54.374892
110.215717,2572,2255,13:10:54.374892
110.217576,2325,2297,13:10:54.374892
110.219434,2532,2556,13:10:54.374892
110.221291,2570,2758,13:10:54.374892
110.223151,2534,2297,13:10:54.374892
110.225009,2539,2403,13:10:54.374892
110.226867,1959,2350,13:10:54.374892
110.228724,2516,2565,13:10:54.374892
110.230591,2441,2552,13:10:54.374892
110.23247,2816,2592,13:10:54.374892
110.234326,2785,2582,13:10:54.374892
110.236185,2754,2908,13:10:54.374892
110.238041,2393,2576,13:10:54.374892
110.239898,2566,2336,13:10:54.374892
110.241756,2753,2602,13:10:54.374892
110.243613,2814,2699,13:10:54.374892
110.245473,2733,2423,13:10:54.374892
110.247329,2852,2657,13:10:54.374892
110.249185,2766,2203,13:10:54.374892
110.251042,2569,2618,13:10:54.374892
110.252898,2575,2534,13:10:54.374892
110.254756,2402,2514,13:10:54.426889
110.256619,2567,2515,13:10:54.426889
110.258479,2626,2464,13:10:54.426889
110.260379,2594,2523,13:10:54.426889
110.262247,2587,2360,13:10:54.426889
110.264108,2623,2684,13:10:54.426889
110.265964,2674,2432,13:10:54.426889
110.267823,2507,2553,13:10:54.426889
110.269681,2275,2360,13:10:54.426889
110.271537,2614,2586,13:10:54.426889
110.273396,2335,2309,13:10:54.426889
110.275256,2718,2481,13:10:54.426889
110.277115,2828,2388,13:10:54.426889
110.278976,2559,2417,13:10:54.426889
110.280867,1214,2680,13:10:54.426889
110.282725,2690,2580,13:10:54.426889
110.284581,2760,2394,13:10:54.426889
110.286438,2694,2326,13:10:54.426889
110.288294,2855,2359,13:10:54.426889
110.290156,2649,2482,13:10:54.426889
110.292013,2726,2398,13:10:54.426889
110.293869,2701,2567,13:10:54.426889
110.295728,2800,2376,13:10:54.426889
110.297584,2829,2591,13:10:54.426889
110.299442,2529,2554,13:10:54.426889
110.301299,2784,2214,13:10:54.426889
110.303157,2529,2422,13:10:54.426889
110.305015,2450,2315,13:10:54.476728
110.306881,2795,2740,13:10:54.476728
110.30874,2513,2460,13:10:54.476728
110.31066,2591,2627,13:10:54.478795
110.312516,2394,2388,13:10:54.478795
110.314379,2862,2566,13:10:54.478795
110.316235,2342,2522,13:10:54.478795
110.318093,2477,2428,13:10:54.478795
110.31995,2193,2329,13:10:54.478795
110.321806,2160,2548,13:10:54.478795
110.323664,2408,2621,13:10:54.478795
110.32553,2539,2661,13:10:54.478795
110.327387,2670,2411,13:10:54.478795
110.329245,2388,2465,13:10:54.478795
110.331108,2661,2676,13:10:54.478795
110.33299,1020,2470,13:10:54.478795
110.334854,2727,2316,13:10:54.478795
110.336711,2818,2460,13:10:54.478795
110.338567,2703,2701,13:10:54.478795
110.340425,2564,2336,13:10:54.478795
110.342282,2537,2353,13:10:54.478795
110.344138,2856,2560,13:10:54.478795
110.345994,2737,2426,13:10:54.478795
110.347851,2860,2501,13:10:54.478795
110.349707,2677,2493,13:10:54.478795
110.351564,2671,2462,13:10:54.478795
110.353426,2650,2472,13:10:54.478795
110.355282,2564,2397,13:10:54.528677
110.357152,2609,2517,13:10:54.528677
110.359013,2791,2440,13:10:54.528677
110.360909,2674,2611,13:10:54.528677
110.362768,2594,2514,13:10:54.528677
110.364626,2559,2525,13:10:54.528677
110.366489,2524,2520,13:10:54.528677
110.368349,2381,2465,13:10:54.528677
110.370205,2279,2780,13:10:54.528677
110.372063,1911,2391,13:10:54.528677
110.37392,2647,2554,13:10:54.528677
110.375776,2643,2438,13:10:54.528677
110.377634,2212,2469,13:10:54.528677
110.379491,2777,2435,13:10:54.528677
110.381357,2166,2665,13:10:54.528677
110.383233,2312,2588,13:10:54.528677
110.385112,2842,2468,13:10:54.528677
110.386972,2609,2653,13:10:54.528677
110.388828,2438,2303,13:10:54.528677
110.390687,2726,2462,13:10:54.528677
110.392543,2528,2634,13:10:54.528677
110.394401,2501,2414,13:10:54.528677
110.396258,2569,2501,13:10:54.528677
110.398124,2702,2468,13:10:54.528677
110.39998,2662,2544,13:10:54.528677
110.401837,2511,2437,13:10:54.528677
110.403695,2653,2391,13:10:54.528677
110.405553,2723,2484,13:10:54.586925
110.407416,2830,2646,13:10:54.586925
110.409277,2557,2605,13:10:54.586925
110.411192,2544,2324,13:10:54.587961
110.41305,2442,2509,13:10:54.587961
110.414907,2685,2463,13:10:54.587961
110.416772,2551,2602,13:10:54.587961
110.41863,2406,2486,13:10:54.587961
110.420486,2339,2326,13:10:54.587961
110.422344,2418,2588,13:10:54.587961
110.424201,2116,2335,13:10:54.587961
110.426057,2460,2655,13:10:54.587961
110.427913,2434,2651,13:10:54.587961
110.429774,1942,2859,13:10:54.587961
110.431632,2819,2404,13:10:54.587961
110.433488,2287,2618,13:10:54.587961
110.435351,2764,2633,13:10:54.587961
110.437207,2797,2401,13:10:54.587961
110.439063,2583,2767,13:10:54.587961
110.440922,2633,2358,13:10:54.587961
110.442778,2492,2624,13:10:54.587961
110.444634,2641,2546,13:10:54.587961
110.446491,2985,2528,13:10:54.587961
110.448347,2676,2258,13:10:54.587961
110.450203,2589,2581,13:10:54.587961
110.45206,2825,2486,13:10:54.587961
110.45392,2713,2471,13:10:54.587961
110.455789,2690,2472,13:10:54.630414
110.457651,2604,2641,13:10:54.630414
110.459513,2396,2650,13:10:54.630414
110.461415,2505,2630,13:10:54.631417
110.463278,2602,2544,13:10:54.631417
110.465136,2751,2722,13:10:54.631417
110.466994,2809,2551,13:10:54.631417
110.468851,2286,2658,13:10:54.631417
110.470708,2645,2918,13:10:54.631417
110.472569,2534,2520,13:10:54.631417
110.474426,1970,2186,13:10:54.631417
110.476286,2257,2696,13:10:54.631417
110.478142,2150,2473,13:10:54.631417
110.479999,2461,2679,13:10:54.631417
110.481856,2764,2590,13:10:54.631417
110.483717,1804,2585,13:10:54.631417
110.485598,2512,2702,13:10:54.631417
110.487454,2722,2539,13:10:54.631417
110.489312,2454,2398,13:10:54.631417
110.491171,2614,2615,13:10:54.631417
110.493038,1795,2675,13:10:54.631417
110.494896,2625,2607,13:10:54.631417
110.496752,2545,2624,13:10:54.631417
110.498614,2826,2631,13:10:54.631417
110.500471,2418,2513,13:10:54.631417
110.502327,2744,2642,13:10:54.631417
110.504187,2347,2477,13:10:54.631417
110.506052,2444,2607,13:10:54.682613
110.507912,2606,2848,13:10:54.682613
110.50978,2769,2644,13:10:54.682613
110.51169,2597,2516,13:10:54.682613
110.513549,2435,2639,13:10:54.682613
110.515407,2482,2474,13:10:54.682613
110.517267,2261,2723,13:10:54.682613
110.519124,2234,2702,13:10:54.682613
110.52098,2150,2612,13:10:54.682613
110.522838,2209,2678,13:10:54.682613
110.524697,2499,2267,13:10:54.682613
110.526555,2586,2619,13:10:54.682613
110.528411,2622,2544,13:10:54.682613
110.530268,2439,2582,13:10:54.682613
110.532126,2879,2613,13:10:54.682613
110.533988,2709,2703,13:10:54.682613
110.535845,1933,2785,13:10:54.682613
110.537725,2381,2355,13:10:54.682613
110.539587,2686,2630,13:10:54.682613
110.541449,2533,2683,13:10:54.682613
110.543312,2496,2498,13:10:54.682613
110.545168,2734,2585,13:10:54.682613
110.547025,2609,2466,13:10:54.682613
110.548883,2611,2560,13:10:54.682613
110.550739,2752,2606,13:10:54.682613
110.552596,2674,2479,13:10:54.682613
110.554454,2457,2622,13:10:54.682613
110.556316,2640,2107,13:10:54.737023
110.558177,2706,2493,13:10:54.737023
110.560051,2714,2450,13:10:54.737023
110.561957,2585,2702,13:10:54.737023
110.563818,2534,2532,13:10:54.737023
110.565674,2564,2674,13:10:54.737023
110.567532,2576,2730,13:10:54.737023
110.569389,2157,2566,13:10:54.737023
110.571245,2473,2630,13:10:54.737023
110.573101,2574,2457,13:10:54.737023
110.574958,2561,2864,13:10:54.737023
110.576814,2671,2613,13:10:54.737023
110.57867,2421,2312,13:10:54.737023
110.580531,2300,2470,13:10:54.737023
110.582387,2489,2470,13:10:54.737023
110.584244,2362,2443,13:10:54.737023
110.586102,2363,2430,13:10:54.737023
110.587958,1324,2518,13:10:54.737023
110.589818,2593,2138,13:10:54.737023
110.591677,2637,2258,13:10:54.737023
110.593533,2774,2385,13:10:54.737023
110.595391,2453,2209,13:10:54.737023
110.597248,2629,2614,13:10:54.737023
110.599108,2577,2423,13:10:54.737023
110.600964,2521,2690,13:10:54.737023
110.602823,2473,2473,13:10:54.737023
110.604679,2607,2544,13:10:54.784062
110.606558,2642,2466,13:10:54.784062
110.608418,2504,2383,13:10:54.784062
110.61032,2479,2796,13:10:54.784062
110.612258,2329,2369,13:10:54.784062
110.614116,2495,2638,13:10:54.784062
110.615973,2471,2522,13:10:54.784062
110.617831,2103,2515,13:10:54.784062
110.619687,2591,2419,13:10:54.784062
110.621546,2479,2236,13:10:54.784062
110.623404,2634,2393,13:10:54.784062
110.62526,2187,2443,13:10:54.785055
110.627119,2164,2497,13:10:54.785055
110.628977,2626,2516,13:10:54.785055
110.630835,2713,2457,13:10:54.785055
110.632694,2641,2489,13:10:54.785055
110.634554,2600,2692,13:10:54.785055
110.63641,2568,2518,13:10:54.785055
110.638267,2456,2469,13:10:54.785055
110.640147,2332,2555,13:10:54.785055
110.642003,1600,2361,13:10:54.785055
110.643896,2467,2307,13:10:54.785055
110.645752,2711,2436,13:10:54.785055
110.647608,2732,2423,13:10:54.785055
110.649469,2604,2497,13:10:54.785055
110.651325,2720,2615,13:10:54.785055
110.653181,2571,2283,13:10:54.785055
110.65504,2603,2414,13:10:54.836307
110.656912,2617,2427,13:10:54.836307
110.658772,2683,2567,13:10:54.836307
110.660675,2520,2301,13:10:54.836307
110.662535,2536,2585,13:10:54.836307
110.664393,2501,2396,13:10:54.836307
110.66625,2470,2343,13:10:54.836307
110.66811,2367,2458,13:10:54.836307
110.669966,2583,2407,13:10:54.836307
110.671825,2614,2342,13:10:54.836307
110.673683,2363,2425,13:10:54.836307
110.675539,2616,2622,13:10:54.836307
110.677398,2621,2335,13:10:54.836307
110.679256,2390,2500,13:10:54.836307
110.681112,2032,2532,13:10:54.836307
110.682971,2265,2466,13:10:54.836307
110.684837,2659,2602,13:10:54.836307
110.686693,1884,2475,13:10:54.836307
110.688554,2533,2536,13:10:54.836307
110.690414,1222,2385,13:10:54.836307
110.69227,2572,2344,13:10:54.836307
110.694161,2666,2435,13:10:54.836307
110.696017,2590,2278,13:10:54.836307
110.697875,2669,2415,13:10:54.836307
110.699734,2474,2693,13:10:54.836307
110.70159,2802,2533,13:10:54.836307
110.703449,2444,2190,13:10:54.836307
110.705307,2663,2530,13:10:54.887556
110.707171,2710,2552,13:10:54.887556
110.709032,2635,2426,13:10:54.887556
110.710924,2318,2208,13:10:54.887556
110.712784,2724,2679,13:10:54.887556
110.714642,2395,2234,13:10:54.887556
110.716503,2379,2584,13:10:54.887556
110.718361,2537,2252,13:10:54.887556
110.720217,2525,2513,13:10:54.887556
110.722074,2488,2304,13:10:54.887556
110.723932,2572,2316,13:10:54.887556
110.725791,2250,2452,13:10:54.887556
110.727649,2390,2496,13:10:54.887556
110.729505,2345,2635,13:10:54.887556
110.731364,2484,2482,13:10:54.887556
110.73322,2563,2526,13:10:54.887556
110.735076,2436,2545,13:10:54.887556
110.736935,2168,2573,13:10:54.887556
110.738793,2754,2395,13:10:54.887556
110.740649,2534,2423,13:10:54.887556
110.742511,1611,2372,13:10:54.887556
110.744406,2251,2392,13:10:54.887556
110.746264,2383,2533,13:10:54.887556
110.748121,2657,2504,13:10:54.887556
110.749977,2338,2427,13:10:54.887556
110.751835,2726,2357,13:10:54.887556
110.753698,2848,2670,13:10:54.887556
110.755556,2546,2289,13:10:54.904442
110.757421,2575,2278,13:10:54.904442
110.759285,2362,2265,13:10:54.904442
110.761197,2442,2608,13:10:54.904442
110.763053,2491,2513,13:10:54.905449
110.764913,2644,2408,13:10:54.905449
110.766772,2638,2386,13:10:54.905449
110.76863,2513,2660,13:10:54.905449
110.770489,2612,2452,13:10:54.905449
110.772347,2642,2408,13:10:54.905449
110.774203,2509,2268,13:10:54.905449
110.77606,2742,2289,13:10:54.905449
110.777918,2374,2496,13:10:54.905449
110.779774,2224,2350,13:10:54.905449
110.781633,2494,2620,13:10:54.905449
110.783489,2584,2412,13:10:54.905449
110.785345,1923,2378,13:10:54.905449
110.787204,1900,2525,13:10:54.905449
110.789069,2514,2361,13:10:54.905449
110.790934,2577,2563,13:10:54.905449
110.792793,1232,2461,13:10:54.905449
110.794657,2502,2475,13:10:54.905449
110.796515,2676,2572,13:10:54.905449
110.798377,2850,2581,13:10:54.905449
110.800238,2524,2461,13:10:54.905449
110.802094,2504,2320,13:10:54.905449
110.803953,2801,2408,13:10:54.905449
110.805821,2620,2284,13:10:54.954937
110.807685,2495,2325,13:10:54.954937
110.809547,2497,2536,13:10:54.954937
110.811449,2356,2490,13:10:54.954937
110.813306,2572,2104,13:10:54.954937
110.815163,2716,2537,13:10:54.954937
110.817019,2717,2556,13:10:54.954937
110.818877,2403,2434,13:10:54.954937
110.820734,2559,2372,13:10:54.954937
110.822592,2667,2321,13:10:54.954937
110.824449,2474,2279,13:10:54.954937
110.826307,2492,2338,13:10:54.954937
110.828165,2530,2345,13:10:54.954937
110.830025,2450,2338,13:10:54.954937
110.831882,2213,2447,13:10:54.954937
110.833738,2588,2270,13:10:54.954937
110.835596,2525,2417,13:10:54.954937
110.837453,2639,2574,13:10:54.954937
110.839309,2499,2716,13:10:54.954937
110.841167,2666,2501,13:10:54.954937
110.843028,2307,2715,13:10:54.954937
110.8449,2393,2517,13:10:54.954937
110.846756,2545,2380,13:10:54.954937
110.848613,2633,2283,13:10:54.954937
110.850469,2347,2287,13:10:54.954937
110.852326,2498,2582,13:10:54.955944
110.854186,2422,2451,13:10:54.955944
110.856054,2760,2437,13:10:55.005174
110.857917,2774,2448,13:10:55.005174
110.859781,2597,2513,13:10:55.005174
110.861675,2622,2228,13:10:55.005174
110.863533,2689,2574,13:10:55.005174
110.86539,2444,2548,13:10:55.005174
110.86725,2459,2441,13:10:55.005174
110.869106,2600,2510,13:10:55.005174
110.870963,2610,2528,13:10:55.005174
110.872823,2619,2481,13:10:55.005174
110.87468,2740,2195,13:10:55.005174
110.876538,2497,2324,13:10:55.005174
110.878394,2549,2474,13:10:55.005174
110.880251,2518,2309,13:10:55.005174
110.882109,2479,2401,13:10:55.005174
110.883975,2499,2683,13:10:55.005174
110.885832,2491,2286,13:10:55.005174
110.887688,2669,2471,13:10:55.005174
110.889544,2524,2477,13:10:55.005174
110.891401,2591,2460,13:10:55.005174
110.893261,2678,2459,13:10:55.005174
110.895119,2600,2430,13:10:55.005174
110.896976,2723,2501,13:10:55.005174
110.898832,2617,2731,13:10:55.005174
110.900689,2610,2290,13:10:55.005174
110.902549,2564,2199,13:10:55.005174
110.904405,2489,2480,13:10:55.005174
110.906266,2391,2635,13:10:55.056261
110.908126,2730,2500,13:10:55.056261
110.910005,2449,2467,13:10:55.056261
110.9119,2585,2213,13:10:55.056261
110.913759,2520,2248,13:10:55.056261
110.915615,2681,2422,13:10:55.056261
110.917474,2815,2585,13:10:55.056261
110.91933,2796,2422,13:10:55.056261
110.921196,2712,2346,13:10:55.056261
110.923053,2703,2436,13:10:55.056261
110.924909,2580,2496,13:10:55.056261
110.926767,2520,2460,13:10:55.056261
110.928624,2477,2464,13:10:55.056261
110.930482,2672,2404,13:10:55.056261
110.932338,2733,2370,13:10:55.056261
110.934195,2726,2378,13:10:55.056261
110.936053,2452,2438,13:10:55.056261
110.937917,2569,2522,13:10:55.056261
110.939774,2534,2155,13:10:55.056261
110.94163,2382,2488,13:10:55.056261
110.943488,2633,2580,13:10:55.056261
110.945345,2432,2611,13:10:55.056261
110.947201,2721,2367,13:10:55.056261
110.949058,2499,2395,13:10:55.056261
110.950914,2644,2628,13:10:55.056261
110.952772,2679,2467,13:10:55.056261
110.954629,2559,2178,13:10:55.106210
110.956507,2628,2408,13:10:55.106210
110.958367,2586,2415,13:10:55.106210
110.960282,2738,2477,13:10:55.106210
110.96215,2641,2527,13:10:55.106210
110.964006,2659,2393,13:10:55.106210
110.965866,2514,2389,13:10:55.106210
110.967725,2745,2438,13:10:55.106210
110.969581,2692,2237,13:10:55.106210
110.971439,2735,2362,13:10:55.106210
110.973296,2583,2294,13:10:55.106210
110.975152,2406,2438,13:10:55.106210
110.97701,2644,2581,13:10:55.106210
110.978876,2698,2714,13:10:55.106210
110.980733,2389,2291,13:10:55.106210
110.982589,2746,2479,13:10:55.106210
110.984454,2585,2493,13:10:55.106210
110.98631,2670,2523,13:10:55.106210
110.988167,2694,2328,13:10:55.106210
110.990027,2683,2524,13:10:55.106210
110.991883,2353,2572,13:10:55.106210
110.993743,2699,2355,13:10:55.106210
110.995606,2683,2271,13:10:55.106210
110.997462,2497,2263,13:10:55.106210
110.999321,2623,2219,13:10:55.106210
111.001187,2383,2473,13:10:55.106210
111.003043,2607,2452,13:10:55.106210
111.0049,2804,2538,13:10:55.155569
111.006772,2669,2356,13:10:55.155569
111.008632,2505,2189,13:10:55.155569
111.010536,2682,2408,13:10:55.155569
111.012431,2739,2341,13:10:55.155569
111.014287,2487,2363,13:10:55.155569
111.016143,2646,2318,13:10:55.155569
111.018002,2459,2361,13:10:55.155569
111.019858,2630,2275,13:10:55.155569
111.021716,2692,2574,13:10:55.155569
111.023573,2566,2373,13:10:55.155569
111.025435,2484,2216,13:10:55.155569
111.027293,2476,2460,13:10:55.155569
111.029159,2587,2538,13:10:55.155569
111.031016,2519,2430,13:10:55.155569
111.032875,2823,2572,13:10:55.155569
111.034733,2802,2439,13:10:55.155569
111.036589,2826,2485,13:10:55.155569
111.038449,2737,2533,13:10:55.155569
111.040306,2568,2284,13:10:55.155569
111.042162,2491,2401,13:10:55.155569
111.044021,2467,2267,13:10:55.155569
111.045877,2610,2286,13:10:55.155569
111.047737,2654,2348,13:10:55.155569
111.049596,2817,2306,13:10:55.155569
111.051452,2564,2117,13:10:55.155569
111.05331,2688,2513,13:10:55.155569
111.055167,2536,2622,13:10:55.205303
111.057031,2717,2524,13:10:55.205303
111.058897,2598,2308,13:10:55.205303
111.060804,2548,2339,13:10:55.205303
111.062678,2610,2558,13:10:55.205303
111.064534,2785,2261,13:10:55.205303
111.066393,2834,2640,13:10:55.205303
111.068251,2852,2454,13:10:55.205303
111.070108,2472,2459,13:10:55.205303
111.07197,2761,2490,13:10:55.205303
111.073826,2647,2392,13:10:55.205303
111.075684,2836,2213,13:10:55.205303
111.077541,2766,2516,13:10:55.205303
111.079397,2705,2247,13:10:55.205303
111.081255,2647,2363,13:10:55.205303
111.083114,2598,2766,13:10:55.205303
111.084972,2625,2607,13:10:55.205303
111.086828,2584,2378,13:10:55.205303
111.088689,2522,2417,13:10:55.205303
111.090545,2568,2338,13:10:55.205303
111.092402,2585,2117,13:10:55.205303
111.09426,2704,2613,13:10:55.205303
111.096116,2664,2718,13:10:55.205303
111.097975,2562,2358,13:10:55.205303
111.099833,2791,2285,13:10:55.205303
111.101691,2643,2255,13:10:55.205303
111.103552,2638,2275,13:10:55.205303
111.105414,2597,2499,13:10:55.254671
111.107294,2505,2468,13:10:55.254671
111.109155,2741,2367,13:10:55.254671
111.111077,2577,2483,13:10:55.254671
111.112937,2569,2338,13:10:55.254671
111.114795,2548,2362,13:10:55.254671
111.11666,2496,2367,13:10:55.254671
111.118516,2832,2392,13:10:55.255678
111.120372,2625,2469,13:10:55.255678
111.122231,2526,2389,13:10:55.255678
111.124087,2885,2293,13:10:55.255678
111.125945,2566,2348,13:10:55.255678
111.127804,2480,2189,13:10:55.255678
111.129664,2716,2339,13:10:55.255678
111.131523,2449,2333,13:10:55.255678
111.133388,2734,2489,13:10:55.255678
111.135245,2534,2465,13:10:55.255678
111.137102,2814,2277,13:10:55.255678
111.13896,2784,2354,13:10:55.255678
111.140816,2828,2252,13:10:55.255678
111.142673,2646,2503,13:10:55.255678
111.144529,2549,2353,13:10:55.255678
111.146385,2629,2382,13:10:55.255678
111.148242,2604,2223,13:10:55.255678
111.150098,2760,2437,13:10:55.255678
111.15196,2650,2651,13:10:55.255678
111.153817,2692,2393,13:10:55.255678
111.155675,2474,2432,13:10:55.304972
111.157542,2723,2555,13:10:55.304972
111.159406,2443,2684,13:10:55.304972
111.16132,2448,2373,13:10:55.304972
111.163202,2851,2382,13:10:55.304972
111.165059,2745,2492,13:10:55.304972
111.166917,2627,2323,13:10:55.304972
111.168773,2475,2383,13:10:55.304972
111.17063,2614,2234,13:10:55.304972
111.172488,2745,2414,13:10:55.304972
111.174347,2468,2344,13:10:55.304972
111.176205,2313,2497,13:10:55.304972
111.178061,2576,2379,13:10:55.304972
111.179919,2598,2133,13:10:55.304972
111.181776,2734,2413,13:10:55.304972
111.183632,2759,2457,13:10:55.304972
111.185488,2719,2286,13:10:55.304972
111.187345,2696,2435,13:10:55.304972
111.189201,2663,2239,13:10:55.304972
111.191057,2487,2367,13:10:55.304972
111.192918,2751,2503,13:10:55.304972
111.194774,2695,2411,13:10:55.304972
111.196631,2697,2488,13:10:55.304972
111.198489,2557,2579,13:10:55.304972
111.200357,2434,2369,13:10:55.304972
111.202216,2507,2205,13:10:55.304972
111.204072,2711,2476,13:10:55.304972
111.205934,2701,2317,13:10:55.356159
111.207795,2420,2128,13:10:55.356159
111.209657,2555,2128,13:10:55.356159
111.211575,2355,2386,13:10:55.356159
111.213431,2717,2445,13:10:55.356159
111.215288,2468,2394,13:10:55.356159
111.217146,2644,2527,13:10:55.356159
111.219002,2850,2545,13:10:55.356159
111.220861,2643,2468,13:10:55.356159
111.222717,2861,2445,13:10:55.356159
111.224573,2577,2428,13:10:55.356159
111.22643,2689,2466,13:10:55.356159
111.228293,2709,2245,13:10:55.356159
111.23015,2689,2252,13:10:55.356159
111.232007,2660,2377,13:10:55.356159
111.233865,2593,2342,13:10:55.356159
111.235721,2605,2237,13:10:55.356159
111.237578,2585,2370,13:10:55.356159
111.239434,2655,2496,13:10:55.356159
111.241291,2710,2349,13:10:55.357156
111.243147,2632,2461,13:10:55.357156
111.245003,2802,2199,13:10:55.357156
111.246866,2529,2582,13:10:55.357156
111.248722,2745,2150,13:10:55.357156
111.250578,2640,2365,13:10:55.357156
111.252437,2713,2118,13:10:55.357156
111.254293,2776,2506,13:10:55.357156
111.256159,2767,2379,13:10:55.404997
111.25802,2581,2362,13:10:55.404997
111.259901,2572,2368,13:10:55.404997
111.26182,2487,2356,13:10:55.404997
111.263676,2586,2087,13:10:55.404997
111.265533,2924,2434,13:10:55.404997
111.267391,2695,2518,13:10:55.404997
111.269252,2978,2198,13:10:55.404997
111.27111,2673,2249,13:10:55.404997
111.272966,2527,2483,13:10:55.404997
111.274824,2601,2391,13:10:55.404997
111.276681,2462,2412,13:10:55.404997
111.278537,2524,2358,13:10:55.404997
111.280393,2482,2368,13:10:55.404997
111.28225,2725,2330,13:10:55.404997
111.284106,2585,2494,13:10:55.404997
111.285963,2910,2204,13:10:55.404997
111.287825,2579,2293,13:10:55.404997
111.289681,2422,2612,13:10:55.404997
111.291538,2483,2323,13:10:55.404997
111.293396,2692,2248,13:10:55.404997
111.295252,2486,2316,13:10:55.404997
111.297111,2569,2458,13:10:55.404997
111.298967,2657,2471,13:10:55.404997
111.300825,2771,2409,13:10:55.404997
111.302688,2569,2583,13:10:55.404997
111.30455,2664,2274,13:10:55.455003
111.306418,2703,2054,13:10:55.455003
111.308281,2815,2431,13:10:55.455003
111.310161,2540,2159,13:10:55.455003
111.312063,2731,2348,13:10:55.455003
111.313919,2641,2525,13:10:55.455003
111.315778,2584,2267,13:10:55.455003
111.317634,2520,2446,13:10:55.455003
111.31949,2832,2386,13:10:55.455003
111.321349,2592,2217,13:10:55.455003
111.323207,2730,2359,13:10:55.455003
111.325065,2486,2369,13:10:55.455003
111.326922,2698,2099,13:10:55.455003
111.328788,2835,2111,13:10:55.455003
111.330645,2395,2243,13:10:55.455003
111.332501,2675,2346,13:10:55.455003
111.334359,2600,2534,13:10:55.455003
111.336216,2560,2486,13:10:55.455003
111.338074,2513,2313,13:10:55.455003
111.33993,2835,2130,13:10:55.455003
111.341787,2680,2323,13:10:55.455003
111.343645,2539,2305,13:10:55.455003
111.345509,2776,2360,13:10:55.456009
111.347366,2887,2597,13:10:55.456009
111.349222,2514,2371,13:10:55.456009
111.35108,2624,2112,13:10:55.456009
111.352937,2643,2473,13:10:55.456009
111.354799,2764,2446,13:10:55.506695
111.356677,2687,2096,13:10:55.506695
111.358538,2728,2423,13:10:55.506695
111.360435,2574,2342,13:10:55.506695
111.362298,2426,2166,13:10:55.506695
111.364157,2766,2031,13:10:55.506695
111.366015,2556,2243,13:10:55.506695
111.367873,2483,2262,13:10:55.506695
111.369732,2581,2245,13:10:55.506695
111.371588,2812,2352,13:10:55.506695
111.373444,2557,2533,13:10:55.506695
111.375303,2714,2421,13:10:55.506695
111.377159,2601,2558,13:10:55.506695
111.379017,2753,2503,13:10:55.507701
111.380876,2724,2232,13:10:55.507701
111.382734,2576,2409,13:10:55.507701
111.38459,2540,2153,13:10:55.507701
111.386452,2629,2399,13:10:55.507701
111.388309,2667,2138,13:10:55.507701
111.390166,2832,2183,13:10:55.507701
111.392024,2711,2394,13:10:55.507701
111.39388,2527,2372,13:10:55.507701
111.395737,2682,2261,13:10:55.507701
111.397593,2774,2747,13:10:55.507701
111.399455,2417,2344,13:10:55.507701
111.401312,2664,2351,13:10:55.507701
111.403169,2912,2609,13:10:55.507701
111.405028,2679,2575,13:10:55.556980
111.406895,2568,2337,13:10:55.556980
111.408755,2735,2232,13:10:55.556980
111.41066,2669,2310,13:10:55.556980
111.41252,2581,2329,13:10:55.556980
111.414398,2691,2288,13:10:55.556980
111.416254,2538,2276,13:10:55.556980
111.418112,2812,2394,13:10:55.556980
111.419971,2542,2392,13:10:55.557978
111.421827,2559,2224,13:10:55.557978
111.423693,2480,2477,13:10:55.557978
111.42555,2694,2344,13:10:55.557978
111.427406,2673,2165,13:10:55.557978
111.429265,2730,2335,13:10:55.557978
111.431121,2400,2309,13:10:55.557978
111.432977,2446,2184,13:10:55.557978
111.434836,2769,2389,13:10:55.557978
111.436692,2956,2323,13:10:55.557978
111.43855,2682,2362,13:10:55.557978
111.440414,2958,2228,13:10:55.557978
111.442271,2267,2171,13:10:55.557978
111.444127,2777,2078,13:10:55.557978
111.445986,2555,2219,13:10:55.557978
111.447844,2742,2311,13:10:55.557978
111.4497,2596,2572,13:10:55.557978
111.451559,2711,2123,13:10:55.557978
111.453415,2641,2128,13:10:55.557978
111.455273,2593,2062,13:10:55.610666
111.457142,2499,2292,13:10:55.610666
111.459002,2892,2398,13:10:55.610666
111.460931,2767,2306,13:10:55.610666
111.462793,2733,2075,13:10:55.610666
111.464653,2671,2172,13:10:55.610666
111.466509,2879,2145,13:10:55.610666
111.468366,2581,2393,13:10:55.610666
111.470224,2634,2261,13:10:55.610666
111.47208,2668,2452,13:10:55.610666
111.473937,2674,2204,13:10:55.610666
111.475795,2696,2248,13:10:55.610666
111.477651,2577,2304,13:10:55.610666
111.479508,2501,2592,13:10:55.610666
111.481373,2447,2298,13:10:55.610666
111.48323,2455,2225,13:10:55.610666
111.485087,2502,2369,13:10:55.610666
111.486945,2734,2201,13:10:55.610666
111.488803,2602,2330,13:10:55.610666
111.49066,2703,2390,13:10:55.610666
111.492518,2879,2291,13:10:55.610666
111.494378,2518,2115,13:10:55.610666
111.496235,2931,2355,13:10:55.610666
111.498091,2531,2296,13:10:55.610666
111.499951,2578,2224,13:10:55.610666
111.501808,2297,2075,13:10:55.610666
111.503664,2772,2308,13:10:55.610666
111.505525,2633,2425,13:10:55.654976
111.507403,2735,1986,13:10:55.654976
111.509275,2610,2305,13:10:55.654976
111.511197,2929,2389,13:10:55.654976
111.513057,2569,2381,13:10:55.654976
111.514917,2632,2275,13:10:55.654976
111.516774,2679,2437,13:10:55.654976
111.518631,2714,2325,13:10:55.654976
111.520489,2711,2154,13:10:55.654976
111.522345,2667,2397,13:10:55.654976
111.524202,2463,2117,13:10:55.654976
111.526058,2676,2199,13:10:55.654976
111.527922,2598,2275,13:10:55.654976
111.529779,2834,2129,13:10:55.654976
111.531635,2631,2441,13:10:55.654976
111.533493,2802,2110,13:10:55.654976
111.53535,2642,2420,13:10:55.654976
111.537208,2577,2336,13:10:55.654976
111.539064,2548,2243,13:10:55.654976
111.540921,2873,2280,13:10:55.654976
111.542779,2677,2155,13:10:55.654976
111.544643,2648,2104,13:10:55.654976
111.5465,2755,2245,13:10:55.654976
111.548356,2602,2209,13:10:55.654976
111.550214,2447,2310,13:10:55.654976
111.552071,2483,2232,13:10:55.654976
111.553927,2698,2358,13:10:55.654976
111.555788,2732,2277,13:10:55.705026
111.557654,2931,2146,13:10:55.705026
111.559514,2841,2533,13:10:55.705026
111.561428,2666,2046,13:10:55.705026
111.563303,2644,2136,13:10:55.705026
111.565167,2712,2362,13:10:55.705026
111.567023,2761,2148,13:10:55.705026
111.568888,2576,2348,13:10:55.705026
111.570746,2423,2130,13:10:55.705026
111.572602,2414,2531,13:10:55.705026
111.574463,2443,2185,13:10:55.705026
111.576319,2430,2267,13:10:55.705026
111.578177,2578,2269,13:10:55.705026
111.580034,2846,2143,13:10:55.705026
111.58189,2702,2425,13:10:55.705026
111.583748,2785,2309,13:10:55.705026
111.585611,2787,2336,13:10:55.705026
111.587469,2532,2153,13:10:55.705026
111.589325,2371,2381,13:10:55.706026
111.591186,2623,2133,13:10:55.706026
111.593042,2548,2333,13:10:55.706026
111.594899,2696,2479,13:10:55.706026
111.596757,2676,2291,13:10:55.706026
111.598613,2441,2312,13:10:55.706026
111.600472,2652,2157,13:10:55.706026
111.602328,2439,2266,13:10:55.706026
111.604188,2617,1929,13:10:55.706026
111.606059,2715,2230,13:10:55.755976
111.607921,2595,2244,13:10:55.755976
111.609795,2775,2340,13:10:55.755976
111.611683,2735,2283,13:10:55.755976
111.61354,2719,2217,13:10:55.755976
111.615398,2532,2391,13:10:55.755976
111.617255,2525,2345,13:10:55.755976
111.619113,2469,2117,13:10:55.755976
111.620969,2723,2270,13:10:55.755976
111.622828,2580,2507,13:10:55.755976
111.624684,2744,2324,13:10:55.755976
111.62654,2776,2510,13:10:55.755976
111.628399,2705,1995,13:10:55.755976
111.630255,2992,2265,13:10:55.755976
111.632113,2572,2414,13:10:55.756995
111.63397,2487,2397,13:10:55.756995
111.635826,2771,2236,13:10:55.756995
111.637684,2598,2436,13:10:55.756995
111.639548,2438,2134,13:10:55.756995
111.641405,2702,2296,13:10:55.756995
111.643261,2965,2195,13:10:55.756995
111.64512,2789,2341,13:10:55.756995
111.646976,2693,2377,13:10:55.756995
111.648832,2807,2258,13:10:55.756995
111.650689,2880,2345,13:10:55.756995
111.652545,2382,2526,13:10:55.756995
111.654401,2626,2110,13:10:55.756995
111.656262,2758,2444,13:10:55.809002
111.658124,2791,2161,13:10:55.809002
111.660014,2564,2309,13:10:55.809002
111.661905,2685,2373,13:10:55.809002
111.663803,2548,2505,13:10:55.809002
111.665661,2768,2143,13:10:55.809002
111.66752,2486,2187,13:10:55.809002
111.669378,2688,2114,13:10:55.809002
111.671234,2827,2656,13:10:55.809002
111.673092,2750,2276,13:10:55.809002
111.674949,2555,2283,13:10:55.810002
111.676805,2717,2268,13:10:55.810002
111.678662,2686,2372,13:10:55.810002
111.680518,2607,2223,13:10:55.810002
111.682378,2645,2096,13:10:55.810002
111.684235,2692,2438,13:10:55.810002
111.686097,2693,2350,13:10:55.810002
111.687953,2914,2349,13:10:55.810002
111.68981,2557,2428,13:10:55.810002
111.691668,2735,2379,13:10:55.810002
111.693524,2524,2114,13:10:55.810002
111.695383,2486,2048,13:10:55.810002
111.697239,2445,2423,13:10:55.810002
111.699095,2502,2151,13:10:55.810002
111.700952,2663,2439,13:10:55.810002
111.702818,2589,2435,13:10:55.810002
111.704674,2421,2307,13:10:55.859673
111.706539,2906,2396,13:10:55.859673
111.708403,2500,2311,13:10:55.859673
111.710303,2656,2130,13:10:55.859673
111.712251,2561,2230,13:10:55.859673
111.714151,2310,2374,13:10:55.859673
111.71601,2782,2257,13:10:55.859673
111.717868,2589,2281,13:10:55.859673
111.719731,2534,2229,13:10:55.859673
111.721607,2487,2473,13:10:55.859673
111.723465,2594,2429,13:10:55.859673
111.725321,2621,2176,13:10:55.859673
111.727178,2712,2413,13:10:55.859673
111.729036,2516,2290,13:10:55.859673
111.730892,2494,2081,13:10:55.859673
111.732751,2597,2327,13:10:55.859673
111.734609,2452,2279,13:10:55.859673
111.736465,2750,2248,13:10:55.859673
111.738324,2606,2268,13:10:55.859673
111.74018,2860,2337,13:10:55.859673
111.742042,2539,2226,13:10:55.859673
111.743899,2597,2251,13:10:55.859673
111.745755,2681,2155,13:10:55.859673
111.747613,2918,2174,13:10:55.859673
111.74947,2862,2381,13:10:55.859673
111.751326,2540,2166,13:10:55.859673
111.753182,2677,2122,13:10:55.859673
111.755039,2641,2255,13:10:55.910393
111.756911,2970,2453,13:10:55.910393
111.758772,2536,2310,13:10:55.910393
111.760666,2587,2289,13:10:55.910393
111.762522,2642,2285,13:10:55.910393
111.76438,2611,2509,13:10:55.910393
111.766239,2767,2245,13:10:55.910393
111.768095,2679,2321,13:10:55.910393
111.769953,2478,2400,13:10:55.910393
111.77181,2741,2377,13:10:55.910393
111.773676,2598,2321,13:10:55.910393
111.775532,2809,2359,13:10:55.910393
111.777389,2516,2025,13:10:55.910393
111.779247,2457,2466,13:10:55.910393
111.781103,2659,2252,13:10:55.910393
111.782962,2513,2361,13:10:55.910393
111.784818,2693,2377,13:10:55.910393
111.786675,2893,2213,13:10:55.910393
111.788533,2772,2347,13:10:55.910393
111.790397,2769,2230,13:10:55.910393
111.792254,2799,2112,13:10:55.910393
111.79411,2523,2199,13:10:55.910393
111.795968,2800,2175,13:10:55.910393
111.797825,2667,2198,13:10:55.910393
111.799681,2652,2436,13:10:55.910393
111.801539,2471,2454,13:10:55.910393
111.803396,2995,2269,13:10:55.910393
111.805254,2946,2654,13:10:55.963738
111.807124,2988,2327,13:10:55.963738
111.808985,2813,2263,13:10:55.963738
111.810881,2467,2177,13:10:55.963738
111.81274,2677,2135,13:10:55.963738
111.814607,2660,1934,13:10:55.963738
111.816504,816,2161,13:10:55.963738
111.818369,2489,2357,13:10:55.963738
111.820265,2702,2441,13:10:55.963738
111.822123,2671,2030,13:10:55.963738
111.823979,2698,2251,13:10:55.963738
111.825837,2869,2195,13:10:55.963738
111.827694,2856,2415,13:10:55.963738
111.82955,2675,2307,13:10:55.963738
111.831406,2705,2421,13:10:55.963738
111.833265,2487,2182,13:10:55.963738
111.835121,2547,2319,13:10:55.963738
111.836977,2542,2283,13:10:55.963738
111.838834,2610,2399,13:10:55.963738
111.84069,2858,2284,13:10:55.963738
111.842548,2747,2118,13:10:55.963738
111.844405,2863,2083,13:10:55.963738
111.846271,2681,2433,13:10:55.963738
111.848127,2562,2328,13:10:55.963738
111.849984,2465,2445,13:10:55.963738
111.851844,2699,2420,13:10:55.963738
111.8537,2823,2326,13:10:55.963738
111.855561,2807,2136,13:10:56.013691
111.857427,2854,2368,13:10:56.013691
111.859288,2821,2151,13:10:56.013691
111.8612,2511,2570,13:10:56.013691
111.863056,2627,2401,13:10:56.013691
111.864914,2555,2445,13:10:56.013691
111.866773,2405,2223,13:10:56.013691
111.868652,2236,2142,13:10:56.013691
111.870519,2870,2435,13:10:56.013691
111.872378,2826,2147,13:10:56.013691
111.874242,2880,2296,13:10:56.013691
111.876098,2572,2294,13:10:56.013691
111.877955,2788,2485,13:10:56.013691
111.879813,2555,2434,13:10:56.013691
111.881669,2471,2370,13:10:56.013691
111.883528,2725,2269,13:10:56.013691
111.885384,2872,2440,13:10:56.013691
111.88724,2620,2078,13:10:56.013691
111.889097,2834,2461,13:10:56.013691
111.890956,2656,2413,13:10:56.013691
111.892817,2886,2323,13:10:56.013691
111.894674,2723,2264,13:10:56.013691
111.896532,2747,2257,13:10:56.013691
111.898388,2849,2316,13:10:56.013691
111.900245,2776,2243,13:10:56.013691
111.902101,2826,2186,13:10:56.013691
111.903958,2658,2245,13:10:56.013691
111.905818,2607,2282,13:10:56.067375
111.90768,2876,2272,13:10:56.067375
111.909544,2899,2314,13:10:56.067375
111.911441,2511,2228,13:10:56.067375
111.913297,2723,2120,13:10:56.067375
111.915156,2791,2251,13:10:56.067375
111.917022,2521,2283,13:10:56.067375
111.91888,1059,2319,13:10:56.067375
111.920738,2737,2274,13:10:56.067375
111.922598,3018,2459,13:10:56.067375
111.924455,2668,2344,13:10:56.067375
111.926339,2726,2410,13:10:56.067375
111.928198,2821,2312,13:10:56.067375
111.930056,2809,2023,13:10:56.067375
111.931922,2759,2336,13:10:56.067375
111.933779,2953,2490,13:10:56.067375
111.935635,2653,2157,13:10:56.067375
111.937493,2442,2506,13:10:56.067375
111.93935,2681,2205,13:10:56.067375
111.941206,2688,2133,13:10:56.067375
111.943064,2919,2338,13:10:56.067375
111.944921,2605,2313,13:10:56.067375
111.946779,2600,2373,13:10:56.067375
111.948636,2921,2195,13:10:56.067375
111.9505,2729,2247,13:10:56.067375
111.952356,2592,2119,13:10:56.067375
111.954213,2591,2455,13:10:56.067375
111.956085,2691,2170,13:10:56.124163
111.957945,2629,2375,13:10:56.124163
111.959811,2619,2329,13:10:56.124163
111.961696,2736,2200,13:10:56.124163
111.963557,2531,2409,13:10:56.124163
111.965416,2496,2275,13:10:56.124163
111.967275,2564,2484,13:10:56.124163
111.969139,2645,2290,13:10:56.124163
111.970995,614,2453,13:10:56.124163
111.972856,2610,2414,13:10:56.124163
111.974714,2918,2202,13:10:56.124163
111.976571,2448,2150,13:10:56.124163
111.978429,2524,2252,13:10:56.124163
111.980285,2829,2172,13:10:56.124163
111.982144,2755,2201,13:10:56.124163
111.984006,2707,2239,13:10:56.124163
111.985868,2608,2533,13:10:56.124163
111.987725,2714,2248,13:10:56.124163
111.989581,2748,2423,13:10:56.124163
111.991439,2658,2270,13:10:56.124163
111.993296,2803,2483,13:10:56.124163
111.995152,2625,2111,13:10:56.124163
111.997008,2719,2260,13:10:56.124163
111.998867,2708,2361,13:10:56.124163
112.000725,2698,2353,13:10:56.124163
112.002582,2825,2247,13:10:56.124163
112.004449,2622,2190,13:10:56.124163
112.006322,2568,2255,13:10:56.169409
112.008187,2852,2263,13:10:56.169409
112.010069,2687,2330,13:10:56.169409
112.011963,2692,2567,13:10:56.169409
112.013822,2537,2292,13:10:56.169409
112.01568,2655,2347,13:10:56.169409
112.017537,2703,2288,13:10:56.169409
112.019398,2521,2133,13:10:56.169409
112.021285,2803,2171,13:10:56.169409
112.023141,2808,2189,13:10:56.169409
112.025003,2719,2618,13:10:56.169409
112.02686,2961,2100,13:10:56.169409
112.028728,1270,2536,13:10:56.169409
112.030586,2519,2238,13:10:56.169409
112.032442,2773,2314,13:10:56.169409
112.034299,2699,2049,13:10:56.169409
112.03616,2786,2364,13:10:56.169409
112.038018,2707,2183,13:10:56.169409
112.039876,2641,2454,13:10:56.169409
112.041742,2632,2131,13:10:56.169409
112.043599,3042,2192,13:10:56.169409
112.045455,2923,2053,13:10:56.169409
112.047313,2767,2244,13:10:56.169409
112.04917,2793,2171,13:10:56.169409
112.051026,2758,2472,13:10:56.169409
112.052882,2580,2210,13:10:56.169409
112.054739,2725,2157,13:10:56.218988
112.056601,2656,2240,13:10:56.218988
112.058462,2894,2250,13:10:56.218988
112.060373,2661,2211,13:10:56.218988
112.062238,2640,2254,13:10:56.219995
112.064096,2769,2212,13:10:56.219995
112.065955,2606,2064,13:10:56.219995
112.067811,2638,2512,13:10:56.219995
112.069671,2468,2225,13:10:56.219995
112.071528,2103,2205,13:10:56.219995
112.073386,2671,2241,13:10:56.219995
112.075244,1917,2274,13:10:56.219995
112.077148,2636,2585,13:10:56.219995
112.079009,2806,2365,13:10:56.219995
112.080867,2713,2320,13:10:56.219995
112.082724,2945,2210,13:10:56.219995
112.084582,2644,2397,13:10:56.219995
112.086443,2850,2099,13:10:56.219995
112.088301,2523,2044,13:10:56.219995
112.090157,2858,2204,13:10:56.219995
112.092019,2636,2441,13:10:56.219995
112.093876,2895,2039,13:10:56.219995
112.095732,2503,2198,13:10:56.219995
112.097592,2718,2424,13:10:56.219995
112.099449,2675,2459,13:10:56.219995
112.101309,2692,2334,13:10:56.219995
112.103165,2691,2178,13:10:56.219995
112.105022,2699,2337,13:10:56.270726
112.106892,2861,2463,13:10:56.270726
112.108752,2576,2257,13:10:56.270726
112.110645,2692,2193,13:10:56.270726
112.112503,2651,2309,13:10:56.270726
112.114359,2592,2302,13:10:56.270726
112.116218,2593,2239,13:10:56.270726
112.118078,2844,2183,13:10:56.270726
112.119936,2614,2374,13:10:56.270726
112.121795,2684,2091,13:10:56.270726
112.123659,2403,2364,13:10:56.270726
112.125515,2801,2337,13:10:56.270726
112.127374,2412,2265,13:10:56.270726
112.129232,2712,2307,13:10:56.270726
112.131088,2721,2397,13:10:56.270726
112.132947,2575,2506,13:10:56.270726
112.134803,2703,2221,13:10:56.270726
112.136659,2839,2238,13:10:56.270726
112.138518,2587,2481,13:10:56.270726
112.14038,2592,2445,13:10:56.270726
112.142237,2602,2146,13:10:56.270726
112.144093,2811,2366,13:10:56.270726
112.145951,2701,2303,13:10:56.270726
112.147808,2728,2172,13:10:56.270726
112.149664,2495,2035,13:10:56.270726
112.151522,2643,2168,13:10:56.270726
112.153379,2811,2241,13:10:56.270726
112.155237,2529,2443,13:10:56.320415
112.157115,2852,2124,13:10:56.320415
112.158976,2637,2279,13:10:56.320415
112.160868,2431,2354,13:10:56.320415
112.162726,2561,2330,13:10:56.320415
112.164584,2711,2310,13:10:56.320415
112.166441,2721,2055,13:10:56.320415
112.168297,2455,2094,13:10:56.320415
112.170155,2723,2203,13:10:56.320415
112.172015,2652,2182,13:10:56.320415
112.173876,2489,2360,13:10:56.320415
112.175758,2458,2380,13:10:56.320415
112.177623,2517,2189,13:10:56.320415
112.179481,2460,2332,13:10:56.320415
112.181339,2702,2314,13:10:56.320415
112.183196,2709,2154,13:10:56.320415
112.185052,2680,2196,13:10:56.320415
112.18691,2658,2217,13:10:56.320415
112.188767,2608,2260,13:10:56.320415
112.190623,2767,2127,13:10:56.320415
112.192482,2796,2252,13:10:56.320415
112.194338,2777,2188,13:10:56.320415
112.196196,2705,1903,13:10:56.320415
112.198053,2641,2184,13:10:56.320415
112.199917,2806,2327,13:10:56.320415
112.201773,2579,2282,13:10:56.320415
112.20363,3014,2178,13:10:56.320415
112.20549,2457,2151,13:10:56.373473
112.207358,2529,2129,13:10:56.373473
112.209219,2789,2594,13:10:56.373473
112.211113,2484,2113,13:10:56.374462
112.212977,2811,2158,13:10:56.374462
112.214835,2650,2097,13:10:56.374462
112.216696,2452,2423,13:10:56.374462
112.218558,2568,2379,13:10:56.374462
112.220414,2643,2330,13:10:56.374462
112.222271,2784,2340,13:10:56.374462
112.224133,2364,2418,13:10:56.374462
112.226011,2169,2131,13:10:56.374462
112.227892,2621,2472,13:10:56.374462
112.229748,2715,2319,13:10:56.374462
112.231604,2719,2226,13:10:56.374462
112.233463,2811,2367,13:10:56.374462
112.235319,2603,2297,13:10:56.374462
112.237177,2412,2184,13:10:56.374462
112.239034,2697,2553,13:10:56.374462
112.24089,2822,2219,13:10:56.374462
112.242748,2467,2256,13:10:56.374462
112.244609,2411,2366,13:10:56.374462
112.246465,2666,2455,13:10:56.374462
112.248322,2678,2438,13:10:56.374462
112.25018,2906,2344,13:10:56.374462
112.252036,2639,2206,13:10:56.374462
112.253893,2684,2544,13:10:56.374462
112.255753,2600,2326,13:10:56.423640
112.257613,2867,2219,13:10:56.423640
112.259477,2698,2159,13:10:56.423640
112.261394,2713,2550,13:10:56.423640
112.263257,2520,1920,13:10:56.423640
112.265116,2657,2187,13:10:56.425640
112.266973,2534,2331,13:10:56.425640
112.268831,2470,2232,13:10:56.425640
112.270689,2528,2257,13:10:56.425640
112.272546,2569,2268,13:10:56.425640
112.274404,2713,2392,13:10:56.425640
112.276261,2577,2376,13:10:56.425640
112.278123,693,2328,13:10:56.425640
112.280011,2859,2144,13:10:56.425640
112.281869,2870,2013,13:10:56.425640
112.283728,2813,2232,13:10:56.425640
112.285584,2667,2492,13:10:56.427642
112.287442,2701,2198,13:10:56.427642
112.289299,2537,2398,13:10:56.427642
112.291159,2724,2398,13:10:56.427642
112.293015,2917,2616,13:10:56.430642
112.294879,2876,2288,13:10:56.430642
112.29674,3034,2186,13:10:56.430642
112.298596,2725,2500,13:10:56.430642
112.300455,2763,2343,13:10:56.430642
112.302311,3056,2288,13:10:56.430642
112.304168,2462,2312,13:10:56.430642
112.30604,2851,2387,13:10:56.477933
112.3079,2887,2356,13:10:56.477933
112.309764,2610,2191,13:10:56.477933
112.311661,2750,2264,13:10:56.477933
112.313517,2746,2162,13:10:56.477933
112.315377,2658,2362,13:10:56.477933
112.317234,2769,2260,13:10:56.477933
112.319092,2841,2223,13:10:56.477933
112.320949,2648,2268,13:10:56.477933
112.322805,2803,2211,13:10:56.477933
112.324663,2513,2397,13:10:56.477933
112.326527,2227,2484,13:10:56.477933
112.328384,2720,2349,13:10:56.477933
112.330242,1637,2497,13:10:56.477933
112.332101,2587,2383,13:10:56.477933
112.333957,2795,2337,13:10:56.477933
112.335813,2921,2203,13:10:56.477933
112.337672,2707,2225,13:10:56.477933
112.339528,2759,2171,13:10:56.477933
112.341384,2431,2081,13:10:56.477933
112.343241,2567,2276,13:10:56.477933
112.345105,2673,2370,13:10:56.477933
112.346961,2826,2482,13:10:56.477933
112.348818,2676,2171,13:10:56.477933
112.350676,2562,2307,13:10:56.477933
112.352532,2695,2263,13:10:56.477933
112.354389,2938,2463,13:10:56.477933
112.356265,2679,2245,13:10:56.534144
112.358125,2451,2122,13:10:56.534144
112.360003,2810,2454,13:10:56.534144
112.361898,2609,2120,13:10:56.534144
112.363758,2150,2419,13:10:56.534144
112.365617,2644,2349,13:10:56.534144
112.367473,2110,2314,13:10:56.534144
112.369335,2722,2142,13:10:56.534144
112.371192,2292,2293,13:10:56.534144
112.37305,2144,2168,13:10:56.534144
112.374906,2803,2091,13:10:56.534144
112.376763,2321,2300,13:10:56.534144
112.378622,2431,2396,13:10:56.534144
112.380498,2716,2316,13:10:56.534144
112.382366,2849,2616,13:10:56.534144
112.384222,1715,2422,13:10:56.534144
112.386078,2571,2478,13:10:56.534144
112.387937,2688,2298,13:10:56.534144
112.389797,2402,2256,13:10:56.534144
112.391653,2629,2228,13:10:56.534144
112.39351,2899,2029,13:10:56.534144
112.395368,2534,2163,13:10:56.534144
112.397224,2589,2405,13:10:56.534144
112.399081,2426,2210,13:10:56.534144
112.400939,2627,2560,13:10:56.534144
112.402801,2838,2536,13:10:56.534144
112.40466,2574,2280,13:10:56.577152
112.40653,2817,2366,13:10:56.577152
112.408391,2775,2314,13:10:56.578152
112.4103,2525,2434,13:10:56.578152
112.412163,2649,2332,13:10:56.578152
112.414027,2711,2287,13:10:56.578152
112.415884,2741,2279,13:10:56.578152
112.41774,2676,2420,13:10:56.578152
112.419598,2485,2238,13:10:56.578152
112.421455,2810,2310,13:10:56.578152
112.423313,2692,2470,13:10:56.578152
112.425169,2432,2178,13:10:56.578152
112.427032,2293,2181,13:10:56.578152
112.4289,2271,2262,13:10:56.578152
112.430757,2515,2258,13:10:56.578152
112.432615,2705,2431,13:10:56.578152
112.434471,2689,1947,13:10:56.578152
112.436329,2802,2390,13:10:56.578152
112.438188,2352,2550,13:10:56.578152
112.44008,1024,2442,13:10:56.578152
112.441944,2839,2564,13:10:56.578152
112.443803,2757,2101,13:10:56.578152
112.445665,2718,2450,13:10:56.578152
112.447521,2629,2232,13:10:56.578152
112.449378,2713,2343,13:10:56.578152
112.451236,2574,2472,13:10:56.578152
112.453092,2452,2527,13:10:56.578152
112.454951,2484,2302,13:10:56.629950
112.456813,2556,2409,13:10:56.629950
112.458673,2624,2495,13:10:56.629950
112.46058,2825,2276,13:10:56.629950
112.46244,2617,2492,13:10:56.629950
112.464298,2710,2137,13:10:56.629950
112.466157,2729,2403,13:10:56.629950
112.468013,2447,2390,13:10:56.629950
112.469871,2798,2170,13:10:56.629950
112.471728,2711,2507,13:10:56.629950
112.473586,2732,2299,13:10:56.629950
112.475444,2697,2483,13:10:56.629950
112.477307,2459,2174,13:10:56.629950
112.479163,2769,2571,13:10:56.629950
112.481021,2736,2436,13:10:56.629950
112.48288,1558,2219,13:10:56.629950
112.484782,2630,2450,13:10:56.629950
112.48664,2775,2120,13:10:56.629950
112.488497,2544,2368,13:10:56.629950
112.490363,2550,2502,13:10:56.629950
112.492219,2756,2396,13:10:56.629950
112.494076,2639,2319,13:10:56.629950
112.495934,2953,2373,13:10:56.629950
112.497792,2656,2533,13:10:56.629950
112.499649,2553,2366,13:10:56.629950
112.501507,2827,2486,13:10:56.629950
112.503363,2763,2340,13:10:56.629950
112.50522,2590,2302,13:10:56.680634
112.507086,2813,2511,13:10:56.680634
112.508948,2603,2294,13:10:56.680634
112.510855,2309,2383,13:10:56.680634
112.512713,2489,2369,13:10:56.680634
112.514571,2584,2514,13:10:56.680634
112.516428,2632,2207,13:10:56.680634
112.518286,2826,2418,13:10:56.680634
112.520144,2751,2501,13:10:56.680634
112.522,2414,2432,13:10:56.680634
112.523859,2735,2343,13:10:56.680634
112.525715,2857,2446,13:10:56.680634
112.52758,2387,2367,13:10:56.680634
112.529437,2978,2290,13:10:56.680634
112.531296,2739,2353,13:10:56.680634
112.533175,2671,2510,13:10:56.680634
112.535039,1525,2512,13:10:56.680634
112.536895,2670,2433,13:10:56.680634
112.538752,2708,2341,13:10:56.680634
112.540608,2826,2557,13:10:56.680634
112.542466,2663,2258,13:10:56.680634
112.544323,2848,2306,13:10:56.680634
112.546179,2668,2474,13:10:56.680634
112.548035,2885,2343,13:10:56.680634
112.549898,2673,2192,13:10:56.680634
112.551754,2609,2480,13:10:56.680634
112.55361,2560,2257,13:10:56.680634
112.555471,2831,2233,13:10:56.729808
112.557339,2566,2247,13:10:56.730826
112.559201,2520,2492,13:10:56.731816
112.561104,2981,2514,13:10:56.731816
112.562966,2492,2563,13:10:56.734814
112.564826,2744,2184,13:10:56.734814
112.566683,2235,2309,13:10:56.734814
112.568547,2490,2234,13:10:56.734814
112.570403,2752,2639,13:10:56.734814
112.57226,2689,2533,13:10:56.734814
112.574118,1908,2279,13:10:56.734814
112.575974,2780,2221,13:10:56.734814
112.577833,2659,2117,13:10:56.734814
112.579689,2464,2491,13:10:56.734814
112.581545,2762,2489,13:10:56.734814
112.583405,1968,2200,13:10:56.734814
112.585284,2239,2245,13:10:56.734814
112.587152,2648,2120,13:10:56.734814
112.589009,2643,2348,13:10:56.734814
112.590867,2927,2213,13:10:56.734814
112.592725,2581,2513,13:10:56.734814
112.594582,2610,2326,13:10:56.734814
112.596442,2927,2543,13:10:56.734814
112.598298,2770,2355,13:10:56.734814
112.600157,2548,2401,13:10:56.734814
112.602013,2681,2479,13:10:56.734814
112.603871,2690,2276,13:10:56.734814
112.605734,2597,2341,13:10:56.782303
112.607598,2746,2353,13:10:56.782303
112.609462,2617,2299,13:10:56.782303
112.61136,2546,2470,13:10:56.782303
112.613217,2684,2178,13:10:56.782303
112.615075,2719,2174,13:10:56.782303
112.616932,2441,2381,13:10:56.782303
112.618788,2815,2226,13:10:56.782303
112.620646,2722,2570,13:10:56.782303
112.622509,2570,2241,13:10:56.782303
112.624367,2281,2242,13:10:56.782303
112.626227,2762,2424,13:10:56.782303
112.628084,2753,2321,13:10:56.782303
112.62994,2437,2268,13:10:56.782303
112.631801,2351,2405,13:10:56.782303
112.633665,2769,2603,13:10:56.782303
112.635522,614,2269,13:10:56.782303
112.637381,2712,2523,13:10:56.782303
112.639238,2466,2496,13:10:56.782303
112.641096,2732,2335,13:10:56.782303
112.642963,2560,2454,13:10:56.782303
112.644842,2518,2464,13:10:56.782303
112.646703,2747,2252,13:10:56.782303
112.648559,2844,2193,13:10:56.782303
112.650415,2667,2066,13:10:56.782303
112.652272,2831,2434,13:10:56.782303
112.65413,3014,2373,13:10:56.782303
112.655994,2557,2488,13:10:56.833846
112.657861,2620,2315,13:10:56.833846
112.659724,2631,2530,13:10:56.833846
112.661643,2933,2264,13:10:56.833846
112.6635,2468,2264,13:10:56.833846
112.665358,2755,2434,13:10:56.833846
112.667214,2738,2367,13:10:56.833846
112.669079,2569,2040,13:10:56.833846
112.670935,2957,2421,13:10:56.833846
112.672795,2692,2457,13:10:56.833846
112.674654,2618,2311,13:10:56.833846
112.676511,2613,2285,13:10:56.833846
112.678368,2061,2337,13:10:56.833846
112.680225,2542,2430,13:10:56.833846
112.682083,2748,2619,13:10:56.833846
112.683939,2737,2382,13:10:56.833846
112.685799,2689,2439,13:10:56.833846
112.687682,1076,2467,13:10:56.833846
112.689546,2733,2530,13:10:56.833846
112.691405,3051,2517,13:10:56.833846
112.693261,2704,2445,13:10:56.833846
112.695117,2961,2390,13:10:56.833846
112.696976,2680,2386,13:10:56.833846
112.698834,2662,2221,13:10:56.833846
112.70069,2735,2392,13:10:56.833846
112.702547,2898,2488,13:10:56.833846
112.704411,2782,2555,13:10:56.833846
112.706275,2468,2139,13:10:56.886262
112.708136,2597,2296,13:10:56.886262
112.710014,2678,2319,13:10:56.886262
112.7119,2548,2685,13:10:56.886262
112.713756,2584,2390,13:10:56.886262
112.715615,2441,2368,13:10:56.886262
112.717472,2655,2181,13:10:56.886262
112.719329,2684,2418,13:10:56.886262
112.721186,2153,2425,13:10:56.886262
112.723042,2654,2730,13:10:56.886262
112.724899,2534,2691,13:10:56.886262
112.726755,2603,2247,13:10:56.886262
112.728613,2858,2562,13:10:56.886262
112.730473,2813,2538,13:10:56.886262
112.732332,2067,2672,13:10:56.886262
112.734189,2250,2418,13:10:56.886262
112.736051,2832,2391,13:10:56.886262
112.737935,2728,2542,13:10:56.886262
112.739801,2089,2329,13:10:56.886262
112.741657,2565,2424,13:10:56.886262
112.743514,2913,2517,13:10:56.886262
112.74537,2770,2499,13:10:56.886262
112.747226,2727,2579,13:10:56.886262
112.749083,2703,2435,13:10:56.886262
112.750941,2978,2288,13:10:56.886262
112.752799,2722,2612,13:10:56.886262
112.754658,2779,2366,13:10:56.954043
112.756528,2626,2202,13:10:56.954043
112.758388,2580,2448,13:10:56.954043
112.760302,2684,2386,13:10:56.954043
112.762171,2730,2547,13:10:56.954043
112.764027,2697,2223,13:10:56.954043
112.765886,2583,2582,13:10:56.954043
112.767752,2464,2205,13:10:56.954043
112.769608,2290,2415,13:10:56.954043
112.771465,2587,2539,13:10:56.954043
112.773323,2600,2636,13:10:56.954043
112.775179,2632,2192,13:10:56.954043
112.777036,2633,2293,13:10:56.954043
112.778894,2591,2577,13:10:56.954043
112.78075,2176,2485,13:10:56.954043
112.782607,2399,2477,13:10:56.954043
112.784463,2603,2501,13:10:56.954043
112.786329,1965,2517,13:10:56.954043
112.788186,2366,2370,13:10:56.954043
112.790042,2820,2656,13:10:56.954043
112.791906,1429,2193,13:10:56.954043
112.793789,2874,2797,13:10:56.988013
112.795653,2634,2445,13:10:56.988013
112.797509,2591,2332,13:10:56.988013
112.799366,2825,2443,13:10:56.988013
112.801224,2900,2548,13:10:56.988013
112.80308,2402,2557,13:10:56.988013
112.804939,2699,2467,13:10:56.988013
112.806805,2888,2503,13:10:56.988013
112.808665,2504,2693,13:10:56.988013
112.81057,2753,2436,13:10:56.988013
112.812474,2665,2672,13:10:56.988013
112.81433,2663,2526,13:10:56.988013
112.816188,2552,2586,13:10:56.988013
112.818045,2891,2478,13:10:56.988013
112.819901,2446,2731,13:10:56.988013
112.821759,2512,2514,13:10:56.988013
112.823626,2853,2473,13:10:56.988013
112.825482,2780,2617,13:10:56.988013
112.827338,2368,2427,13:10:56.988013
112.829197,2533,2440,13:10:56.988013
112.831053,2311,2536,13:10:56.988013
112.832911,2440,2589,13:10:56.988013
112.834768,2072,2469,13:10:56.988013
112.836625,2541,2603,13:10:56.988013
112.838484,2237,2438,13:10:56.988013
112.840383,2778,2489,13:10:56.988013
112.842241,2511,2656,13:10:56.988013
112.844101,2709,2566,13:10:56.988013
112.845958,2622,2554,13:10:56.988013
112.847814,2582,2788,13:10:56.988013
112.849671,2615,2784,13:10:56.988013
112.851529,2604,2624,13:10:56.988013
112.853385,2587,2673,13:10:56.988013
112.855243,2733,2405,13:10:57.037496
112.857122,2752,2650,13:10:57.037496
112.858983,1605,2588,13:10:57.037496
112.860874,2400,2619,13:10:57.037496
112.862749,2717,2644,13:10:57.037496
112.864606,2616,2421,13:10:57.037496
112.866465,2700,2673,13:10:57.037496
112.868327,2234,2866,13:10:57.037496
112.870184,2321,2704,13:10:57.037496
112.87204,2800,2578,13:10:57.037496
112.873905,2263,2420,13:10:57.037496
112.875763,2880,2623,13:10:57.037496
112.877619,2880,2767,13:10:57.037496
112.879478,2755,2757,13:10:57.037496
112.881334,2551,2624,13:10:57.037496
112.883192,2571,2542,13:10:57.037496
112.885049,2833,2551,13:10:57.037496
112.886909,2724,2437,13:10:57.037496
112.888768,2812,2580,13:10:57.037496
112.890629,2673,2584,13:10:57.037496
112.892488,2615,2745,13:10:57.037496
112.894384,2320,2524,13:10:57.037496
112.896245,2872,2524,13:10:57.037496
112.898103,2766,2503,13:10:57.038505
112.89996,2678,2674,13:10:57.038505
112.901818,2712,2627,13:10:57.038505
112.903674,2759,2528,13:10:57.038505
112.905537,2630,2734,13:10:57.055501
112.907405,2783,2534,13:10:57.055501
112.909265,2778,2327,13:10:57.055501
112.911181,2596,2406,13:10:57.055501
112.913038,2652,2764,13:10:57.055501
112.914898,2641,2567,13:10:57.055501
112.916756,2646,2422,13:10:57.055501
112.918613,2530,2616,13:10:57.055501
112.920471,2542,2823,13:10:57.055501
112.922328,2895,2640,13:10:57.055501
112.924192,2642,2653,13:10:57.055501
112.926048,2354,2611,13:10:57.055501
112.927905,2488,2659,13:10:57.055501
112.929763,2363,2538,13:10:57.055501
112.931619,2289,2488,13:10:57.055501
112.933476,2710,2715,13:10:57.055501
112.935332,2483,2814,13:10:57.055501
112.937188,2766,2560,13:10:57.055501
112.939045,2741,2534,13:10:57.055501
112.940912,2087,3012,13:10:57.055501
112.942772,1472,2742,13:10:57.055501
112.944634,2702,2787,13:10:57.055501
112.946497,2643,2489,13:10:57.055501
112.948378,2825,2525,13:10:57.055501
112.950257,2710,2586,13:10:57.055501
112.952115,2452,2916,13:10:57.055501
112.953971,2781,2514,13:10:57.055501
112.955832,2550,2565,13:10:57.105649
112.957698,2790,2656,13:10:57.105649
112.959561,2809,2690,13:10:57.105649
112.96148,2558,2706,13:10:57.105649
112.963337,2716,2676,13:10:57.105649
112.965193,2798,2439,13:10:57.105649
112.967051,2833,2772,13:10:57.106650
112.968908,2648,2766,13:10:57.106650
112.970768,2587,2675,13:10:57.106650
112.972625,2818,2596,13:10:57.106650
112.974483,2598,2541,13:10:57.106650
112.976341,2714,2599,13:10:57.106650
112.978198,2713,2715,13:10:57.106650
112.980058,2761,2658,13:10:57.106650
112.981914,2686,2667,13:10:57.106650
112.983775,2694,2627,13:10:57.106650
112.985631,2711,2785,13:10:57.106650
112.987487,2601,2526,13:10:57.106650
112.989346,2796,2648,13:10:57.106650
112.991204,2654,2641,13:10:57.106650
112.993062,2770,2545,13:10:57.106650
112.994919,2567,2662,13:10:57.106650
112.996785,2753,2610,13:10:57.106650
112.998641,2533,2528,13:10:57.111650
113.000498,2567,2576,13:10:57.111650
113.002356,2701,2707,13:10:57.111650
113.004212,3030,2583,13:10:57.111650
113.006087,2616,2705,13:10:57.155470
113.007947,2682,2606,13:10:57.155470
113.009821,2710,2854,13:10:57.155470
113.011737,2376,2705,13:10:57.155470
113.013594,2671,2650,13:10:57.155470
113.01545,2600,2709,13:10:57.155470
113.017308,2534,2638,13:10:57.155470
113.019167,2711,2451,13:10:57.155470
113.021023,2577,2611,13:10:57.155470
113.02288,2900,2677,13:10:57.155470
113.024738,2585,2864,13:10:57.155470
113.026594,2589,2784,13:10:57.155470
113.028451,2632,2470,13:10:57.155470
113.030309,2620,2895,13:10:57.155470
113.032165,2653,2485,13:10:57.155470
113.034024,2832,2823,13:10:57.155470
113.03588,2526,2761,13:10:57.155470
113.037744,2575,2656,13:10:57.155470
113.039601,2789,2639,13:10:57.155470
113.041457,2531,2692,13:10:57.155470
113.043317,2561,2707,13:10:57.155470
113.045174,2531,2810,13:10:57.155470
113.047032,2752,2601,13:10:57.155470
113.048888,2770,2901,13:10:57.155470
113.050745,2723,2667,13:10:57.155470
113.052601,2456,2693,13:10:57.155470
113.054457,2596,2760,13:10:57.155470
113.056332,2759,2643,13:10:57.205384
113.058196,2272,2742,13:10:57.205384
113.06006,2611,2576,13:10:57.205384
113.061959,2496,2994,13:10:57.205384
113.063815,2681,2734,13:10:57.205384
113.065673,2707,2993,13:10:57.205384
113.06753,2674,2843,13:10:57.205384
113.06939,2710,2509,13:10:57.205384
113.071246,2705,2842,13:10:57.205384
113.073103,2375,2652,13:10:57.205384
113.074963,2472,2722,13:10:57.205384
113.076819,2573,2856,13:10:57.205384
113.078678,2557,2784,13:10:57.205384
113.080534,2533,2917,13:10:57.205384
113.08239,2659,2405,13:10:57.205384
113.084249,2678,2685,13:10:57.205384
113.086109,2603,2949,13:10:57.205384
113.087967,2579,2736,13:10:57.205384
113.089824,2621,2636,13:10:57.205384
113.09169,2548,2673,13:10:57.205384
113.093546,2497,2781,13:10:57.205384
113.095403,2631,2709,13:10:57.205384
113.097261,2553,2783,13:10:57.205384
113.099117,2368,2791,13:10:57.205384
113.100976,2383,2646,13:10:57.205384
113.10287,2319,2706,13:10:57.205384
113.104728,2373,2643,13:10:57.255588
113.106593,2380,2593,13:10:57.255588
113.108453,2570,2851,13:10:57.255588
113.110355,2520,2828,13:10:57.255588
113.112219,2463,2877,13:10:57.255588
113.114081,2482,2915,13:10:57.255588
113.11594,2702,2839,13:10:57.255588
113.117799,2503,2764,13:10:57.255588
113.119663,2372,2713,13:10:57.255588
113.121519,2384,2702,13:10:57.255588
113.123378,2449,2763,13:10:57.255588
113.125236,2501,2875,13:10:57.255588
113.127092,2433,2534,13:10:57.255588
113.128951,2527,2680,13:10:57.255588
113.130807,2508,2801,13:10:57.255588
113.132663,2459,2698,13:10:57.255588
113.13452,2585,2726,13:10:57.255588
113.136383,2550,2935,13:10:57.255588
113.13824,2583,2807,13:10:57.255588
113.140097,2459,2690,13:10:57.255588
113.141955,2607,2717,13:10:57.255588
113.143811,2798,2783,13:10:57.255588
113.14567,2568,2838,13:10:57.255588
113.147528,2492,2860,13:10:57.255588
113.149384,2412,3028,13:10:57.255588
113.151243,2609,2681,13:10:57.255588
113.153099,2382,2668,13:10:57.255588
113.154961,2533,2792,13:10:57.306163
113.156838,2848,2739,13:10:57.306163
113.158702,2587,2673,13:10:57.308165
113.160602,2593,2831,13:10:57.311163
113.162468,2315,2867,13:10:57.311163
113.164337,2733,2999,13:10:57.311163
113.166195,2413,2765,13:10:57.311163
113.168051,2778,2694,13:10:57.311163
113.16991,2521,2956,13:10:57.311163
113.171766,2537,2882,13:10:57.311163
113.173622,2380,2794,13:10:57.311163
113.175481,2486,3019,13:10:57.311163
113.177342,2526,2712,13:10:57.311163
113.1792,2746,2511,13:10:57.311163
113.181056,2835,2886,13:10:57.311163
113.182914,2736,2706,13:10:57.311163
113.184773,2461,2674,13:10:57.311163
113.186629,2818,2840,13:10:57.311163
113.188487,2944,2859,13:10:57.311163
113.190344,2631,3048,13:10:57.311163
113.192202,2521,2733,13:10:57.311163
113.194058,2609,2976,13:10:57.311163
113.195921,2588,2911,13:10:57.311163
113.197777,2590,2858,13:10:57.311163
113.199634,2610,2752,13:10:57.311163
113.201492,2573,2808,13:10:57.311163
113.203348,2518,2943,13:10:57.311163
113.205207,2529,2739,13:10:57.355814
113.207079,2476,2496,13:10:57.355814
113.208939,2785,2917,13:10:57.355814
113.210829,2210,2712,13:10:57.355814
113.212686,2776,2818,13:10:57.355814
113.214544,2585,2676,13:10:57.355814
113.216402,2529,2943,13:10:57.355814
113.218259,2562,2867,13:10:57.355814
113.220115,2769,3072,13:10:57.355814
113.221972,2668,2842,13:10:57.355814
113.223828,2681,2684,13:10:57.355814
113.225684,2474,2729,13:10:57.355814
113.227547,2800,2912,13:10:57.355814
113.229403,2435,2782,13:10:57.355814
113.231259,2607,2766,13:10:57.355814
113.233118,2667,2733,13:10:57.355814
113.234974,2559,2704,13:10:57.355814
113.236832,2481,2632,13:10:57.355814
113.238689,2606,2886,13:10:57.355814
113.240551,2496,2721,13:10:57.355814
113.242407,2654,2703,13:10:57.355814
113.244264,2350,2825,13:10:57.355814
113.246126,2628,2448,13:10:57.355814
113.247986,2693,2905,13:10:57.355814
113.249845,2696,2886,13:10:57.356868
113.251701,2850,2773,13:10:57.356868
113.253557,2572,2705,13:10:57.356868
113.255416,2608,2747,13:10:57.405255
113.257284,2548,2992,13:10:57.405255
113.259152,2441,2753,13:10:57.405255
113.261081,2575,2597,13:10:57.405255
113.262939,2482,2749,13:10:57.405255
113.264797,2453,2651,13:10:57.405255
113.266654,2437,2791,13:10:57.405255
113.268514,2695,2617,13:10:57.405255
113.27037,2599,2789,13:10:57.405255
113.272227,2633,2806,13:10:57.405255
113.274085,2571,2746,13:10:57.405255
113.275941,2540,3005,13:10:57.405255
113.277802,2578,2817,13:10:57.405255
113.279658,2599,2834,13:10:57.405255
113.281514,2734,2989,13:10:57.405255
113.283371,2402,2865,13:10:57.405255
113.285234,2426,2899,13:10:57.405255
113.287093,2631,3038,13:10:57.405255
113.28895,2725,2846,13:10:57.405255
113.290808,2502,2709,13:10:57.405255
113.292664,2577,2963,13:10:57.405255
113.294521,2612,2836,13:10:57.405255
113.296379,2819,2857,13:10:57.405255
113.298236,2539,2600,13:10:57.405255
113.300094,2498,2956,13:10:57.405255
113.30195,2511,2875,13:10:57.405255
113.303813,2665,2776,13:10:57.405255
113.305699,2822,2812,13:10:57.455088
113.307561,2643,3096,13:10:57.455088
113.309423,2756,2868,13:10:57.455088
113.311326,2591,2873,13:10:57.455088
113.313182,2680,2706,13:10:57.455088
113.315042,2550,2876,13:10:57.455088
113.316899,2635,2774,13:10:57.455088
113.318757,2495,2872,13:10:57.455088
113.320614,2579,2705,13:10:57.455088
113.32247,2736,2838,13:10:57.455088
113.324326,2888,2865,13:10:57.455088
113.326183,2550,2851,13:10:57.455088
113.328043,2790,2804,13:10:57.455088
113.329899,2759,2723,13:10:57.455088
113.331758,2468,2777,13:10:57.455088
113.333614,2622,2833,13:10:57.455088
113.33547,2510,2607,13:10:57.455088
113.337329,2462,2654,13:10:57.455088
113.339189,2849,2605,13:10:57.455088
113.341047,2553,2710,13:10:57.455088
113.342904,2820,2495,13:10:57.455088
113.34477,2769,2844,13:10:57.455088
113.346626,2800,2838,13:10:57.455088
113.348483,2594,2878,13:10:57.455088
113.350343,2356,2999,13:10:57.455088
113.352199,2687,2785,13:10:57.455088
113.354058,2615,2666,13:10:57.455088
113.35592,2645,2954,13:10:57.505184
113.35778,2613,2841,13:10:57.505184
113.359642,2613,3067,13:10:57.505184
113.361553,2632,2543,13:10:57.505184
113.363429,2746,2949,13:10:57.505184
113.365286,2624,2761,13:10:57.505184
113.367152,2699,2792,13:10:57.505184
113.369008,2877,2833,13:10:57.505184
113.370867,2730,2788,13:10:57.505184
113.372725,2729,2760,13:10:57.505184
113.374581,2563,2809,13:10:57.505184
113.376438,2666,2787,13:10:57.505184
113.378296,2738,2771,13:10:57.505184
113.380152,2632,2664,13:10:57.505184
113.382009,2595,2605,13:10:57.505184
113.383867,2558,2861,13:10:57.505184
113.385729,2596,2766,13:10:57.505184
113.387586,2669,2966,13:10:57.505184
113.389442,2700,2731,13:10:57.505184
113.391299,2662,2710,13:10:57.505184
113.393155,2688,3042,13:10:57.505184
113.395013,2547,2878,13:10:57.505184
113.396874,2619,2561,13:10:57.505184
113.39873,2515,2971,13:10:57.505184
113.400586,2534,2784,13:10:57.505184
113.40245,2791,2741,13:10:57.505184
113.404307,2746,2534,13:10:57.505184
113.406175,2828,2715,13:10:57.555446
113.40804,2862,2907,13:10:57.555446
113.409914,2464,2846,13:10:57.555446
113.411802,2605,2910,13:10:57.556461
113.413661,2447,2878,13:10:57.556461
113.415517,2699,2606,13:10:57.556461
113.417373,2578,2628,13:10:57.556461
113.419232,2484,2711,13:10:57.556461
113.421098,2591,2779,13:10:57.557445
113.422954,2520,2809,13:10:57.557445
113.424811,2587,3107,13:10:57.557445
113.426669,2705,2843,13:10:57.557445
113.428525,2596,2871,13:10:57.557445
113.430382,2568,2756,13:10:57.557445
113.43224,2670,2898,13:10:57.557445
113.434097,2653,2961,13:10:57.557445
113.435955,2899,2830,13:10:57.557445
113.437811,2650,2814,13:10:57.557445
113.439676,2649,2729,13:10:57.557445
113.441532,2959,2750,13:10:57.558458
113.443388,2758,2733,13:10:57.558458
113.445247,2623,2821,13:10:57.558458
113.447103,2806,2820,13:10:57.558458
113.448959,2523,2600,13:10:57.558458
113.450816,2521,2807,13:10:57.558458
113.452674,2985,2863,13:10:57.558458
113.45453,2648,2903,13:10:57.605578
113.456395,2485,2731,13:10:57.605578
113.458255,2872,2679,13:10:57.605578
113.460143,2610,2694,13:10:57.605578
113.462034,2586,2538,13:10:57.605578
113.463892,2928,2500,13:10:57.605578
113.46575,2751,2754,13:10:57.605578
113.467609,2350,2820,13:10:57.605578
113.469465,2697,2966,13:10:57.605578
113.471321,2861,2842,13:10:57.605578
113.473178,2552,2819,13:10:57.605578
113.475044,2650,2849,13:10:57.605578
113.4769,2697,2634,13:10:57.605578
113.478757,2789,2752,13:10:57.605578
113.480615,2555,2654,13:10:57.605578
113.482471,2902,2654,13:10:57.605578
113.484328,2709,2587,13:10:57.605578
113.486186,2811,2590,13:10:57.605578
113.488043,2802,2843,13:10:57.605578
113.489901,2704,2858,13:10:57.605578
113.491757,2637,2665,13:10:57.605578
113.493622,2826,2582,13:10:57.605578
113.495478,2890,2737,13:10:57.605578
113.497334,2621,2867,13:10:57.605578
113.499193,2748,2560,13:10:57.605578
113.501049,2863,2744,13:10:57.605578
113.502905,2555,2749,13:10:57.605578
113.504764,2783,2708,13:10:57.657635
113.506654,2730,2854,13:10:57.657635
113.508514,2732,2574,13:10:57.657635
113.510402,2633,2845,13:10:57.657635
113.512311,2511,3028,13:10:57.657635
113.514169,2838,2885,13:10:57.657635
113.516025,2655,2451,13:10:57.657635
113.517884,2733,2804,13:10:57.657635
113.51974,2676,2559,13:10:57.657635
113.521602,2759,2848,13:10:57.657635
113.523461,2621,2587,13:10:57.657635
113.525327,2903,2495,13:10:57.657635
113.527183,2811,2505,13:10:57.657635
113.52904,2650,2812,13:10:57.657635
113.530898,2587,2805,13:10:57.657635
113.532755,2430,2627,13:10:57.657635
113.534611,2745,2720,13:10:57.657635
113.536469,2812,2963,13:10:57.657635
113.538326,2972,2618,13:10:57.657635
113.540184,2601,2935,13:10:57.657635
113.54204,2780,2748,13:10:57.657635
113.543905,2659,2568,13:10:57.657635
113.545763,2893,2850,13:10:57.657635
113.54762,2638,2388,13:10:57.657635
113.549478,2654,2772,13:10:57.657635
113.551334,2517,2841,13:10:57.657635
113.553193,2600,2852,13:10:57.657635
113.555051,2644,2737,13:10:57.704798
113.556923,2578,2577,13:10:57.704798
113.558784,2651,2724,13:10:57.704798
113.560689,2568,2542,13:10:57.704798
113.562566,2627,2730,13:10:57.704798
113.564428,2734,2874,13:10:57.704798
113.566286,2668,2770,13:10:57.704798
113.568143,2692,2515,13:10:57.704798
113.569999,2890,2728,13:10:57.704798
113.571858,2639,2402,13:10:57.704798
113.573714,2453,2642,13:10:57.704798
113.57557,2600,2655,13:10:57.704798
113.577427,2892,2642,13:10:57.704798
113.579283,2645,2747,13:10:57.704798
113.58114,2719,2695,13:10:57.704798
113.582996,2931,2830,13:10:57.704798
113.584858,2476,2684,13:10:57.704798
113.586715,2423,2512,13:10:57.704798
113.588571,2853,2744,13:10:57.704798
113.590431,2658,2538,13:10:57.704798
113.592288,2798,2704,13:10:57.704798
113.594144,2765,2720,13:10:57.704798
113.596,2780,2640,13:10:57.704798
113.597859,2809,2657,13:10:57.704798
113.599717,2752,2853,13:10:57.704798
113.601574,3001,2782,13:10:57.704798
113.603434,2473,2637,13:10:57.704798
113.60529,2702,2733,13:10:57.761532
113.607164,2772,2638,13:10:57.761532
113.609023,2660,2817,13:10:57.761532
113.610922,2387,2651,13:10:57.761532
113.612791,2647,2435,13:10:57.761532
113.614648,2821,2575,13:10:57.761532
113.616508,2599,2326,13:10:57.761532
113.618366,2657,2770,13:10:57.761532
113.620232,2536,2755,13:10:57.761532
113.622089,2896,2597,13:10:57.761532
113.623945,2667,2510,13:10:57.761532
113.625806,2544,2714,13:10:57.761532
113.627662,2847,2505,13:10:57.761532
113.629518,2711,2590,13:10:57.761532
113.631379,2670,2630,13:10:57.761532
113.633235,2755,2466,13:10:57.761532
113.635094,2793,2645,13:10:57.761532
113.63695,2794,2642,13:10:57.761532
113.63881,2388,2364,13:10:57.761532
113.640667,2863,2843,13:10:57.761532
113.642523,2674,2540,13:10:57.761532
113.644381,2801,2546,13:10:57.761532
113.646238,2991,2676,13:10:57.761532
113.648094,2772,2544,13:10:57.761532
113.649951,2760,2556,13:10:57.761532
113.651807,2664,2571,13:10:57.761532
113.653663,2966,2387,13:10:57.761532
113.655528,2672,2708,13:10:57.807798
113.657398,2875,2537,13:10:57.807798
113.659262,2797,2715,13:10:57.807798
113.661156,2706,2643,13:10:57.807798
113.663015,2672,2744,13:10:57.807798
113.664875,2663,2474,13:10:57.807798
113.666742,2534,2631,13:10:57.807798
113.668598,2850,2596,13:10:57.807798
113.670454,2774,2807,13:10:57.807798
113.672313,2733,2552,13:10:57.807798
113.674178,2728,2828,13:10:57.807798
113.676035,2577,2493,13:10:57.807798
113.677892,2601,2540,13:10:57.807798
113.67975,2747,2617,13:10:57.807798
113.681606,2569,2525,13:10:57.807798
113.683463,2366,2709,13:10:57.807798
113.685319,2701,2787,13:10:57.807798
113.687175,2703,2434,13:10:57.807798
113.689032,2780,2725,13:10:57.807798
113.690888,2727,2648,13:10:57.807798
113.692749,2630,2592,13:10:57.807798
113.694605,2780,2582,13:10:57.807798
113.696461,2732,2436,13:10:57.807798
113.69832,2561,2582,13:10:57.807798
113.700176,2659,2510,13:10:57.807798
113.702034,2496,2456,13:10:57.807798
113.703891,2742,2790,13:10:57.807798
113.705755,2842,2711,13:10:57.855712
113.707619,2878,2623,13:10:57.855712
113.709483,2647,2640,13:10:57.855712
113.71139,2595,2733,13:10:57.855712
113.713266,2762,2617,13:10:57.855712
113.715124,2750,2694,13:10:57.855712
113.716987,2680,2535,13:10:57.855712
113.718845,2510,2708,13:10:57.855712
113.720703,2634,2685,13:10:57.855712
113.72256,2668,2583,13:10:57.855712
113.724416,2697,2544,13:10:57.855712
113.726274,2958,2628,13:10:57.855712
113.728133,2721,2534,13:10:57.855712
113.729991,2629,2777,13:10:57.855712
113.731847,2581,2677,13:10:57.855712
113.733708,2844,2800,13:10:57.855712
113.735564,2688,2378,13:10:57.855712
113.737421,2576,2836,13:10:57.855712
113.739279,2559,2414,13:10:57.855712
113.741135,2713,2683,13:10:57.855712
113.742994,2914,2772,13:10:57.855712
113.74485,2734,2683,13:10:57.855712
113.74671,2682,2390,13:10:57.855712
113.748569,2536,2411,13:10:57.855712
113.750435,2868,2445,13:10:57.855712
113.752291,2653,2506,13:10:57.855712
113.754148,2829,2600,13:10:57.855712
113.756014,2594,2674,13:10:57.907180
113.757874,2540,2876,13:10:57.907180
113.75975,2572,2697,13:10:57.907180
113.761661,2594,2573,13:10:57.907180
113.763517,2541,2567,13:10:57.907180
113.765378,2397,2489,13:10:57.907180
113.767234,2694,2705,13:10:57.907180
113.769092,2696,2661,13:10:57.907180
113.770951,2504,2755,13:10:57.907180
113.772807,2566,2530,13:10:57.907180
113.774673,2300,2776,13:10:57.907180
113.77653,2804,2825,13:10:57.907180
113.778386,2819,2690,13:10:57.907180
113.780244,2936,2681,13:10:57.907180
113.782101,2734,2705,13:10:57.907180
113.783959,2653,2523,13:10:57.907180
113.785816,2841,2484,13:10:57.907180
113.787672,2441,2535,13:10:57.907180
113.78953,2753,2500,13:10:57.907180
113.791394,2751,2451,13:10:57.907180
113.793251,2561,2411,13:10:57.907180
113.795107,2786,2455,13:10:57.907180
113.796966,2595,2868,13:10:57.907180
113.798822,2674,2420,13:10:57.907180
113.800678,2692,2553,13:10:57.907180
113.802535,2437,2403,13:10:57.907180
113.804391,2649,2865,13:10:57.958389
113.806252,2674,2809,13:10:57.958389
113.808112,2858,2534,13:10:57.958389
113.810007,2716,2758,13:10:57.958389
113.811892,2706,2693,13:10:57.958389
113.813755,2612,2760,13:10:57.958389
113.815655,2614,2760,13:10:57.958389
113.817513,2551,2592,13:10:57.958389
113.819375,2408,2754,13:10:57.958389
113.821234,2662,2653,13:10:57.958389
113.82309,2602,2388,13:10:57.958389
113.824957,2947,2474,13:10:57.958389
113.826813,2648,2628,13:10:57.958389
113.828669,2643,2571,13:10:57.958389
113.830528,2578,2760,13:10:57.958389
113.832384,2710,2814,13:10:57.958389
113.834242,2755,2658,13:10:57.958389
113.836099,2834,2766,13:10:57.958389
113.837955,2683,2799,13:10:57.958389
113.839813,2716,2400,13:10:57.958389
113.841677,2642,2505,13:10:57.958389
113.843534,2727,2962,13:10:57.958389
113.84539,3025,3031,13:10:57.958389
113.847249,3273,3029,13:10:57.958389
113.849105,3588,3284,13:10:57.958389
113.850962,4247,3561,13:10:57.958389
113.852818,4317,3768,13:10:57.958389
113.854674,4653,3918,13:10:58.010141
113.856537,5468,4262,13:10:58.010141
113.858397,5731,4420,13:10:58.010141
113.860304,6389,4557,13:10:58.010141
113.862175,6523,5143,13:10:58.010141
113.864059,6676,5282,13:10:58.010141
113.865928,7332,5516,13:10:58.010141
113.867787,7809,5744,13:10:58.010141
113.869649,8336,5873,13:10:58.010141
113.871505,8624,5939,13:10:58.010141
113.873361,9295,6227,13:10:58.010141
113.87522,9211,6488,13:10:58.010141
113.877076,9696,6765,13:10:58.010141
113.878932,10178,7097,13:10:58.010141
113.880791,10213,7200,13:10:58.010141
113.882647,10901,7211,13:10:58.010141
113.884504,11494,7617,13:10:58.010141
113.88636,11946,7934,13:10:58.010141
113.888226,12576,7966,13:10:58.010141
113.890083,12805,8610,13:10:58.010141
113.891939,13328,8738,13:10:58.010141
113.893797,14105,9119,13:10:58.010141
113.895654,14281,9058,13:10:58.010141
113.897512,14723,9544,13:10:58.010141
113.899368,15082,9775,13:10:58.010141
113.901225,15534,10090,13:10:58.010141
113.903083,15839,10074,13:10:58.010141
113.904939,16127,10067,13:10:58.062416
113.90681,16536,10297,13:10:58.066492
113.90867,16798,10608,13:10:58.066492
113.910584,16706,10587,13:10:58.066492
113.912444,16810,10390,13:10:58.066492
113.914301,16591,10697,13:10:58.066492
113.916163,17018,10721,13:10:58.066492
113.918044,17224,10746,13:10:58.066492
113.9199,17193,10734,13:10:58.067417
113.921758,17416,10865,13:10:58.067417
113.923615,17399,10971,13:10:58.067417
113.925473,17356,10659,13:10:58.067417
113.927329,17458,10796,13:10:58.067417
113.929186,17219,11084,13:10:58.067417
113.931042,17108,10762,13:10:58.067417
113.932899,17103,10822,13:10:58.067417
113.934757,17296,11016,13:10:58.067417
113.936613,17227,10760,13:10:58.067417
113.93847,17272,10612,13:10:58.067417
113.940326,17105,10912,13:10:58.067417
113.942182,17083,10607,13:10:58.067417
113.944039,16943,10904,13:10:58.067417
113.945896,16869,10897,13:10:58.067417
113.947757,17220,10833,13:10:58.067417
113.949614,17151,10992,13:10:58.067417
113.951474,17263,10535,13:10:58.067417
113.953331,17287,11223,13:10:58.067417
113.955187,17280,10739,13:10:58.113037
113.957055,16967,10669,13:10:58.113037
113.958916,17097,10948,13:10:58.113037
113.96081,16903,10764,13:10:58.113037
113.962718,17108,10924,13:10:58.113037
113.964578,17107,10888,13:10:58.113037
113.966439,17084,10880,13:10:58.113037
113.968305,17263,10967,13:10:58.113037
113.970161,17391,10950,13:10:58.113037
113.972022,16978,10615,13:10:58.113037
113.973908,16676,10571,13:10:58.113037
113.975772,16693,10702,13:10:58.113037
113.977629,16723,10596,13:10:58.113037
113.979485,16374,10500,13:10:58.113037
113.981343,16294,10005,13:10:58.114027
113.983202,15881,10071,13:10:58.114027
113.985062,15931,10095,13:10:58.114027
113.986918,15473,9709,13:10:58.115125
113.988775,15573,9613,13:10:58.115125
113.990631,14946,9856,13:10:58.115125
113.992488,14793,9554,13:10:58.115125
113.994346,14768,9356,13:10:58.116135
113.996202,14498,9319,13:10:58.116135
113.998059,14504,9360,13:10:58.116135
113.999915,14098,9217,13:10:58.116135
114.001779,14040,9104,13:10:58.116135
114.003636,13959,8863,13:10:58.117109
114.0055,13392,8828,13:10:58.164098
114.007366,13251,8767,13:10:58.164098
114.009227,13283,8571,13:10:58.164098
114.011137,12569,8387,13:10:58.164098
114.012997,12865,8121,13:10:58.164098
114.014855,12320,8241,13:10:58.164098
114.016716,11730,8199,13:10:58.164098
114.018574,10190,7905,13:10:58.164098
114.02044,11838,7938,13:10:58.164098
114.022301,11730,7743,13:10:58.164098
114.024187,11464,7693,13:10:58.164098
114.026045,11216,7584,13:10:58.164098
114.027902,11458,7335,13:10:58.164098
114.02976,10934,7557,13:10:58.164098
114.031619,11349,7471,13:10:58.164098
114.033485,11532,7667,13:10:58.164098
114.035341,11185,7324,13:10:58.164098
114.037198,11396,7366,13:10:58.164098
114.039056,10945,7721,13:10:58.164098
114.040912,11271,7827,13:10:58.164098
114.042769,11604,7675,13:10:58.164098
114.044627,11268,7619,13:10:58.164098
114.046485,11253,7626,13:10:58.164098
114.048344,11284,7560,13:10:58.164098
114.0502,11104,7333,13:10:58.164098
114.052062,10864,7472,13:10:58.164098
114.053919,10874,7641,13:10:58.164098
114.055784,11248,7266,13:10:58.215861
114.057647,10682,7365,13:10:58.215861
114.059511,10955,7376,13:10:58.215861
114.061416,10522,7303,13:10:58.215861
114.063274,10601,7204,13:10:58.215861
114.065131,10117,7047,13:10:58.215861
114.066995,10141,7253,13:10:58.215861
114.068853,10117,6903,13:10:58.215861
114.070712,8861,6662,13:10:58.215861
114.072568,9783,6750,13:10:58.215861
114.074458,9670,6745,13:10:58.215861
114.076318,9599,6528,13:10:58.215861
114.078189,9206,6266,13:10:58.215861
114.080045,9394,6596,13:10:58.215861
114.081902,8922,6285,13:10:58.215861
114.083768,8907,6301,13:10:58.215861
114.085624,8781,6392,13:10:58.215861
114.087481,8871,6183,13:10:58.215861
114.089339,8901,6080,13:10:58.215861
114.091195,8857,6247,13:10:58.215861
114.093052,9278,6437,13:10:58.215861
114.09491,9140,6577,13:10:58.215861
114.096767,9363,6559,13:10:58.215861
114.098625,9496,6741,13:10:58.215861
114.100481,9811,6886,13:10:58.215861
114.102346,9768,7064,13:10:58.216868
114.104202,10319,7065,13:10:58.216868
114.106077,10549,7348,13:10:58.272715
114.107937,10688,7409,13:10:58.272715
114.109801,11088,7587,13:10:58.272715
114.111715,11473,7635,13:10:58.272715
114.113573,12004,7962,13:10:58.272715
114.11543,12196,8249,13:10:58.272715
114.117288,12542,8570,13:10:58.272715
114.119144,13200,9018,13:10:58.272715
114.121003,13323,8964,13:10:58.272715
114.122867,14100,9530,13:10:58.272715
114.124745,14478,9473,13:10:58.272715
114.126602,15064,9551,13:10:58.272715
114.128458,15433,10177,13:10:58.272715
114.130318,15905,10270,13:10:58.272715
114.132175,16488,10491,13:10:58.272715
114.134031,17010,10879,13:10:58.272715
114.13589,17543,11309,13:10:58.272715
114.137746,17911,11654,13:10:58.272715
114.139602,18411,11412,13:10:58.272715
114.141459,18631,11714,13:10:58.272715
114.143315,19064,12204,13:10:58.272715
114.145171,19604,12393,13:10:58.272715
114.147028,20062,12544,13:10:58.272715
114.148888,20611,12961,13:10:58.272715
114.150744,21201,13235,13:10:58.272715
114.152603,22008,13415,13:10:58.272715
114.154459,22476,13919,13:10:58.318394
114.156326,22569,13944,13:10:58.318394
114.158186,23326,14275,13:10:58.318394
114.160062,23864,14807,13:10:58.318394
114.161952,24137,14668,13:10:58.318394
114.163809,24534,15235,13:10:58.318394
114.165665,25137,15368,13:10:58.318394
114.167523,25706,15721,13:10:58.318394
114.169386,25921,15928,13:10:58.318394
114.171244,26432,16187,13:10:58.318394
114.1731,26748,16444,13:10:58.318394
114.174957,27223,16700,13:10:58.318394
114.176815,27330,16658,13:10:58.318394
114.178674,26312,16975,13:10:58.318394
114.18053,28010,16783,13:10:58.318394
114.182386,28356,17212,13:10:58.318394
114.184245,28697,17420,13:10:58.318394
114.186101,29066,17496,13:10:58.318394
114.187957,29210,17417,13:10:58.318394
114.189814,29694,17962,13:10:58.318394
114.19167,30113,18059,13:10:58.318394
114.193526,29948,18200,13:10:58.318394
114.195383,30299,18253,13:10:58.318394
114.197245,30577,18143,13:10:58.318394
114.199102,30285,18009,13:10:58.318394
114.200958,30497,18380,13:10:58.318394
114.202818,30562,18438,13:10:58.318394
114.204675,30736,18339,13:10:58.368660
114.206549,30546,18326,13:10:58.368660
114.208409,30178,18551,13:10:58.368660
114.210312,30767,18387,13:10:58.368660
114.212178,30184,17889,13:10:58.368660
114.214034,30335,18143,13:10:58.368660
114.215902,30329,18316,13:10:58.368660
114.217761,30317,18278,13:10:58.368660
114.219619,30257,17984,13:10:58.368660
114.221481,30723,18666,13:10:58.368660
114.223343,29475,18791,13:10:58.368660
114.225242,31030,18679,13:10:58.368660
114.2271,31550,18890,13:10:58.368660
114.228965,32050,19341,13:10:58.368660
114.230825,31867,19089,13:10:58.368660
114.232681,32306,19601,13:10:58.368660
114.234546,32632,19878,13:10:58.368660
114.236402,33063,19637,13:10:58.368660
114.238259,33305,20052,13:10:58.368660
114.240117,33727,20591,13:10:58.368660
114.241973,34456,20514,13:10:58.368660
114.243832,34505,20950,13:10:58.368660
114.245688,35173,21268,13:10:58.368660
114.247544,35592,21481,13:10:58.368660
114.249401,36003,21652,13:10:58.368660
114.251267,36627,22104,13:10:58.368660
114.253123,37252,22477,13:10:58.368660
114.25498,37612,22625,13:10:58.420008
114.25685,38308,23018,13:10:58.420008
114.25871,39265,23492,13:10:58.420008
114.260618,39587,23699,13:10:58.420008
114.262479,39934,23881,13:10:58.420008
114.264335,40638,24454,13:10:58.420008
114.266191,41454,24686,13:10:58.420008
114.268048,41819,25321,13:10:58.420008
114.269905,42656,25454,13:10:58.420008
114.271767,43620,25811,13:10:58.420008
114.273649,43876,26312,13:10:58.420008
114.275511,44860,26681,13:10:58.420008
114.277369,45860,27263,13:10:58.420008
114.279228,46289,27601,13:10:58.420008
114.28109,47385,27965,13:10:58.420008
114.282947,47830,28580,13:10:58.420008
114.284807,48893,28811,13:10:58.420008
114.286663,49340,29504,13:10:58.420008
114.28852,50466,29809,13:10:58.420008
114.290378,51049,30047,13:10:58.420008
114.292235,51571,30624,13:10:58.420008
114.294093,52482,31192,13:10:58.420008
114.295949,53247,31539,13:10:58.420008
114.297811,53852,31994,13:10:58.420008
114.299668,54682,32444,13:10:58.420008
114.301524,55599,32919,13:10:58.420008
114.303382,56568,33394,13:10:58.420008
114.305239,57510,34122,13:10:58.471513
114.307105,58316,34553,13:10:58.471513
114.308965,59318,34708,13:10:58.471513
114.310882,59923,35456,13:10:58.471513
114.312742,61111,35670,13:10:58.471513
114.314598,61897,36322,13:10:58.471513
114.316465,62531,36653,13:10:58.471513
114.318321,63581,37416,13:10:58.471513
114.320177,64392,37412,13:10:58.471513
114.322036,64781,38222,13:10:58.471513
114.323892,65994,38491,13:10:58.471513
114.32575,65272,39158,13:10:58.471513
114.327611,67608,39527,13:10:58.471513
114.329467,68278,39784,13:10:58.471513
114.331325,69073,40333,13:10:58.471513
114.333208,69536,40785,13:10:58.471513
114.335066,70447,41032,13:10:58.471513
114.336922,70770,41472,13:10:58.471513
114.338785,71842,41814,13:10:58.471513
114.340643,72207,42049,13:10:58.471513
114.342509,72538,42277,13:10:58.471513
114.344366,73429,42832,13:10:58.471513
114.346222,73846,43442,13:10:58.471513
114.34808,74524,43184,13:10:58.471513
114.349937,75000,43685,13:10:58.471513
114.351795,75696,44032,13:10:58.471513
114.353651,76314,44657,13:10:58.471513
114.35551,76713,44922,13:10:58.522505
114.35738,77844,45396,13:10:58.522505
114.35924,78424,45917,13:10:58.522505
114.361144,79334,46499,13:10:58.522505
114.363005,80117,46834,13:10:58.522505
114.364861,80413,47141,13:10:58.522505
114.36672,81400,47728,13:10:58.522505
114.368576,82224,48061,13:10:58.522505
114.370432,82672,48621,13:10:58.522505
114.372291,83557,48844,13:10:58.522505
114.374155,84336,49372,13:10:58.522505
114.376011,84758,49699,13:10:58.522505
114.377874,84607,49930,13:10:58.522505
114.379734,86065,50601,13:10:58.522505
114.38159,86426,50610,13:10:58.522505
114.383452,87237,50966,13:10:58.522505
114.385309,88213,51455,13:10:58.522505
114.387165,88808,52034,13:10:58.522505
114.389024,89619,52090,13:10:58.522505
114.39088,90143,52587,13:10:58.522505
114.392736,90741,52997,13:10:58.522505
114.394595,91224,53381,13:10:58.522505
114.396455,91913,53464,13:10:58.522505
114.398311,92659,53993,13:10:58.522505
114.400168,93215,54425,13:10:58.522505
114.402024,93601,54276,13:10:58.522505
114.403881,94165,55053,13:10:58.522505
114.405743,94644,54977,13:10:58.581972
114.407607,95191,55507,13:10:58.581972
114.409471,95600,55581,13:10:58.581972
114.411382,95616,55603,13:10:58.581972
114.41324,96201,56221,13:10:58.581972
114.415098,96664,56191,13:10:58.581972
114.416959,97136,56385,13:10:58.581972
114.418815,97550,56609,13:10:58.581972
114.420673,97604,57013,13:10:58.581972
114.42253,98772,57139,13:10:58.581972
114.424386,98879,57546,13:10:58.581972
114.426244,99445,57934,13:10:58.581972
114.428103,98563,58038,13:10:58.581972
114.429989,100531,58423,13:10:58.581972
114.431845,101026,58482,13:10:58.581972
114.433702,101235,58868,13:10:58.581972
114.43556,101586,58792,13:10:58.581972
114.437416,101828,58961,13:10:58.581972
114.439273,102121,59123,13:10:58.581972
114.441129,102178,59258,13:10:58.581972
114.442988,102623,59582,13:10:58.581972
114.444846,102867,59530,13:10:58.581972
114.446702,103175,59745,13:10:58.581972
114.448561,103133,59858,13:10:58.581972
114.450417,103530,60034,13:10:58.581972
114.452273,103933,60324,13:10:58.581972
114.45413,104032,60322,13:10:58.581972
114.456006,104521,60531,13:10:58.625689
114.457866,104507,60595,13:10:58.625689
114.45973,104976,60918,13:10:58.625689
114.461655,105127,60991,13:10:58.625689
114.463513,105332,61182,13:10:58.625689
114.465373,105303,61166,13:10:58.625689
114.467234,105860,61324,13:10:58.625689
114.46909,105518,61248,13:10:58.625689
114.470949,105531,61281,13:10:58.625689
114.472805,106344,61512,13:10:58.625689
114.474661,106329,61734,13:10:58.625689
114.476524,105827,61671,13:10:58.625689
114.478382,106739,61683,13:10:58.625689
114.48024,107129,61957,13:10:58.625689
114.482097,107425,62040,13:10:58.625689
114.483957,107540,62623,13:10:58.625689
114.485847,107802,62555,13:10:58.625689
114.487706,106678,62730,13:10:58.625689
114.48957,108784,63269,13:10:58.625689
114.491426,109253,63427,13:10:58.625689
114.493289,109764,63844,13:10:58.625689
114.495145,110010,64042,13:10:58.625689
114.497001,110921,64408,13:10:58.625689
114.49886,111271,64893,13:10:58.625689
114.500716,112000,65020,13:10:58.625689
114.502574,112784,65645,13:10:58.625689
114.504431,113903,66082,13:10:58.625689
114.506293,115254,66667,13:10:58.677264
114.508153,116445,67667,13:10:58.677264
114.510037,117647,68581,13:10:58.677264
114.51192,119307,69564,13:10:58.677264
114.513784,121064,70557,13:10:58.677264
114.515641,122809,71322,13:10:58.677264
114.517499,124346,72439,13:10:58.677264
114.519355,126295,73433,13:10:58.677264
114.521214,127709,74373,13:10:58.677264
114.523072,130069,75638,13:10:58.677264
114.524932,132125,76339,13:10:58.677264
114.526791,133736,77719,13:10:58.677264
114.528656,135728,78854,13:10:58.677264
114.530514,136525,79775,13:10:58.677264
114.53241,139374,81021,13:10:58.677264
114.534266,141471,82276,13:10:58.677264
114.536124,143640,83239,13:10:58.677264
114.537982,145879,84299,13:10:58.678266
114.539839,148043,85771,13:10:58.678266
114.541695,150067,86893,13:10:58.678266
114.543554,152368,87982,13:10:58.678266
114.54541,154258,89090,13:10:58.678266
114.547267,156258,90673,13:10:58.678266
114.549125,158649,91790,13:10:58.678266
114.550981,160978,93363,13:10:58.678266
114.55284,163048,94181,13:10:58.678266
114.554696,165432,95553,13:10:58.730793
114.55656,167428,96684,13:10:58.730793
114.558421,169602,98164,13:10:58.730793
114.560322,171558,99271,13:10:58.730793
114.562195,173795,100321,13:10:58.730793
114.564051,176035,101741,13:10:58.730793
114.565908,177604,102622,13:10:58.730793
114.567766,179789,103736,13:10:58.730793
114.569624,181465,104563,13:10:58.730793
114.571483,183839,105998,13:10:58.730793
114.573339,185650,106904,13:10:58.730793
114.575206,187582,108128,13:10:58.730793
114.577062,189288,109005,13:10:58.730793
114.57892,190947,109760,13:10:58.730793
114.580779,192730,111056,13:10:58.730793
114.582635,192579,112108,13:10:58.730793
114.584497,196390,113026,13:10:58.730793
114.586356,198169,114104,13:10:58.730793
114.588212,200205,115205,13:10:58.730793
114.59007,202234,116393,13:10:58.730793
114.591927,204148,117486,13:10:58.730793
114.593783,205973,118535,13:10:58.730793
114.595639,207950,119493,13:10:58.730793
114.597498,209708,120506,13:10:58.730793
114.599354,211054,121557,13:10:58.730793
114.60121,212761,122309,13:10:58.730793
114.603067,214376,123247,13:10:58.730793
114.604923,216041,124518,13:10:58.778403
114.606792,217807,124957,13:10:58.778403
114.608652,219345,126136,13:10:58.778403
114.610563,220895,127029,13:10:58.778403
114.612426,222262,127572,13:10:58.778403
114.614283,223918,128665,13:10:58.778403
114.616141,225186,129392,13:10:58.778403
114.617997,226759,130142,13:10:58.778403
114.619856,228040,130964,13:10:58.778403
114.621712,229320,131659,13:10:58.778403
114.62357,230203,132453,13:10:58.778403
114.625429,231599,133311,13:10:58.778403
114.627285,232981,133929,13:10:58.778403
114.629151,234108,134401,13:10:58.778403
114.631009,235158,135045,13:10:58.778403
114.632894,236196,135246,13:10:58.778403
114.634752,237039,135951,13:10:58.778403
114.636619,237216,136399,13:10:58.778403
114.638477,238538,136769,13:10:58.778403
114.640333,239150,137213,13:10:58.778403
114.64219,239598,137352,13:10:58.778403
114.644048,240269,137610,13:10:58.778403
114.645905,240708,137861,13:10:58.778403
114.647765,241115,138277,13:10:58.778403
114.649621,242122,138619,13:10:58.778403
114.651478,242603,138873,13:10:58.778403
114.653336,243689,139401,13:10:58.779427
114.655194,244360,139956,13:10:58.828988
114.657061,245004,140482,13:10:58.828988
114.658921,246013,140814,13:10:58.828988
114.660819,245787,141200,13:10:58.828988
114.662679,247033,141330,13:10:58.828988
114.664538,248140,142137,13:10:58.828988
114.666394,248824,142568,13:10:58.828988
114.66825,249663,142990,13:10:58.828988
114.670111,250527,143287,13:10:58.828988
114.671967,251173,144564,13:10:58.828988
114.673824,251990,144391,13:10:58.828988
114.675682,252787,144862,13:10:58.828988
114.677538,254055,145500,13:10:58.828988
114.679395,254853,145916,13:10:58.828988
114.681253,255996,146731,13:10:58.828988
114.683109,256163,147097,13:10:58.828988
114.684968,257936,147318,13:10:58.828988
114.686831,258402,148123,13:10:58.828988
114.68869,259103,148375,13:10:58.828988
114.690575,260284,149210,13:10:58.828988
114.692431,260915,149570,13:10:58.828988
114.694287,261865,150194,13:10:58.828988
114.696144,262696,150470,13:10:58.828988
114.698006,263447,150975,13:10:58.828988
114.699864,264317,151155,13:10:58.828988
114.701723,265094,151529,13:10:58.828988
114.703579,266133,152218,13:10:58.828988
114.705435,266703,152737,13:10:58.880788
114.7073,267649,153144,13:10:58.880788
114.70916,268648,153642,13:10:58.881787
114.71108,269374,154552,13:10:58.881787
114.712936,270555,155012,13:10:58.881787
114.714795,271733,155859,13:10:58.881787
114.716655,272814,156530,13:10:58.881787
114.718511,274180,157134,13:10:58.881787
114.72037,275304,157888,13:10:58.881787
114.722226,276928,158642,13:10:58.881787
114.724083,278337,159393,13:10:58.881787
114.725941,279839,160457,13:10:58.881787
114.727801,281502,161393,13:10:58.881787
114.729658,283221,162565,13:10:58.881787
114.731514,284950,163593,13:10:58.881787
114.733374,287308,164805,13:10:58.881787
114.735231,287235,165796,13:10:58.881787
114.737093,291431,166822,13:10:58.881787
114.738951,293213,168355,13:10:58.881787
114.740808,295450,169499,13:10:58.881787
114.742666,297234,170469,13:10:58.881787
114.744522,299152,171278,13:10:58.881787
114.746379,301200,172431,13:10:58.881787
114.748237,303078,173743,13:10:58.881787
114.750101,305016,175163,13:10:58.881787
114.751958,307284,176464,13:10:58.881787
114.753814,309538,177482,13:10:58.881787
114.755676,311723,178884,13:10:58.938269
114.757543,314322,180380,13:10:58.938269
114.759405,316359,181414,13:10:58.938269
114.761315,318517,182615,13:10:58.938269
114.763172,320776,183838,13:10:58.938269
114.765028,323149,184914,13:10:58.938269
114.766886,324951,186070,13:10:58.938269
114.768749,327045,187117,13:10:58.938269
114.770605,329094,188594,13:10:58.938269
114.772461,331146,189714,13:10:58.938269
114.77432,333053,190513,13:10:58.938269
114.776176,334649,191909,13:10:58.938269
114.778032,336746,192888,13:10:58.938269
114.779893,338852,193705,13:10:58.938269
114.781751,340847,195219,13:10:58.938269
114.783612,343343,196310,13:10:58.938269
114.785494,344855,197495,13:10:58.938269
114.78735,345450,198733,13:10:58.938269
114.789216,349519,199678,13:10:58.938269
114.791075,351545,201112,13:10:58.938269
114.792933,353234,202172,13:10:58.938269
114.794789,355378,203148,13:10:58.938269
114.796652,357303,204308,13:10:58.938269
114.798508,359053,205091,13:10:58.938269
114.800364,360855,206150,13:10:58.938269
114.802223,362642,207181,13:10:58.938269
114.804079,364273,208082,13:10:58.938269
114.805937,366208,208996,13:10:58.982346
114.8078,367651,210197,13:10:58.982346
114.809663,369608,211369,13:10:58.982346
114.811554,371189,211977,13:10:58.982346
114.813411,372934,213415,13:10:58.982346
114.815271,375296,214662,13:10:58.982346
114.817127,377197,215520,13:10:58.982346
114.818984,379032,216858,13:10:58.982346
114.820844,381429,218017,13:10:58.982346
114.822704,383278,219218,13:10:58.982346
114.824563,385198,220498,13:10:58.982346
114.826419,387699,221670,13:10:58.982346
114.828285,389845,223111,13:10:58.982346
114.830142,392559,224233,13:10:58.982346
114.832,394372,225737,13:10:58.982346
114.833858,396861,227239,13:10:58.982346
114.835715,399437,228692,13:10:58.982346
114.837573,401266,229738,13:10:58.982346
114.839465,404176,230904,13:10:58.982346
114.841324,406547,232180,13:10:58.982346
114.843182,408554,233411,13:10:58.982346
114.845038,410501,234851,13:10:58.982346
114.846897,413047,235888,13:10:58.982346
114.848753,415350,237367,13:10:58.982346
114.850609,417511,238409,13:10:58.982346
114.852466,419648,239886,13:10:58.982346
114.85433,421662,240916,13:10:58.982346
114.856196,423700,242012,13:10:59.037583
114.858057,425974,243272,13:10:59.037583
114.859929,427950,244467,13:10:59.037583
114.861817,430082,245332,13:10:59.037583
114.863674,432225,246496,13:10:59.037583
114.865532,433579,247589,13:10:59.037583
114.867388,435676,248710,13:10:59.037583
114.869247,437179,249575,13:10:59.037583
114.871103,439439,250597,13:10:59.037583
114.872959,441323,251931,13:10:59.037583
114.874818,443041,253067,13:10:59.037583
114.876674,444905,253966,13:10:59.037583
114.878533,446638,254876,13:10:59.037583
114.880389,448560,256164,13:10:59.037583
114.882245,450678,257349,13:10:59.037583
114.884102,452678,258533,13:10:59.037583
114.885958,454729,259344,13:10:59.037583
114.887823,454977,260195,13:10:59.037583
114.889683,458529,261577,13:10:59.037583
114.891547,460771,263248,13:10:59.037583
114.893403,463003,263984,13:10:59.037583
114.89526,464697,265363,13:10:59.037583
114.897118,466761,266020,13:10:59.037583
114.898974,468613,267320,13:10:59.037583
114.900833,470316,268294,13:10:59.037583
114.902689,472062,269404,13:10:59.037583
114.904552,473620,270080,13:10:59.037583
114.906426,475341,270982,13:10:59.086079
114.908286,476957,271691,13:10:59.086079
114.910169,478221,272882,13:10:59.086079
114.912043,479356,273334,13:10:59.086079
114.913899,480554,274057,13:10:59.086079
114.915757,481635,274607,13:10:59.086079
114.917614,482889,275184,13:10:59.086079
114.91947,484162,275812,13:10:59.086079
114.921326,485124,276375,13:10:59.086079
114.923191,485341,276941,13:10:59.086079
114.925049,486443,277412,13:10:59.086079
114.926906,487421,277908,13:10:59.086079
114.928764,488166,278368,13:10:59.086079
114.93062,488998,278710,13:10:59.086079
114.932478,489577,279053,13:10:59.086079
114.934335,490136,279437,13:10:59.086079
114.936191,490789,279979,13:10:59.086079
114.938049,490844,279997,13:10:59.086079
114.93996,491778,280665,13:10:59.086079
114.94182,492669,281275,13:10:59.086079
114.943678,492490,281654,13:10:59.086079
114.945535,494525,281936,13:10:59.086079
114.947393,495304,282525,13:10:59.086079
114.949249,496021,282842,13:10:59.086079
114.951108,496579,283241,13:10:59.086079
114.952964,497286,283686,13:10:59.086079
114.954826,498852,284667,13:10:59.137620
114.956699,500056,285227,13:10:59.137620
114.958558,501378,286271,13:10:59.137620
114.960454,503379,287310,13:10:59.137620
114.962314,505069,288297,13:10:59.137620
114.96417,506913,289534,13:10:59.137620
114.966028,509134,290744,13:10:59.137620
114.967885,511151,292169,13:10:59.137620
114.969743,513457,293360,13:10:59.137620
114.971599,516404,294852,13:10:59.137620
114.973458,518790,296500,13:10:59.137620
114.975314,520810,297781,13:10:59.137620
114.97717,523608,299131,13:10:59.137620
114.979029,526270,300588,13:10:59.137620
114.980885,528429,301843,13:10:59.137620
114.982743,531250,303379,13:10:59.137620
114.984606,533267,304198,13:10:59.137620
114.986462,535225,305494,13:10:59.137620
114.988326,537197,306824,13:10:59.137620
114.990211,539220,307718,13:10:59.137620
114.992072,539498,308574,13:10:59.137620
114.993933,543146,309737,13:10:59.137620
114.995794,544524,310613,13:10:59.137620
114.997652,546470,311537,13:10:59.137620
114.999518,547660,311904,13:10:59.137620
115.001379,549114,312936,13:10:59.137620
115.003235,550266,313902,13:10:59.137620
115.005091,551754,314364,13:10:59.154135
115.00696,553115,315010,13:10:59.154135
115.00882,554685,315973,13:10:59.154135
115.010716,555398,316465,13:10:59.154135
115.012573,556333,316794,13:10:59.154135
115.014433,557246,317479,13:10:59.154135
115.016289,558201,318000,13:10:59.154135
115.018146,558931,318351,13:10:59.155137
115.020004,559656,318810,13:10:59.155137
115.02186,560964,319408,13:10:59.155137
115.023717,561915,319969,13:10:59.155137
115.025573,562425,320462,13:10:59.155137
115.02743,562883,320626,13:10:59.186603
115.029286,563452,321027,13:10:59.186603
115.031143,563680,321046,13:10:59.186603
115.033005,564680,321555,13:10:59.186603
115.034861,565070,321722,13:10:59.186603
115.036719,565226,322031,13:10:59.186603
115.038576,565352,322359,13:10:59.186603
115.040432,566247,322417,13:10:59.186603
115.04229,566739,322960,13:10:59.186603
115.044159,566867,323011,13:10:59.186603
115.046037,567963,323418,13:10:59.186603
115.047893,568750,324155,13:10:59.186603
115.049752,569577,324357,13:10:59.187603
115.051608,570332,325031,13:10:59.187603
115.053465,571043,325371,13:10:59.187603
115.055323,572005,325617,13:10:59.205179
115.057189,572844,326251,13:10:59.205179
115.059053,573627,326868,13:10:59.205179
115.060957,574283,327374,13:10:59.205179
115.062866,574844,327229,13:10:59.205179
115.064724,576225,328193,13:10:59.205179
115.066584,576666,328627,13:10:59.205179
115.06845,577823,329157,13:10:59.205179
115.070307,579081,329783,13:10:59.205179
115.072164,579889,330665,13:10:59.205179
115.074022,581453,331245,13:10:59.205179
115.075878,582158,331998,13:10:59.205179
115.077735,583964,332621,13:10:59.205179
115.079593,585174,333281,13:10:59.205179
115.081452,587093,334254,13:10:59.205179
115.083312,587868,335709,13:10:59.205179
115.085168,589844,336341,13:10:59.205179
115.087026,592434,337302,13:10:59.205179
115.088883,594026,338900,13:10:59.205179
115.090741,596031,339980,13:10:59.205179
115.092601,597426,341218,13:10:59.205179
115.094462,600904,342373,13:10:59.205179
115.09632,602713,343610,13:10:59.205179
115.098177,605117,344952,13:10:59.205179
115.100061,607392,346588,13:10:59.205179
115.101919,610316,347901,13:10:59.205179
115.103775,612866,349280,13:10:59.205179
115.105636,614866,350741,13:10:59.257614
115.107498,617281,352110,13:10:59.257614
115.10936,620069,353421,13:10:59.257614
115.111269,622144,354892,13:10:59.257614
115.113125,624785,356118,13:10:59.257614
115.114981,627235,357481,13:10:59.257614
115.116838,629590,358820,13:10:59.257614
115.118694,632098,360171,13:10:59.257614
115.120552,634400,361685,13:10:59.257614
115.122409,636837,363088,13:10:59.257614
115.124265,638780,363917,13:10:59.257614
115.126122,641085,365712,13:10:59.257614
115.127986,643075,366400,13:10:59.257614
115.129844,644900,367665,13:10:59.257614
115.131701,646595,368664,13:10:59.257614
115.133559,648688,369429,13:10:59.257614
115.135415,650188,370421,13:10:59.257614
115.137274,651836,371310,13:10:59.257614
115.13913,653203,372369,13:10:59.257614
115.140986,654729,373046,13:10:59.257614
115.142847,655958,374078,13:10:59.257614
115.144706,657647,374423,13:10:59.257614
115.146565,658622,375179,13:10:59.257614
115.148422,659857,376058,13:10:59.257614
115.15028,661098,376723,13:10:59.257614
115.152136,662497,377313,13:10:59.257614
115.153993,663549,377655,13:10:59.257614
115.155857,664636,378454,13:10:59.306638
115.157731,666016,379263,13:10:59.306638
115.159592,667050,379769,13:10:59.306638
115.161516,667840,380400,13:10:59.306638
115.163378,669101,381176,13:10:59.306638
115.165237,670104,381404,13:10:59.306638
115.167093,670916,382001,13:10:59.306638
115.168953,672499,383136,13:10:59.306638
115.170812,673876,383586,13:10:59.306638
115.172678,675163,384414,13:10:59.306638
115.174534,677041,385725,13:10:59.306638
115.176391,678726,386490,13:10:59.306638
115.178249,679993,387279,13:10:59.306638
115.180105,681919,388532,13:10:59.306638
115.181962,683913,389523,13:10:59.306638
115.18382,685422,390492,13:10:59.306638
115.185676,687493,391632,13:10:59.306638
115.187535,689322,392859,13:10:59.306638
115.189391,690876,393556,13:10:59.306638
115.191256,692717,394129,13:10:59.306638
115.193116,694202,394919,13:10:59.306638
115.194971,695509,395933,13:10:59.306638
115.196829,696807,396438,13:10:59.306638
115.198688,697599,396930,13:10:59.306638
115.200571,698889,397608,13:10:59.306638
115.202451,699642,398234,13:10:59.306638
115.204314,700833,398807,13:10:59.306638
115.206182,702129,399989,13:10:59.354436
115.208043,703584,400506,13:10:59.355594
115.209923,704739,401246,13:10:59.355594
115.211809,706207,401974,13:10:59.355594
115.213665,707319,402648,13:10:59.355594
115.215524,708393,403293,13:10:59.355594
115.21738,709601,404116,13:10:59.355594
115.219236,710364,404458,13:10:59.355594
115.221095,711743,404989,13:10:59.355594
115.222957,712441,405636,13:10:59.355594
115.224819,713290,406208,13:10:59.356598
115.226676,714325,406426,13:10:59.356598
115.228534,714943,407468,13:10:59.356598
115.230391,716163,407551,13:10:59.356598
115.232247,717202,408451,13:10:59.356598
115.234105,718304,409032,13:10:59.356598
115.235962,719138,409525,13:10:59.356598
115.237818,720018,409852,13:10:59.356598
115.239674,721137,410611,13:10:59.356598
115.241539,721926,411082,13:10:59.356598
115.243395,723017,411586,13:10:59.357599
115.245251,724341,412590,13:10:59.357599
115.24711,725327,413194,13:10:59.357599
115.248966,726419,413898,13:10:59.357599
115.250825,727670,414238,13:10:59.357599
115.252681,729038,414981,13:10:59.357599
115.254537,730234,415983,13:10:59.357599
115.2564,731406,416656,13:10:59.404467
115.258259,732946,417383,13:10:59.404467
115.260152,734161,418351,13:10:59.405473
115.262054,736039,419127,13:10:59.405473
115.26392,737407,419813,13:10:59.405473
115.265777,739021,421216,13:10:59.405473
115.267633,741000,421934,13:10:59.405473
115.269492,742633,422886,13:10:59.405473
115.271348,744459,424128,13:10:59.405473
115.273204,746319,425056,13:10:59.405473
115.275061,747847,425964,13:10:59.405473
115.276917,749840,427105,13:10:59.405473
115.278774,751682,428002,13:10:59.405473
115.28063,753210,428917,13:10:59.405473
115.282492,755260,429968,13:10:59.405473
115.284349,756996,431173,13:10:59.405473
115.286205,758732,431880,13:10:59.405473
115.288065,760762,433205,13:10:59.405473
115.289922,762652,434135,13:10:59.405473
115.291778,763956,435000,13:10:59.405473
115.293634,766077,435957,13:10:59.405473
115.295499,767306,436917,13:10:59.405473
115.297357,769060,437983,13:10:59.405473
115.299218,770530,438706,13:10:59.405473
115.301076,771845,439327,13:10:59.405473
115.302934,773472,440302,13:10:59.405473
115.3048,774951,441017,13:10:59.455552
115.306675,776099,441678,13:10:59.455552
115.30854,777473,442613,13:10:59.455552
115.310437,778870,442948,13:10:59.455552
115.3123,779897,443773,13:10:59.455552
115.314156,780875,444530,13:10:59.455552
115.316014,782200,445079,13:10:59.455552
115.317875,783078,445745,13:10:59.455552
115.319733,784112,446099,13:10:59.455552
115.321589,785231,446718,13:10:59.455552
115.32345,786093,447253,13:10:59.455552
115.325306,787188,448282,13:10:59.455552
115.327162,788272,448338,13:10:59.455552
115.329021,788846,448811,13:10:59.455552
115.330877,789830,449352,13:10:59.455552
115.332735,790444,449613,13:10:59.455552
115.334592,791351,450367,13:10:59.455552
115.336452,791998,450896,13:10:59.455552
115.338311,792974,451133,13:10:59.455552
115.340177,793749,451623,13:10:59.455552
115.342033,794652,451936,13:10:59.455552
115.34389,795427,452521,13:10:59.455552
115.345748,796354,453203,13:10:59.455552
115.347604,797359,453749,13:10:59.455552
115.349461,798284,454247,13:10:59.455552
115.351319,799279,454836,13:10:59.455552
115.353175,800368,455416,13:10:59.455552
115.355034,801402,455935,13:10:59.507137
115.3569,802403,456580,13:10:59.507137
115.358771,803284,456907,13:10:59.507137
115.360682,804437,457729,13:10:59.507137
115.362557,805547,458417,13:10:59.507137
115.364415,806775,458900,13:10:59.507137
115.366272,807785,459872,13:10:59.507137
115.368128,809497,460610,13:10:59.507137
115.369986,810492,461310,13:10:59.507137
115.371843,812149,462039,13:10:59.507137
115.373701,813400,463271,13:10:59.507137
115.375557,814795,463664,13:10:59.507137
115.377416,815698,464323,13:10:59.507137
115.379272,816784,464634,13:10:59.507137
115.381136,817830,465437,13:10:59.507137
115.382993,818482,465616,13:10:59.507137
115.384849,819348,466398,13:10:59.507137
115.386708,820117,466239,13:10:59.507137
115.388564,820454,466705,13:10:59.507137
115.39042,820967,467090,13:10:59.507137
115.392277,821626,467564,13:10:59.507137
115.394133,822568,468205,13:10:59.507137
115.395989,823428,468797,13:10:59.507137
115.397848,824631,469471,13:10:59.507137
115.399714,825645,469999,13:10:59.507137
115.401571,827081,470563,13:10:59.507137
115.403427,827922,471502,13:10:59.507137
115.405285,829503,472063,13:10:59.556672
115.407166,830480,472546,13:10:59.556672
115.409028,832118,473634,13:10:59.556672
115.410938,833618,474636,13:10:59.556672
115.4128,835232,475343,13:10:59.556672
115.414659,836817,476062,13:10:59.556672
115.416515,838273,477067,13:10:59.556672
115.418373,839976,477890,13:10:59.556672
115.420232,841654,478781,13:10:59.556672
115.422095,843175,479866,13:10:59.556672
115.423952,844611,480673,13:10:59.556672
115.425809,846241,481767,13:10:59.558683
115.427667,848083,482701,13:10:59.558683
115.429524,849348,483530,13:10:59.558683
115.43138,850729,484441,13:10:59.558683
115.433236,852901,485232,13:10:59.558683
115.435093,854726,486567,13:10:59.558683
115.436949,856482,487615,13:10:59.558683
115.438805,858938,488652,13:10:59.558683
115.440666,860818,490005,13:10:59.558683
115.442522,862615,491029,13:10:59.558683
115.444378,864475,491880,13:10:59.558683
115.446237,866176,493054,13:10:59.558683
115.448093,868301,493959,13:10:59.558683
115.449951,869630,494892,13:10:59.558683
115.451808,871393,495902,13:10:59.558683
115.453668,872569,496351,13:10:59.558683
115.455528,873870,497257,13:10:59.604972
115.457395,875501,498335,13:10:59.605978
115.459257,876909,498785,13:10:59.605978
115.461181,877707,499491,13:10:59.605978
115.463055,879325,500613,13:10:59.605978
115.464914,880218,500842,13:10:59.605978
115.466772,881319,501291,13:10:59.605978
115.468637,882367,502030,13:10:59.605978
115.470493,883239,502395,13:10:59.605978
115.472349,884065,502964,13:10:59.605978
115.474208,884771,503366,13:10:59.605978
115.476064,885094,503535,13:10:59.605978
115.477922,885366,503635,13:10:59.605978
115.479779,885934,504031,13:10:59.605978
115.481641,886406,504197,13:10:59.605978
115.483499,886906,504312,13:10:59.605978
115.485365,887051,504541,13:10:59.605978
115.487222,886830,504366,13:10:59.605978
115.489079,886521,504073,13:10:59.605978
115.490937,886458,504046,13:10:59.605978
115.492795,885828,503584,13:10:59.605978
115.494652,885751,503347,13:10:59.605978
115.49651,885250,502942,13:10:59.605978
115.498366,884518,502929,13:10:59.605978
115.500229,884490,502508,13:10:59.605978
115.502085,883741,502547,13:10:59.605978
115.503943,883783,502145,13:10:59.605978
115.50581,883534,502203,13:10:59.655063
115.507675,883217,502375,13:10:59.655063
115.509537,883392,501893,13:10:59.655063
115.511449,883012,502273,13:10:59.655063
115.513307,883107,501958,13:10:59.655063
115.515165,883293,501940,13:10:59.655063
115.517022,883355,502311,13:10:59.655063
115.51888,884076,502915,13:10:59.655063
115.520736,884882,503074,13:10:59.655063
115.522599,886000,503679,13:10:59.655063
115.524457,886785,504277,13:10:59.655063
115.526314,887775,504829,13:10:59.655063
115.528174,888728,505544,13:10:59.656055
115.53003,889844,505737,13:10:59.656055
115.531888,890948,506912,13:10:59.656055
115.533745,891921,507297,13:10:59.656055
115.535601,893244,507878,13:10:59.656055
115.53746,894252,508630,13:10:59.656055
115.53932,895597,509089,13:10:59.656055
115.541178,896693,510247,13:10:59.656055
115.543035,897814,510450,13:10:59.656055
115.544897,898880,511665,13:10:59.656055
115.546753,900446,512318,13:10:59.656055
115.54861,902226,513210,13:10:59.656055
115.550468,903894,514062,13:10:59.656055
115.552324,905864,515371,13:10:59.656055
115.554183,907672,516359,13:10:59.656055
115.556049,909428,517259,13:10:59.705613
115.557915,911455,518594,13:10:59.705613
115.559782,913736,519786,13:10:59.705613
115.5617,915295,520502,13:10:59.705613
115.563558,917375,521974,13:10:59.705613
115.565416,919155,523061,13:10:59.705613
115.567273,920968,524051,13:10:59.705613
115.569133,922752,524807,13:10:59.705613
115.57099,924411,525830,13:10:59.705613
115.572848,925944,526791,13:10:59.705613
115.574704,927616,527706,13:10:59.705613
115.576561,929248,528949,13:10:59.705613
115.578419,931493,529894,13:10:59.705613
115.580279,933054,530647,13:10:59.705613
115.582138,935012,531819,13:10:59.705613
115.583994,936616,532607,13:10:59.705613
115.58586,938243,533667,13:10:59.705613
115.587717,939719,534763,13:10:59.705613
115.589573,941368,535236,13:10:59.705613
115.591431,942877,535960,13:10:59.705613
115.593288,943917,536782,13:10:59.705613
115.595146,945009,537349,13:10:59.705613
115.597003,946395,538011,13:10:59.705613
115.598859,947327,538779,13:10:59.705613
115.600717,948632,539210,13:10:59.705613
115.602581,949226,539715,13:10:59.705613
115.604441,950003,540059,13:10:59.705613
115.606326,950509,540522,13:10:59.755045
115.608188,951351,541101,13:10:59.755045
115.610061,952146,541423,13:10:59.755045
115.611947,952418,541922,13:10:59.756038
115.613805,953414,541921,13:10:59.756038
115.615662,953870,542198,13:10:59.756038
115.617518,954487,542432,13:10:59.756038
115.619379,954836,542549,13:10:59.756038
115.621238,954935,542680,13:10:59.756038
115.623095,955091,542837,13:10:59.756038
115.624952,955225,543125,13:10:59.756038
115.626814,955209,542838,13:10:59.756038
115.62867,955510,543120,13:10:59.756038
115.630527,955485,542814,13:10:59.756038
115.632385,955695,543343,13:10:59.756038
115.634241,955966,543642,13:10:59.756038
115.6361,955773,543362,13:10:59.756038
115.637956,956196,543519,13:10:59.756038
115.639816,956444,543558,13:10:59.756038
115.641673,956755,543617,13:10:59.756038
115.64353,956935,544026,13:10:59.756038
115.645391,957304,544170,13:10:59.756038
115.647248,957481,544555,13:10:59.756038
115.649108,958106,544848,13:10:59.756038
115.650965,958675,544941,13:10:59.756038
115.652823,959301,545367,13:10:59.756038
115.654681,960011,545741,13:10:59.808027
115.656546,960716,545860,13:10:59.808027
115.658406,960972,546326,13:10:59.808027
115.660318,961218,546488,13:10:59.808027
115.662208,961488,546445,13:10:59.808027
115.664067,962080,546931,13:10:59.808027
115.665923,962362,546952,13:10:59.808027
115.667787,962362,547179,13:10:59.808027
115.669646,962403,546954,13:10:59.808027
115.671512,962246,546798,13:10:59.808027
115.673368,962281,546896,13:10:59.808027
115.675225,961897,546771,13:10:59.808027
115.677083,961622,546585,13:10:59.808027
115.678939,961522,546308,13:10:59.808027
115.680798,960990,546040,13:10:59.808027
115.682656,960571,545774,13:10:59.808027
115.684512,959979,545342,13:10:59.808027
115.686369,959276,545262,13:10:59.808027
115.688225,958953,545043,13:10:59.808027
115.690089,958366,544923,13:10:59.808027
115.691946,958015,544802,13:10:59.808027
115.693804,957943,544528,13:10:59.808027
115.695662,957638,544414,13:10:59.808027
115.697519,957504,544323,13:10:59.808027
115.699379,957440,544478,13:10:59.808027
115.701235,957223,544353,13:10:59.808027
115.703092,957164,544450,13:10:59.808027
115.704956,956933,544324,13:10:59.855167
115.70682,957351,544310,13:10:59.855167
115.708681,957323,544361,13:10:59.855167
115.710585,957782,544828,13:10:59.855167
115.712444,958072,545198,13:10:59.855167
115.714304,958272,545469,13:10:59.855167
115.716162,959158,545884,13:10:59.855167
115.71802,960243,546593,13:10:59.855167
115.719877,961355,547190,13:10:59.855167
115.721733,962390,548134,13:10:59.855167
115.723591,963727,548674,13:10:59.855167
115.725448,965204,549317,13:10:59.855167
115.727308,966434,550297,13:10:59.855167
115.729164,967647,550643,13:10:59.855167
115.731023,969179,551665,13:10:59.855167
115.732879,970414,552543,13:10:59.855167
115.734735,971784,553212,13:10:59.855167
115.736594,973079,553731,13:10:59.855167
115.738454,974247,554530,13:10:59.855167
115.740313,975338,555063,13:10:59.855167
115.742169,976391,555392,13:10:59.856167
115.744035,977033,555917,13:10:59.856167
115.745892,977764,556295,13:10:59.856167
115.747748,978181,556447,13:10:59.856167
115.749606,978807,556848,13:10:59.856167
115.751463,979187,556923,13:10:59.856167
115.753321,979446,556968,13:10:59.856167
115.755177,979455,557365,13:10:59.911904
115.757044,979796,557508,13:10:59.911904
115.758904,980440,557537,13:10:59.911904
115.760834,980567,557756,13:10:59.911904
115.762702,980874,557998,13:10:59.911904
115.764561,980866,557794,13:10:59.911904
115.766418,981070,558078,13:10:59.911904
115.768275,981423,558254,13:10:59.911904
115.770132,981632,558636,13:10:59.911904
115.77199,981976,558648,13:10:59.911904
115.773846,981808,558640,13:10:59.911904
115.775703,982179,558782,13:10:59.911904
115.777561,982779,559212,13:10:59.911904
115.779417,983310,559488,13:10:59.911904
115.781274,984480,560178,13:10:59.911904
115.78313,985709,561300,13:10:59.911904
115.784995,986971,561649,13:10:59.911904
115.786851,988475,562682,13:10:59.911904
115.788707,989978,563410,13:10:59.911904
115.790566,991461,564187,13:10:59.911904
115.792422,993053,565341,13:10:59.911904
115.79428,994639,566050,13:10:59.911904
115.796137,996027,566873,13:10:59.911904
115.797993,997539,567873,13:10:59.911904
115.799853,999200,568883,13:10:59.911904
115.801715,1001350,570106,13:10:59.911904
115.803572,1003575,571363,13:10:59.911904
115.805428,1005998,572586,13:10:59.955082
115.807301,1008293,574211,13:10:59.955082
115.809167,1010716,575318,13:10:59.955082
115.811093,1013360,577026,13:10:59.955082
115.812959,1015802,578297,13:10:59.955082
115.814818,1018500,579536,13:10:59.955082
115.816675,1020413,580928,13:10:59.955082
115.818535,1022757,582109,13:10:59.955082
115.820391,1024988,583508,13:10:59.955082
115.822247,1027133,584479,13:10:59.955082
115.824104,1029275,585894,13:10:59.955082
115.825962,1031249,586981,13:10:59.955082
115.82782,1033508,588115,13:10:59.955082
115.829677,1034968,588981,13:10:59.955082
115.831537,1037058,590248,13:10:59.955082
115.833393,1038868,591339,13:10:59.955082
115.835252,1040848,592314,13:10:59.955082
115.837108,1042529,593141,13:10:59.955082
115.838964,1043960,593732,13:10:59.955082
115.840825,1045104,594505,13:10:59.955082
115.842683,1046373,595098,13:10:59.956027
115.844542,1047130,595701,13:10:59.956027
115.846398,1047824,595792,13:10:59.956027
115.848264,1048054,595781,13:10:59.956027
115.850121,1048010,595823,13:10:59.956027
115.851977,1047712,595843,13:10:59.956027
115.853835,1047394,595357,13:10:59.956027
115.8557,1046906,595111,13:11:00.005988
115.857564,1045857,594557,13:11:00.005988
115.859426,1044908,594071,13:11:00.005988
115.86134,1043542,593048,13:11:00.005988
115.863219,1042486,592263,13:11:00.005988
115.865075,1040773,591279,13:11:00.005988
115.866931,1039117,590331,13:11:00.005988
115.86879,1037237,589350,13:11:00.005988
115.870647,1035298,588027,13:11:00.005988
115.872505,1033257,587189,13:11:00.005988
115.874361,1031041,585554,13:11:00.005988
115.876219,1028975,584685,13:11:00.005988
115.878076,1027165,583634,13:11:00.005988
115.879932,1025255,582468,13:11:00.005988
115.88179,1023024,581688,13:11:00.005988
115.883647,1021073,580397,13:11:00.005988
115.885503,1019262,579003,13:11:00.005988
115.887359,1017716,578254,13:11:00.005988
115.889224,1015880,577518,13:11:00.005988
115.89108,1014522,576902,13:11:00.005988
115.892937,1013613,576344,13:11:00.005988
115.894795,1012273,575600,13:11:00.005988
115.896651,1011279,575164,13:11:00.005988
115.898508,1010449,574523,13:11:00.005988
115.900364,1010120,574677,13:11:00.005988
115.90222,1010325,574937,13:11:00.005988
115.904077,1010651,575382,13:11:00.005988
115.905952,1011226,575587,13:11:00.059989
115.907811,1011945,576265,13:11:00.059989
115.909683,1013282,576942,13:11:00.059989
115.911605,1014886,578233,13:11:00.059989
115.913462,1016949,579072,13:11:00.059989
115.915318,1018854,580047,13:11:00.059989
115.917177,1020858,581338,13:11:00.059989
115.919033,1023087,582584,13:11:00.059989
115.92089,1025515,584348,13:11:00.059989
115.922746,1028300,585734,13:11:00.059989
115.924602,1030909,587338,13:11:00.059989
115.926459,1033929,589515,13:11:00.059989
115.928315,1037230,591146,13:11:00.059989
115.930177,1040460,593285,13:11:00.059989
115.932034,1043735,594667,13:11:00.059989
115.93389,1047354,597152,13:11:00.059989
115.93575,1050860,599284,13:11:00.059989
115.937607,1054883,601170,13:11:00.059989
115.939465,1058359,603281,13:11:00.059989
115.941321,1061729,605066,13:11:00.059989
115.943178,1064979,606909,13:11:00.059989
115.945036,1067853,608617,13:11:00.059989
115.946893,1071319,610276,13:11:00.059989
115.948753,1073893,612187,13:11:00.059989
115.950609,1077386,613611,13:11:00.059989
115.952468,1080201,615434,13:11:00.059989
115.954324,1082813,617147,13:11:00.059989
115.956186,1085607,618250,13:11:00.109818
115.958045,1087884,619825,13:11:00.109818
115.959931,1090158,620948,13:11:00.109818
115.961819,1092055,621972,13:11:00.109818
115.96369,1093871,623071,13:11:00.109818
115.96556,1095552,623771,13:11:00.109818
115.967418,1097210,624866,13:11:00.109818
115.969275,1099075,625683,13:11:00.109818
115.971135,1100381,626815,13:11:00.109818
115.972991,1102557,627792,13:11:00.109818
115.974848,1104007,628596,13:11:00.109818
115.976706,1105501,629423,13:11:00.109818
115.978562,1106979,630105,13:11:00.109818
115.980421,1108154,631018,13:11:00.109818
115.982277,1109004,631190,13:11:00.109818
115.984141,1109688,631424,13:11:00.109818
115.986,1109876,631347,13:11:00.109818
115.987862,1109713,631068,13:11:00.109818
115.989719,1109209,631021,13:11:00.109818
115.991575,1108779,630669,13:11:00.109818
115.993433,1107820,630047,13:11:00.109818
115.99529,1106820,629204,13:11:00.109818
115.997146,1105162,628132,13:11:00.109818
115.999004,1103393,627165,13:11:00.109818
116.000861,1101209,626188,13:11:00.109818
116.002719,1098937,624635,13:11:00.109818
116.004575,1096518,622762,13:11:00.160649
116.006444,1093889,621296,13:11:00.160649
116.008304,1090644,619520,13:11:00.160649
116.0102,1087495,617604,13:11:00.160649
116.012081,1084053,615881,13:11:00.160649
116.013952,1080832,613842,13:11:00.160649
116.015834,1076055,612105,13:11:00.160649
116.017694,1074089,610122,13:11:00.160649
116.01955,1071009,608082,13:11:00.160649
116.021408,1067663,606576,13:11:00.160649
116.023265,1064323,604560,13:11:00.160649
116.025121,1061175,602771,13:11:00.160649
116.026979,1058015,601151,13:11:00.160649
116.028836,1055248,599236,13:11:00.160649
116.030694,1052320,597761,13:11:00.160649
116.032551,1050001,596479,13:11:00.160649
116.034411,1047586,595258,13:11:00.160649
116.036267,1045203,594263,13:11:00.160649
116.038124,1043805,593495,13:11:00.160649
116.039982,1042345,592374,13:11:00.160649
116.041838,1041609,592140,13:11:00.160649
116.043697,1040687,591764,13:11:00.160649
116.045553,1040334,591641,13:11:00.160649
116.047409,1040265,591775,13:11:00.160649
116.049266,1040883,592086,13:11:00.160649
116.051132,1041198,592627,13:11:00.160649
116.052989,1042787,593390,13:11:00.160649
116.054845,1044128,594328,13:11:00.218764
116.056715,1045871,595680,13:11:00.218764
116.058576,1048324,596969,13:11:00.218764
116.060481,1050806,598435,13:11:00.218764
116.062342,1053852,600336,13:11:00.218764
116.064198,1057473,602661,13:11:00.218764
116.066055,1059913,604724,13:11:00.219495
116.067943,1065450,607409,13:11:00.219495
116.069801,1069801,609765,13:11:00.219495
116.071658,1074492,612538,13:11:00.219495
116.073514,1078820,615147,13:11:00.219495
116.075371,1083818,617644,13:11:00.219495
116.077227,1088230,620231,13:11:00.219495
116.079083,1092570,622922,13:11:00.219495
116.080942,1097370,625573,13:11:00.219495
116.082802,1102297,628254,13:11:00.219495
116.08466,1106396,630662,13:11:00.219495
116.086517,1110859,632925,13:11:00.219495
116.088373,1114943,635338,13:11:00.219495
116.090231,1118851,637420,13:11:00.219495
116.092091,1122489,639201,13:11:00.219495
116.093948,1125478,641095,13:11:00.219495
116.095805,1128472,642560,13:11:00.219495
116.097663,1131051,643930,13:11:00.219495
116.099519,1133002,645179,13:11:00.219495
116.101378,1135091,645985,13:11:00.219495
116.103236,1136704,646739,13:11:00.219495
116.105092,1138083,647403,13:11:00.263679
116.106967,1139043,648157,13:11:00.263679
116.108827,1139670,648302,13:11:00.263679
116.110739,1139838,648356,13:11:00.263679
116.112595,1140009,648280,13:11:00.263679
116.114458,1139447,648062,13:11:00.263679
116.116322,1138773,647418,13:11:00.263679
116.118178,1138160,647252,13:11:00.263679
116.120035,1137364,646435,13:11:00.263679
116.121893,1136217,645631,13:11:00.263679
116.123752,1134721,645180,13:11:00.263679
116.125612,1133213,644181,13:11:00.263679
116.127468,1131736,643356,13:11:00.263679
116.129325,1130039,641998,13:11:00.263679
116.131181,1128061,641206,13:11:00.263679
116.133037,1126422,640461,13:11:00.263679
116.1349,1124492,639471,13:11:00.263679
116.136756,1122600,638078,13:11:00.263679
116.138614,1120975,637127,13:11:00.263679
116.140471,1118980,635971,13:11:00.264678
116.142327,1117412,635333,13:11:00.264678
116.144186,1115676,634359,13:11:00.264678
116.146046,1114379,633633,13:11:00.264678
116.147904,1113033,632748,13:11:00.264678
116.149763,1111527,631937,13:11:00.264678
116.151627,1110545,631394,13:11:00.264678
116.153483,1109788,631112,13:11:00.264678
116.15534,1109047,630625,13:11:00.320630
116.157216,1108516,630583,13:11:00.320630
116.159076,1108478,630452,13:11:00.320630
116.160975,1108175,630663,13:11:00.320630
116.162875,1108715,631077,13:11:00.320630
116.164731,1109596,631553,13:11:00.320630
116.166589,1110885,632584,13:11:00.320630
116.168449,1112728,633506,13:11:00.320630
116.170322,1114356,634865,13:11:00.320630
116.172198,1116902,635806,13:11:00.320630
116.174055,1118751,637023,13:11:00.320630
116.175913,1120652,638131,13:11:00.320630
116.177772,1122934,639294,13:11:00.320630
116.179628,1125374,640748,13:11:00.320630
116.181484,1127788,642375,13:11:00.320630
116.183342,1130443,643684,13:11:00.320630
116.185199,1132822,644855,13:11:00.320630
116.187055,1135102,646220,13:11:00.320630
116.188918,1137323,647550,13:11:00.320630
116.190774,1139344,648705,13:11:00.320630
116.192631,1141641,650177,13:11:00.320630
116.194489,1143560,651188,13:11:00.320630
116.196345,1146063,652273,13:11:00.320630
116.198204,1147783,653449,13:11:00.320630
116.20006,1149430,654636,13:11:00.320630
116.20192,1151624,655398,13:11:00.320630
116.203779,1153162,656231,13:11:00.320630
116.205645,1154476,657308,13:11:00.368311
116.207505,1155804,657692,13:11:00.368311
116.209367,1157026,658379,13:11:00.368311
116.211266,1157630,658859,13:11:00.368311
116.213126,1158098,659071,13:11:00.368311
116.214988,1158267,659064,13:11:00.368311
116.216851,1158544,658785,13:11:00.368311
116.218709,1158048,658710,13:11:00.368311
116.220568,1157676,658340,13:11:00.368311
116.222426,1156871,657792,13:11:00.368311
116.224292,1155899,656976,13:11:00.368311
116.226192,1154777,656584,13:11:00.368311
116.228069,1153369,655715,13:11:00.368311
116.229925,1151844,654437,13:11:00.368311
116.231784,1150276,653466,13:11:00.368311
116.23364,1148118,652633,13:11:00.368311
116.235498,1146285,651648,13:11:00.368311
116.237355,1144157,650017,13:11:00.368311
116.239215,1142044,649013,13:11:00.368311
116.241073,1139779,647477,13:11:00.368311
116.24293,1137271,646182,13:11:00.368311
116.24479,1135023,644844,13:11:00.368311
116.246646,1132810,643759,13:11:00.368311
116.248505,1130555,642339,13:11:00.368311
116.250361,1128329,641227,13:11:00.368311
116.252218,1126219,639928,13:11:00.368311
116.254076,1124254,638953,13:11:00.368311
116.255944,1122314,637774,13:11:00.424857
116.257807,1120803,637144,13:11:00.424857
116.25967,1119296,636088,13:11:00.424857
116.261565,1117625,635363,13:11:00.424857
116.263426,1116182,634762,13:11:00.424857
116.265286,1115623,633980,13:11:00.424857
116.267144,1114743,633784,13:11:00.424857
116.269001,1113465,633832,13:11:00.424857
116.270861,1114068,633851,13:11:00.424857
116.272735,1112968,634062,13:11:00.424857
116.274602,1115144,634356,13:11:00.424857
116.27646,1115998,635168,13:11:00.424857
116.278316,1117038,635759,13:11:00.424857
116.280175,1118303,636521,13:11:00.424857
116.282033,1120197,637554,13:11:00.424857
116.283899,1122108,638900,13:11:00.424857
116.285756,1124155,640342,13:11:00.424857
116.287612,1126482,641306,13:11:00.424857
116.289471,1129232,642901,13:11:00.424857
116.291327,1132152,645070,13:11:00.424857
116.293183,1135552,647120,13:11:00.424857
116.29504,1139119,648812,13:11:00.424857
116.296896,1142645,650996,13:11:00.424857
116.298752,1146240,652923,13:11:00.424857
116.300609,1149880,654932,13:11:00.424857
116.302471,1153421,656986,13:11:00.424857
116.304328,1157099,658944,13:11:00.424857
116.306193,1160492,660812,13:11:00.468991
116.308052,1163857,662867,13:11:00.468991
116.309922,1166916,664396,13:11:00.468991
116.311805,1169681,666143,13:11:00.468991
116.313663,1172398,667566,13:11:00.468991
116.315521,1174485,668596,13:11:00.468991
116.317382,1176674,669419,13:11:00.468991
116.319244,1178363,670622,13:11:00.468991
116.321115,1179810,671025,13:11:00.468991
116.323001,1180685,671702,13:11:00.468991
116.324857,1181855,671853,13:11:00.468991
116.326747,1182319,672690,13:11:00.468991
116.328604,1182908,672610,13:11:00.468991
116.33046,1181382,672777,13:11:00.468991
116.332322,1182190,671959,13:11:00.468991
116.334182,1181884,671924,13:11:00.468991
116.336039,1181057,671345,13:11:00.468991
116.337896,1180093,670340,13:11:00.468991
116.339754,1178585,669775,13:11:00.468991
116.34161,1176986,668563,13:11:00.468991
116.343467,1175313,667702,13:11:00.468991
116.345323,1173275,666409,13:11:00.468991
116.347179,1170949,665014,13:11:00.468991
116.349036,1168392,663602,13:11:00.468991
116.350892,1165895,661918,13:11:00.468991
116.352752,1162814,660204,13:11:00.468991
116.354609,1160066,658768,13:11:00.526679
116.356481,1156684,656763,13:11:00.526679
116.358344,1153681,655399,13:11:00.526679
116.360238,1150738,653269,13:11:00.526679
116.36211,1147317,651462,13:11:00.526679
116.363968,1144531,649697,13:11:00.526679
116.365826,1141471,648327,13:11:00.526679
116.367683,1138750,646723,13:11:00.526679
116.369539,1136164,645807,13:11:00.526679
116.371402,1133288,643903,13:11:00.526679
116.373258,1131765,642991,13:11:00.526679
116.375122,1129596,641958,13:11:00.526679
116.377009,1127940,641017,13:11:00.526679
116.378867,1126435,640132,13:11:00.526679
116.380731,1125277,639553,13:11:00.526679
116.382588,1124350,639268,13:11:00.526679
116.384444,1123842,638812,13:11:00.526679
116.386303,1123363,638954,13:11:00.526679
116.388159,1123380,639008,13:11:00.526679
116.390017,1124088,639083,13:11:00.526679
116.391876,1124416,639576,13:11:00.526679
116.393732,1125566,640154,13:11:00.526679
116.395588,1126708,641144,13:11:00.526679
116.397444,1128340,642096,13:11:00.526679
116.399303,1129955,643036,13:11:00.526679
116.401159,1132136,644428,13:11:00.526679
116.403018,1134388,645875,13:11:00.527478
116.404876,1137274,647290,13:11:00.571869
116.406742,1139933,648791,13:11:00.571869
116.408603,1142806,650713,13:11:00.571869
116.410525,1145888,652477,13:11:00.571869
116.412383,1148932,654098,13:11:00.571869
116.414244,1152052,655962,13:11:00.571869
116.416101,1155438,657864,13:11:00.571869
116.417958,1158274,659580,13:11:00.571869
116.419817,1161923,661531,13:11:00.571869
116.421677,1164542,663146,13:11:00.572870
116.423533,1167665,664741,13:11:00.572870
116.42539,1170964,666632,13:11:00.572870
116.427248,1173495,667875,13:11:00.572870
116.429104,1176242,669603,13:11:00.572870
116.430961,1178554,670959,13:11:00.572870
116.432819,1180784,672111,13:11:00.572870
116.434678,1182767,673143,13:11:00.572870
116.436534,1184944,674411,13:11:00.572870
116.43839,1187111,675462,13:11:00.572870
116.440249,1188718,676312,13:11:00.572870
116.442105,1190046,677096,13:11:00.572870
116.443963,1191289,677620,13:11:00.572870
116.44582,1192234,678387,13:11:00.572870
116.447676,1192971,678908,13:11:00.572870
116.449534,1193778,679086,13:11:00.572870
116.451398,1194419,679340,13:11:00.572870
116.453255,1194929,679751,13:11:00.575878
116.455111,1195305,679931,13:11:00.621978
116.456994,1195471,680044,13:11:00.621978
116.458854,1195575,680054,13:11:00.621978
116.460768,1195128,679646,13:11:00.621978
116.462629,1194715,679625,13:11:00.621978
116.464485,1194506,679020,13:11:00.621978
116.466341,1193458,678583,13:11:00.622973
116.4682,1193180,677857,13:11:00.622973
116.470056,1192111,677733,13:11:00.622973
116.471914,1190927,676791,13:11:00.622973
116.473771,1189265,676468,13:11:00.622973
116.475637,1188557,675468,13:11:00.622973
116.477493,1186609,674971,13:11:00.622973
116.479386,1185392,673859,13:11:00.622973
116.481244,1184253,672920,13:11:00.622973
116.4831,1182539,672144,13:11:00.622973
116.484961,1180886,671019,13:11:00.622973
116.486817,1179302,670249,13:11:00.622973
116.488674,1178074,669264,13:11:00.622973
116.490532,1176359,668522,13:11:00.622973
116.492388,1174887,667777,13:11:00.622973
116.494245,1173221,667027,13:11:00.622973
116.496101,1172098,666017,13:11:00.622973
116.497957,1170569,665219,13:11:00.622973
116.499814,1169234,664581,13:11:00.622973
116.501671,1167919,663779,13:11:00.622973
116.503532,1166808,663349,13:11:00.622973
116.505389,1166049,662948,13:11:00.673591
116.507263,1165332,662868,13:11:00.673591
116.509123,1165037,662346,13:11:00.673591
116.511026,1164399,662258,13:11:00.673591
116.512884,1164557,662111,13:11:00.673591
116.51474,1164474,662147,13:11:00.673591
116.516597,1164598,662168,13:11:00.673591
116.518453,1164750,662751,13:11:00.673591
116.520309,1165175,663012,13:11:00.673591
116.522168,1165913,663268,13:11:00.673591
116.524029,1166653,663826,13:11:00.673591
116.52589,1167904,664376,13:11:00.674600
116.527749,1169033,665176,13:11:00.674600
116.529605,1170546,665777,13:11:00.674600
116.531464,1171551,666803,13:11:00.674600
116.533324,1173294,667407,13:11:00.674600
116.535184,1174446,668429,13:11:00.674600
116.537041,1176459,669433,13:11:00.674600
116.538903,1177850,670462,13:11:00.674600
116.540761,1179924,671454,13:11:00.674600
116.542618,1182028,672693,13:11:00.674600
116.544476,1183665,673516,13:11:00.674600
116.546332,1185183,674453,13:11:00.674600
116.548191,1186803,675530,13:11:00.674600
116.550047,1188823,676519,13:11:00.674600
116.551908,1190264,677333,13:11:00.674600
116.553766,1192180,678308,13:11:00.674600
116.555625,1193593,679135,13:11:00.723167
116.557495,1195142,680080,13:11:00.723167
116.559357,1196855,680885,13:11:00.723167
116.561269,1197939,681839,13:11:00.723167
116.563127,1199526,682363,13:11:00.723167
116.564984,1200712,683067,13:11:00.723167
116.566842,1201866,683656,13:11:00.723167
116.568698,1202797,684272,13:11:00.723167
116.570555,1203909,684886,13:11:00.723167
116.572411,1204195,685528,13:11:00.723167
116.574275,1205631,685943,13:11:00.723167
116.576132,1206148,686145,13:11:00.723167
116.57799,1206670,686478,13:11:00.723167
116.57986,1206282,686545,13:11:00.723167
116.581741,1207655,687002,13:11:00.723167
116.583599,1207797,686927,13:11:00.723167
116.585456,1208444,687091,13:11:00.723167
116.587312,1208407,687124,13:11:00.723167
116.58917,1208492,687320,13:11:00.723167
116.591027,1208442,687174,13:11:00.723167
116.592883,1208245,686829,13:11:00.723167
116.594741,1207836,686706,13:11:00.723167
116.596598,1207849,686689,13:11:00.723167
116.598456,1207434,686363,13:11:00.723167
116.600313,1207058,685951,13:11:00.723167
116.602177,1206611,685916,13:11:00.723167
116.604033,1205842,685547,13:11:00.723167
116.605898,1205361,685004,13:11:00.776645
116.60776,1204654,684686,13:11:00.776645
116.609624,1203656,684372,13:11:00.776645
116.611528,1202600,683492,13:11:00.776645
116.613389,1202009,683153,13:11:00.776645
116.615246,1201201,682655,13:11:00.776645
116.617109,1199765,682031,13:11:00.776645
116.618966,1198651,681432,13:11:00.776645
116.620824,1197330,680645,13:11:00.776645
116.62268,1196392,680287,13:11:00.776645
116.624537,1195646,679596,13:11:00.776645
116.626397,1194162,679009,13:11:00.776645
116.628253,1193504,678425,13:11:00.776645
116.630116,1192830,678141,13:11:00.776645
116.631972,1191553,677235,13:11:00.776645
116.633829,1190693,676793,13:11:00.776645
116.635687,1189917,676360,13:11:00.776645
116.637545,1188971,675737,13:11:00.776645
116.639402,1188161,675631,13:11:00.776645
116.641258,1187865,675206,13:11:00.776645
116.643116,1187432,674665,13:11:00.776645
116.644973,1186723,674540,13:11:00.776645
116.646829,1186275,674457,13:11:00.776645
116.648687,1185983,674168,13:11:00.777648
116.650544,1186019,674238,13:11:00.777648
116.652402,1186064,674029,13:11:00.777648
116.654258,1186113,674811,13:11:00.777648
116.656137,1186567,674609,13:11:00.827405
116.657997,1186770,674989,13:11:00.827405
116.659867,1187129,675163,13:11:00.827405
116.661752,1187549,675626,13:11:00.827405
116.663608,1188519,675913,13:11:00.827405
116.665464,1189559,676364,13:11:00.827405
116.667323,1190105,677076,13:11:00.827405
116.66918,1191160,677505,13:11:00.827405
116.671037,1191886,678114,13:11:00.827405
116.672894,1193143,678727,13:11:00.827405
116.674752,1194278,679465,13:11:00.827405
116.676608,1195656,679779,13:11:00.827405
116.678465,1196433,680808,13:11:00.827405
116.680343,1197500,681050,13:11:00.827405
116.682203,1197450,681909,13:11:00.827405
116.68407,1200016,682595,13:11:00.827405
116.685926,1201184,683397,13:11:00.827405
116.687785,1202462,684038,13:11:00.827405
116.689643,1203260,684534,13:11:00.827405
116.6915,1204468,685183,13:11:00.827405
116.693358,1205713,685525,13:11:00.827405
116.695214,1206251,686029,13:11:00.827405
116.697076,1207229,686453,13:11:00.827405
116.698933,1208262,687212,13:11:00.827405
116.700789,1209031,687653,13:11:00.827405
116.702649,1209531,687947,13:11:00.827405
116.704506,1210087,688187,13:11:00.878708
116.706374,1210397,688337,13:11:00.878708
116.708234,1210846,688507,13:11:00.878708
116.710108,1211197,688361,13:11:00.878708
116.711993,1211224,688901,13:11:00.878708
116.713849,1211303,688582,13:11:00.878708
116.715712,1211713,688789,13:11:00.878708
116.717568,1211320,688710,13:11:00.878708
116.719426,1210996,688656,13:11:00.878708
116.721285,1210897,688507,13:11:00.878708
116.723141,1210664,688237,13:11:00.878708
116.724999,1210305,688188,13:11:00.878708
116.726856,1210488,687786,13:11:00.878708
116.728722,1209493,687954,13:11:00.879808
116.730581,1209116,687668,13:11:00.879808
116.732485,1209205,687632,13:11:00.879808
116.734347,1208854,687223,13:11:00.879808
116.736205,1208622,687024,13:11:00.879808
116.738062,1208299,686725,13:11:00.879808
116.73992,1207668,686641,13:11:00.879808
116.741776,1207488,686605,13:11:00.879808
116.743633,1206959,686157,13:11:00.879808
116.745489,1206735,686161,13:11:00.879808
116.747348,1206418,685862,13:11:00.879808
116.749204,1206193,685951,13:11:00.879808
116.75106,1205961,685783,13:11:00.879808
116.752919,1205980,685609,13:11:00.879808
116.754775,1205936,685311,13:11:00.934342
116.756635,1205630,685466,13:11:00.934342
116.758496,1205586,685191,13:11:00.934342
116.760412,1205534,685449,13:11:00.934342
116.762278,1205643,685684,13:11:00.934342
116.764134,1205812,685605,13:11:00.934342
116.765993,1206225,685735,13:11:00.934342
116.767849,1206375,686241,13:11:00.934342
116.769706,1206716,686233,13:11:00.934342
116.771564,1206740,686314,13:11:00.934342
116.77342,1207098,686512,13:11:00.934342
116.775277,1207890,687063,13:11:00.934342
116.777133,1208563,687307,13:11:00.934342
116.778999,1209211,687677,13:11:00.934342
116.780856,1209899,688016,13:11:00.934342
116.782712,1210703,688381,13:11:00.934342
116.784576,1210421,689016,13:11:00.934342
116.786433,1211982,689341,13:11:00.934342
116.788291,1212972,689967,13:11:00.934342
116.790147,1213708,690193,13:11:00.934342
116.792004,1214230,690778,13:11:00.934342
116.79386,1215263,691146,13:11:00.934342
116.79572,1215851,691718,13:11:00.934342
116.797577,1216736,692041,13:11:00.934342
116.799433,1217190,692324,13:11:00.934342
116.801291,1218530,692697,13:11:00.934342
116.803148,1219284,693257,13:11:00.934342
116.805004,1219779,693569,13:11:00.981364
116.806877,1220255,693978,13:11:00.981364
116.808737,1220916,694176,13:11:00.981364
116.810637,1221498,694625,13:11:00.981364
116.812495,1221895,694975,13:11:00.981364
116.814355,1222661,695076,13:11:00.981364
116.816216,1223004,695594,13:11:00.981364
116.818072,1223236,695615,13:11:00.981364
116.819931,1223508,695866,13:11:00.981364
116.821787,1223962,695797,13:11:00.981364
116.823643,1223657,695748,13:11:00.981364
116.825502,1224101,695995,13:11:00.981364
116.827364,1224159,695978,13:11:00.981364
116.829223,1224040,695975,13:11:00.981364
116.831084,1224468,696254,13:11:00.981364
116.832947,1224166,696108,13:11:00.981364
116.834824,1222443,696034,13:11:00.981364
116.836688,1224026,695801,13:11:00.981364
116.838548,1223751,695794,13:11:00.981364
116.840405,1223602,695502,13:11:00.981364
116.842269,1223199,695433,13:11:00.981364
116.844125,1223011,694754,13:11:00.981364
116.845982,1222405,694998,13:11:00.981364
116.847842,1221948,694659,13:11:00.981364
116.849698,1221456,694333,13:11:00.981364
116.851557,1221028,693943,13:11:00.981364
116.853413,1220410,693804,13:11:00.981364
116.85527,1219829,693346,13:11:01.030905
116.85714,1219291,693063,13:11:01.030905
116.859001,1218906,692670,13:11:01.030905
116.860904,1217868,692472,13:11:01.030905
116.862763,1217567,691815,13:11:01.030905
116.864619,1216575,691527,13:11:01.030905
116.866479,1216200,691387,13:11:01.030905
116.868336,1215401,690841,13:11:01.030905
116.870194,1214979,690838,13:11:01.030905
116.872051,1214669,690428,13:11:01.030905
116.873907,1213030,689922,13:11:01.030905
116.875763,1213973,689946,13:11:01.030905
116.87762,1213345,689758,13:11:01.030905
116.879478,1213049,689429,13:11:01.030905
116.881334,1212549,689514,13:11:01.030905
116.883193,1212032,689384,13:11:01.030905
116.885051,1212277,689261,13:11:01.030905
116.886929,1210573,688985,13:11:01.030905
116.888798,1211813,689252,13:11:01.030905
116.890654,1212167,689096,13:11:01.030905
116.892512,1212307,689201,13:11:01.030905
116.894369,1212513,689819,13:11:01.030905
116.896225,1212640,689717,13:11:01.030905
116.898083,1213185,690007,13:11:01.030905
116.899949,1213762,690033,13:11:01.030905
116.901812,1214199,690452,13:11:01.030905
116.903669,1214622,690886,13:11:01.030905
116.905531,1215082,690889,13:11:01.081645
116.907397,1215949,691697,13:11:01.081645
116.909258,1216530,691993,13:11:01.082649
116.911158,1217244,692076,13:11:01.082649
116.913018,1218145,692808,13:11:01.082649
116.914874,1218763,693332,13:11:01.082649
116.916731,1219646,693700,13:11:01.082649
116.918597,1220119,693885,13:11:01.082649
116.920454,1220743,694452,13:11:01.082649
116.92231,1221341,695050,13:11:01.082649
116.924168,1222149,695619,13:11:01.082649
116.926025,1223329,695825,13:11:01.082649
116.927881,1224259,696382,13:11:01.082649
116.929741,1224200,696646,13:11:01.082649
116.931598,1225296,696918,13:11:01.082649
116.933464,1226237,697291,13:11:01.082649
116.93532,1226771,697768,13:11:01.082649
116.937181,1226030,697858,13:11:01.082649
116.939039,1227931,698312,13:11:01.082649
116.940895,1228137,698566,13:11:01.082649
116.942756,1228694,699044,13:11:01.082649
116.944636,1229125,698864,13:11:01.082649
116.946498,1229355,698909,13:11:01.082649
116.948355,1229541,699219,13:11:01.082649
116.950211,1229483,699307,13:11:01.082649
116.952069,1229956,699445,13:11:01.082649
116.953926,1229831,699288,13:11:01.082649
116.955794,1229450,699250,13:11:01.140291
116.957659,1229853,699264,13:11:01.140291
116.959522,1229688,699057,13:11:01.140291
116.961425,1229302,698901,13:11:01.140291
116.963281,1229215,698890,13:11:01.140291
116.965148,1228928,698726,13:11:01.140291
116.967004,1228594,698310,13:11:01.140291
116.96886,1228452,698068,13:11:01.140291
116.970719,1227826,698091,13:11:01.140291
116.972575,1227528,697934,13:11:01.140291
116.974434,1227384,697632,13:11:01.140291
116.97629,1226708,697381,13:11:01.140291
116.978146,1225912,697149,13:11:01.140291
116.980005,1225799,696708,13:11:01.140291
116.981867,1225175,696818,13:11:01.140291
116.983723,1224828,696354,13:11:01.140291
116.985584,1224128,696054,13:11:01.140291
116.987441,1223148,695984,13:11:01.140291
116.9893,1223643,695672,13:11:01.140291
116.991157,1223193,695368,13:11:01.140291
116.993015,1222835,695332,13:11:01.140291
116.994875,1222635,695012,13:11:01.140291
116.996732,1222329,694832,13:11:01.140291
116.998588,1222009,694766,13:11:01.140291
117.000449,1221733,694798,13:11:01.140291
117.002307,1221482,694544,13:11:01.140291
117.004165,1221413,694652,13:11:01.140291
117.006056,1221575,694331,13:11:01.186222
117.007916,1221581,694706,13:11:01.186222
117.009786,1221444,694597,13:11:01.186222
117.011696,1221353,694611,13:11:01.186222
117.013553,1221963,694602,13:11:01.186222
117.015411,1222072,695031,13:11:01.186222
117.017267,1222148,695380,13:11:01.186222
117.019124,1222972,695352,13:11:01.186222
117.02098,1223212,695876,13:11:01.186222
117.022837,1223490,696205,13:11:01.186222
117.024693,1223675,696121,13:11:01.186222
117.026549,1223863,696487,13:11:01.186222
117.02841,1224930,696643,13:11:01.186222
117.030266,1225252,697015,13:11:01.186222
117.032122,1225785,697411,13:11:01.186222
117.033981,1226697,697808,13:11:01.192243
117.035844,1227227,698026,13:11:01.192243
117.037703,1228040,698387,13:11:01.192243
117.03958,1228398,698961,13:11:01.192243
117.041436,1229225,699137,13:11:01.192243
117.043294,1229707,699724,13:11:01.192243
117.045151,1229759,699815,13:11:01.192243
117.047017,1230928,700104,13:11:01.192243
117.048875,1231583,700516,13:11:01.192243
117.050736,1231851,700763,13:11:01.192243
117.052592,1232493,701045,13:11:01.192243
117.054451,1232838,700990,13:11:01.192243
117.056317,1233260,701453,13:11:01.234990
117.058177,1233538,701625,13:11:01.234990
117.060065,1233970,701605,13:11:01.234990
117.061953,1234012,702016,13:11:01.234990
117.06381,1234188,701780,13:11:01.234990
117.065668,1234330,701953,13:11:01.234990
117.067527,1234534,702313,13:11:01.234990
117.069385,1234446,702091,13:11:01.234990
117.071241,1234435,702003,13:11:01.234990
117.073097,1233773,701875,13:11:01.234990
117.07496,1234198,701798,13:11:01.234990
117.076816,1233624,701979,13:11:01.234990
117.078675,1233783,701720,13:11:01.234990
117.080531,1233425,701473,13:11:01.234990
117.082387,1232729,701162,13:11:01.234990
117.084246,1232904,700943,13:11:01.234990
117.086105,1232192,700791,13:11:01.234990
117.087962,1232195,700679,13:11:01.234990
117.089819,1231569,700239,13:11:01.234990
117.091681,1229589,699909,13:11:01.234990
117.093563,1230719,699790,13:11:01.234990
117.09542,1230222,699298,13:11:01.234990
117.097276,1229537,699308,13:11:01.234990
117.099132,1229126,698976,13:11:01.234990
117.100991,1228478,698516,13:11:01.234990
117.102847,1228166,698158,13:11:01.234990
117.104704,1227798,697965,13:11:01.287692
117.106568,1227084,697830,13:11:01.287692
117.108428,1227106,697664,13:11:01.288698
117.110326,1226573,697225,13:11:01.288698
117.112195,1226225,697200,13:11:01.288698
117.114055,1225786,696890,13:11:01.288698
117.115917,1225506,697114,13:11:01.288698
117.117774,1225244,696836,13:11:01.288698
117.119632,1224955,696739,13:11:01.288698
117.121488,1224586,696798,13:11:01.288698
117.123345,1224719,696533,13:11:01.288698
117.125203,1225072,696884,13:11:01.288698
117.127064,1225145,696776,13:11:01.288698
117.128922,1225016,696785,13:11:01.288698
117.130778,1225485,696809,13:11:01.288698
117.13264,1225556,697061,13:11:01.288698
117.134497,1225723,697314,13:11:01.288698
117.136353,1226096,697459,13:11:01.288698
117.138215,1226434,697751,13:11:01.288698
117.140074,1226687,697884,13:11:01.288698
117.141938,1227303,698289,13:11:01.288698
117.143796,1228201,698770,13:11:01.288698
117.145657,1228522,698693,13:11:01.288698
117.147515,1229455,699346,13:11:01.288698
117.149375,1229756,699797,13:11:01.288698
117.151234,1230612,699893,13:11:01.288698
117.15309,1231403,700453,13:11:01.288698
117.154956,1231841,700325,13:11:01.304803
117.156825,1232544,700853,13:11:01.304803
117.158688,1233089,701437,13:11:01.304803
117.160595,1233918,702094,13:11:01.304803
117.162453,1234374,702314,13:11:01.304803
117.16431,1235409,702739,13:11:01.304803
117.166168,1235897,703173,13:11:01.304803
117.168024,1236632,703497,13:11:01.304803
117.169881,1236508,703684,13:11:01.304803
117.171737,1237157,703887,13:11:01.304803
117.173597,1237690,704196,13:11:01.304803
117.175454,1238288,704099,13:11:01.304803
117.17731,1238671,704463,13:11:01.304803
117.179169,1238952,704359,13:11:01.304803
117.181025,1238800,704472,13:11:01.304803
117.182883,1239397,704816,13:11:01.304803
117.18474,1239299,704736,13:11:01.304803
117.186602,1238576,704867,13:11:01.304803
117.188458,1239617,704746,13:11:01.304803
117.190325,1239426,704842,13:11:01.304803
117.192193,1239281,704709,13:11:01.304803
117.194061,1237533,704665,13:11:01.304803
117.195926,1239284,704589,13:11:01.304803
117.197784,1238632,704276,13:11:01.304803
117.199649,1238325,704102,13:11:01.304803
117.201507,1237806,704000,13:11:01.304803
117.203363,1237765,703667,13:11:01.304803
117.205221,1237427,703181,13:11:01.355221
117.207092,1236876,702924,13:11:01.355221
117.208952,1236178,702809,13:11:01.355221
117.210856,1235411,702704,13:11:01.355221
117.212714,1235350,702111,13:11:01.355221
117.214573,1234649,701962,13:11:01.355221
117.216431,1234231,701343,13:11:01.355221
117.218297,1233669,701144,13:11:01.355221
117.220154,1232850,700811,13:11:01.355221
117.22201,1232328,700549,13:11:01.355221
117.223869,1231718,700290,13:11:01.355221
117.225725,1231100,700272,13:11:01.355221
117.227581,1230676,699939,13:11:01.355221
117.22944,1230124,699396,13:11:01.355221
117.231296,1229724,699150,13:11:01.355221
117.233154,1229456,698817,13:11:01.355221
117.235011,1228626,698459,13:11:01.355221
117.236879,1228435,698272,13:11:01.355221
117.238737,1228144,698236,13:11:01.355221
117.240596,1227769,698083,13:11:01.355221
117.242463,1227395,697897,13:11:01.355221
117.24434,1227406,698148,13:11:01.355221
117.246199,1227178,697821,13:11:01.355221
117.248059,1227421,697796,13:11:01.355221
117.249914,1227492,698117,13:11:01.355221
117.251772,1227176,697645,13:11:01.355221
117.253628,1227462,698110,13:11:01.355221
117.255486,1227869,698200,13:11:01.404744
117.257349,1228040,698173,13:11:01.404744
117.259209,1227848,698322,13:11:01.404744
117.261113,1228140,698457,13:11:01.406879
117.26297,1228480,698758,13:11:01.406879
117.264828,1228978,699133,13:11:01.406879
117.266684,1229041,699144,13:11:01.406879
117.268541,1229627,699329,13:11:01.406879
117.270397,1230109,699227,13:11:01.406879
117.272253,1230445,700042,13:11:01.406879
117.27411,1230871,699920,13:11:01.406879
117.275966,1231170,700275,13:11:01.406879
117.277826,1231633,700404,13:11:01.406879
117.279683,1232015,700675,13:11:01.406879
117.281539,1232374,700734,13:11:01.406879
117.283397,1233042,701181,13:11:01.406879
117.285254,1233279,701396,13:11:01.406879
117.287112,1233375,701680,13:11:01.406879
117.288969,1233993,701816,13:11:01.406879
117.290829,1234481,701730,13:11:01.406879
117.292687,1234682,702073,13:11:01.406879
117.294544,1235103,702315,13:11:01.406879
117.296404,1235284,702370,13:11:01.406879
117.29826,1235610,702648,13:11:01.406879
117.300119,1235802,702606,13:11:01.406879
117.301975,1235987,702666,13:11:01.406879
117.303833,1236138,703100,13:11:01.406879
117.305698,1236436,702925,13:11:01.454694
117.30756,1236403,702968,13:11:01.454694
117.309422,1236336,703233,13:11:01.454694
117.311335,1236448,703079,13:11:01.454694
117.313267,1236240,703186,13:11:01.454694
117.315129,1236233,703190,13:11:01.454694
117.316985,1236115,702857,13:11:01.454694
117.318844,1235823,702659,13:11:01.454694
117.320702,1235727,702425,13:11:01.454694
117.322558,1235647,702416,13:11:01.454694
117.324417,1235227,702248,13:11:01.454694
117.326273,1235014,702078,13:11:01.454694
117.328129,1234700,701985,13:11:01.454694
117.329986,1234102,701755,13:11:01.454694
117.33185,1233909,701661,13:11:01.454694
117.333706,1233551,701111,13:11:01.454694
117.335563,1233094,700911,13:11:01.454694
117.337421,1232751,700527,13:11:01.454694
117.339278,1231961,700336,13:11:01.454694
117.341134,1231632,700113,13:11:01.454694
117.342994,1231411,699943,13:11:01.454694
117.344855,1230821,699474,13:11:01.454694
117.346711,1230677,699830,13:11:01.454694
117.348567,1230060,699270,13:11:01.455673
117.350428,1229621,699104,13:11:01.455673
117.352284,1229741,699092,13:11:01.455673
117.35414,1229071,698779,13:11:01.455673
117.356021,1229247,698981,13:11:01.504649
117.357881,1228709,698501,13:11:01.504649
117.359747,1228536,698323,13:11:01.504649
117.361653,1229068,698475,13:11:01.505630
117.363512,1228260,698150,13:11:01.505630
117.36537,1228254,698588,13:11:01.505630
117.367226,1228465,698228,13:11:01.505630
117.369085,1228201,698243,13:11:01.505630
117.370943,1228474,698682,13:11:01.505630
117.372809,1228331,698301,13:11:01.505630
117.374666,1228341,698674,13:11:01.505630
117.376522,1228703,698835,13:11:01.505630
117.378381,1228601,698658,13:11:01.505630
117.380237,1228800,698890,13:11:01.505630
117.382093,1228784,698839,13:11:01.505630
117.38395,1228747,699079,13:11:01.505630
117.385806,1229594,699587,13:11:01.505630
117.387664,1229655,699220,13:11:01.505630
117.389521,1229771,699603,13:11:01.505630
117.391381,1230419,699573,13:11:01.507859
117.393237,1230601,699760,13:11:01.507859
117.395094,1230943,699993,13:11:01.507859
117.396952,1231608,700068,13:11:01.507859
117.398808,1231412,700346,13:11:01.507859
117.400667,1231743,700585,13:11:01.507859
117.402523,1232158,700533,13:11:01.507859
117.404383,1232225,700811,13:11:01.507859
117.406246,1232784,701161,13:11:01.554588
117.408114,1232666,701159,13:11:01.554588
117.409978,1233304,701369,13:11:01.554588
117.411887,1233035,701400,13:11:01.554588
117.413743,1233553,701520,13:11:01.554588
117.415601,1233852,701542,13:11:01.554588
117.417458,1234118,701389,13:11:01.554588
117.419316,1234204,701759,13:11:01.554588
117.421172,1234243,701853,13:11:01.554588
117.423031,1234143,701759,13:11:01.554588
117.424889,1234092,701624,13:11:01.554588
117.426755,1234141,701837,13:11:01.554588
117.428612,1234053,701743,13:11:01.554588
117.430468,1233834,701476,13:11:01.554588
117.432326,1233780,701392,13:11:01.554588
117.434183,1233537,701440,13:11:01.554588
117.436039,1233548,701315,13:11:01.554588
117.437898,1233416,701119,13:11:01.554588
117.439754,1233073,700835,13:11:01.554588
117.441612,1232887,701061,13:11:01.554588
117.443469,1232531,700822,13:11:01.554588
117.445333,1232437,700422,13:11:01.554588
117.447193,1232302,700747,13:11:01.554588
117.449053,1231734,700087,13:11:01.554588
117.450914,1231488,700120,13:11:01.554588
117.452802,1231385,699915,13:11:01.554588
117.454663,1230731,699403,13:11:01.605191
117.456551,1230502,699572,13:11:01.605191
117.458411,1230410,699319,13:11:01.605191
117.460303,1230161,699401,13:11:01.605191
117.462173,1229869,699263,13:11:01.605191
117.46403,1229802,698950,13:11:01.605191
117.465888,1229326,699059,13:11:01.605191
117.467745,1229208,698864,13:11:01.605191
117.469603,1228831,698672,13:11:01.605640
117.471459,1228907,698679,13:11:01.605640
117.473316,1228799,698384,13:11:01.605640
117.475174,1228627,698404,13:11:01.605640
117.477038,1228336,698674,13:11:01.605640
117.478895,1228197,698295,13:11:01.605640
117.480753,1228371,698298,13:11:01.605640
117.482611,1228326,698128,13:11:01.605640
117.484468,1228308,698577,13:11:01.605640
117.486324,1228436,698339,13:11:01.605640
117.488182,1228508,698534,13:11:01.605640
117.490039,1228524,698566,13:11:01.605640
117.491895,1228829,698351,13:11:01.605640
117.493751,1228956,698834,13:11:01.605640
117.495616,1229174,699062,13:11:01.605640
117.497472,1229199,698959,13:11:01.605640
117.499329,1229750,699196,13:11:01.605640
117.501187,1230146,699375,13:11:01.605640
117.503043,1230395,699512,13:11:01.605640
117.5049,1230460,699478,13:11:01.654450
117.506768,1230856,699700,13:11:01.654450
117.508628,1231374,700090,13:11:01.654450
117.510538,1231691,700321,13:11:01.654450
117.512423,1231968,700534,13:11:01.654450
117.514279,1232167,700481,13:11:01.654450
117.516137,1232735,700674,13:11:01.654450
117.517997,1232522,700889,13:11:01.654450
117.519856,1232777,701149,13:11:01.654450
117.521712,1233284,701314,13:11:01.654450
117.523571,1233375,701374,13:11:01.654450
117.525427,1233758,701301,13:11:01.654450
117.527283,1233935,701814,13:11:01.654450
117.529142,1234014,701522,13:11:01.654450
117.530998,1234392,701525,13:11:01.654450
117.532857,1234247,701590,13:11:01.654450
117.534713,1234189,701708,13:11:01.654450
117.536575,1234359,701858,13:11:01.654450
117.538432,1234119,701750,13:11:01.654450
117.540288,1234456,701610,13:11:01.655456
117.542146,1234124,701868,13:11:01.655456
117.544003,1233855,701649,13:11:01.655456
117.545861,1234067,701434,13:11:01.655456
117.547717,1233782,701528,13:11:01.655456
117.549578,1233498,701472,13:11:01.655456
117.551436,1233606,701019,13:11:01.655456
117.553295,1233279,700968,13:11:01.655456
117.555153,1233111,701012,13:11:01.705648
117.557021,1232819,700877,13:11:01.705648
117.558888,1232554,700674,13:11:01.705648
117.560792,1232338,700543,13:11:01.705648
117.562648,1231872,700336,13:11:01.705648
117.564504,1231562,700208,13:11:01.705648
117.566361,1231691,699937,13:11:01.705648
117.568219,1231276,699853,13:11:01.705648
117.570075,1231077,699848,13:11:01.705648
117.571932,1230600,699792,13:11:01.705648
117.573794,1230494,699465,13:11:01.705648
117.57565,1230267,699249,13:11:01.705648
117.577509,1230145,699088,13:11:01.705648
117.579365,1230007,699104,13:11:01.705648
117.581222,1229542,698982,13:11:01.705648
117.58308,1229534,698893,13:11:01.705648
117.584939,1229157,698659,13:11:01.705648
117.586797,1229295,698855,13:11:01.705648
117.588653,1229031,698646,13:11:01.705648
117.590515,1228975,698556,13:11:01.705648
117.592374,1228996,698930,13:11:01.705648
117.59423,1228974,698943,13:11:01.705648
117.596088,1228968,698864,13:11:01.705648
117.597945,1229196,698576,13:11:01.705648
117.599805,1229179,698864,13:11:01.705648
117.601661,1229106,698920,13:11:01.705648
117.603518,1229349,698620,13:11:01.705648
117.605378,1229406,699045,13:11:01.756183
117.607249,1229341,699128,13:11:01.756183
117.609109,1229695,699229,13:11:01.756183
117.611035,1229928,699099,13:11:01.756183
117.612902,1230133,699113,13:11:01.756183
117.61476,1230423,699613,13:11:01.756183
117.616616,1230554,699610,13:11:01.756183
117.618474,1230750,700059,13:11:01.756183
117.620331,1231173,699877,13:11:01.756183
117.622187,1231574,700303,13:11:01.756183
117.624043,1232031,700290,13:11:01.756183
117.6259,1232348,700527,13:11:01.756183
117.627756,1232401,700721,13:11:01.756183
117.629612,1232582,701026,13:11:01.756183
117.631473,1232921,700877,13:11:01.756183
117.633329,1233051,701210,13:11:01.756183
117.635185,1233398,701059,13:11:01.756183
117.637044,1233674,701350,13:11:01.756183
117.6389,1233451,701498,13:11:01.756183
117.640759,1234069,701552,13:11:01.756183
117.642615,1234061,701504,13:11:01.756183
117.644475,1234218,701438,13:11:01.756183
117.646334,1234338,701998,13:11:01.756183
117.6482,1234348,701902,13:11:01.756183
117.650056,1234367,701725,13:11:01.756183
117.651917,1234428,701768,13:11:01.756183
117.653803,1234557,701727,13:11:01.756183
117.655667,1234335,701880,13:11:01.807972
117.657532,1234262,701725,13:11:01.807972
117.659396,1234464,701622,13:11:01.807972
117.661312,1234076,701729,13:11:01.807972
117.663167,1233846,701697,13:11:01.807972
117.665025,1234100,701528,13:11:01.807972
117.666881,1233824,701375,13:11:01.807972
117.668739,1233524,701371,13:11:01.807972
117.670596,1233535,701005,13:11:01.807972
117.672452,1233083,700937,13:11:01.807972
117.674308,1232983,700799,13:11:01.807972
117.676172,1232840,700616,13:11:01.807972
117.678029,1232452,700490,13:11:01.807972
117.679885,1232142,700103,13:11:01.807972
117.681744,1232008,700351,13:11:01.807972
117.6836,1231711,699898,13:11:01.807972
117.685457,1231435,699948,13:11:01.807972
117.687313,1231121,700127,13:11:01.807972
117.689169,1230960,699684,13:11:01.807972
117.691026,1230798,699725,13:11:01.807972
117.692882,1230417,699763,13:11:01.807972
117.694744,1230616,699506,13:11:01.807972
117.696601,1230296,699548,13:11:01.807972
117.698457,1230154,699348,13:11:01.807972
117.700317,1229900,699447,13:11:01.807972
117.702174,1230007,699373,13:11:01.807972
117.704032,1229961,699241,13:11:01.808972
117.705898,1230085,699236,13:11:01.857507
117.707761,1229906,699033,13:11:01.857507
117.709624,1230206,699314,13:11:01.857507
117.711527,1229746,699347,13:11:01.857507
117.713402,1230196,699251,13:11:01.857507
117.715262,1230253,699284,13:11:01.862614
117.717118,1230234,699471,13:11:01.862614
117.718981,1230366,699810,13:11:01.862614
117.720837,1230571,699886,13:11:01.862614
117.722695,1230763,699868,13:11:01.862614
117.724552,1230858,699828,13:11:01.862614
117.726408,1231171,699979,13:11:01.862614
117.728266,1231200,700060,13:11:01.862614
117.730127,1231607,700448,13:11:01.862614
117.731985,1231627,700335,13:11:01.862614
117.733843,1232067,700682,13:11:01.862614
117.73571,1232470,700512,13:11:01.862614
117.737566,1232390,700952,13:11:01.862614
117.739422,1232712,700788,13:11:01.862614
117.741281,1233029,701125,13:11:01.862614
117.743137,1233187,701112,13:11:01.862614
117.744995,1233469,701329,13:11:01.862614
117.746854,1233598,701284,13:11:01.862614
117.74871,1233815,701359,13:11:01.862614
117.750568,1233947,701607,13:11:01.862614
117.752429,1233980,701575,13:11:01.862614
117.754293,1234237,701665,13:11:01.862614
117.756161,1234431,701932,13:11:01.905560
117.75802,1234556,701839,13:11:01.905560
117.759886,1234444,701845,13:11:01.905560
117.761768,1234420,701911,13:11:01.905560
117.763631,1234543,702096,13:11:01.905560
117.765487,1234834,701821,13:11:01.905560
117.767345,1234518,701748,13:11:01.905560
117.769202,1234564,701738,13:11:01.905560
117.771059,1234547,701976,13:11:01.905560
117.772916,1234467,701800,13:11:01.905560
117.774775,1234324,701683,13:11:01.905560
117.776633,1234514,701593,13:11:01.905560
117.77849,1234074,701527,13:11:01.905560
117.780346,1233881,701251,13:11:01.905560
117.782202,1233959,701026,13:11:01.905560
117.784064,1233684,700958,13:11:01.905560
117.785921,1233404,701136,13:11:01.905560
117.787779,1232801,700981,13:11:01.905560
117.789638,1233006,700767,13:11:01.905560
117.791494,1232565,700780,13:11:01.905560
117.79335,1232266,700310,13:11:01.905560
117.795209,1232164,700505,13:11:01.905560
117.797065,1231791,700259,13:11:01.905560
117.798923,1231726,700296,13:11:01.905560
117.800782,1231489,700234,13:11:01.905560
117.802642,1231348,699803,13:11:01.905560
117.804498,1231333,700055,13:11:01.958069
117.806362,1231339,699747,13:11:01.958069
117.808229,1230845,699775,13:11:01.959073
117.810095,1231049,699460,13:11:01.959073
117.812002,1230624,699475,13:11:01.959073
117.81386,1230483,699682,13:11:01.959073
117.815716,1230165,699536,13:11:01.959073
117.817573,1230440,699623,13:11:01.959073
117.819429,1230274,699552,13:11:01.959073
117.821289,1230559,699239,13:11:01.959073
117.823146,1230601,699466,13:11:01.959073
117.825002,1230851,699707,13:11:01.959073
117.82686,1230456,699752,13:11:01.959073
117.828717,1230591,699583,13:11:01.959073
117.830575,1230990,699843,13:11:01.959073
117.832431,1230898,699526,13:11:01.959073
117.834288,1230984,699987,13:11:01.959073
117.836146,1231291,699877,13:11:01.959073
117.83801,1231248,700355,13:11:01.959073
117.839867,1231560,700310,13:11:01.959073
117.841723,1232041,700386,13:11:01.959073
117.843582,1232087,700413,13:11:01.959073
117.845438,1232238,700507,13:11:01.959073
117.847294,1232473,700764,13:11:01.959073
117.849153,1232544,700982,13:11:01.959073
117.851009,1232942,700824,13:11:01.959073
117.852867,1233439,701151,13:11:01.959073
117.854724,1233271,701332,13:11:02.005738
117.85659,1233596,701274,13:11:02.005738
117.858458,1233988,701341,13:11:02.005738
117.860346,1234144,701456,13:11:02.005738
117.862251,1234122,701685,13:11:02.005738
117.864107,1234216,701732,13:11:02.005738
117.865969,1234585,701720,13:11:02.005738
117.86783,1234507,701585,13:11:02.005738
117.869686,1234597,701542,13:11:02.005738
117.871544,1234824,701894,13:11:02.005738
117.873401,1234705,701830,13:11:02.005738
117.875257,1234909,701808,13:11:02.005738
117.877115,1234895,701851,13:11:02.005738
117.878974,1234908,701880,13:11:02.005738
117.880832,1235005,701945,13:11:02.005738
117.882689,1234866,701707,13:11:02.005738
117.884551,1234720,701824,13:11:02.005738
117.886407,1234730,701679,13:11:02.005738
117.888264,1234520,701611,13:11:02.005738
117.890122,1234705,701651,13:11:02.005738
117.891978,1234354,701403,13:11:02.005738
117.893837,1234156,701311,13:11:02.005738
117.895693,1233871,701237,13:11:02.005738
117.897555,1233884,701347,13:11:02.005738
117.899414,1233662,700651,13:11:02.005738
117.90128,1233276,700853,13:11:02.005738
117.903136,1232911,700670,13:11:02.005738
117.904993,1232632,700474,13:11:02.055027
117.906857,1232579,700425,13:11:02.055027
117.908717,1232152,700173,13:11:02.055027
117.910621,1232221,700392,13:11:02.055027
117.912502,1232032,700159,13:11:02.055027
117.914358,1231884,700031,13:11:02.055027
117.916214,1231747,699995,13:11:02.055027
117.918073,1231372,699705,13:11:02.055027
117.919929,1231375,699763,13:11:02.055027
117.921786,1231085,699579,13:11:02.055027
117.923642,1231019,699503,13:11:02.055027
117.9255,1231161,699583,13:11:02.055027
117.927357,1230642,699541,13:11:02.055027
117.929213,1230632,699601,13:11:02.055027
117.931069,1230790,699311,13:11:02.055027
117.932926,1230499,699517,13:11:02.055027
117.934786,1230566,699370,13:11:02.055027
117.936642,1230703,699559,13:11:02.055027
117.938507,1230867,699369,13:11:02.055027
117.940363,1230771,699517,13:11:02.055027
117.942219,1230925,699575,13:11:02.055027
117.944078,1230892,699453,13:11:02.055027
117.945934,1231122,699696,13:11:02.055027
117.947794,1231497,699843,13:11:02.055027
117.949651,1231376,700028,13:11:02.055027
117.951507,1231234,699918,13:11:02.055027
117.953365,1231600,700067,13:11:02.055027
117.955227,1231917,700144,13:11:02.108757
117.957096,1231983,700075,13:11:02.108757
117.95896,1232469,700574,13:11:02.108757
117.960861,1232239,700620,13:11:02.108757
117.962719,1232902,700531,13:11:02.108757
117.964577,1232891,700728,13:11:02.109723
117.966436,1233193,700784,13:11:02.109723
117.968292,1233532,700971,13:11:02.109723
117.97015,1233531,701101,13:11:02.109723
117.972007,1233757,701357,13:11:02.109723
117.973874,1233919,701306,13:11:02.109723
117.975731,1234152,701341,13:11:02.109723
117.977588,1234394,701337,13:11:02.109723
117.979449,1234257,701469,13:11:02.109723
117.981307,1234516,701669,13:11:02.109723
117.983163,1234388,701540,13:11:02.109723
117.985021,1234594,701553,13:11:02.109723
117.986878,1234698,701547,13:11:02.109723
117.988736,1234568,701888,13:11:02.109723
117.990592,1234841,701577,13:11:02.109723
117.992453,1234836,701719,13:11:02.109723
117.994309,1234623,701820,13:11:02.109723
117.996165,1234736,701638,13:11:02.109723
117.998024,1234749,701486,13:11:02.109723
117.99988,1234630,701546,13:11:02.109723
118.001738,1234472,701601,13:11:02.109723
118.003595,1234401,701675,13:11:02.109723
118.005453,1234280,701707,13:11:02.155852
118.007317,1234142,701385,13:11:02.155852
118.009178,1233840,701208,13:11:02.155852
118.011094,1233498,701075,13:11:02.155852
118.012972,1233439,700909,13:11:02.156783
118.014833,1233273,700941,13:11:02.156783
118.016691,1233320,700982,13:11:02.156783
118.018547,1232876,700929,13:11:02.156783
118.020406,1232876,700235,13:11:02.156783
118.022262,1232241,700199,13:11:02.156783
118.024118,1232369,700383,13:11:02.156783
118.025977,1232430,700133,13:11:02.156783
118.027835,1232304,700074,13:11:02.156783
118.029693,1232277,700211,13:11:02.156783
118.03155,1231513,700130,13:11:02.156783
118.03341,1231603,700013,13:11:02.156783
118.035266,1231422,699806,13:11:02.156783
118.037123,1231287,699709,13:11:02.156783
118.038981,1231057,699550,13:11:02.156783
118.040837,1230971,699837,13:11:02.156783
118.042696,1231203,699899,13:11:02.156783
118.044552,1231038,699730,13:11:02.156783
118.046408,1231164,699427,13:11:02.156783
118.048267,1231012,699414,13:11:02.156783
118.050131,1230917,699528,13:11:02.156783
118.051987,1230973,699809,13:11:02.156783
118.053846,1231086,699563,13:11:02.156783
118.05571,1230946,699802,13:11:02.211016
118.057573,1231298,699755,13:11:02.211016
118.059434,1231203,699690,13:11:02.211016
118.06135,1231402,699886,13:11:02.211016
118.063263,1231580,699954,13:11:02.212032
118.065125,1231825,699997,13:11:02.212032
118.066984,1232019,699951,13:11:02.212032
118.068842,1232005,700103,13:11:02.212032
118.070706,1232005,700265,13:11:02.212032
118.072563,1232367,700481,13:11:02.212032
118.074419,1232510,700628,13:11:02.212032
118.076277,1233051,700634,13:11:02.212032
118.078134,1233051,700761,13:11:02.212032
118.079992,1233080,700860,13:11:02.212032
118.081849,1233177,701208,13:11:02.212032
118.083705,1233271,701114,13:11:02.212032
118.085563,1233554,701167,13:11:02.212032
118.087427,1233575,701467,13:11:02.212032
118.089284,1233925,701484,13:11:02.212032
118.09114,1233904,701269,13:11:02.212032
118.092999,1234292,701776,13:11:02.212032
118.094857,1234106,701432,13:11:02.212032
118.096713,1234453,701608,13:11:02.212032
118.098572,1234197,701603,13:11:02.212032
118.100428,1234384,701488,13:11:02.212032
118.102284,1234365,701500,13:11:02.212032
118.104141,1234133,701358,13:11:02.213028
118.106013,1234138,701723,13:11:02.258121
118.107873,1234460,701367,13:11:02.258121
118.109742,1234335,701925,13:11:02.258121
118.111646,1234194,701607,13:11:02.258121
118.113506,1233947,701448,13:11:02.258121
118.115363,1233583,701188,13:11:02.258121
118.117223,1233002,701382,13:11:02.258121
118.119105,1233910,701125,13:11:02.258121
118.120963,1233635,701328,13:11:02.258121
118.12282,1233601,700993,13:11:02.258121
118.124676,1233062,700942,13:11:02.258121
118.126535,1233010,701046,13:11:02.258121
118.128395,1233004,700710,13:11:02.258121
118.130253,1232932,700786,13:11:02.258121
118.13211,1232420,700539,13:11:02.258121
118.13397,1232625,700357,13:11:02.258121
118.135826,1232301,700293,13:11:02.258121
118.137683,1232549,700534,13:11:02.258121
118.139541,1232060,700342,13:11:02.258121
118.141397,1231921,699914,13:11:02.258121
118.143256,1231851,699979,13:11:02.258121
118.145112,1231604,699979,13:11:02.258121
118.146972,1231715,700198,13:11:02.258121
118.148833,1231357,699828,13:11:02.258121
118.150697,1231280,699636,13:11:02.258121
118.152553,1231243,699607,13:11:02.258121
118.15441,1231007,699886,13:11:02.314016
118.15628,1231067,699809,13:11:02.314016
118.15814,1231063,699639,13:11:02.314016
118.160012,1231217,699765,13:11:02.314016
118.161904,1231342,699682,13:11:02.314016
118.163767,1231161,699743,13:11:02.314016
118.165669,1231245,699893,13:11:02.314016
118.16753,1231303,699971,13:11:02.314016
118.169388,1231220,700276,13:11:02.314016
118.171246,1231552,700096,13:11:02.314016
118.173103,1231774,700179,13:11:02.314016
118.174959,1231774,700079,13:11:02.314016
118.176817,1231990,700608,13:11:02.314016
118.178678,1231987,700298,13:11:02.314016
118.180536,1232029,700747,13:11:02.314016
118.182393,1232148,700539,13:11:02.314016
118.184253,1232613,700574,13:11:02.314016
118.186109,1232496,700998,13:11:02.314016
118.187966,1232818,700747,13:11:02.314016
118.189824,1233122,701086,13:11:02.314016
118.19168,1233280,701202,13:11:02.314016
118.193539,1233246,701376,13:11:02.314016
118.195395,1233468,701193,13:11:02.314016
118.197255,1233522,701246,13:11:02.314016
118.199114,1233839,701552,13:11:02.314016
118.20097,1233721,701474,13:11:02.314016
118.202834,1234082,701738,13:11:02.314016
118.204691,1234130,701652,13:11:02.361633
118.206553,1234233,701641,13:11:02.362629
118.208413,1234447,701708,13:11:02.362629
118.210329,1234435,701746,13:11:02.362629
118.212198,1234173,701730,13:11:02.362629
118.214054,1234330,701691,13:11:02.362629
118.21592,1234464,701927,13:11:02.362629
118.217795,1232657,701736,13:11:02.362629
118.219659,1234320,701659,13:11:02.362629
118.221517,1234233,701402,13:11:02.362629
118.223378,1234223,701736,13:11:02.362629
118.225234,1234359,701566,13:11:02.362629
118.227092,1234046,701588,13:11:02.362629
118.228948,1233676,701546,13:11:02.362629
118.230809,1233837,701486,13:11:02.362629
118.232665,1233591,701591,13:11:02.362629
118.234524,1233657,701332,13:11:02.362629
118.23638,1233428,701087,13:11:02.362629
118.238236,1233156,700993,13:11:02.362629
118.240093,1233151,701007,13:11:02.362629
118.241949,1232793,700917,13:11:02.362629
118.24381,1232732,700886,13:11:02.362629
118.245666,1232542,700360,13:11:02.362629
118.24753,1232316,700666,13:11:02.362629
118.249387,1232182,700745,13:11:02.362629
118.251243,1232042,700331,13:11:02.362629
118.253101,1231715,700523,13:11:02.362629
118.254958,1231630,700208,13:11:02.412972
118.256826,1231424,700200,13:11:02.412972
118.258684,1231581,700016,13:11:02.412972
118.26059,1231696,699757,13:11:02.412972
118.262449,1231206,700156,13:11:02.412972
118.264307,1230979,699905,13:11:02.412972
118.266181,1231205,699967,13:11:02.412972
118.26804,1228895,699737,13:11:02.412972
118.269898,1230751,699829,13:11:02.412972
118.27176,1231098,699881,13:11:02.412972
118.273617,1231323,699765,13:11:02.412972
118.275508,1230829,699892,13:11:02.412972
118.277367,1231073,699962,13:11:02.412972
118.279224,1231072,699778,13:11:02.412972
118.281086,1231032,700033,13:11:02.412972
118.282942,1231177,700221,13:11:02.412972
118.284805,1231575,700316,13:11:02.413978
118.286661,1231449,700330,13:11:02.413978
118.288517,1231436,700464,13:11:02.413978
118.290378,1231858,700467,13:11:02.413978
118.292234,1231731,700430,13:11:02.413978
118.29409,1231955,700329,13:11:02.413978
118.295947,1232199,700500,13:11:02.413978
118.297813,1232225,700779,13:11:02.413978
118.299669,1232652,700819,13:11:02.413978
118.301526,1232746,700993,13:11:02.413978
118.303384,1232875,700909,13:11:02.413978
118.30524,1233119,701112,13:11:02.464286
118.307109,1233124,701301,13:11:02.464286
118.308969,1233182,701241,13:11:02.464286
118.31087,1233258,701206,13:11:02.464286
118.31273,1233505,701184,13:11:02.464286
118.314586,1233723,701565,13:11:02.464286
118.316444,1233547,701722,13:11:02.464286
118.318305,1233420,701529,13:11:02.464286
118.320163,1234177,701540,13:11:02.464286
118.322023,1233998,701970,13:11:02.464286
118.32388,1234163,701701,13:11:02.464286
118.325738,1234379,701917,13:11:02.464286
118.327594,1234279,701507,13:11:02.464286
118.329457,1234145,701744,13:11:02.464286
118.331315,1234260,701758,13:11:02.464286
118.333181,1234105,701556,13:11:02.464286
118.335038,1234175,701631,13:11:02.464286
118.336894,1234173,701537,13:11:02.464286
118.338752,1233950,701563,13:11:02.464286
118.340609,1233741,701466,13:11:02.464286
118.342465,1233924,701353,13:11:02.464286
118.344323,1233644,701357,13:11:02.464286
118.34618,1233384,701336,13:11:02.464286
118.348038,1233452,701170,13:11:02.464286
118.349894,1233363,701113,13:11:02.464286
118.351759,1232893,701023,13:11:02.464286
118.353615,1233018,701029,13:11:02.464286
118.355475,1232699,701177,13:11:02.517808
118.357342,1232531,700817,13:11:02.517808
118.359204,1232405,700591,13:11:02.517808
118.361106,1231786,700389,13:11:02.517808
118.362969,1232367,700637,13:11:02.517808
118.364825,1231831,700304,13:11:02.517808
118.366683,1231757,700325,13:11:02.517808
118.368548,1231458,700127,13:11:02.517808
118.370449,1230052,700269,13:11:02.517808
118.372308,1231317,699835,13:11:02.517808
118.374167,1231179,700194,13:11:02.517808
118.376025,1231248,700021,13:11:02.517808
118.377881,1230995,699967,13:11:02.517808
118.37974,1231127,699771,13:11:02.517808
118.381598,1230827,699667,13:11:02.517808
118.383456,1230664,699754,13:11:02.517808
118.385315,1230691,699917,13:11:02.517808
118.387171,1230887,699823,13:11:02.517808
118.389029,1230841,699849,13:11:02.517808
118.390886,1230835,699878,13:11:02.517808
118.392742,1231035,699991,13:11:02.517808
118.3946,1230946,700119,13:11:02.517808
118.39646,1231160,700051,13:11:02.517808
118.398317,1231196,699997,13:11:02.517808
118.400173,1231065,700175,13:11:02.517808
118.402036,1231061,700268,13:11:02.517808
118.403892,1231232,700173,13:11:02.517808
118.405751,1231213,700171,13:11:02.570001
118.407615,1231490,700408,13:11:02.570001
118.409477,1231646,700175,13:11:02.570001
118.411401,1231847,700613,13:11:02.570001
118.413285,1232034,700684,13:11:02.570001
118.415142,1231938,700599,13:11:02.570001
118.417004,1232319,700426,13:11:02.570001
118.41886,1232452,700914,13:11:02.570001
118.420717,1231922,701008,13:11:02.570001
118.422607,1232345,700824,13:11:02.570001
118.424463,1232760,700848,13:11:02.570001
118.426322,1233143,701050,13:11:02.570001
118.428178,1233044,701027,13:11:02.570001
118.430034,1233026,701192,13:11:02.570001
118.431891,1233036,701402,13:11:02.570001
118.433748,1233242,701172,13:11:02.570001
118.435606,1233483,701384,13:11:02.570001
118.437462,1233421,701385,13:11:02.570001
118.43932,1233305,701317,13:11:02.570001
118.441177,1233395,701340,13:11:02.570001
118.443033,1233361,701563,13:11:02.570001
118.444891,1233257,701302,13:11:02.570001
118.446748,1233690,701427,13:11:02.570001
118.448604,1233290,701193,13:11:02.570001
118.45046,1233329,701270,13:11:02.570001
118.452325,1233241,700867,13:11:02.570001
118.454181,1232945,701087,13:11:02.570001
118.456048,1233019,700930,13:11:02.619688
118.45791,1232864,701059,13:11:02.619688
118.459773,1232795,700939,13:11:02.619688
118.461686,1232487,701004,13:11:02.619688
118.463547,1232541,700809,13:11:02.619688
118.465403,1232221,700619,13:11:02.619688
118.467259,1232260,700763,13:11:02.619688
118.469116,1231804,700686,13:11:02.619688
118.470973,1231796,700580,13:11:02.619688
118.47283,1231614,700240,13:11:02.619688
118.474688,1231249,700307,13:11:02.620687
118.476545,1231444,700090,13:11:02.620687
118.478401,1231403,700287,13:11:02.620687
118.48026,1231211,700032,13:11:02.620687
118.482116,1231022,700082,13:11:02.620687
118.483972,1230982,700025,13:11:02.620687
118.485833,1230947,699913,13:11:02.620687
118.487693,1230640,699907,13:11:02.620687
118.489549,1230742,699538,13:11:02.620687
118.491406,1230443,699797,13:11:02.620687
118.493264,1230544,699866,13:11:02.620687
118.495121,1230415,699484,13:11:02.621689
118.496977,1230498,699541,13:11:02.621689
118.498835,1230376,699664,13:11:02.621689
118.500692,1230528,699908,13:11:02.621689
118.50255,1230588,699671,13:11:02.621689
118.504406,1230559,699665,13:11:02.624696
118.506289,1230605,699681,13:11:02.668726
118.508149,1230589,699738,13:11:02.668726
118.510031,1230780,699821,13:11:02.668726
118.511911,1230637,699776,13:11:02.668726
118.513768,1230811,700040,13:11:02.668726
118.515624,1230942,699987,13:11:02.668726
118.517482,1230864,700103,13:11:02.668726
118.519339,1230974,700072,13:11:02.668726
118.521195,1231024,700186,13:11:02.668726
118.523052,1231014,700156,13:11:02.668726
118.524928,1231071,700305,13:11:02.668726
118.526796,1231743,700456,13:11:02.668726
118.528653,1231718,700257,13:11:02.668726
118.530511,1231744,700578,13:11:02.668726
118.532367,1231983,700652,13:11:02.668726
118.534226,1231999,700628,13:11:02.668726
118.536082,1232395,700736,13:11:02.668726
118.537938,1232278,700741,13:11:02.668726
118.539797,1232340,700798,13:11:02.668726
118.541653,1232584,700811,13:11:02.668726
118.543511,1232683,700861,13:11:02.668726
118.545368,1232572,700925,13:11:02.668726
118.54723,1232276,700907,13:11:02.668726
118.549086,1232543,701007,13:11:02.669732
118.550943,1232580,700907,13:11:02.669732
118.552803,1232670,701045,13:11:02.669732
118.554659,1232790,701078,13:11:02.721366
118.556528,1232649,700811,13:11:02.721366
118.558388,1232506,700977,13:11:02.721366
118.560299,1232493,700901,13:11:02.721366
118.562166,1232160,700852,13:11:02.721366
118.564023,1232386,700864,13:11:02.721366
118.565883,1232123,700888,13:11:02.721366
118.567744,1232182,700799,13:11:02.721366
118.5696,1232141,700625,13:11:02.721366
118.571463,1231980,700606,13:11:02.721366
118.573325,1231832,700505,13:11:02.721366
118.575203,1230989,700454,13:11:02.721366
118.577079,1231622,700468,13:11:02.721366
118.578957,1231504,700467,13:11:02.721366
118.580816,1231442,700452,13:11:02.722367
118.582672,1231214,700002,13:11:02.722367
118.584534,1231011,700148,13:11:02.722367
118.586393,1230989,700080,13:11:02.722367
118.588259,1230986,699983,13:11:02.722367
118.590115,1230877,700028,13:11:02.722367
118.591972,1230861,699904,13:11:02.722367
118.59383,1230528,699660,13:11:02.722367
118.595686,1230180,699596,13:11:02.722367
118.597543,1230328,699665,13:11:02.722367
118.599401,1230315,699579,13:11:02.722367
118.601258,1229798,699157,13:11:02.722367
118.603116,1229942,699495,13:11:02.722367
118.604972,1229949,699290,13:11:02.771979
118.606841,1230112,699574,13:11:02.771979
118.608701,1229922,699781,13:11:02.771979
118.610601,1229845,699710,13:11:02.771979
118.612465,1230050,699378,13:11:02.771979
118.614322,1230036,699379,13:11:02.771979
118.616178,1229663,699823,13:11:02.771979
118.618034,1230149,699744,13:11:02.771979
118.619894,1230144,699553,13:11:02.771979
118.621751,1230341,699693,13:11:02.771979
118.623607,1230101,699684,13:11:02.771979
118.625468,1230494,699727,13:11:02.771979
118.62734,1228879,700114,13:11:02.771979
118.629206,1230685,700066,13:11:02.771979
118.631069,1230741,699916,13:11:02.771979
118.632925,1230935,699950,13:11:02.771979
118.634785,1230953,700107,13:11:02.771979
118.636642,1230930,700061,13:11:02.771979
118.638498,1231412,700247,13:11:02.771979
118.640356,1231315,700311,13:11:02.771979
118.642214,1231466,700139,13:11:02.771979
118.644073,1231479,700324,13:11:02.771979
118.64593,1232011,700682,13:11:02.771979
118.647796,1231842,700784,13:11:02.771979
118.649652,1231730,700560,13:11:02.771979
118.651509,1231780,700496,13:11:02.771979
118.653367,1231873,700821,13:11:02.771979
118.655223,1232265,700927,13:11:02.827443
118.657094,1232187,700893,13:11:02.827443
118.658954,1232656,701192,13:11:02.827443
118.660844,1232327,700918,13:11:02.827443
118.662706,1232628,700951,13:11:02.827443
118.664563,1232511,701122,13:11:02.827443
118.666421,1232721,701071,13:11:02.827443
118.668278,1232795,700946,13:11:02.827443
118.670134,1232942,701029,13:11:02.827443
118.67199,1232447,700982,13:11:02.827443
118.673849,1232480,701014,13:11:02.827443
118.675717,1232030,700925,13:11:02.827443
118.677573,1230839,701145,13:11:02.827443
118.679434,1232696,700887,13:11:02.827443
118.68129,1232217,700974,13:11:02.827443
118.683146,1232085,700690,13:11:02.827443
118.685031,1232129,700855,13:11:02.827443
118.686887,1232144,700785,13:11:02.827443
118.688749,1231940,700656,13:11:02.827443
118.690606,1231670,700588,13:11:02.827443
118.692462,1231960,700553,13:11:02.827443
118.694322,1231721,700482,13:11:02.827443
118.696179,1231545,700628,13:11:02.827443
118.698035,1231288,700311,13:11:02.827443
118.699891,1231216,700475,13:11:02.827443
118.70175,1230943,700166,13:11:02.827443
118.703608,1230898,700085,13:11:02.827443
118.705468,1230757,700035,13:11:02.874605
118.707335,1230611,699988,13:11:02.874605
118.709191,1230662,699992,13:11:02.874605
118.711107,1230358,699832,13:11:02.874605
118.712966,1230285,699968,13:11:02.874605
118.714822,1230382,699796,13:11:02.874605
118.71668,1230100,699744,13:11:02.874605
118.718537,1229804,699652,13:11:02.874605
118.720393,1230189,699500,13:11:02.874605
118.722251,1230196,699632,13:11:02.874605
118.72411,1230216,699650,13:11:02.874605
118.725972,1230064,699788,13:11:02.874605
118.727832,1230240,699704,13:11:02.874605
118.729715,1230239,699719,13:11:02.874605
118.731581,1229772,699950,13:11:02.874605
118.733447,1230375,700178,13:11:02.874605
118.735304,1230175,700029,13:11:02.874605
118.73716,1230352,700038,13:11:02.874605
118.739018,1230697,699999,13:11:02.874605
118.740875,1230479,700117,13:11:02.875620
118.742731,1230661,700167,13:11:02.875620
118.744589,1230843,700138,13:11:02.875620
118.746445,1230925,700221,13:11:02.875620
118.748304,1231076,700166,13:11:02.875620
118.75016,1231240,700030,13:11:02.875620
118.752025,1231248,700513,13:11:02.875620
118.753881,1231496,700398,13:11:02.875620
118.755747,1231716,700566,13:11:02.926818
118.75761,1231726,700459,13:11:02.926818
118.759472,1231830,700656,13:11:02.926818
118.761378,1231820,700755,13:11:02.926818
118.763237,1231924,700752,13:11:02.926818
118.765093,1232045,700676,13:11:02.926818
118.766949,1232259,700798,13:11:02.926818
118.768806,1231926,700888,13:11:02.926818
118.770672,1232208,700792,13:11:02.926818
118.772528,1232754,701152,13:11:02.926818
118.774387,1232318,701087,13:11:02.926818
118.776248,1232548,701339,13:11:02.926818
118.778107,1232086,701159,13:11:02.926818
118.779967,1231343,700922,13:11:02.926818
118.781828,1232815,701112,13:11:02.926818
118.783684,1232832,701411,13:11:02.926818
118.785545,1232744,701154,13:11:02.926818
118.787429,1232748,701278,13:11:02.926818
118.789287,1232569,700928,13:11:02.926818
118.791144,1232727,701000,13:11:02.927836
118.793,1232801,700925,13:11:02.927836
118.794859,1232765,701061,13:11:02.927836
118.796717,1232814,701155,13:11:02.927836
118.798573,1232733,701009,13:11:02.927836
118.80043,1232364,701015,13:11:02.927836
118.802288,1232399,700907,13:11:02.927836
118.804144,1232273,700869,13:11:02.927836
118.806013,1232166,700971,13:11:02.977637
118.807873,1232266,700695,13:11:02.977637
118.809737,1231748,700911,13:11:02.977637
118.811634,1231674,700567,13:11:02.977637
118.81349,1231813,700403,13:11:02.977637
118.815347,1231633,700440,13:11:02.977637
118.817205,1231574,700432,13:11:02.977637
118.819063,1231651,700600,13:11:02.977637
118.820921,1231323,700280,13:11:02.977637
118.822778,1231517,700420,13:11:02.977637
118.824634,1231186,700384,13:11:02.977637
118.826492,1230842,700305,13:11:02.977637
118.828352,1230752,700258,13:11:02.977637
118.830209,1230997,700211,13:11:02.977637
118.832065,1230736,700233,13:11:02.977637
118.833924,1231080,700147,13:11:02.977637
118.835782,1231010,700027,13:11:02.977637
118.837638,1231090,700436,13:11:02.977637
118.839497,1230816,700355,13:11:02.977637
118.841353,1230928,700213,13:11:02.977637
118.843209,1231190,700121,13:11:02.977637
118.845066,1231198,700152,13:11:02.977637
118.84693,1231011,700442,13:11:02.977637
118.848789,1231028,700301,13:11:02.977637
118.850645,1231302,700188,13:11:02.977637
118.852503,1231509,700357,13:11:02.977637
118.85436,1231463,700370,13:11:02.977637
118.856224,1231617,700474,13:11:03.031191
118.858084,1231637,700700,13:11:03.031191
118.859962,1231787,700666,13:11:03.031191
118.861847,1231854,700623,13:11:03.031191
118.863703,1231943,700751,13:11:03.031191
118.865561,1232043,700600,13:11:03.031191
118.867418,1231972,700918,13:11:03.031191
118.869274,1232510,700681,13:11:03.031191
118.871133,1232197,700787,13:11:03.031191
118.872989,1232721,701078,13:11:03.031191
118.874845,1232605,701064,13:11:03.031191
118.876704,1232543,701102,13:11:03.031191
118.878565,1232770,700802,13:11:03.031191
118.88043,1232218,701062,13:11:03.031191
118.882312,1232436,701271,13:11:03.031191
118.884179,1233181,701182,13:11:03.031191
118.886035,1233084,701421,13:11:03.031191
118.887893,1233044,701423,13:11:03.031191
118.889752,1233069,701257,13:11:03.031191
118.891609,1233176,701351,13:11:03.031191
118.893471,1233530,701329,13:11:03.031191
118.895327,1233216,701461,13:11:03.031191
118.897185,1233338,701314,13:11:03.031191
118.899042,1233151,701344,13:11:03.031191
118.900898,1232981,701261,13:11:03.031191
118.902756,1233272,701404,13:11:03.031191
118.904616,1233160,701102,13:11:03.080259
118.906477,1232936,701315,13:11:03.080259
118.908335,1233207,701011,13:11:03.080259
118.910249,1232719,701020,13:11:03.080259
118.912114,1232832,700998,13:11:03.080259
118.913972,1232786,700901,13:11:03.080259
118.915832,1232573,700986,13:11:03.080259
118.917689,1232697,700882,13:11:03.080259
118.919547,1232409,700547,13:11:03.080259
118.921406,1232151,701095,13:11:03.080259
118.923266,1232375,700922,13:11:03.080259
118.925124,1232083,700667,13:11:03.080259
118.926981,1232078,700519,13:11:03.080259
118.928841,1231603,700572,13:11:03.080259
118.930697,1231440,700345,13:11:03.080259
118.932555,1231750,700446,13:11:03.080259
118.93444,1231497,700612,13:11:03.080259
118.936306,1231821,700607,13:11:03.080259
118.938173,1231698,700211,13:11:03.080259
118.940029,1231840,700414,13:11:03.080259
118.941885,1231581,700350,13:11:03.080259
118.943744,1231593,700302,13:11:03.080259
118.9456,1231661,700445,13:11:03.080259
118.947458,1231678,700358,13:11:03.080259
118.949315,1231853,700407,13:11:03.080259
118.951171,1231680,700137,13:11:03.081256
118.953029,1231761,700651,13:11:03.081256
118.954886,1231657,700251,13:11:03.130348
118.956748,1231745,700298,13:11:03.130348
118.958608,1231818,700210,13:11:03.130348
118.960515,1232037,700497,13:11:03.130348
118.962373,1231874,700489,13:11:03.130348
118.964229,1232043,700545,13:11:03.131349
118.966088,1231725,700651,13:11:03.131349
118.967944,1232151,700738,13:11:03.131349
118.969806,1232085,700635,13:11:03.131349
118.971663,1232107,700696,13:11:03.131349
118.973519,1232303,700566,13:11:03.131349
118.975377,1232411,700872,13:11:03.131349
118.977234,1232454,700848,13:11:03.131349
118.979092,1232263,700981,13:11:03.131349
118.980951,1232789,700763,13:11:03.131349
118.982815,1232411,700883,13:11:03.131349
118.984677,1231808,701199,13:11:03.131349
118.986536,1233095,701113,13:11:03.131349
118.988396,1233254,701065,13:11:03.131349
118.990255,1233402,701410,13:11:03.131349
118.992148,1233364,701128,13:11:03.131349
118.994005,1233403,701351,13:11:03.131349
118.995861,1233628,701130,13:11:03.131349
118.997717,1233749,701326,13:11:03.131349
118.999574,1233342,701532,13:11:03.131349
119.001436,1233553,701363,13:11:03.132349
119.003293,1233931,701117,13:11:03.132349
119.005149,1233739,701289,13:11:03.180733
119.007017,1233710,701560,13:11:03.180733
119.008878,1233802,701197,13:11:03.180733
119.010774,1233551,701473,13:11:03.180733
119.012632,1233560,701358,13:11:03.180733
119.014489,1233374,701382,13:11:03.180733
119.016349,1233567,701103,13:11:03.180733
119.018205,1233531,701270,13:11:03.180733
119.020063,1232938,701507,13:11:03.180733
119.02192,1233234,701230,13:11:03.180733
119.023776,1233392,700799,13:11:03.180733
119.025635,1233181,701262,13:11:03.181727
119.027495,1232800,700771,13:11:03.181727
119.029353,1232665,700834,13:11:03.181727
119.03121,1232827,700989,13:11:03.181727
119.03307,1232500,700759,13:11:03.181727
119.034926,1232508,700808,13:11:03.181727
119.036785,1231003,700704,13:11:03.181727
119.038643,1232653,700789,13:11:03.181727
119.040499,1232539,700564,13:11:03.181727
119.042358,1232445,700539,13:11:03.181727
119.044214,1232305,700506,13:11:03.181727
119.046072,1232151,700513,13:11:03.181727
119.047931,1232200,700316,13:11:03.181727
119.049797,1232200,700487,13:11:03.181727
119.051653,1231929,700296,13:11:03.181727
119.05351,1231663,700237,13:11:03.181727
119.055368,1231570,700113,13:11:03.236178
119.057235,1231848,700276,13:11:03.238170
119.059095,1231797,700311,13:11:03.238170
119.060995,1231458,700168,13:11:03.238170
119.062853,1231599,700114,13:11:03.238170
119.064714,1231470,700367,13:11:03.238170
119.06657,1231389,700329,13:11:03.238170
119.068427,1231802,700326,13:11:03.238170
119.070285,1231612,700009,13:11:03.238170
119.072141,1231496,700166,13:11:03.238170
119.073999,1232096,700370,13:11:03.238170
119.075856,1231371,700198,13:11:03.238170
119.077712,1231996,700552,13:11:03.238170
119.079571,1231549,700255,13:11:03.238170
119.081432,1231467,700691,13:11:03.238170
119.08329,1231891,700517,13:11:03.238170
119.08515,1232177,700466,13:11:03.238170
119.087045,1229925,700533,13:11:03.238170
119.08891,1232319,700648,13:11:03.238170
119.09077,1232518,700539,13:11:03.238170
119.092629,1232727,700705,13:11:03.238170
119.094485,1232775,700999,13:11:03.238170
119.096348,1232880,700837,13:11:03.238170
119.098204,1232941,700972,13:11:03.238170
119.10006,1232949,700898,13:11:03.238170
119.101919,1232858,700941,13:11:03.238170
119.103775,1233012,700959,13:11:03.238170
119.105633,1233260,701064,13:11:03.283382
119.107494,1233050,700945,13:11:03.283382
119.109356,1233640,701105,13:11:03.283382
119.111272,1233006,701291,13:11:03.283382
119.113128,1233527,701410,13:11:03.283382
119.114995,1233348,701248,13:11:03.283382
119.116853,1233681,701055,13:11:03.283382
119.11871,1233293,701224,13:11:03.283382
119.120574,1233121,701077,13:11:03.283382
119.12243,1233271,701341,13:11:03.283382
119.124291,1233446,701126,13:11:03.283382
119.126147,1233054,701221,13:11:03.283382
119.128003,1233532,701033,13:11:03.283382
119.129864,1233404,701214,13:11:03.283382
119.131724,1232869,701145,13:11:03.283382
119.133582,1233066,701053,13:11:03.283382
119.135439,1232909,701299,13:11:03.283382
119.137299,1233390,701130,13:11:03.283382
119.139155,1233143,701198,13:11:03.283382
119.141012,1232695,700844,13:11:03.283382
119.142906,1232828,700939,13:11:03.283382
119.144764,1232896,700812,13:11:03.283382
119.146631,1232742,701122,13:11:03.283382
119.148487,1232709,700506,13:11:03.283382
119.150343,1232651,700601,13:11:03.283382
119.152202,1232496,700462,13:11:03.283382
119.154058,1232439,700767,13:11:03.283382
119.155924,1232387,700561,13:11:03.336335
119.157785,1232388,700677,13:11:03.336335
119.159647,1232271,700530,13:11:03.336335
119.161541,1232177,700246,13:11:03.336335
119.163398,1231991,700421,13:11:03.336335
119.165256,1232004,700222,13:11:03.336335
119.167112,1231709,700379,13:11:03.336335
119.168969,1231792,700227,13:11:03.336335
119.170825,1231835,700205,13:11:03.336335
119.172683,1231724,700306,13:11:03.336335
119.174542,1231444,700354,13:11:03.336335
119.176398,1231446,700284,13:11:03.336335
119.178264,1231494,700337,13:11:03.336335
119.180121,1231412,700180,13:11:03.336335
119.181977,1231171,700266,13:11:03.336335
119.183836,1231530,700115,13:11:03.336335
119.185692,1231416,700383,13:11:03.336335
119.18755,1231767,700247,13:11:03.336335
119.189409,1229767,700079,13:11:03.336335
119.191269,1231732,700242,13:11:03.336335
119.193125,1232073,700410,13:11:03.336335
119.194985,1231936,700361,13:11:03.336335
119.196844,1232131,700306,13:11:03.336335
119.1987,1232235,700495,13:11:03.336335
119.200559,1232048,700468,13:11:03.336335
119.202415,1232236,700608,13:11:03.336335
119.204271,1232543,700517,13:11:03.336335
119.20615,1232349,700864,13:11:03.393300
119.20801,1232343,700524,13:11:03.393300
119.20988,1232443,700773,13:11:03.393300
119.211759,1232713,700788,13:11:03.393300
119.213615,1232414,700922,13:11:03.393300
119.215473,1232650,701061,13:11:03.393300
119.217332,1233065,701066,13:11:03.393300
119.21919,1232574,700737,13:11:03.393300
119.221046,1232713,700985,13:11:03.393300
119.222903,1232989,701120,13:11:03.393300
119.224761,1233042,701168,13:11:03.393300
119.226618,1232769,700963,13:11:03.393300
119.228476,1233078,701199,13:11:03.393300
119.230332,1232793,700981,13:11:03.394299
119.232191,1232372,701280,13:11:03.394299
119.234047,1232760,701037,13:11:03.394299
119.235903,1232940,701144,13:11:03.394299
119.237762,1232374,701204,13:11:03.394299
119.239619,1232918,700875,13:11:03.394299
119.241502,1231340,700944,13:11:03.394299
119.243363,1233171,701109,13:11:03.394299
119.245219,1232745,700802,13:11:03.394299
119.247077,1232843,700971,13:11:03.394299
119.24894,1233093,700864,13:11:03.394299
119.250798,1232903,700989,13:11:03.394299
119.252654,1232794,700724,13:11:03.394299
119.254515,1232730,700697,13:11:03.394299
119.256381,1232566,701006,13:11:03.404806
119.258242,1232582,700787,13:11:03.404806
119.26013,1232591,700844,13:11:03.404806
119.26201,1232410,700541,13:11:03.404806
119.263868,1232275,700765,13:11:03.404806
119.265727,1231925,700649,13:11:03.404806
119.267588,1231909,700856,13:11:03.404806
119.269449,1231757,700562,13:11:03.404806
119.271306,1231950,700389,13:11:03.404806
119.27317,1231378,700514,13:11:03.404806
119.275026,1232196,700452,13:11:03.404806
119.276885,1231833,700538,13:11:03.404806
119.278743,1231560,700414,13:11:03.404806
119.2806,1231809,700451,13:11:03.404806
119.282458,1231542,700467,13:11:03.404806
119.284314,1231437,700677,13:11:03.404806
119.286171,1231518,700278,13:11:03.404806
119.288029,1231582,700393,13:11:03.404806
119.289893,1232004,700255,13:11:03.404806
119.291774,1231732,700496,13:11:03.404806
119.29363,1231891,700440,13:11:03.404806
119.29549,1231897,700457,13:11:03.404806
119.297347,1231486,700218,13:11:03.404806
119.299204,1230679,700705,13:11:03.404806
119.301077,1231886,700524,13:11:03.404806
119.302934,1231964,700469,13:11:03.404806
119.304798,1232201,700440,13:11:03.454264
119.30666,1232104,700747,13:11:03.454264
119.308521,1232141,700580,13:11:03.454264
119.310439,1231993,700738,13:11:03.454264
119.312299,1232304,700581,13:11:03.454264
119.314157,1232130,700781,13:11:03.454264
119.316016,1232577,700950,13:11:03.454264
119.317876,1232320,700781,13:11:03.454264
119.319733,1232069,700725,13:11:03.454264
119.321591,1232601,700915,13:11:03.454264
119.323453,1232449,700965,13:11:03.454264
119.32531,1232145,701222,13:11:03.454264
119.327168,1232212,701028,13:11:03.455252
119.329026,1233239,701108,13:11:03.455252
119.330883,1232743,701176,13:11:03.455252
119.332741,1232735,701091,13:11:03.455252
119.334597,1232460,700901,13:11:03.455252
119.336454,1233249,701430,13:11:03.455252
119.338312,1232866,701115,13:11:03.455252
119.340173,1233246,701057,13:11:03.455252
119.342031,1233213,701431,13:11:03.455252
119.343921,1233175,701321,13:11:03.455252
119.345783,1233012,701294,13:11:03.455252
119.347642,1233062,701452,13:11:03.455252
119.349498,1233319,701142,13:11:03.455252
119.351356,1233253,701299,13:11:03.455252
119.353213,1233373,701090,13:11:03.455252
119.355071,1233188,701326,13:11:03.508207
119.356949,1233250,701441,13:11:03.508207
119.358812,1232899,701096,13:11:03.508207
119.360702,1232756,700987,13:11:03.508207
119.362564,1232964,701015,13:11:03.508207
119.364421,1232933,701081,13:11:03.508207
119.366279,1232832,700935,13:11:03.508207
119.368145,1232829,701035,13:11:03.508207
119.370002,1232480,700819,13:11:03.508207
119.371858,1232449,700786,13:11:03.508207
119.373716,1232285,700807,13:11:03.508207
119.375573,1232490,700747,13:11:03.508207
119.377429,1232248,700717,13:11:03.508207
119.379287,1232174,700832,13:11:03.508207
119.381144,1231983,700476,13:11:03.508207
119.383002,1232124,700727,13:11:03.508207
119.384859,1231772,700393,13:11:03.508207
119.386723,1231791,700588,13:11:03.508207
119.388579,1231890,700516,13:11:03.508207
119.390436,1231672,700364,13:11:03.508207
119.392294,1231675,700223,13:11:03.508207
119.39415,1231523,700421,13:11:03.508207
119.396009,1231693,700505,13:11:03.508207
119.397867,1231852,700503,13:11:03.508207
119.399727,1231363,700699,13:11:03.508207
119.401584,1231538,700348,13:11:03.508207
119.403443,1231737,700545,13:11:03.508207
119.405303,1231622,700557,13:11:03.554808
119.407177,1231671,700326,13:11:03.554808
119.409041,1231855,700761,13:11:03.554808
119.410964,1231966,700654,13:11:03.554808
119.412826,1231676,700636,13:11:03.554808
119.414688,1231914,700462,13:11:03.554808
119.416544,1231749,700822,13:11:03.554808
119.418401,1232031,700748,13:11:03.554808
119.420259,1232236,700508,13:11:03.554808
119.422115,1231921,700658,13:11:03.554808
119.423974,1231934,700926,13:11:03.554808
119.42583,1232198,700898,13:11:03.554808
119.42769,1232485,700707,13:11:03.554808
119.429549,1232429,700936,13:11:03.554808
119.431415,1232388,700884,13:11:03.554808
119.433271,1232633,700930,13:11:03.554808
119.435128,1232610,701030,13:11:03.554808
119.436986,1232414,700950,13:11:03.554808
119.438843,1232981,701060,13:11:03.554808
119.440699,1232753,701070,13:11:03.554808
119.442557,1233179,701501,13:11:03.554808
119.444414,1232991,701406,13:11:03.554808
119.446272,1233186,701297,13:11:03.554808
119.448128,1233137,701313,13:11:03.554808
119.449993,1233336,701232,13:11:03.554808
119.451849,1233448,701339,13:11:03.554808
119.453705,1233327,701426,13:11:03.554808
119.455612,1233148,701419,13:11:03.604816
119.457478,1233513,701323,13:11:03.604816
119.459338,1233459,701649,13:11:03.604816
119.461238,1232972,701427,13:11:03.604816
119.463095,1233328,701361,13:11:03.604816
119.464955,1233287,701493,13:11:03.604816
119.466811,1233249,701386,13:11:03.604816
119.468668,1233099,701284,13:11:03.604816
119.470526,1233268,701331,13:11:03.604816
119.472383,1233087,701566,13:11:03.604816
119.474241,1233051,701186,13:11:03.604816
119.476097,1232883,701267,13:11:03.604816
119.477958,1232942,701352,13:11:03.604816
119.479814,1232776,701182,13:11:03.604816
119.48167,1232692,701406,13:11:03.604816
119.483529,1232692,701321,13:11:03.604816
119.485385,1232752,700933,13:11:03.604816
119.487243,1232510,700799,13:11:03.604816
119.4891,1232340,700868,13:11:03.604816
119.49096,1232325,701032,13:11:03.604816
119.492818,1232364,700865,13:11:03.604816
119.494685,1232101,700724,13:11:03.605827
119.496541,1232081,700556,13:11:03.605827
119.498397,1232086,700665,13:11:03.605827
119.500256,1231912,700749,13:11:03.605827
119.502112,1231926,700694,13:11:03.605827
119.503969,1231883,700638,13:11:03.605827
119.505831,1231642,700513,13:11:03.654201
119.507695,1231825,700610,13:11:03.654201
119.509557,1231581,700615,13:11:03.654201
119.511499,1231207,700538,13:11:03.654201
119.513404,1231698,700297,13:11:03.654201
119.515262,1231898,700576,13:11:03.654201
119.517118,1231752,700666,13:11:03.655193
119.518975,1231402,700552,13:11:03.655193
119.520835,1231624,700537,13:11:03.655193
119.522691,1231698,700616,13:11:03.655193
119.52455,1231677,700847,13:11:03.655193
119.526406,1231554,700584,13:11:03.655193
119.528263,1231625,700752,13:11:03.655193
119.530121,1231762,700822,13:11:03.655193
119.531982,1231872,700627,13:11:03.655193
119.53384,1231707,700786,13:11:03.655193
119.535696,1231716,700726,13:11:03.655193
119.537554,1232109,700613,13:11:03.655193
119.539411,1232125,700650,13:11:03.655193
119.541267,1232310,700585,13:11:03.655193
119.543123,1232189,700600,13:11:03.655193
119.544982,1232291,700921,13:11:03.655193
119.546842,1232500,700844,13:11:03.655193
119.548698,1232172,701053,13:11:03.655193
119.550559,1232320,701147,13:11:03.655193
119.552415,1232204,700944,13:11:03.655193
119.554272,1232416,701214,13:11:03.655193
119.556138,1232522,701100,13:11:03.704870
119.557998,1232448,701048,13:11:03.704870
119.559864,1232720,701227,13:11:03.704870
119.56176,1232445,701226,13:11:03.704870
119.563625,1232528,701411,13:11:03.704870
119.565483,1232654,701095,13:11:03.704870
119.56734,1232419,701110,13:11:03.704870
119.569206,1232798,701209,13:11:03.704870
119.571062,1232870,701299,13:11:03.704870
119.572919,1232595,701262,13:11:03.704870
119.574777,1232813,701205,13:11:03.704870
119.576634,1232692,701193,13:11:03.704870
119.578492,1232464,701170,13:11:03.704870
119.580348,1232647,701202,13:11:03.704870
119.582205,1232893,701323,13:11:03.704870
119.584063,1232435,701176,13:11:03.704870
119.585927,1232580,701022,13:11:03.704870
119.587784,1232536,701059,13:11:03.704870
119.58964,1232537,701048,13:11:03.704870
119.591498,1232394,701069,13:11:03.704870
119.593355,1232356,701105,13:11:03.704870
119.595211,1231954,700872,13:11:03.704870
119.597079,1232217,700811,13:11:03.704870
119.598936,1231955,701080,13:11:03.704870
119.600796,1231867,700837,13:11:03.704870
119.602654,1231958,701169,13:11:03.704870
119.604513,1231682,700886,13:11:03.704870
119.606379,1231962,700717,13:11:03.755651
119.608245,1231588,700512,13:11:03.755651
119.610143,1231750,700853,13:11:03.755651
119.612016,1231651,700415,13:11:03.755651
119.613876,1231686,700726,13:11:03.755651
119.615735,1231484,700682,13:11:03.755651
119.617591,1231689,700814,13:11:03.755651
119.619449,1231483,700726,13:11:03.755651
119.621306,1231493,700769,13:11:03.755651
119.623162,1231540,700472,13:11:03.755651
119.625018,1231148,700760,13:11:03.755651
119.626875,1231449,700480,13:11:03.755651
119.628737,1231237,700461,13:11:03.755651
119.630593,1231388,700563,13:11:03.755651
119.632452,1231180,700569,13:11:03.755651
119.634308,1231182,700584,13:11:03.755651
119.636164,1231278,700405,13:11:03.755651
119.638023,1231412,700557,13:11:03.755651
119.639882,1231498,700421,13:11:03.755651
119.641739,1231661,700584,13:11:03.756638
119.643596,1231240,700788,13:11:03.756638
119.645458,1231578,700614,13:11:03.756638
119.647314,1231634,700883,13:11:03.756638
119.649171,1231516,700478,13:11:03.756638
119.651029,1231615,700607,13:11:03.756638
119.652886,1231758,700815,13:11:03.756638
119.654744,1231760,700659,13:11:03.756638
119.656634,1231885,701040,13:11:03.805427
119.658494,1231754,701004,13:11:03.805427
119.660396,1231770,701015,13:11:03.805427
119.662281,1232166,700798,13:11:03.805427
119.664137,1232146,701073,13:11:03.805427
119.665996,1232207,700960,13:11:03.805427
119.667854,1232023,701088,13:11:03.805427
119.669712,1232172,700959,13:11:03.805427
119.671569,1232202,700956,13:11:03.805427
119.673429,1231980,700954,13:11:03.805427
119.675285,1231992,700988,13:11:03.805427
119.677142,1232140,701289,13:11:03.805427
119.679,1232075,700898,13:11:03.805427
119.680856,1232203,701180,13:11:03.805427
119.682715,1232254,701036,13:11:03.805427
119.684571,1232263,701041,13:11:03.805427
119.686431,1232221,700986,13:11:03.805427
119.68829,1232077,700927,13:11:03.805427
119.690156,1232257,700662,13:11:03.805427
119.692012,1232347,701114,13:11:03.805427
119.693871,1232177,700948,13:11:03.805427
119.695729,1232110,700599,13:11:03.805427
119.697586,1231849,701032,13:11:03.805427
119.699444,1231822,700792,13:11:03.805427
119.701302,1232078,700794,13:11:03.805427
119.703159,1231675,700796,13:11:03.805427
119.705028,1231944,700790,13:11:03.854850
119.706919,1231873,700620,13:11:03.854850
119.708791,1231503,700545,13:11:03.854850
119.710701,1231618,700436,13:11:03.854850
119.712582,1231686,700674,13:11:03.854850
119.714438,1231117,700666,13:11:03.854850
119.716298,1231258,700348,13:11:03.854850
119.718155,1231419,700490,13:11:03.854850
119.720013,1231211,700240,13:11:03.854850
119.721872,1230980,700642,13:11:03.854850
119.723728,1231056,700307,13:11:03.854850
119.725584,1231049,700368,13:11:03.854850
119.727441,1231152,700012,13:11:03.854850
119.729303,1231040,700371,13:11:03.854850
119.731159,1231016,700304,13:11:03.854850
119.733018,1230688,700293,13:11:03.854850
119.734876,1230645,700120,13:11:03.854850
119.736732,1230879,700273,13:11:03.854850
119.738591,1230757,700181,13:11:03.854850
119.740448,1230723,700384,13:11:03.854850
119.742305,1230815,700323,13:11:03.854850
119.744162,1230930,700122,13:11:03.854850
119.746024,1230968,700350,13:11:03.854850
119.74788,1230676,700281,13:11:03.854850
119.749737,1230974,700560,13:11:03.854850
119.751595,1231137,700366,13:11:03.854850
119.753452,1231103,700268,13:11:03.854850
119.75531,1231130,700354,13:11:03.905892
119.757174,1231139,700488,13:11:03.905892
119.759035,1231045,700573,13:11:03.905892
119.760939,1231097,700502,13:11:03.905892
119.762807,1231118,700425,13:11:03.905892
119.764669,1231342,700616,13:11:03.905892
119.766526,1231334,700675,13:11:03.905892
119.768382,1231433,700504,13:11:03.905892
119.77024,1231645,700773,13:11:03.905892
119.772097,1231639,700773,13:11:03.905892
119.773955,1231608,700790,13:11:03.905892
119.775812,1231902,700744,13:11:03.905892
119.777674,1231740,700857,13:11:03.905892
119.77953,1232084,700964,13:11:03.905892
119.781386,1231871,700688,13:11:03.905892
119.783249,1231875,701116,13:11:03.905892
119.785105,1231988,700885,13:11:03.905892
119.786964,1231879,700807,13:11:03.905892
119.78882,1232005,700944,13:11:03.905892
119.790676,1232097,701030,13:11:03.905892
119.792535,1232056,700944,13:11:03.905892
119.794394,1232351,701079,13:11:03.905892
119.796253,1231909,700943,13:11:03.905892
119.79811,1232091,701044,13:11:03.905892
119.799977,1232268,700900,13:11:03.905892
119.801846,1232003,700844,13:11:03.905892
119.803709,1232073,701019,13:11:03.905892
119.805569,1232112,700937,13:11:03.955912
119.807429,1231882,700830,13:11:03.955912
119.80929,1231933,700749,13:11:03.955912
119.811198,1231868,700990,13:11:03.955912
119.813068,1231980,700915,13:11:03.955912
119.814926,1231875,701001,13:11:03.955912
119.816783,1231979,700910,13:11:03.955912
119.818639,1231561,700878,13:11:03.955912
119.820497,1231722,700792,13:11:03.955912
119.822357,1231648,700832,13:11:03.955912
119.824214,1231296,700542,13:11:03.955912
119.826071,1231441,700824,13:11:03.955912
119.827929,1231352,700434,13:11:03.955912
119.829785,1231213,700414,13:11:03.955912
119.831642,1231249,700334,13:11:03.955912
119.833498,1231098,700690,13:11:03.955912
119.835354,1231231,700370,13:11:03.955912
119.837211,1231212,700207,13:11:03.955912
119.839067,1231120,700458,13:11:03.955912
119.840929,1230997,700334,13:11:03.955912
119.842786,1231197,700236,13:11:03.955912
119.844642,1230908,700380,13:11:03.955912
119.8465,1231051,700220,13:11:03.955912
119.848357,1230945,700410,13:11:03.955912
119.850215,1230974,700355,13:11:03.955912
119.852071,1230984,700426,13:11:03.955912
119.85393,1231159,700416,13:11:03.955912
119.855794,1230879,700305,13:11:04.007372
119.857664,1230866,700451,13:11:04.007372
119.85954,1230773,700350,13:11:04.007372
119.861479,1230973,700250,13:11:04.007372
119.863339,1231087,700358,13:11:04.007372
119.865197,1231305,700643,13:11:04.007372
119.867054,1230955,700454,13:11:04.007372
119.868912,1230731,700530,13:11:04.007372
119.870771,1231083,700466,13:11:04.007372
119.872627,1231037,700490,13:11:04.007372
119.874489,1231199,700502,13:11:04.007372
119.876346,1231320,700452,13:11:04.007372
119.878204,1231436,700789,13:11:04.007372
119.88006,1231638,700570,13:11:04.007372
119.881917,1231605,700597,13:11:04.007372
119.883775,1231510,700753,13:11:04.007372
119.885636,1231839,700791,13:11:04.007372
119.887494,1231622,700767,13:11:04.007372
119.88935,1231888,700924,13:11:04.007372
119.891212,1231985,700835,13:11:04.007372
119.893069,1231961,701027,13:11:04.007372
119.894925,1231992,700701,13:11:04.007372
119.896783,1232053,701042,13:11:04.007372
119.89864,1232209,701099,13:11:04.007372
119.900498,1231947,700768,13:11:04.007372
119.902354,1232030,701059,13:11:04.007372
119.904213,1232380,700886,13:11:04.007372
119.906101,1232410,701112,13:11:04.054789
119.907961,1232178,700960,13:11:04.054789
119.909826,1232261,701399,13:11:04.054789
119.911704,1232253,701288,13:11:04.054789
119.913564,1232475,700870,13:11:04.054789
119.915423,1232218,701129,13:11:04.054789
119.917279,1232357,701117,13:11:04.054789
119.919137,1232244,701262,13:11:04.054789
119.920994,1232500,701161,13:11:04.054789
119.922852,1232384,701292,13:11:04.054789
119.924708,1232488,700936,13:11:04.054789
119.926565,1232215,701029,13:11:04.054789
119.928423,1232136,701204,13:11:04.054789
119.93028,1232216,701149,13:11:04.054789
119.932138,1232228,701029,13:11:04.054789
119.933994,1232056,701069,13:11:04.054789
119.935851,1232053,701066,13:11:04.054789
119.937709,1231958,701087,13:11:04.054789
119.939573,1231930,701034,13:11:04.054789
119.94143,1231851,700981,13:11:04.054789
119.943286,1231783,700799,13:11:04.054789
119.945144,1232099,700872,13:11:04.054789
119.947001,1231518,700796,13:11:04.054789
119.948857,1231735,700840,13:11:04.054789
119.950715,1231315,700951,13:11:04.054789
119.952572,1231648,700707,13:11:04.054789
119.95443,1231564,700723,13:11:04.055822
119.956295,1231769,700793,13:11:04.108831
119.958159,1231628,700718,13:11:04.108831
119.960046,1231772,700635,13:11:04.108831
119.961939,1231333,700730,13:11:04.108831
119.963804,1231563,700458,13:11:04.108831
119.965662,1231730,700797,13:11:04.108831
119.967518,1231497,700700,13:11:04.108831
119.969379,1231561,700969,13:11:04.108831
119.971235,1231703,700584,13:11:04.108831
119.973093,1231784,700753,13:11:04.108831
119.97495,1232008,700901,13:11:04.108831
119.976808,1231682,700325,13:11:04.108831
119.978666,1232048,700837,13:11:04.108831
119.980532,1231882,700722,13:11:04.108831
119.982389,1231537,700661,13:11:04.108831
119.984252,1231955,700864,13:11:04.108831
119.986114,1231786,701014,13:11:04.108831
119.98797,1231829,701032,13:11:04.108831
119.989827,1231795,701054,13:11:04.108831
119.991685,1232008,700866,13:11:04.108831
119.993541,1231947,701132,13:11:04.108831
119.9954,1232077,701181,13:11:04.108831
119.997256,1232193,701100,13:11:04.108831
119.999118,1232273,701027,13:11:04.108831
120.000977,1232180,701119,13:11:04.108831
120.002843,1232281,700857,13:11:04.108831
120.004699,1232479,701102,13:11:04.155183
120.006576,1232443,701019,13:11:04.155183
120.008434,1232433,701080,13:11:04.155183
120.010346,1232536,701097,13:11:04.155183
120.012214,1232616,701085,13:11:04.155183
120.014073,1232609,701434,13:11:04.155183
120.015931,1232591,701444,13:11:04.155183
120.017788,1232608,701484,13:11:04.155183
120.019646,1233030,701339,13:11:04.155183
120.021502,1232695,701394,13:11:04.155183
120.023361,1232857,701262,13:11:04.155183
120.025217,1233103,701097,13:11:04.155183
120.027081,1232763,701321,13:11:04.155183
120.028938,1232788,701150,13:11:04.155183
120.030796,1232518,701105,13:11:04.155183
120.032654,1232685,701122,13:11:04.155183
120.034511,1232653,701282,13:11:04.155183
120.036369,1232539,701239,13:11:04.155183
120.038225,1232446,701283,13:11:04.155183
120.040082,1232671,701225,13:11:04.155183
120.041938,1232713,701290,13:11:04.155183
120.043802,1232469,700897,13:11:04.155183
120.045659,1232244,701045,13:11:04.155183
120.047515,1232424,701207,13:11:04.155183
120.049374,1232329,701236,13:11:04.155183
120.05123,1232247,701042,13:11:04.155183
120.053086,1232345,701065,13:11:04.155183
120.054943,1232663,701140,13:11:04.205897
120.056813,1232255,701012,13:11:04.205897
120.058673,1232289,701169,13:11:04.205897
120.060582,1232211,701126,13:11:04.205897
120.062466,1232182,701181,13:11:04.205897
120.064324,1232323,701040,13:11:04.205897
120.066181,1232183,701082,13:11:04.205897
120.068041,1232023,700872,13:11:04.205897
120.069897,1232011,700948,13:11:04.205897
120.071754,1232234,700760,13:11:04.205897
120.073612,1231954,700855,13:11:04.205897
120.075468,1232121,700960,13:11:04.205897
120.077325,1231824,700982,13:11:04.205897
120.079181,1232042,700731,13:11:04.205897
120.081037,1232316,701171,13:11:04.205897
120.082894,1232289,701079,13:11:04.205897
120.084751,1232022,701014,13:11:04.205897
120.086613,1231857,701085,13:11:04.205897
120.088469,1232405,701039,13:11:04.205897
120.090329,1232166,700998,13:11:04.205897
120.092186,1232232,700744,13:11:04.205897
120.094042,1232514,701032,13:11:04.205897
120.0959,1232396,701163,13:11:04.205897
120.097757,1232309,701267,13:11:04.205897
120.099615,1232444,701069,13:11:04.205897
120.101471,1232241,701038,13:11:04.205897
120.103332,1232677,700927,13:11:04.205897
120.105188,1232347,701252,13:11:04.256455
120.10705,1232704,701180,13:11:04.256455
120.108911,1232995,701095,13:11:04.256455
120.110841,1232996,701357,13:11:04.256455
120.112711,1232944,701315,13:11:04.256455
120.114571,1232992,701298,13:11:04.256455
120.116428,1232979,701135,13:11:04.256455
120.118284,1232855,701273,13:11:04.256455
120.120141,1232933,701487,13:11:04.256455
120.121997,1233010,701293,13:11:04.256455
120.123855,1233149,701371,13:11:04.256455
120.12572,1233117,701465,13:11:04.256455
120.127576,1233122,701822,13:11:04.256455
120.129432,1233014,701488,13:11:04.256455
120.131291,1233292,701722,13:11:04.256455
120.133147,1233159,701520,13:11:04.256455
120.135003,1233182,701647,13:11:04.256455
120.136864,1233174,701863,13:11:04.256455
120.13872,1233099,701701,13:11:04.256455
120.140576,1233182,701403,13:11:04.256455
120.142433,1233034,701445,13:11:04.256455
120.144297,1233170,701640,13:11:04.256455
120.146153,1233099,701671,13:11:04.256455
120.14801,1233106,701428,13:11:04.256455
120.14987,1233073,701668,13:11:04.256455
120.151726,1232864,701544,13:11:04.256455
120.153585,1233015,701706,13:11:04.256455
120.155441,1233160,701545,13:11:04.307312
120.157313,1233002,701198,13:11:04.307312
120.159174,1232957,701363,13:11:04.307312
120.161076,1232844,701310,13:11:04.309313
120.162956,1232643,701227,13:11:04.309313
120.164823,1232525,701165,13:11:04.309313
120.16668,1232853,701155,13:11:04.309313
120.168537,1232405,701170,13:11:04.309313
120.170394,1232454,700930,13:11:04.309313
120.172252,1232529,701334,13:11:04.309313
120.174108,1232283,701079,13:11:04.309313
120.175965,1232346,701078,13:11:04.309313
120.177825,1232427,701235,13:11:04.310311
120.179681,1232422,701086,13:11:04.310311
120.18154,1232403,701150,13:11:04.310311
120.183396,1232273,701118,13:11:04.310311
120.185256,1232172,700965,13:11:04.310311
120.187113,1232163,700875,13:11:04.310311
120.188969,1232199,701063,13:11:04.310311
120.190828,1232073,700974,13:11:04.310311
120.192684,1232137,700976,13:11:04.310311
120.194542,1232047,700946,13:11:04.310311
120.196399,1232459,700982,13:11:04.310311
120.198255,1232365,701143,13:11:04.310311
120.200113,1232286,700946,13:11:04.310311
120.201977,1232192,701042,13:11:04.310311
120.203836,1232219,700881,13:11:04.310311
120.205698,1232489,701069,13:11:04.358956
120.207567,1232561,701016,13:11:04.358956
120.209429,1232327,701016,13:11:04.358956
120.21134,1232260,701244,13:11:04.358956
120.213207,1232350,701227,13:11:04.358956
120.215068,1232376,701396,13:11:04.358956
120.216926,1232590,700919,13:11:04.358956
120.218784,1232724,701304,13:11:04.358956
120.220641,1232546,701446,13:11:04.358956
120.222499,1232793,701247,13:11:04.358956
120.224356,1232794,701323,13:11:04.358956
120.226216,1232860,701203,13:11:04.358956
120.228072,1232832,701504,13:11:04.358956
120.229929,1233062,701198,13:11:04.358956
120.231787,1233098,701492,13:11:04.358956
120.233643,1232901,701544,13:11:04.358956
120.2355,1232792,701329,13:11:04.358956
120.237356,1233131,701441,13:11:04.358956
120.239212,1232985,701617,13:11:04.358956
120.241069,1233295,701621,13:11:04.358956
120.242926,1233473,701442,13:11:04.358956
120.244787,1233180,701487,13:11:04.358956
120.246644,1233465,701643,13:11:04.358956
120.248504,1233070,701707,13:11:04.358956
120.25036,1233324,701762,13:11:04.358956
120.252217,1233351,701843,13:11:04.358956
120.254073,1233345,701642,13:11:04.359955
120.255934,1233274,701505,13:11:04.410585
120.257796,1233210,701472,13:11:04.410585
120.259658,1233436,701433,13:11:04.410585
120.261564,1233229,701752,13:11:04.410585
120.263423,1233278,701686,13:11:04.410585
120.265323,1232917,701589,13:11:04.410585
120.267183,1233162,701826,13:11:04.410585
120.269042,1233302,701271,13:11:04.410585
120.270908,1233170,701358,13:11:04.410585
120.272764,1233260,701500,13:11:04.410585
120.274621,1232941,701423,13:11:04.410585
120.276479,1232943,701282,13:11:04.410585
120.278335,1232889,701485,13:11:04.410585
120.280192,1232803,701232,13:11:04.410585
120.28205,1232658,701290,13:11:04.410585
120.283906,1232785,701123,13:11:04.410585
120.285765,1232793,701451,13:11:04.410585
120.287621,1232778,701134,13:11:04.410585
120.289485,1232540,701131,13:11:04.410585
120.291342,1232857,701522,13:11:04.410585
120.293198,1232709,701117,13:11:04.410585
120.295056,1232599,701010,13:11:04.410585
120.296913,1232636,701171,13:11:04.410585
120.298773,1232252,700928,13:11:04.410585
120.300629,1232386,701458,13:11:04.410585
120.302486,1232428,701210,13:11:04.410585
120.304342,1232431,700855,13:11:04.410585
120.306213,1232614,700970,13:11:04.463860
120.308073,1232477,701110,13:11:04.463860
120.309938,1232453,701267,13:11:04.463860
120.311825,1232235,700826,13:11:04.463860
120.313684,1232612,701108,13:11:04.463860
120.315565,1232327,700970,13:11:04.463860
120.317434,1232436,700992,13:11:04.463860
120.319291,1232603,701102,13:11:04.463860
120.321149,1232257,701292,13:11:04.463860
120.323005,1232702,701105,13:11:04.463860
120.324864,1232625,701063,13:11:04.463860
120.326722,1232664,701323,13:11:04.463860
120.328578,1232550,701160,13:11:04.463860
120.330444,1232552,701169,13:11:04.463860
120.332301,1232691,701289,13:11:04.463860
120.334157,1232529,701481,13:11:04.463860
120.336016,1232906,701221,13:11:04.463860
120.337876,1232780,701147,13:11:04.463860
120.339734,1232995,701310,13:11:04.463860
120.341593,1232925,701396,13:11:04.463860
120.343449,1232736,701330,13:11:04.463860
120.345307,1232855,701443,13:11:04.463860
120.347165,1232682,701550,13:11:04.463860
120.349022,1233068,701534,13:11:04.463860
120.350879,1232844,701314,13:11:04.463860
120.352737,1233019,701570,13:11:04.463860
120.354593,1233052,701298,13:11:04.511873
120.356464,1233053,701425,13:11:04.511873
120.358324,1233096,701449,13:11:04.511873
120.36022,1233243,701278,13:11:04.511873
120.362094,1233024,701454,13:11:04.511873
120.363953,1233065,701453,13:11:04.511873
120.365813,1233010,701391,13:11:04.511873
120.36767,1233249,701478,13:11:04.511873
120.369545,1231820,701214,13:11:04.511873
120.371418,1233071,701440,13:11:04.511873
120.373276,1233089,701390,13:11:04.511873
120.375137,1233056,701561,13:11:04.511873
120.376993,1233385,701275,13:11:04.511873
120.37885,1233066,701412,13:11:04.511873
120.380708,1233190,701257,13:11:04.511873
120.382564,1232974,701512,13:11:04.511873
120.384421,1233027,701219,13:11:04.511873
120.386279,1232808,701350,13:11:04.511873
120.388135,1233084,701071,13:11:04.511873
120.389994,1232951,701257,13:11:04.511873
120.39185,1232710,700958,13:11:04.511873
120.393714,1232645,701143,13:11:04.511873
120.395571,1232822,701196,13:11:04.511873
120.397427,1232652,701149,13:11:04.511873
120.399286,1232766,700960,13:11:04.511873
120.401142,1232649,701245,13:11:04.511873
120.402998,1232688,700806,13:11:04.511873
120.404855,1232652,701262,13:11:04.564938
120.406721,1232576,701103,13:11:04.564938
120.408581,1232451,701144,13:11:04.564938
120.410486,1232509,700605,13:11:04.564938
120.412346,1232616,701045,13:11:04.564938
120.414203,1232711,700965,13:11:04.564938
120.416067,1232377,700750,13:11:04.564938
120.417967,1230878,700956,13:11:04.564938
120.419829,1232574,700815,13:11:04.564938
120.421687,1232535,701200,13:11:04.564938
120.423546,1232666,700961,13:11:04.564938
120.425402,1232911,701059,13:11:04.564938
120.427261,1232727,700966,13:11:04.564938
120.429117,1232993,701292,13:11:04.564938
120.430975,1232662,701345,13:11:04.564938
120.432834,1232614,700948,13:11:04.564938
120.43469,1232906,700943,13:11:04.564938
120.436548,1232709,701296,13:11:04.564938
120.438407,1232773,701172,13:11:04.564938
120.440263,1232953,701222,13:11:04.564938
120.442119,1232966,701290,13:11:04.564938
120.443978,1233093,701176,13:11:04.564938
120.445836,1232922,701400,13:11:04.564938
120.447692,1232872,701099,13:11:04.564938
120.449551,1232857,701102,13:11:04.564938
120.451407,1232971,701490,13:11:04.564938
120.453264,1232905,701403,13:11:04.564938
120.45512,1232919,701199,13:11:04.622225
120.456986,1233041,701314,13:11:04.622225
120.458847,1233158,701128,13:11:04.622225
120.460765,1232918,701383,13:11:04.622225
120.462627,1233158,701603,13:11:04.622225
120.464483,1233377,701630,13:11:04.622225
120.466342,1233163,701370,13:11:04.622225
120.468201,1233483,701315,13:11:04.622225
120.470082,1233255,701494,13:11:04.622225
120.471951,1233197,701497,13:11:04.622225
120.473807,1233193,701564,13:11:04.623216
120.475663,1233326,701373,13:11:04.623216
120.47752,1233183,701585,13:11:04.624215
120.479378,1233140,701343,13:11:04.624215
120.481237,1233301,701572,13:11:04.624215
120.483093,1233083,701559,13:11:04.624215
120.484957,1233422,701255,13:11:04.625215
120.486814,1233280,701438,13:11:04.625215
120.48867,1233148,701185,13:11:04.625215
120.490528,1233348,701055,13:11:04.625215
120.492385,1233110,701147,13:11:04.625215
120.494241,1233196,701343,13:11:04.625215
120.496097,1233198,701157,13:11:04.625215
120.497954,1233126,701367,13:11:04.625215
120.49981,1232864,701214,13:11:04.625215
120.501667,1232881,700898,13:11:04.625215
120.503527,1232742,701216,13:11:04.625215
120.505383,1232859,701317,13:11:04.666431
120.507252,1232840,701125,13:11:04.666431
120.509113,1232718,701032,13:11:04.666431
120.511013,1232617,701081,13:11:04.666431
120.512874,1232796,701184,13:11:04.666431
120.514731,1232692,700813,13:11:04.666431
120.516591,1232495,701054,13:11:04.666431
120.518455,1232662,701071,13:11:04.666431
120.520312,1232502,701257,13:11:04.666431
120.522174,1232279,701044,13:11:04.666431
120.524032,1232538,701123,13:11:04.666431
120.525891,1232635,701030,13:11:04.666431
120.52779,1230428,701151,13:11:04.666431
120.529658,1232571,701092,13:11:04.666431
120.531516,1232431,701158,13:11:04.666431
120.533374,1232593,700854,13:11:04.666431
120.53524,1232617,701092,13:11:04.666431
120.537099,1232574,701229,13:11:04.666431
120.538955,1232371,700792,13:11:04.666431
120.540813,1232795,701167,13:11:04.666431
120.54267,1232612,701172,13:11:04.666431
120.544528,1232762,700812,13:11:04.666431
120.546385,1232840,701078,13:11:04.666431
120.548241,1232902,701351,13:11:04.666431
120.550099,1232945,701109,13:11:04.666431
120.551956,1232819,700958,13:11:04.667353
120.553818,1232663,701147,13:11:04.667353
120.555678,1232703,701160,13:11:04.717442
120.557543,1232992,701091,13:11:04.717442
120.559405,1233027,701412,13:11:04.717442
120.561315,1232915,701348,13:11:04.717442
120.563175,1233168,701303,13:11:04.717442
120.565032,1233032,701366,13:11:04.718073
120.56689,1233282,701361,13:11:04.718073
120.568747,1233215,701369,13:11:04.718073
120.570608,1233291,701616,13:11:04.718073
120.572467,1231043,701592,13:11:04.718073
120.574371,1233461,701343,13:11:04.718073
120.576228,1233156,701344,13:11:04.718073
120.578086,1233451,701483,13:11:04.718073
120.579943,1233597,701436,13:11:04.718073
120.581803,1233562,701584,13:11:04.718073
120.583659,1233440,701462,13:11:04.718073
120.585523,1233429,701355,13:11:04.718073
120.58738,1233158,701572,13:11:04.718073
120.589236,1233478,701400,13:11:04.718073
120.591095,1233416,701433,13:11:04.718073
120.592951,1233596,701461,13:11:04.718073
120.594807,1233557,701448,13:11:04.718073
120.596664,1233337,701464,13:11:04.718073
120.59852,1233374,701456,13:11:04.718073
120.600378,1233588,701234,13:11:04.718073
120.602243,1233478,701229,13:11:04.718073
120.604099,1233546,701411,13:11:04.718073
120.605969,1233140,701653,13:11:04.770579
120.607834,1233396,701136,13:11:04.770579
120.609696,1233155,701139,13:11:04.770579
120.611584,1233109,701189,13:11:04.770579
120.613444,1232705,701243,13:11:04.770579
120.615301,1232880,701237,13:11:04.770579
120.617159,1232614,701142,13:11:04.770579
120.619016,1232268,701214,13:11:04.770579
120.620876,1232652,701343,13:11:04.770579
120.62276,1231527,701269,13:11:04.770579
120.624623,1232963,701114,13:11:04.770579
120.626481,1232768,701078,13:11:04.770579
120.628341,1232682,701169,13:11:04.770579
120.630197,1232805,701024,13:11:04.770579
120.632054,1232563,701067,13:11:04.770579
120.63391,1232747,701017,13:11:04.770579
120.635769,1232928,700844,13:11:04.770579
120.637625,1232804,700933,13:11:04.770579
120.639481,1232661,700826,13:11:04.770579
120.641338,1232434,701019,13:11:04.770579
120.643202,1232573,700993,13:11:04.770579
120.645058,1232854,700956,13:11:04.770579
120.646915,1232968,700990,13:11:04.770579
120.648775,1232567,700700,13:11:04.770579
120.650632,1232645,701067,13:11:04.770579
120.652488,1232641,700845,13:11:04.770579
120.654346,1232634,700864,13:11:04.770579
120.656215,1232545,701042,13:11:04.818909
120.658075,1232441,700836,13:11:04.818909
120.659953,1232681,700897,13:11:04.818909
120.661901,1232527,701119,13:11:04.818909
120.663762,1232897,701086,13:11:04.818909
120.665618,1232441,701012,13:11:04.818909
120.667474,1232797,700904,13:11:04.818909
120.669333,1232817,700983,13:11:04.818909
120.671189,1233038,701100,13:11:04.818909
120.673047,1232246,701071,13:11:04.818909
120.674904,1232922,701007,13:11:04.818909
120.67677,1231684,701106,13:11:04.818909
120.678646,1232718,701143,13:11:04.818909
120.680507,1232792,701235,13:11:04.818909
120.682365,1233054,701240,13:11:04.818909
120.684221,1232901,701167,13:11:04.818909
120.686082,1233166,701269,13:11:04.818909
120.687938,1232878,701079,13:11:04.818909
120.689796,1233119,701232,13:11:04.818909
120.691655,1233145,701162,13:11:04.818909
120.693511,1233181,701233,13:11:04.818909
120.695369,1232981,701280,13:11:04.818909
120.697226,1233018,701210,13:11:04.818909
120.699084,1233004,701237,13:11:04.818909
120.700943,1233103,701546,13:11:04.818909
120.702809,1233269,701168,13:11:04.818909
120.704665,1233251,701250,13:11:04.871194
120.706534,1232970,701314,13:11:04.871194
120.708396,1233027,701386,13:11:04.871194
120.710303,1233072,701422,13:11:04.871194
120.712164,1232940,701005,13:11:04.871194
120.714023,1233115,701179,13:11:04.871194
120.715881,1232687,701138,13:11:04.871194
120.717741,1232863,701019,13:11:04.871194
120.719598,1232966,701059,13:11:04.871194
120.721458,1232946,700953,13:11:04.871194
120.723325,1232637,701355,13:11:04.871194
120.725191,1232668,701170,13:11:04.871194
120.727083,1232752,700908,13:11:04.871194
120.728945,1232751,700925,13:11:04.871194
120.730804,1232672,700839,13:11:04.871194
120.732662,1232533,701031,13:11:04.871194
120.734519,1232555,700931,13:11:04.871194
120.736381,1232518,700713,13:11:04.871194
120.738237,1232643,700776,13:11:04.871194
120.740094,1232513,700842,13:11:04.871194
120.741956,1232475,700937,13:11:04.871194
120.743812,1232557,701020,13:11:04.871194
120.745671,1232385,700816,13:11:04.871194
120.747527,1232407,700768,13:11:04.871194
120.749383,1232217,700892,13:11:04.871194
120.751242,1232358,700718,13:11:04.871194
120.753101,1232352,700907,13:11:04.871194
120.754958,1232451,700501,13:11:04.923092
120.756829,1232438,700837,13:11:04.923092
120.758691,1232328,701249,13:11:04.923092
120.760595,1232228,700766,13:11:04.923092
120.76246,1232122,700768,13:11:04.923092
120.764318,1232209,700818,13:11:04.923092
120.766174,1231886,700896,13:11:04.923092
120.768031,1232111,700768,13:11:04.923092
120.769889,1232318,701100,13:11:04.923092
120.771749,1232262,700901,13:11:04.923092
120.773608,1232239,700744,13:11:04.923092
120.775464,1232313,700909,13:11:04.923092
120.777322,1230894,700883,13:11:04.923092
120.779179,1232447,700907,13:11:04.923092
120.781035,1232556,700908,13:11:04.923092
120.782893,1232259,701082,13:11:04.923092
120.78475,1232406,701047,13:11:04.923092
120.786608,1232624,700830,13:11:04.923092
120.788465,1232529,700941,13:11:04.923092
120.790327,1232480,701072,13:11:04.923092
120.792183,1232566,700699,13:11:04.923092
120.79404,1232482,701029,13:11:04.923092
120.795902,1232708,701044,13:11:04.923092
120.797758,1232466,700897,13:11:04.923092
120.799617,1232407,700950,13:11:04.923092
120.801473,1232491,700836,13:11:04.923092
120.803329,1232476,700743,13:11:04.923092
120.805188,1232485,701016,13:11:04.978978
120.80706,1232294,700931,13:11:04.978978
120.808919,1232455,701048,13:11:04.978978
120.810813,1232357,701001,13:11:04.978978
120.812671,1232461,700803,13:11:04.978978
120.814529,1232274,701081,13:11:04.978978
120.816386,1232232,700899,13:11:04.978978
120.818244,1232162,700763,13:11:04.978978
120.820101,1232292,700621,13:11:04.978978
120.821961,1231620,701032,13:11:04.978978
120.823821,1232222,700756,13:11:04.978978
120.825684,1231980,700671,13:11:04.978978
120.827558,1232495,700922,13:11:04.978978
120.829424,1231005,700850,13:11:04.978978
120.831285,1232601,700969,13:11:04.978978
120.833167,1232290,700721,13:11:04.978978
120.835023,1231993,700784,13:11:04.978978
120.836882,1232223,700789,13:11:04.978978
120.838738,1232068,701056,13:11:04.978978
120.8406,1232287,700485,13:11:04.978978
120.842457,1232061,700796,13:11:04.978978
120.844313,1232129,700619,13:11:04.978978
120.846171,1231862,700476,13:11:04.978978
120.848028,1231844,700487,13:11:04.979960
120.849886,1231826,700604,13:11:04.979960
120.851742,1231399,700293,13:11:04.979960
120.853599,1231541,700569,13:11:04.979960
120.855459,1231657,700420,13:11:05.025006
120.857328,1231566,700473,13:11:05.025006
120.859188,1231539,700150,13:11:05.025006
120.861082,1231257,700286,13:11:05.025006
120.862944,1231114,700223,13:11:05.025006
120.864805,1231418,700049,13:11:05.025006
120.866661,1230953,700232,13:11:05.025006
120.868518,1231262,700249,13:11:05.025006
120.870378,1231326,700394,13:11:05.025006
120.872236,1231257,700208,13:11:05.025006
120.874093,1230977,700353,13:11:05.025006
120.875949,1230889,700301,13:11:05.025006
120.877807,1230745,699983,13:11:05.025006
120.879664,1230867,700066,13:11:05.025006
120.88152,1230837,699967,13:11:05.025006
120.883396,1230650,700162,13:11:05.025006
120.885259,1229282,700053,13:11:05.025006
120.887121,1230831,699934,13:11:05.025006
120.888977,1230631,699613,13:11:05.025006
120.890836,1229845,699383,13:11:05.025006
120.892692,1230004,699351,13:11:05.025006
120.894549,1229626,699082,13:11:05.025006
120.896405,1229294,699126,13:11:05.025006
120.898262,1229146,698865,13:11:05.025006
120.90012,1228937,698832,13:11:05.025006
120.901976,1228488,698586,13:11:05.025006
120.903834,1227934,698021,13:11:05.025006
120.905693,1227586,697791,13:11:05.078346
120.907561,1226879,697754,13:11:05.078346
120.909425,1226454,697000,13:11:05.078346
120.911326,1225745,696944,13:11:05.078346
120.91319,1225512,696619,13:11:05.078346
120.915048,1224538,696045,13:11:05.078346
120.916905,1224159,695855,13:11:05.078346
120.918763,1223502,695266,13:11:05.078346
120.920619,1222633,695244,13:11:05.078346
120.922478,1221852,694932,13:11:05.078346
120.924334,1221202,694328,13:11:05.078346
120.926191,1220411,694006,13:11:05.078346
120.928061,1219751,693364,13:11:05.078346
120.929941,1218720,693041,13:11:05.078346
120.931813,1218141,692616,13:11:05.078346
120.93367,1216988,692049,13:11:05.078346
120.935526,1216054,691587,13:11:05.078346
120.937382,1215565,691058,13:11:05.078346
120.939239,1214781,690831,13:11:05.078346
120.941095,1214040,690625,13:11:05.078346
120.942952,1213528,690051,13:11:05.078346
120.94481,1212849,689655,13:11:05.078346
120.946666,1212428,689611,13:11:05.078346
120.948523,1212173,688935,13:11:05.078346
120.950381,1211532,689044,13:11:05.078346
120.952237,1211378,688835,13:11:05.078346
120.954096,1210900,688913,13:11:05.078346
120.955956,1210845,688595,13:11:05.137130
120.957817,1211202,688452,13:11:05.137130
120.959679,1210839,688462,13:11:05.137130
120.961567,1210738,688297,13:11:05.137130
120.963425,1210444,688331,13:11:05.137130
120.965284,1210409,688224,13:11:05.137130
120.967144,1210218,688169,13:11:05.138167
120.969001,1210157,688152,13:11:05.138167
120.970856,1210333,688471,13:11:05.138167
120.972713,1209767,688242,13:11:05.138167
120.97457,1210268,688358,13:11:05.138167
120.976428,1210056,688554,13:11:05.138167
120.978284,1210477,688256,13:11:05.138167
120.980141,1210730,688582,13:11:05.138167
120.982019,1208490,688770,13:11:05.138167
120.983891,1210940,688690,13:11:05.138167
120.985754,1210746,688438,13:11:05.138167
120.98761,1210933,688482,13:11:05.138167
120.989466,1210476,688542,13:11:05.138167
120.991325,1210208,688439,13:11:05.138167
120.993185,1209820,688088,13:11:05.138167
120.995042,1209544,687729,13:11:05.138167
120.996898,1209002,687478,13:11:05.138167
120.998756,1208782,687146,13:11:05.138167
121.000613,1207869,686731,13:11:05.138167
121.002469,1207202,686275,13:11:05.138167
121.004327,1206145,685546,13:11:05.138167
121.006194,1205158,685185,13:11:05.183975
121.008054,1204180,684441,13:11:05.183975
121.00992,1202641,683463,13:11:05.183975
121.011803,1201247,682929,13:11:05.183975
121.013661,1200106,681974,13:11:05.183975
121.015519,1197975,681058,13:11:05.183975
121.017378,1196354,680045,13:11:05.183975
121.019234,1194836,678806,13:11:05.183975
121.021096,1192429,677845,13:11:05.183975
121.022953,1190632,676583,13:11:05.183975
121.024811,1188801,675474,13:11:05.183975
121.026672,1186811,674145,13:11:05.183975
121.028528,1184576,673194,13:11:05.183975
121.030392,1182304,671585,13:11:05.183975
121.032251,1179570,670168,13:11:05.183975
121.034109,1177786,669020,13:11:05.183975
121.035967,1175411,667674,13:11:05.183975
121.037824,1173094,666582,13:11:05.183975
121.039702,1170573,664950,13:11:05.183975
121.04157,1168092,663669,13:11:05.184990
121.043427,1165925,662418,13:11:05.184990
121.045285,1163854,661102,13:11:05.184990
121.047141,1161700,660195,13:11:05.184990
121.048998,1159983,659211,13:11:05.184990
121.050856,1158205,657960,13:11:05.184990
121.052722,1156079,657106,13:11:05.184990
121.054581,1154759,656261,13:11:05.237136
121.056443,1153222,655318,13:11:05.237136
121.058303,1151791,654604,13:11:05.237136
121.060197,1151059,654385,13:11:05.237136
121.062074,1149857,653773,13:11:05.237136
121.06393,1149439,653600,13:11:05.237136
121.065787,1148784,653065,13:11:05.237136
121.067649,1147954,652943,13:11:05.238156
121.069507,1147405,652271,13:11:05.238156
121.07137,1146926,651662,13:11:05.238156
121.073226,1145655,651587,13:11:05.238156
121.075082,1144640,651163,13:11:05.238156
121.076941,1143099,650232,13:11:05.238156
121.078799,1142844,649479,13:11:05.238156
121.080657,1141993,649266,13:11:05.238156
121.082516,1140424,648731,13:11:05.238156
121.084374,1139681,648004,13:11:05.238156
121.086231,1138696,647504,13:11:05.238156
121.088093,1137657,646899,13:11:05.238156
121.089971,1134640,646130,13:11:05.238156
121.091836,1135182,644892,13:11:05.238156
121.093692,1133952,644219,13:11:05.238156
121.09555,1132187,643211,13:11:05.238156
121.097414,1130224,642157,13:11:05.238156
121.099271,1128578,641227,13:11:05.238156
121.101127,1126767,640090,13:11:05.238156
121.102986,1124482,639057,13:11:05.238156
121.104844,1122536,637594,13:11:05.280671
121.10671,1120226,636114,13:11:05.280671
121.108571,1117869,634891,13:11:05.280671
121.110469,1115950,633547,13:11:05.280671
121.112329,1112867,632560,13:11:05.280671
121.11419,1110591,630766,13:11:05.280671
121.116049,1108094,629776,13:11:05.280671
121.11791,1106065,628713,13:11:05.280671
121.119767,1103961,627485,13:11:05.280671
121.121625,1102414,626356,13:11:05.280671
121.123481,1100747,625529,13:11:05.280671
121.125338,1099391,624517,13:11:05.280671
121.127196,1097485,623994,13:11:05.280671
121.129058,1096680,623540,13:11:05.280671
121.130917,1095350,622862,13:11:05.280671
121.132785,1094129,622481,13:11:05.280671
121.134657,1093499,622154,13:11:05.280671
121.13652,1093385,621555,13:11:05.280671
121.138382,1092284,620663,13:11:05.280671
121.140248,1091486,620358,13:11:05.280671
121.142105,1090343,620128,13:11:05.280671
121.143971,1090060,619850,13:11:05.280671
121.145827,1088987,619250,13:11:05.280671
121.147684,1088039,618463,13:11:05.280671
121.149546,1086976,617939,13:11:05.280671
121.151403,1086247,617382,13:11:05.280671
121.153261,1085100,616658,13:11:05.280671
121.155117,1084355,616113,13:11:05.334192
121.156988,1083580,615660,13:11:05.334192
121.158848,1082623,615364,13:11:05.334192
121.160766,1081932,615141,13:11:05.334192
121.162626,1081441,614791,13:11:05.334192
121.164485,1081173,614467,13:11:05.334192
121.166345,1080238,614198,13:11:05.334192
121.168201,1079956,613983,13:11:05.334192
121.170058,1079298,613608,13:11:05.334192
121.171916,1078801,612845,13:11:05.334192
121.173772,1078235,612361,13:11:05.334192
121.175629,1076810,611801,13:11:05.334192
121.177487,1075351,610890,13:11:05.334192
121.179344,1073902,609688,13:11:05.334192
121.181202,1071599,608479,13:11:05.334192
121.183058,1069320,607093,13:11:05.334192
121.184923,1066913,605259,13:11:05.334192
121.186781,1062514,603969,13:11:05.334192
121.188669,1061202,602213,13:11:05.334192
121.190526,1057773,600285,13:11:05.334192
121.192382,1054526,598227,13:11:05.334192
121.194246,1050595,595903,13:11:05.334192
121.196103,1046481,593591,13:11:05.334192
121.197959,1042417,591033,13:11:05.334192
121.199817,1038100,588720,13:11:05.334192
121.201674,1033610,585916,13:11:05.334192
121.203532,1029533,583726,13:11:05.334192
121.205388,1024975,581198,13:11:05.386986
121.207257,1020528,578712,13:11:05.386986
121.209117,1016478,575998,13:11:05.386986
121.211009,1011879,573831,13:11:05.386986
121.212868,1008025,571697,13:11:05.386986
121.214724,1004111,569735,13:11:05.386986
121.216582,1001554,568104,13:11:05.386986
121.218441,998057,566564,13:11:05.386986
121.2203,995734,564787,13:11:05.386986
121.222161,993021,563746,13:11:05.386986
121.224018,990985,562329,13:11:05.386986
121.22588,988778,561477,13:11:05.386986
121.227738,987063,560673,13:11:05.386986
121.229595,986063,559904,13:11:05.386986
121.231453,984843,559326,13:11:05.386986
121.233312,983966,558956,13:11:05.386986
121.235174,983205,558541,13:11:05.386986
121.23703,983032,558431,13:11:05.386986
121.238891,983645,558809,13:11:05.386986
121.240749,984573,559585,13:11:05.386986
121.242611,985651,560258,13:11:05.386986
121.24447,987393,561167,13:11:05.386986
121.246326,989237,562476,13:11:05.386986
121.248192,990977,563775,13:11:05.386986
121.250049,993231,564750,13:11:05.386986
121.251905,995124,565894,13:11:05.386986
121.253763,997312,566998,13:11:05.386986
121.25563,998589,567731,13:11:05.434071
121.257494,1000642,568833,13:11:05.434071
121.259356,1001982,569697,13:11:05.434071
121.261271,1003337,570256,13:11:05.434071
121.263133,1004529,570806,13:11:05.434071
121.264989,1004859,570957,13:11:05.434071
121.26685,1005043,571123,13:11:05.434071
121.268708,1005188,571000,13:11:05.434071
121.270574,1004377,570643,13:11:05.434071
121.272431,1004077,570292,13:11:05.434071
121.274289,1003089,569914,13:11:05.434071
121.276147,1002483,569227,13:11:05.434071
121.278004,1001157,568531,13:11:05.434071
121.27986,999920,567795,13:11:05.434071
121.281716,997990,566726,13:11:05.434071
121.283573,996140,565392,13:11:05.434071
121.285433,993952,564605,13:11:05.434071
121.28729,992105,562972,13:11:05.434071
121.289152,989916,562103,13:11:05.434071
121.29102,987802,560830,13:11:05.434071
121.292902,984782,559454,13:11:05.434071
121.294763,983320,558031,13:11:05.434071
121.296619,980682,556680,13:11:05.434071
121.298478,978248,555060,13:11:05.434071
121.300334,975514,553372,13:11:05.434071
121.302191,972518,551667,13:11:05.434071
121.304049,969349,549987,13:11:05.434071
121.305909,966401,548178,13:11:05.486986
121.307771,962906,546123,13:11:05.486986
121.309634,959218,543997,13:11:05.486986
121.311534,955134,541847,13:11:05.486986
121.31339,951062,539412,13:11:05.486986
121.315247,947126,536932,13:11:05.486986
121.317105,942764,534586,13:11:05.486986
121.318961,938156,532251,13:11:05.486986
121.320818,933863,529397,13:11:05.486986
121.322674,929150,526995,13:11:05.486986
121.32453,924594,524413,13:11:05.486986
121.326387,919529,521889,13:11:05.486986
121.328243,915817,519429,13:11:05.486986
121.330105,911908,517497,13:11:05.486986
121.331962,907935,515106,13:11:05.486986
121.33382,904162,513038,13:11:05.486986
121.335681,900395,510744,13:11:05.486986
121.337539,896634,508966,13:11:05.486986
121.339423,892731,506742,13:11:05.486986
121.341282,889982,504788,13:11:05.486986
121.343138,886235,502779,13:11:05.486986
121.344998,883203,500918,13:11:05.486986
121.346855,879901,499359,13:11:05.486986
121.348713,876696,497798,13:11:05.486986
121.350569,873727,496093,13:11:05.486986
121.35243,870965,494682,13:11:05.486986
121.354288,868877,493435,13:11:05.486986
121.356163,866652,492645,13:11:05.537310
121.358023,865013,491406,13:11:05.537310
121.359901,863219,490497,13:11:05.537310
121.361789,861603,489796,13:11:05.537310
121.363648,860655,489332,13:11:05.537310
121.365504,859440,488506,13:11:05.537310
121.367362,858885,488296,13:11:05.537310
121.369219,858940,488355,13:11:05.537310
121.371079,858756,488307,13:11:05.537310
121.372935,858769,488548,13:11:05.537310
121.374803,859100,488691,13:11:05.537310
121.37666,859056,488958,13:11:05.537310
121.378516,859344,489495,13:11:05.537310
121.380373,860263,489415,13:11:05.537310
121.382229,860372,489535,13:11:05.537310
121.384086,860455,489633,13:11:05.537310
121.385944,860495,489802,13:11:05.537310
121.387804,860489,489477,13:11:05.537310
121.389661,860115,489433,13:11:05.537310
121.391517,859997,488538,13:11:05.537310
121.393383,857876,488171,13:11:05.537310
121.39526,857662,487553,13:11:05.537310
121.397116,856490,486666,13:11:05.537310
121.398972,855078,486071,13:11:05.537310
121.400829,853291,484884,13:11:05.537310
121.402687,851486,483511,13:11:05.537310
121.404543,848809,482258,13:11:05.554532
121.406414,846297,480562,13:11:05.554532
121.408274,843883,479187,13:11:05.554532
121.41015,840777,477285,13:11:05.554532
121.412033,838022,475846,13:11:05.554532
121.413891,834876,474002,13:11:05.554532
121.415749,831642,472490,13:11:05.554532
121.417612,828639,470597,13:11:05.554532
121.419471,825746,468920,13:11:05.554532
121.421332,822472,467022,13:11:05.554532
121.423189,819302,465103,13:11:05.554532
121.425045,815710,463151,13:11:05.555520
121.426904,812058,461051,13:11:05.555520
121.428762,808010,458611,13:11:05.555520
121.43062,803553,456420,13:11:05.555520
121.432477,799719,453910,13:11:05.555520
121.434339,795048,451170,13:11:05.555520
121.436195,790525,448788,13:11:05.555520
121.438052,785635,445946,13:11:05.557520
121.439917,780434,443094,13:11:05.557520
121.441774,775721,440400,13:11:05.557520
121.443635,769912,437296,13:11:05.557520
121.445491,765934,434776,13:11:05.557520
121.447349,760900,431636,13:11:05.557520
121.449208,755979,428616,13:11:05.557520
121.451069,750713,426017,13:11:05.557520
121.452926,745475,422858,13:11:05.557520
121.454783,740177,419855,13:11:05.604686
121.456653,735236,416830,13:11:05.604686
121.458513,729629,413607,13:11:05.604686
121.460437,724024,410658,13:11:05.604686
121.462304,718281,407310,13:11:05.604686
121.46416,712632,404314,13:11:05.604686
121.466017,706996,401060,13:11:05.604686
121.467877,701487,397955,13:11:05.604686
121.469733,695858,394865,13:11:05.604686
121.471592,690385,391910,13:11:05.604686
121.473449,684899,388655,13:11:05.604686
121.475308,679525,385708,13:11:05.604686
121.477165,673903,382712,13:11:05.604686
121.479022,668541,379405,13:11:05.604686
121.480884,663223,376523,13:11:05.604686
121.48274,657949,373706,13:11:05.604686
121.4846,652877,370780,13:11:05.604686
121.486457,648274,368384,13:11:05.604686
121.488313,643705,365719,13:11:05.604686
121.490171,639795,363651,13:11:05.604686
121.492033,636239,361500,13:11:05.604686
121.493928,632736,359776,13:11:05.604686
121.495784,630146,358249,13:11:05.604686
121.497641,627235,356835,13:11:05.604686
121.499497,624436,355277,13:11:05.604686
121.501353,621854,353487,13:11:05.604686
121.50321,619106,352257,13:11:05.604686
121.505066,616674,350731,13:11:05.654394
121.506942,613881,348715,13:11:05.654394
121.508803,611024,347076,13:11:05.654394
121.510717,607903,345318,13:11:05.654394
121.512575,605145,343540,13:11:05.654394
121.514432,601660,342014,13:11:05.654394
121.516288,598653,340012,13:11:05.654394
121.518146,596043,338375,13:11:05.654394
121.520003,593370,337036,13:11:05.655377
121.521861,590350,335491,13:11:05.655377
121.523717,587564,334016,13:11:05.655377
121.525582,584638,332158,13:11:05.655377
121.527438,582055,330641,13:11:05.655377
121.529295,579264,329278,13:11:05.655377
121.531153,576638,327714,13:11:05.655377
121.533009,573761,325683,13:11:05.655377
121.534868,571266,324802,13:11:05.655377
121.536724,568877,323440,13:11:05.655377
121.53858,566734,321823,13:11:05.655377
121.540437,564266,320754,13:11:05.655377
121.542302,562263,319287,13:11:05.655377
121.544161,560622,318511,13:11:05.655377
121.546018,558379,317084,13:11:05.655377
121.547876,556302,315996,13:11:05.655377
121.549732,554564,315007,13:11:05.655377
121.551589,552336,313702,13:11:05.655377
121.553449,550549,312866,13:11:05.655377
121.555306,548732,311797,13:11:05.706721
121.55717,547241,311052,13:11:05.706721
121.55903,545821,310154,13:11:05.706721
121.560928,544349,309672,13:11:05.706721
121.562797,543351,309086,13:11:05.706721
121.564653,542597,308625,13:11:05.706721
121.566513,541704,307960,13:11:05.706721
121.56837,540909,307794,13:11:05.706721
121.570226,540039,307487,13:11:05.706721
121.572084,539537,307239,13:11:05.706721
121.573946,538826,306678,13:11:05.706721
121.575805,538257,306381,13:11:05.706721
121.577662,537677,305878,13:11:05.706721
121.579528,536960,305473,13:11:05.706721
121.581384,536087,305310,13:11:05.706721
121.583241,535541,304925,13:11:05.706721
121.585099,534813,304200,13:11:05.706721
121.586955,533692,304012,13:11:05.706721
121.588812,532818,303214,13:11:05.706721
121.590668,531689,303001,13:11:05.706721
121.592524,531256,302536,13:11:05.706721
121.594381,530614,302121,13:11:05.706721
121.596238,530187,301950,13:11:05.706721
121.598099,530118,301906,13:11:05.706721
121.599956,529540,301819,13:11:05.706721
121.601816,529454,301679,13:11:05.706721
121.603672,528771,301365,13:11:05.707709
121.605531,528655,301299,13:11:05.757145
121.607399,528703,301607,13:11:05.757145
121.609264,528598,301028,13:11:05.757145
121.611184,528072,301114,13:11:05.757145
121.61304,527522,300835,13:11:05.757145
121.614897,527125,300250,13:11:05.757145
121.616755,526151,299892,13:11:05.757145
121.618611,525572,299662,13:11:05.757145
121.620469,524659,299071,13:11:05.757145
121.622326,523989,298574,13:11:05.757145
121.624182,522758,297711,13:11:05.757145
121.62604,521507,297119,13:11:05.757145
121.627897,520276,296451,13:11:05.757145
121.629753,519396,295748,13:11:05.757145
121.631609,517951,295214,13:11:05.757145
121.633474,516746,294162,13:11:05.757145
121.63533,514870,293571,13:11:05.757145
121.637187,513348,292377,13:11:05.757145
121.639045,511284,291258,13:11:05.757145
121.640901,509727,290030,13:11:05.757145
121.642758,507626,288923,13:11:05.757145
121.644622,504995,287654,13:11:05.757145
121.646478,502977,286232,13:11:05.757145
121.648335,500448,284822,13:11:05.757145
121.650194,497828,283502,13:11:05.757145
121.652053,495230,281717,13:11:05.757145
121.65391,492159,280318,13:11:05.757145
121.655772,489067,278227,13:11:05.805501
121.657636,486044,276625,13:11:05.805501
121.659505,482567,274609,13:11:05.805501
121.661425,479069,272477,13:11:05.805501
121.663283,475401,270673,13:11:05.805501
121.66514,471858,268460,13:11:05.805501
121.666996,468232,266467,13:11:05.805501
121.668854,464388,264707,13:11:05.805501
121.670713,460776,262405,13:11:05.805501
121.672569,457186,260610,13:11:05.805501
121.674433,453773,258113,13:11:05.805501
121.67629,449743,256275,13:11:05.805501
121.678146,446038,254111,13:11:05.805501
121.680004,442221,251958,13:11:05.805501
121.681861,438720,249858,13:11:05.805501
121.683717,434914,247765,13:11:05.805501
121.685573,430859,245500,13:11:05.805501
121.68743,426863,243381,13:11:05.805501
121.689286,422734,241008,13:11:05.805501
121.691143,418815,238591,13:11:05.805501
121.693003,414390,236121,13:11:05.805501
121.694859,409886,233568,13:11:05.805501
121.696718,405610,231115,13:11:05.805501
121.698574,400873,228619,13:11:05.805501
121.70043,396374,225906,13:11:05.805501
121.702289,391623,223926,13:11:05.805501
121.704149,387395,220931,13:11:05.805501
121.706015,382650,218383,13:11:05.855331
121.707882,378021,216150,13:11:05.855331
121.709745,374197,213429,13:11:05.855331
121.711658,369591,211186,13:11:05.855331
121.713514,365852,209130,13:11:05.855331
121.715383,361775,206888,13:11:05.855331
121.717239,358372,204903,13:11:05.855331
121.719096,354556,202679,13:11:05.855331
121.720954,351124,200832,13:11:05.855331
121.72281,347804,198946,13:11:05.855331
121.724669,344691,197262,13:11:05.855331
121.726525,341683,195481,13:11:05.855331
121.728381,338480,193927,13:11:05.856346
121.730238,335479,192219,13:11:05.856346
121.732094,333064,190800,13:11:05.856346
121.733952,330866,189582,13:11:05.856346
121.735809,328686,188613,13:11:05.856346
121.737667,327100,187636,13:11:05.856346
121.739523,325639,186720,13:11:05.856346
121.741382,324282,185972,13:11:05.856346
121.74324,323029,185340,13:11:05.856346
121.745099,321656,184496,13:11:05.856346
121.746963,320242,183803,13:11:05.856346
121.748819,319447,183459,13:11:05.856346
121.750681,318780,182858,13:11:05.856346
121.752538,317463,182249,13:11:05.856346
121.754394,316240,181594,13:11:05.856346
121.756269,315084,180881,13:11:05.904569
121.758133,314288,180073,13:11:05.904569
121.759996,312744,179491,13:11:05.904569
121.761925,310923,178274,13:11:05.904569
121.763823,309197,177343,13:11:05.904569
121.765684,307939,176376,13:11:05.904569
121.767542,306069,175698,13:11:05.904569
121.769408,304245,174349,13:11:05.904569
121.771265,302120,173548,13:11:05.904569
121.773121,300563,172369,13:11:05.904569
121.774979,298172,171013,13:11:05.904569
121.776836,296220,169791,13:11:05.904569
121.778692,294144,168834,13:11:05.904569
121.780551,292256,168156,13:11:05.904569
121.782407,290347,166677,13:11:05.904569
121.784265,288393,165669,13:11:05.904569
121.786122,287000,164718,13:11:05.904569
121.787986,285494,163674,13:11:05.904569
121.789844,284149,163370,13:11:05.904569
121.791701,282863,162377,13:11:05.904569
121.793559,281933,162166,13:11:05.904569
121.795415,280880,161327,13:11:05.904569
121.797274,280063,160886,13:11:05.904569
121.79913,278928,160697,13:11:05.904569
121.800986,278604,160396,13:11:05.904569
121.802847,278404,160230,13:11:05.904569
121.804705,278170,160426,13:11:05.954128
121.806577,278396,160814,13:11:05.954128
121.808438,279180,161216,13:11:05.954128
121.81035,280145,161754,13:11:05.954128
121.812212,281362,162661,13:11:05.954128
121.814069,282355,162914,13:11:05.955214
121.815927,283407,163774,13:11:05.955214
121.817783,284498,164264,13:11:05.955214
121.81964,285260,164729,13:11:05.955214
121.821498,286075,164798,13:11:05.955214
121.823355,286845,165343,13:11:05.955214
121.825213,287051,165530,13:11:05.955214
121.827069,287052,165607,13:11:05.955214
121.828927,287595,165712,13:11:05.955214
121.830784,287387,165644,13:11:05.955214
121.83264,287017,165521,13:11:05.955214
121.834496,286846,164996,13:11:05.955214
121.836353,286025,164635,13:11:05.955214
121.838211,285045,164072,13:11:05.955214
121.840067,283966,163602,13:11:05.955214
121.841932,283139,162658,13:11:05.955214
121.843788,281703,162140,13:11:05.955214
121.845645,280643,161558,13:11:05.955214
121.847503,279449,160634,13:11:05.955214
121.849361,278016,159425,13:11:05.955214
121.85122,276451,159017,13:11:05.955214
121.853076,274801,158133,13:11:05.955214
121.854932,273244,157007,13:11:06.005348
121.856799,271280,155720,13:11:06.005348
121.858661,269350,154583,13:11:06.005348
121.860557,267488,153676,13:11:06.005348
121.862439,265796,152982,13:11:06.005348
121.864295,264432,152045,13:11:06.005348
121.866152,262680,151050,13:11:06.005348
121.868008,261415,150369,13:11:06.005348
121.869867,260160,149661,13:11:06.005348
121.871723,259241,149196,13:11:06.005348
121.87358,258070,148539,13:11:06.005348
121.875436,257264,148014,13:11:06.005348
121.8773,256039,147368,13:11:06.005348
121.879157,255173,146824,13:11:06.005348
121.881013,254122,146182,13:11:06.005348
121.882871,252700,145821,13:11:06.005348
121.884728,251883,145130,13:11:06.005348
121.886584,250743,144101,13:11:06.005348
121.888442,249412,143610,13:11:06.005348
121.890299,248192,143097,13:11:06.005348
121.892157,247371,142330,13:11:06.005348
121.894013,245412,141377,13:11:06.005348
121.895882,244103,140412,13:11:06.005348
121.89774,242633,139225,13:11:06.005348
121.899598,240588,138318,13:11:06.005348
121.901459,238564,136991,13:11:06.006692
121.903315,236600,135706,13:11:06.010290
121.905173,234314,134745,13:11:06.055548
121.90704,232060,133303,13:11:06.055548
121.9089,229725,132333,13:11:06.055548
121.910816,227248,130908,13:11:06.055548
121.912677,225245,129641,13:11:06.055548
121.914535,222823,128231,13:11:06.055548
121.916391,220181,126635,13:11:06.055548
121.918248,217579,125207,13:11:06.055548
121.92011,214623,123551,13:11:06.055548
121.921966,211668,121833,13:11:06.055548
121.923825,208523,120157,13:11:06.055548
121.925681,205568,118149,13:11:06.055548
121.927537,202361,116472,13:11:06.055548
121.929396,199124,114912,13:11:06.055548
121.931255,195909,112959,13:11:06.055548
121.933114,193195,111567,13:11:06.055548
121.934971,189987,109778,13:11:06.055548
121.936837,186757,107768,13:11:06.055548
121.938693,183961,106273,13:11:06.055548
121.94055,181234,104694,13:11:06.055548
121.942408,178684,103286,13:11:06.055548
121.944264,175644,101707,13:11:06.055548
121.946121,173523,100223,13:11:06.055548
121.947977,170642,98782,13:11:06.055548
121.949836,167968,97662,13:11:06.055548
121.951694,165937,96040,13:11:06.055548
121.953557,163428,94840,13:11:06.055548
121.955417,160938,93410,13:11:06.104684
121.957283,158692,92419,13:11:06.104684
121.959173,156894,90796,13:11:06.104684
121.961067,154415,89665,13:11:06.104684
121.962948,152345,88636,13:11:06.104684
121.964808,150425,87256,13:11:06.104684
121.966666,148095,86159,13:11:06.104684
121.968523,146207,84779,13:11:06.104684
121.970381,144215,83948,13:11:06.104684
121.972237,143258,83745,13:11:06.104684
121.974096,141525,81981,13:11:06.104684
121.975952,139381,80946,13:11:06.104684
121.977808,137588,79961,13:11:06.104684
121.979665,135821,79729,13:11:06.104684
121.981529,135844,79213,13:11:06.104684
121.983385,133971,78023,13:11:06.104684
121.985244,132132,77156,13:11:06.104684
121.987102,131223,76814,13:11:06.104684
121.988958,130872,77140,13:11:06.104684
121.990815,130095,75699,13:11:06.104684
121.992673,126840,73887,13:11:06.104684
121.994529,126383,74775,13:11:06.104684
121.996388,127659,74399,13:11:06.104684
121.998244,124712,72187,13:11:06.104684
122.000107,122322,72689,13:11:06.104684
122.001963,123849,73300,13:11:06.104684
122.003819,121915,70757,13:11:06.104684
122.005707,117799,69732,13:11:06.156815
122.007568,119703,71544,13:11:06.156815
122.009434,118837,68344,13:11:06.156815
122.011334,113625,67737,13:11:06.156815
122.013191,115689,68685,13:11:06.156815
122.015049,114416,66992,13:11:06.156815
122.016905,111567,65559,13:11:06.156815
122.018764,111062,66191,13:11:06.156815
122.020622,111371,65860,13:11:06.156815
122.022488,109603,64467,13:11:06.156815
122.024345,107885,64650,13:11:06.156815
122.026201,109610,65246,13:11:06.156815
122.028059,108902,63881,13:11:06.156815
122.029916,105936,62990,13:11:06.156815
122.031774,106415,64084,13:11:06.156815
122.03363,106967,63378,13:11:06.156815
122.035488,104203,61602,13:11:06.156815
122.037345,103181,62196,13:11:06.156815
122.039201,104369,62103,13:11:06.156815
122.041066,102399,60372,13:11:06.156815
122.042922,99822,60237,13:11:06.156815
122.044779,101585,61034,13:11:06.156815
122.046637,100012,58580,13:11:06.156815
122.048493,96245,57780,13:11:06.156815
122.05035,97566,58942,13:11:06.156815
122.052206,97097,56803,13:11:06.156815
122.054064,92875,55027,13:11:06.156815
122.055931,92563,56309,13:11:06.205352
122.057794,93706,55268,13:11:06.205352
122.059655,90036,53521,13:11:06.205352
122.061559,88657,53690,13:11:06.205352
122.06342,89408,53374,13:11:06.205352
122.065292,87104,51336,13:11:06.205352
122.067148,84134,50688,13:11:06.205352
122.069007,84722,51158,13:11:06.205352
122.070865,84009,49759,13:11:06.205352
122.072722,80457,48060,13:11:06.205352
122.074578,79927,48786,13:11:06.205352
122.076435,80035,47736,13:11:06.205352
122.078293,77300,45858,13:11:06.205352
122.080149,75559,45777,13:11:06.205352
122.082007,75669,45671,13:11:06.205352
122.083866,74159,44087,13:11:06.205352
122.085722,70971,42815,13:11:06.205352
122.08758,71072,43256,13:11:06.205352
122.089437,70526,42420,13:11:06.205352
122.091293,68112,41224,13:11:06.205352
122.093149,67058,41039,13:11:06.205352
122.095012,67142,40654,13:11:06.205352
122.09687,65573,39404,13:11:06.205352
122.098727,63824,38768,13:11:06.205352
122.100585,63744,38885,13:11:06.205352
122.102441,63060,38317,13:11:06.205352
122.104299,61465,37325,13:11:06.205352
122.106168,60474,37338,13:11:06.259237
122.108028,60947,37018,13:11:06.259237
122.109901,59631,36297,13:11:06.259237
122.111832,58444,35935,13:11:06.259237
122.113689,58706,36167,13:11:06.259237
122.115547,58056,35602,13:11:06.259237
122.117404,56840,35071,13:11:06.259237
122.11926,57219,35371,13:11:06.259237
122.121116,56778,35328,13:11:06.259237
122.122977,56392,34817,13:11:06.259237
122.124835,56621,35237,13:11:06.259237
122.126691,56617,35064,13:11:06.259237
122.12855,56296,34979,13:11:06.259237
122.130406,56083,35069,13:11:06.259237
122.132264,56692,34984,13:11:06.259237
122.134121,56752,35401,13:11:06.259237
122.135979,56423,35012,13:11:06.259237
122.137837,56994,35462,13:11:06.259237
122.139694,57012,35348,13:11:06.259237
122.141554,56518,35256,13:11:06.259237
122.14341,56714,35685,13:11:06.259237
122.145269,57013,35448,13:11:06.259237
122.147125,56408,35043,13:11:06.259237
122.148982,56180,34990,13:11:06.259237
122.15084,56419,35123,13:11:06.259237
122.1527,56008,34557,13:11:06.259237
122.154559,55268,34447,13:11:06.305089
122.156429,55001,34308,13:11:06.305089
122.158289,54883,34059,13:11:06.305089
122.160163,53818,33585,13:11:06.305089
122.162074,53270,33631,13:11:06.305089
122.163942,53228,33124,13:11:06.305089
122.165804,52479,32609,13:11:06.305089
122.167663,51480,32144,13:11:06.305089
122.169525,51398,32226,13:11:06.305089
122.171381,51116,31485,13:11:06.305089
122.17324,50038,31461,13:11:06.305089
122.175096,49564,31221,13:11:06.305089
122.176953,49429,31014,13:11:06.305089
122.178811,48478,30539,13:11:06.305089
122.180672,47903,30228,13:11:06.305089
122.18253,47785,30200,13:11:06.305089
122.184386,47372,29546,13:11:06.305089
122.186248,46554,29353,13:11:06.305089
122.188105,46631,29491,13:11:06.305089
122.189961,46067,29067,13:11:06.305089
122.191823,45530,28742,13:11:06.305089
122.19368,45616,28645,13:11:06.305089
122.195538,45428,28569,13:11:06.305089
122.197394,44606,28263,13:11:06.305089
122.199251,44806,28435,13:11:06.305089
122.201107,44489,28425,13:11:06.305089
122.202964,43756,27816,13:11:06.305089
122.204826,43873,27831,13:11:06.355077
122.20669,43742,27727,13:11:06.355077
122.208555,43298,27282,13:11:06.355077
122.210451,42475,27606,13:11:06.355077
122.212313,42776,27337,13:11:06.355077
122.214186,42361,27084,13:11:06.355077
122.216046,41819,26569,13:11:06.355077
122.217902,41650,26251,13:11:06.355077
122.21976,40797,26128,13:11:06.355077
122.221622,40213,25743,13:11:06.355077
122.223479,39590,24984,13:11:06.355077
122.225335,38748,24861,13:11:06.355077
122.227194,37840,24033,13:11:06.355077
122.22905,36914,23612,13:11:06.355077
122.230906,36032,22741,13:11:06.355077
122.232765,34557,21835,13:11:06.355077
122.234621,33609,21589,13:11:06.355077
122.23648,32634,20404,13:11:06.355077
122.238336,31085,19862,13:11:06.355077
122.2402,29409,18994,13:11:06.355077
122.242057,28476,18060,13:11:06.355077
122.243913,27111,17248,13:11:06.355077
122.245771,25284,16107,13:11:06.355077
122.247628,23897,15538,13:11:06.355077
122.249484,22373,14396,13:11:06.355077
122.25134,20593,13203,13:11:06.355077
122.253197,19339,12339,13:11:06.355077
122.255053,17558,11316,13:11:06.405812
122.256931,15741,10409,13:11:06.405812
122.258798,13886,9183,13:11:06.405812
122.260698,12649,8476,13:11:06.405812
122.262562,11090,6867,13:11:06.405812
122.264421,8819,6138,13:11:06.405812
122.266277,7632,5302,13:11:06.405812
122.268135,6163,4426,13:11:06.405812
122.269992,4506,3478,13:11:06.405812
122.271848,3528,2905,13:11:06.406785
122.273706,3076,2637,13:11:06.406785
122.275568,2740,2674,13:11:06.406785
122.277425,2675,2847,13:11:06.406785
122.279281,2775,2531,13:11:06.406785
122.28114,2724,2557,13:11:06.406785
122.282996,2764,2676,13:11:06.406785
122.284854,3197,2870,13:11:06.406785
122.286713,3181,2846,13:11:06.406785
122.288569,3355,2678,13:11:06.406785
122.290426,2846,2922,13:11:06.406785
122.292282,2816,2950,13:11:06.406785
122.294146,2962,2956,13:11:06.406785
122.296003,2764,2725,13:11:06.406785
122.297859,2948,2904,13:11:06.406785
122.299717,3041,2699,13:11:06.406785
122.301574,2805,2646,13:11:06.406785
122.30343,2954,3006,13:11:06.406785
122.305286,2986,2779,13:11:06.465873
122.307149,2681,2520,13:11:06.465873
122.309009,2881,2977,13:11:06.465873
122.310925,2643,3021,13:11:06.465873
122.312807,2526,2623,13:11:06.465873
122.314682,2906,2741,13:11:06.465873
122.316538,2840,2841,13:11:06.465873
122.318394,3000,3029,13:11:06.465873
122.320251,2988,2876,13:11:06.465873
122.322117,2940,2716,13:11:06.465873
122.323973,2878,2708,13:11:06.465873
122.32583,2646,2690,13:11:06.465873
122.327688,2911,2613,13:11:06.465873
122.329545,2887,2911,13:11:06.465873
122.331403,2831,2608,13:11:06.465873
122.333259,2983,3102,13:11:06.465873
122.335116,3096,2995,13:11:06.465873
122.336974,3057,2821,13:11:06.465873
122.338838,3119,2878,13:11:06.465873
122.340695,2999,3065,13:11:06.465873
122.342551,3083,2742,13:11:06.465873
122.344409,2893,2759,13:11:06.465873
122.346266,2791,2639,13:11:06.465873
122.348122,2877,2807,13:11:06.465873
122.349978,2846,2911,13:11:06.465873
122.351835,2900,2929,13:11:06.465873
122.353693,3006,2758,13:11:06.465873
122.355554,2779,2671,13:11:06.507893
122.357424,2637,2674,13:11:06.507893
122.359286,2967,2670,13:11:06.508798
122.361198,2622,3060,13:11:06.508798
122.363061,2823,2685,13:11:06.508798
122.364917,2731,2924,13:11:06.508798
122.366773,2741,2963,13:11:06.508798
122.368632,2774,2804,13:11:06.508798
122.370488,3158,2827,13:11:06.508798
122.37235,3029,2747,13:11:06.508798
122.374207,3031,2817,13:11:06.508798
122.376065,2873,2683,13:11:06.508798
122.377921,3075,2935,13:11:06.508798
122.379778,3022,2685,13:11:06.508798
122.381636,2614,2721,13:11:06.508798
122.383492,2978,2871,13:11:06.508798
122.385351,2740,2762,13:11:06.508798
122.387207,2681,2609,13:11:06.508798
122.389064,2752,2758,13:11:06.508798
122.39092,2813,2906,13:11:06.508798
122.392784,2784,2873,13:11:06.508798
122.394641,3049,2916,13:11:06.508798
122.396497,2873,2773,13:11:06.508798
122.398355,2955,2641,13:11:06.508798
122.400212,2851,3094,13:11:06.508798
122.402068,2691,2988,13:11:06.508798
122.403926,3079,2520,13:11:06.508798
122.405789,2996,2846,13:11:06.559994
122.407653,2858,2978,13:11:06.559994
122.409516,2882,2776,13:11:06.559994
122.411417,2726,2857,13:11:06.559994
122.413276,3002,2718,13:11:06.559994
122.415156,2731,2813,13:11:06.559994
122.417024,2989,2893,13:11:06.559994
122.418881,3047,2843,13:11:06.559994
122.420737,2874,2753,13:11:06.559994
122.422595,2946,2822,13:11:06.559994
122.424452,3011,2704,13:11:06.559994
122.42631,3003,2987,13:11:06.559994
122.428166,2901,2868,13:11:06.559994
122.430023,2816,2976,13:11:06.559994
122.431879,3050,2929,13:11:06.559994
122.433743,2980,3095,13:11:06.559994
122.4356,2812,2875,13:11:06.559994
122.437456,2653,2925,13:11:06.559994
122.439314,3016,2928,13:11:06.559994
122.441171,3005,2932,13:11:06.559994
122.443027,3137,2808,13:11:06.559994
122.444884,3001,2659,13:11:06.559994
122.44674,3006,2819,13:11:06.559994
122.448598,2990,2711,13:11:06.559994
122.450455,2975,2740,13:11:06.559994
122.452321,3074,2838,13:11:06.559994
122.454177,2958,2579,13:11:06.559994
122.456053,2807,2802,13:11:06.612311
122.457912,3155,2832,13:11:06.612311
122.459778,2873,2543,13:11:06.612311
122.461675,2689,2610,13:11:06.612311
122.463537,2971,2953,13:11:06.612311
122.465394,2972,2720,13:11:06.612311
122.467254,2796,2864,13:11:06.612311
122.46911,2882,2812,13:11:06.612311
122.470968,2783,2590,13:11:06.612311
122.472825,2943,2685,13:11:06.612311
122.474681,2868,2559,13:11:06.612311
122.476539,3116,2713,13:11:06.612311
122.478396,3214,2674,13:11:06.612311
122.480254,2844,2926,13:11:06.612311
122.48211,2968,2935,13:11:06.612311
122.483967,2993,2887,13:11:06.612311
122.485825,2706,2713,13:11:06.612311
122.487689,2884,2758,13:11:06.612311
122.489546,2985,2749,13:11:06.612311
122.491402,2994,2878,13:11:06.612311
122.49326,3106,2758,13:11:06.612311
122.495117,2998,2810,13:11:06.612311
122.496973,2873,2765,13:11:06.612311
122.498829,2926,2775,13:11:06.612311
122.500686,2935,2906,13:11:06.612311
122.502542,2960,2836,13:11:06.612311
122.504399,3062,2885,13:11:06.612311
122.506277,3035,2809,13:11:06.662508
122.508137,2822,2852,13:11:06.662508
122.510018,3162,2962,13:11:06.663502
122.511902,2932,2886,13:11:06.663502
122.513758,3008,2868,13:11:06.663502
122.515614,2708,2857,13:11:06.663502
122.517494,2778,2754,13:11:06.663502
122.519357,2903,2822,13:11:06.663502
122.521213,2817,2504,13:11:06.663502
122.52307,2771,2865,13:11:06.663502
122.524926,3056,2876,13:11:06.663502
122.526784,2924,2838,13:11:06.663502
122.528648,2767,2888,13:11:06.663502
122.530505,3125,2848,13:11:06.663502
122.532361,2910,2779,13:11:06.663502
122.53422,3055,3314,13:11:06.663502
122.536076,3085,2661,13:11:06.663502
122.537932,2874,2789,13:11:06.663502
122.539791,3260,2778,13:11:06.663502
122.541647,3100,2987,13:11:06.663502
122.543506,3001,2773,13:11:06.663502
122.545362,2967,2742,13:11:06.663502
122.547226,2914,2538,13:11:06.663502
122.549085,2808,2911,13:11:06.663502
122.55094,3004,2794,13:11:06.663502
122.552797,3142,2705,13:11:06.663502
122.554654,3020,2728,13:11:06.714000
122.556522,2735,2688,13:11:06.714000
122.558382,2911,2830,13:11:06.714000
122.560286,2837,2977,13:11:06.714000
122.562157,2637,2862,13:11:06.714000
122.564013,3065,2894,13:11:06.714000
122.565883,3095,2788,13:11:06.714000
122.567768,2635,3057,13:11:06.714000
122.569638,2430,2719,13:11:06.714000
122.571496,2891,2592,13:11:06.714000
122.573353,2830,2926,13:11:06.714000
122.575209,2888,2803,13:11:06.714000
122.577067,3101,2862,13:11:06.714000
122.578931,3103,3155,13:11:06.715006
122.580788,3026,2901,13:11:06.715006
122.582644,3041,2853,13:11:06.715006
122.584503,2830,3116,13:11:06.715006
122.586359,3110,2889,13:11:06.715006
122.588215,3223,2901,13:11:06.715006
122.590072,2757,2669,13:11:06.715006
122.591928,2849,2817,13:11:06.715006
122.593785,2805,2733,13:11:06.715006
122.595641,2978,3049,13:11:06.715006
122.597503,2914,3010,13:11:06.715006
122.59936,2955,2655,13:11:06.715006
122.601216,3010,2747,13:11:06.715006
122.603076,3155,2830,13:11:06.715006
122.604933,3178,2793,13:11:06.772220
122.606799,3201,2888,13:11:06.772220
122.608659,2870,2705,13:11:06.772220
122.610581,3124,2909,13:11:06.772220
122.612438,2913,2564,13:11:06.772220
122.614294,3253,2860,13:11:06.772220
122.616157,2701,2750,13:11:06.772220
122.618013,2998,2655,13:11:06.772220
122.61989,2135,2582,13:11:06.772220
122.621757,2846,3000,13:11:06.772220
122.623614,2977,2699,13:11:06.772220
122.62548,2627,2853,13:11:06.772220
122.627336,2745,2891,13:11:06.772220
122.629193,2986,2914,13:11:06.772220
122.631051,3022,2995,13:11:06.772220
122.632908,3170,2846,13:11:06.772220
122.634766,3055,3059,13:11:06.772220
122.636622,2834,2697,13:11:06.772220
122.638479,2856,2846,13:11:06.772220
122.640337,3104,2657,13:11:06.772220
122.642201,2948,2854,13:11:06.772220
122.644058,2895,2983,13:11:06.772220
122.645914,2904,2973,13:11:06.772220
122.647774,2970,2796,13:11:06.773220
122.649631,3122,2946,13:11:06.773220
122.651487,2841,2681,13:11:06.773220
122.653345,2703,2906,13:11:06.773220
122.655202,2952,2828,13:11:06.816480
122.657072,2862,2926,13:11:06.816480
122.658932,3046,3049,13:11:06.816480
122.660825,2722,2600,13:11:06.816480
122.662683,2958,2737,13:11:06.816480
122.664539,2899,2823,13:11:06.818754
122.666398,2905,2896,13:11:06.818754
122.668264,2966,2954,13:11:06.818754
122.670124,2857,2945,13:11:06.818754
122.671983,3065,2892,13:11:06.818754
122.673845,2982,3019,13:11:06.818754
122.675703,3047,2805,13:11:06.818754
122.677576,2545,2940,13:11:06.818754
122.679452,2794,3099,13:11:06.818754
122.68131,3030,2789,13:11:06.823258
122.683169,2794,2685,13:11:06.823258
122.685027,3042,2683,13:11:06.823258
122.686883,2966,2772,13:11:06.823258
122.688744,2829,3169,13:11:06.823258
122.6906,3270,2555,13:11:06.823258
122.692456,3073,2761,13:11:06.823258
122.694315,3123,2659,13:11:06.823258
122.696171,3006,3089,13:11:06.823258
122.698029,3006,2851,13:11:06.823258
122.699886,2778,2894,13:11:06.823258
122.701746,3152,2851,13:11:06.823258
122.703605,3097,3015,13:11:06.823258
122.705463,2857,2940,13:11:06.868672
122.707327,2899,2643,13:11:06.868672
122.709188,3028,2841,13:11:06.868672
122.711088,2961,2859,13:11:06.868672
122.712948,2947,2862,13:11:06.868672
122.714804,3203,2910,13:11:06.868672
122.716663,2816,3095,13:11:06.868672
122.718519,2908,2606,13:11:06.868672
122.720379,3136,3013,13:11:06.868672
122.72224,2953,2857,13:11:06.868672
122.724128,2915,2845,13:11:06.868672
122.725986,2777,2927,13:11:06.868672
122.727843,2858,2828,13:11:06.868672
122.729703,2759,2683,13:11:06.868672
122.731559,2776,2817,13:11:06.868672
122.733416,2781,2846,13:11:06.868672
122.735274,2704,2851,13:11:06.868672
122.73713,2945,2878,13:11:06.868672
122.738989,3150,2891,13:11:06.868672
122.740845,2982,2721,13:11:06.868672
122.742706,3079,2690,13:11:06.868672
122.744564,2680,2715,13:11:06.868672
122.74643,2932,2615,13:11:06.868672
122.748287,2928,2881,13:11:06.868672
122.750143,2839,2755,13:11:06.868672
122.752001,2718,2862,13:11:06.868672
122.753858,2920,2556,13:11:06.868672
122.755718,2957,2750,13:11:06.919308
122.757578,2950,3084,13:11:06.919308
122.75944,2708,2886,13:11:06.919308
122.761359,2813,2822,13:11:06.919308
122.763217,2599,2877,13:11:06.919308
122.765078,2779,2911,13:11:06.919308
122.766936,2417,2604,13:11:06.919308
122.768794,2450,2936,13:11:06.919308
122.770655,3118,2836,13:11:06.919308
122.772513,2756,2754,13:11:06.919308
122.774402,953,2878,13:11:06.919308
122.776261,3030,2854,13:11:06.919308
122.778118,2727,2929,13:11:06.919308
122.779976,2980,2811,13:11:06.919308
122.781832,2870,2812,13:11:06.919308
122.783689,2863,2868,13:11:06.919308
122.785547,2897,2817,13:11:06.919308
122.787404,2836,2785,13:11:06.919308
122.789262,3174,2978,13:11:06.919308
122.791118,2832,2529,13:11:06.919308
122.792981,2684,2725,13:11:06.919308
122.794837,3014,2797,13:11:06.919308
122.796693,2767,2913,13:11:06.919308
122.798552,2708,2874,13:11:06.919308
122.800408,2830,2889,13:11:06.919308
122.802264,2814,3022,13:11:06.919308
122.804121,2748,2540,13:11:06.919308
122.805981,2983,2679,13:11:06.970930
122.807843,2870,2640,13:11:06.970930
122.809705,3031,2762,13:11:06.970930
122.811594,2935,2893,13:11:06.970930
122.813452,2845,2715,13:11:06.970930
122.815309,2777,2573,13:11:06.970930
122.817165,2869,2784,13:11:06.970930
122.819024,2844,2611,13:11:06.970930
122.820882,2701,2553,13:11:06.970930
122.822738,2533,2852,13:11:06.970930
122.824596,1741,2680,13:11:06.970930
122.826481,2754,2958,13:11:06.970930
122.828337,2856,2963,13:11:06.970930
122.830199,2709,2854,13:11:06.970930
122.832056,2794,2812,13:11:06.970930
122.833916,2867,2640,13:11:06.970930
122.835772,2744,2616,13:11:06.970930
122.837629,2776,2580,13:11:06.970930
122.839487,2858,2891,13:11:06.970930
122.841344,2755,2541,13:11:06.970930
122.8432,2587,2820,13:11:06.970930
122.845056,2871,2551,13:11:06.976951
122.846918,2808,2998,13:11:06.976951
122.848775,3044,2682,13:11:06.976951
122.850631,2699,2881,13:11:06.976951
122.85249,2782,2885,13:11:06.976951
122.854346,2665,2817,13:11:06.976951
122.856214,2656,2611,13:11:07.022897
122.858075,2704,2770,13:11:07.022897
122.859939,3044,2903,13:11:07.022897
122.861875,2632,2972,13:11:07.022897
122.863741,2827,2618,13:11:07.022897
122.865598,2883,2870,13:11:07.022897
122.867456,2933,2465,13:11:07.022897
122.869316,2592,2660,13:11:07.022897
122.871175,2527,2788,13:11:07.022897
122.873035,2526,2593,13:11:07.022897
122.874897,2550,2655,13:11:07.022897
122.876758,1236,2420,13:11:07.022897
122.878618,2919,2761,13:11:07.022897
122.880488,2988,2745,13:11:07.022897
122.882345,2698,2816,13:11:07.022897
122.884229,2887,2631,13:11:07.022897
122.886085,2779,2695,13:11:07.022897
122.887942,2652,2651,13:11:07.022897
122.889802,2695,2704,13:11:07.022897
122.891658,2728,2969,13:11:07.022897
122.893517,3052,3120,13:11:07.022897
122.895373,2668,2713,13:11:07.022897
122.897229,3088,2381,13:11:07.022897
122.899086,2980,2558,13:11:07.022897
122.900943,2917,2578,13:11:07.022897
122.902806,2870,2785,13:11:07.022897
122.904663,2868,2709,13:11:07.081286
122.906531,2781,2981,13:11:07.081286
122.90839,2879,2668,13:11:07.081286
122.910301,2858,2737,13:11:07.081286
122.912166,2695,2856,13:11:07.081286
122.914022,2835,2705,13:11:07.081286
122.915879,2846,2673,13:11:07.081286
122.917737,2796,2745,13:11:07.081286
122.919599,2809,2521,13:11:07.081286
122.921458,2714,2673,13:11:07.081286
122.923314,2745,2284,13:11:07.081286
122.92518,2959,2599,13:11:07.081286
122.927037,2624,2940,13:11:07.081286
122.928901,1344,2726,13:11:07.081286
122.930763,2837,2637,13:11:07.081286
122.93262,2870,2858,13:11:07.081286
122.934478,2829,2863,13:11:07.081286
122.936334,2624,2909,13:11:07.081286
122.938191,2625,2666,13:11:07.081286
122.940049,2778,2711,13:11:07.081286
122.94191,2860,2669,13:11:07.081286
122.943768,2949,2741,13:11:07.081286
122.945624,2745,2747,13:11:07.081286
122.947485,2821,2636,13:11:07.081286
122.949341,2735,2627,13:11:07.081286
122.951197,2595,2606,13:11:07.081286
122.953056,2574,2846,13:11:07.081286
122.954912,2835,2620,13:11:07.124466
122.956786,2839,2645,13:11:07.124466
122.958647,3056,2734,13:11:07.124466
122.96055,2996,2927,13:11:07.124466
122.962409,2764,2552,13:11:07.124466
122.96427,2669,2736,13:11:07.124466
122.966132,2818,2632,13:11:07.124466
122.967988,2795,2746,13:11:07.124466
122.969847,2713,2707,13:11:07.124466
122.971705,2727,2487,13:11:07.124466
122.973561,2603,2928,13:11:07.124466
122.975428,2401,2622,13:11:07.124466
122.977284,2805,2626,13:11:07.124466
122.97914,2911,2736,13:11:07.124466
122.980999,2986,2639,13:11:07.124466
122.98286,2895,2516,13:11:07.124466
122.984721,3018,2508,13:11:07.124466
122.986628,1270,2629,13:11:07.124466
122.988488,2885,2706,13:11:07.124466
122.990348,2787,2890,13:11:07.124466
122.992205,2628,2852,13:11:07.124466
122.994061,2743,2645,13:11:07.125470
122.995917,2878,2935,13:11:07.125470
122.997774,2588,2824,13:11:07.125470
122.99963,2661,2962,13:11:07.125470
123.001487,2852,2801,13:11:07.125470
123.003345,2883,2575,13:11:07.125470
123.005201,2661,2710,13:11:07.174742
123.007068,3099,2619,13:11:07.174742
123.008928,2797,2670,13:11:07.174742
123.010832,2479,2806,13:11:07.174742
123.012688,2617,2596,13:11:07.174742
123.014545,2788,2713,13:11:07.174742
123.016403,2726,2575,13:11:07.174742
123.01826,2996,2730,13:11:07.174742
123.020116,2610,2462,13:11:07.174742
123.021974,2649,2828,13:11:07.174742
123.023833,2639,2947,13:11:07.174742
123.025689,1932,2687,13:11:07.174742
123.027545,2766,2536,13:11:07.175732
123.02941,2324,2534,13:11:07.175732
123.031294,2445,2790,13:11:07.175732
123.033152,2816,2912,13:11:07.175732
123.035011,2746,2907,13:11:07.175732
123.036867,2655,2667,13:11:07.175732
123.038733,2855,2658,13:11:07.175732
123.04059,2904,2787,13:11:07.175732
123.042452,2842,2794,13:11:07.175732
123.044308,3031,2753,13:11:07.175732
123.046165,2648,2675,13:11:07.175732
123.048023,2650,2749,13:11:07.175732
123.04988,2854,2677,13:11:07.175732
123.051736,2820,2938,13:11:07.175732
123.053592,2639,2742,13:11:07.175732
123.055452,2714,2942,13:11:07.226255
123.057319,2798,3036,13:11:07.226255
123.059179,2830,2840,13:11:07.226255
123.061077,2793,2618,13:11:07.226255
123.062936,2734,2759,13:11:07.226255
123.064795,2647,2544,13:11:07.226255
123.066653,2506,2664,13:11:07.226255
123.068509,2721,2513,13:11:07.226255
123.070369,2733,2720,13:11:07.226255
123.072226,2916,2918,13:11:07.226255
123.074082,2865,2674,13:11:07.226255
123.07594,2600,2469,13:11:07.226255
123.077803,2313,2783,13:11:07.226255
123.079667,2697,2709,13:11:07.226255
123.081547,2220,2789,13:11:07.226255
123.083404,2889,2862,13:11:07.226255
123.085284,2717,2659,13:11:07.226255
123.08714,2851,2671,13:11:07.226255
123.088999,2665,2685,13:11:07.226255
123.090857,2802,2835,13:11:07.226255
123.092713,2708,2857,13:11:07.226255
123.094572,3096,2647,13:11:07.226255
123.096428,2860,2658,13:11:07.227258
123.098286,3050,2574,13:11:07.227258
123.100143,2831,2736,13:11:07.227258
123.102003,2516,2660,13:11:07.227258
123.103859,3062,2802,13:11:07.227258
123.105719,3063,2809,13:11:07.277434
123.107584,2881,2626,13:11:07.277434
123.109445,2729,2713,13:11:07.277434
123.111357,2714,2659,13:11:07.277434
123.113215,2763,2900,13:11:07.277434
123.115071,2684,2522,13:11:07.277434
123.116928,2551,2567,13:11:07.277434
123.118784,2826,2563,13:11:07.277434
123.120646,2297,3048,13:11:07.277434
123.122503,2928,2696,13:11:07.277434
123.124359,2965,2709,13:11:07.278416
123.126217,2447,2729,13:11:07.278416
123.12808,2338,2815,13:11:07.278416
123.129936,2421,2743,13:11:07.278416
123.131818,2512,2852,13:11:07.278416
123.133683,2746,2596,13:11:07.278416
123.135541,2928,2680,13:11:07.278416
123.137397,2916,2726,13:11:07.278416
123.139256,2670,2824,13:11:07.278416
123.141112,3036,2726,13:11:07.278416
123.142973,2748,2787,13:11:07.278416
123.144829,2974,2907,13:11:07.278416
123.146686,2943,2783,13:11:07.278416
123.148548,2668,2710,13:11:07.278416
123.150404,3077,2788,13:11:07.278416
123.152262,2836,2558,13:11:07.278416
123.154119,2987,2737,13:11:07.278416
123.155979,2587,2836,13:11:07.330201
123.157841,2874,2679,13:11:07.330201
123.159703,2752,2910,13:11:07.330201
123.16159,2635,2699,13:11:07.330201
123.163449,2943,2655,13:11:07.330201
123.165307,2809,2859,13:11:07.330201
123.167165,2494,2613,13:11:07.330201
123.169021,2950,2869,13:11:07.330201
123.17088,2180,2793,13:11:07.331199
123.172736,2507,2708,13:11:07.331199
123.174598,2983,2734,13:11:07.331199
123.176455,2874,2549,13:11:07.331199
123.178318,2194,2742,13:11:07.331199
123.180189,2403,2633,13:11:07.331199
123.182048,2858,2545,13:11:07.331199
123.183906,1130,2785,13:11:07.331199
123.185764,2775,2841,13:11:07.331199
123.187621,2880,2603,13:11:07.331199
123.189479,2850,2636,13:11:07.331199
123.191363,2844,2824,13:11:07.331199
123.193222,2749,2651,13:11:07.331199
123.195078,2815,3090,13:11:07.331199
123.196934,2894,3030,13:11:07.331199
123.198793,2793,2939,13:11:07.331199
123.200651,2997,2785,13:11:07.331199
123.20251,2500,2480,13:11:07.331199
123.204366,2616,2907,13:11:07.331199
123.206228,2997,2791,13:11:07.379638
123.208089,2811,2667,13:11:07.379638
123.209964,2879,3087,13:11:07.379638
123.211853,2447,2629,13:11:07.379638
123.213709,2764,2823,13:11:07.379638
123.21557,2960,2827,13:11:07.379638
123.21743,2093,2742,13:11:07.379638
123.21929,3066,2950,13:11:07.379638
123.221147,2846,2813,13:11:07.382631
123.223003,2504,2697,13:11:07.383631
123.224862,2350,2888,13:11:07.383631
123.226718,2422,2803,13:11:07.383631
123.228574,2865,2692,13:11:07.383631
123.230433,2605,2723,13:11:07.383631
123.232289,2820,2835,13:11:07.383631
123.234147,2785,2638,13:11:07.383631
123.236004,1714,2966,13:11:07.383631
123.237868,3028,2741,13:11:07.383631
123.239724,2754,2634,13:11:07.383631
123.241581,2932,3102,13:11:07.383631
123.243439,2746,2786,13:11:07.383631
123.245296,2738,2881,13:11:07.383631
123.247152,2656,2766,13:11:07.383631
123.249008,2790,2826,13:11:07.383631
123.250867,2774,2768,13:11:07.383631
123.252725,2742,2733,13:11:07.383631
123.254581,2860,2797,13:11:07.431680
123.256451,3113,2897,13:11:07.431680
123.25831,2807,2662,13:11:07.431680
123.260208,2863,2890,13:11:07.431680
123.262079,2733,2818,13:11:07.431680
123.263935,2728,2719,13:11:07.431680
123.265797,2756,2921,13:11:07.431680
123.267654,2783,2891,13:11:07.431680
123.269512,2872,2858,13:11:07.431680
123.271368,2752,2651,13:11:07.431680
123.273225,2529,3089,13:11:07.431680
123.275083,2646,2804,13:11:07.431680
123.276943,2437,2712,13:11:07.431680
123.278806,2985,3117,13:11:07.431680
123.280664,3000,2581,13:11:07.431680
123.282524,2774,2658,13:11:07.431680
123.284397,2594,2920,13:11:07.431680
123.286279,1644,2774,13:11:07.431680
123.288143,2918,2720,13:11:07.431680
123.290002,3033,2951,13:11:07.431680
123.291858,3059,3147,13:11:07.431680
123.293718,2756,2926,13:11:07.431680
123.295575,2796,2613,13:11:07.431680
123.297431,2896,2952,13:11:07.431680
123.299287,2664,3014,13:11:07.431680
123.301146,2944,2853,13:11:07.431680
123.303004,3082,3107,13:11:07.431680
123.30486,2913,2964,13:11:07.483253
123.306731,2766,2879,13:11:07.483253
123.308591,2737,2810,13:11:07.483253
123.310499,2834,2816,13:11:07.483253
123.312364,2982,2941,13:11:07.483253
123.31422,2854,2758,13:11:07.483253
123.316078,3062,2465,13:11:07.483253
123.317935,2938,2853,13:11:07.483253
123.319795,2504,2820,13:11:07.483253
123.321651,2821,2966,13:11:07.483253
123.323508,2462,2873,13:11:07.483253
123.32537,2870,2799,13:11:07.483253
123.327226,2664,2997,13:11:07.483253
123.329085,2729,2628,13:11:07.483253
123.330941,2852,2953,13:11:07.483253
123.332799,2880,2985,13:11:07.483253
123.334658,2860,2934,13:11:07.483253
123.336548,2828,2873,13:11:07.483253
123.338416,2922,3126,13:11:07.483253
123.340273,3124,2720,13:11:07.483253
123.342129,2895,2711,13:11:07.483253
123.343987,2919,3001,13:11:07.483253
123.345846,2887,2921,13:11:07.483253
123.347702,2839,2825,13:11:07.483253
123.349559,2788,2779,13:11:07.483253
123.351421,2909,2803,13:11:07.483253
123.353277,2958,3191,13:11:07.483253
123.355134,3071,2876,13:11:07.532956
123.357002,3015,2816,13:11:07.532956
123.358862,2972,2994,13:11:07.532956
123.36078,2713,3050,13:11:07.532956
123.362639,3031,2811,13:11:07.532956
123.364495,3066,2895,13:11:07.532956
123.366353,2584,2939,13:11:07.532956
123.368212,2626,2845,13:11:07.532956
123.37007,3101,3047,13:11:07.532956
123.371931,2424,2940,13:11:07.532956
123.373789,2596,2879,13:11:07.532956
123.375647,2997,2955,13:11:07.532956
123.377504,2695,3066,13:11:07.532956
123.379362,3067,3010,13:11:07.532956
123.381218,2288,3011,13:11:07.532956
123.383075,2974,2884,13:11:07.532956
123.384943,2421,3010,13:11:07.532956
123.386801,2837,3129,13:11:07.532956
123.388658,2068,2667,13:11:07.532956
123.390516,2760,2873,13:11:07.532956
123.39238,3049,3116,13:11:07.532956
123.394237,3139,2861,13:11:07.532956
123.396122,3026,2908,13:11:07.532956
123.397979,2944,3016,13:11:07.532956
123.399836,2868,2872,13:11:07.532956
123.401698,2863,2888,13:11:07.532956
123.403555,3065,2949,13:11:07.533962
123.405411,2919,2749,13:11:07.584424
123.407279,2834,2920,13:11:07.584424
123.40914,2918,2988,13:11:07.584424
123.411046,3001,2935,13:11:07.584424
123.412902,2717,2723,13:11:07.584424
123.414761,2832,2916,13:11:07.584424
123.416619,2930,2920,13:11:07.584424
123.418475,2625,2828,13:11:07.584424
123.420334,2727,3031,13:11:07.584424
123.42219,2893,2979,13:11:07.584424
123.424046,3060,2793,13:11:07.584424
123.425909,2632,2743,13:11:07.584424
123.427767,2238,2910,13:11:07.584424
123.429625,2996,3001,13:11:07.584424
123.431482,3122,3052,13:11:07.585423
123.43334,2877,3220,13:11:07.585423
123.435197,3085,3025,13:11:07.585423
123.437053,2832,2845,13:11:07.585423
123.438911,1480,2876,13:11:07.585423
123.440799,2907,2947,13:11:07.585423
123.442662,2877,3062,13:11:07.585423
123.444518,3102,3139,13:11:07.585423
123.446378,2996,3023,13:11:07.585423
123.448237,2976,2947,13:11:07.585423
123.450093,2867,2858,13:11:07.585423
123.451952,2941,3065,13:11:07.585423
123.453808,2805,2933,13:11:07.585423
123.455668,3196,3016,13:11:07.635382
123.457529,2854,3017,13:11:07.635382
123.45939,2943,2949,13:11:07.635382
123.461302,2709,2932,13:11:07.635382
123.463159,3050,3090,13:11:07.636381
123.465016,2898,2883,13:11:07.636381
123.466876,2943,2955,13:11:07.636381
123.468732,3009,3027,13:11:07.636381
123.470591,2825,2934,13:11:07.636381
123.472449,2977,3043,13:11:07.636381
123.474308,2667,2996,13:11:07.636381
123.476164,2727,2921,13:11:07.636381
123.478031,3135,3156,13:11:07.636381
123.479891,3079,2850,13:11:07.636381
123.481747,2535,2679,13:11:07.636381
123.483605,2963,2831,13:11:07.636381
123.485462,2777,3029,13:11:07.636381
123.48732,2759,2778,13:11:07.636381
123.48918,2766,2839,13:11:07.636381
123.491071,2724,3136,13:11:07.636381
123.492929,2807,2818,13:11:07.636381
123.494785,3019,2810,13:11:07.636381
123.496642,2994,2997,13:11:07.636381
123.4985,2963,2946,13:11:07.636381
123.500356,3096,3006,13:11:07.636381
123.502215,3091,2983,13:11:07.636381
123.504071,2755,3027,13:11:07.636381
123.505945,2982,2628,13:11:07.687180
123.507806,2815,2975,13:11:07.687180
123.509673,2927,3032,13:11:07.687180
123.511576,3132,2908,13:11:07.687180
123.513433,2857,2992,13:11:07.687180
123.515293,2652,3048,13:11:07.687180
123.517151,2888,2934,13:11:07.687180
123.519008,2931,2967,13:11:07.687180
123.520866,2579,2698,13:11:07.687180
123.522722,3032,2803,13:11:07.687180
123.524581,3169,2995,13:11:07.687180
123.526439,2598,3191,13:11:07.687180
123.528296,3078,2870,13:11:07.687180
123.530154,3237,2997,13:11:07.687180
123.53201,2663,2993,13:11:07.687180
123.533868,2571,2893,13:11:07.687180
123.535725,2894,2977,13:11:07.687180
123.537581,2842,3026,13:11:07.687180
123.539437,2805,2969,13:11:07.687180
123.541294,2660,2988,13:11:07.687180
123.543192,2687,2823,13:11:07.687180
123.545048,3199,2923,13:11:07.687180
123.546907,3047,2852,13:11:07.687180
123.548763,3180,3123,13:11:07.687180
123.550625,2855,2853,13:11:07.687180
123.552482,3013,2935,13:11:07.687180
123.554338,3065,3019,13:11:07.687180
123.556202,3006,2923,13:11:07.704510
123.558063,2987,2746,13:11:07.704510
123.55993,3097,2819,13:11:07.704510
123.561819,2842,2968,13:11:07.704510
123.563678,2783,2886,13:11:07.704510
123.56554,2923,2770,13:11:07.704510
123.567396,2643,2845,13:11:07.704510
123.569253,2851,2833,13:11:07.704510
123.571111,2867,2883,13:11:07.704510
123.572967,2398,2795,13:11:07.704510
123.574826,2940,3188,13:11:07.704510
123.576682,2924,2980,13:11:07.704510
123.578538,3108,2775,13:11:07.704510
123.580395,2987,2907,13:11:07.704510
123.58226,2948,3135,13:11:07.704510
123.584119,2593,2876,13:11:07.704510
123.585976,3258,2609,13:11:07.704510
123.587834,2771,2725,13:11:07.704510
123.589693,2374,3026,13:11:07.704510
123.591549,3040,2697,13:11:07.704510
123.593409,1816,2917,13:11:07.704510
123.595266,3024,2945,13:11:07.704510
123.597124,3095,3044,13:11:07.704510
123.59898,2983,2940,13:11:07.704510
123.600839,3202,2779,13:11:07.704510
123.602695,3199,2641,13:11:07.704510
123.604551,3073,3077,13:11:07.704510
123.606428,3060,2905,13:11:07.756912
123.608288,2859,2891,13:11:07.756912
123.610166,3173,2917,13:11:07.756912
123.612054,2808,3031,13:11:07.756912
123.613911,3203,3039,13:11:07.759910
123.615769,3133,2957,13:11:07.759910
123.617626,2960,3024,13:11:07.759910
123.619486,3029,2734,13:11:07.759910
123.621342,3030,2925,13:11:07.759910
123.623199,3345,2920,13:11:07.759910
123.625057,3078,2978,13:11:07.759910
123.626913,3078,2754,13:11:07.759910
123.628774,2832,2748,13:11:07.759910
123.63063,2953,2652,13:11:07.759910
123.632486,3108,2911,13:11:07.759910
123.634345,2956,2744,13:11:07.759910
123.636206,3019,2976,13:11:07.759910
123.638064,2929,3038,13:11:07.759910
123.63992,3184,2825,13:11:07.759910
123.641778,3162,2851,13:11:07.759910
123.643635,2932,2888,13:11:07.759910
123.645491,3065,3070,13:11:07.759910
123.647347,3118,2749,13:11:07.759910
123.649204,3098,2822,13:11:07.759910
123.65106,2986,2689,13:11:07.759910
123.652916,3116,2800,13:11:07.759910
123.654785,2871,2842,13:11:07.804751
123.656651,3131,2874,13:11:07.804751
123.658516,2892,3068,13:11:07.804751
123.660418,2902,2929,13:11:07.804751
123.662282,3054,2868,13:11:07.804751
123.664138,3104,2963,13:11:07.804751
123.665995,3044,2942,13:11:07.804751
123.667851,3108,2915,13:11:07.804751
123.669709,3045,2853,13:11:07.804751
123.671566,2892,2905,13:11:07.804751
123.673432,2991,2917,13:11:07.804751
123.675288,3068,2763,13:11:07.804751
123.677145,3024,2890,13:11:07.804751
123.679003,3096,2895,13:11:07.804751
123.680859,3123,3096,13:11:07.804751
123.682716,3033,2769,13:11:07.804751
123.684572,2790,2964,13:11:07.804751
123.686429,3036,2897,13:11:07.804751
123.688285,3146,2990,13:11:07.804751
123.690142,2922,2902,13:11:07.804751
123.692006,2999,2795,13:11:07.804751
123.693864,2824,2950,13:11:07.804751
123.695722,3265,3066,13:11:07.804751
123.697579,3075,2947,13:11:07.806200
123.699437,2906,2940,13:11:07.806200
123.701293,2939,2935,13:11:07.806200
123.70315,3020,3172,13:11:07.806200
123.705006,2942,2858,13:11:07.854649
123.706874,2675,2935,13:11:07.854649
123.708739,2949,2827,13:11:07.854649
123.710639,2949,2974,13:11:07.854649
123.712517,2943,3129,13:11:07.854649
123.714376,2946,2673,13:11:07.854649
123.716236,3326,2914,13:11:07.854649
123.718092,2790,3101,13:11:07.854649
123.719953,3187,2731,13:11:07.854649
123.721809,2901,3140,13:11:07.854649
123.723667,3034,2832,13:11:07.854649
123.725524,3061,2982,13:11:07.854649
123.72738,2889,2928,13:11:07.854649
123.729236,3044,2904,13:11:07.854649
123.731093,3017,2998,13:11:07.854649
123.732951,3073,2845,13:11:07.854649
123.734808,3119,3006,13:11:07.854649
123.736666,2802,3110,13:11:07.854649
123.738522,2930,3026,13:11:07.854649
123.740381,2961,3070,13:11:07.854649
123.742239,3095,2944,13:11:07.854649
123.744098,3012,3006,13:11:07.854649
123.745956,3116,2653,13:11:07.854649
123.747812,2808,3196,13:11:07.854649
123.74967,3220,2881,13:11:07.854649
123.751527,2822,2659,13:11:07.854649
123.753383,3125,2699,13:11:07.854649
123.75524,2944,2627,13:11:07.905311
123.757108,3110,3027,13:11:07.905311
123.758968,2947,3049,13:11:07.905311
123.760864,3094,2867,13:11:07.905311
123.762721,3100,3137,13:11:07.905311
123.764579,3069,2952,13:11:07.905311
123.766436,3101,3140,13:11:07.905311
123.768294,2891,2914,13:11:07.905311
123.77015,2940,2883,13:11:07.905311
123.772009,2938,3017,13:11:07.905311
123.773867,2902,3036,13:11:07.905311
123.775733,3036,2955,13:11:07.905311
123.77759,3141,2799,13:11:07.905311
123.779449,2884,2886,13:11:07.905311
123.781306,3057,2889,13:11:07.905311
123.783163,2800,2767,13:11:07.905311
123.785019,2992,2886,13:11:07.905311
123.786876,3069,2902,13:11:07.905311
123.788732,2866,2952,13:11:07.905311
123.79059,2883,3031,13:11:07.905311
123.792449,3142,2852,13:11:07.905311
123.794313,3294,2957,13:11:07.905311
123.796171,3126,2947,13:11:07.905311
123.798031,3322,3042,13:11:07.905311
123.799892,2924,2885,13:11:07.905311
123.801748,3053,2988,13:11:07.905311
123.803607,2948,3021,13:11:07.905311
123.805465,2853,3111,13:11:07.956326
123.807335,3177,3052,13:11:07.956326
123.809196,2898,2867,13:11:07.956326
123.81111,3169,3049,13:11:07.956326
123.81297,2921,2928,13:11:07.956326
123.814829,2911,2971,13:11:07.956326
123.816692,3117,2958,13:11:07.956326
123.818549,3214,2843,13:11:07.956326
123.820406,3046,2836,13:11:07.956326
123.822264,2870,2966,13:11:07.956326
123.82412,2941,2955,13:11:07.956326
123.825977,2821,3071,13:11:07.956326
123.827835,2946,2783,13:11:07.956326
123.829691,2958,2774,13:11:07.956326
123.83155,2918,3068,13:11:07.956326
123.833406,3114,3136,13:11:07.956326
123.83527,3196,2952,13:11:07.956326
123.837127,3144,2995,13:11:07.956326
123.838983,2852,2906,13:11:07.956326
123.840843,2753,2937,13:11:07.956326
123.8427,2916,3025,13:11:07.956326
123.844558,2909,2906,13:11:07.956326
123.846415,2745,3053,13:11:07.956326
123.848271,3110,2774,13:11:07.956326
123.850129,2946,2744,13:11:07.956326
123.851992,2992,3246,13:11:07.956326
123.853864,3083,2926,13:11:07.956326
123.855726,3287,3080,13:11:08.005351
123.857591,3248,2607,13:11:08.005351
123.859457,2768,2912,13:11:08.005351
123.861361,2982,2768,13:11:08.005351
123.863221,3024,2987,13:11:08.005351
123.865078,3113,2900,13:11:08.005351
123.866934,3116,2949,13:11:08.005351
123.868792,3029,2794,13:11:08.005351
123.870649,2868,2702,13:11:08.005351
123.872505,3074,3102,13:11:08.005351
123.874362,2749,3027,13:11:08.005351
123.876222,3360,2929,13:11:08.005351
123.878078,2994,3038,13:11:08.006327
123.879935,2874,2798,13:11:08.006327
123.881793,3069,2961,13:11:08.006327
123.883649,3180,3126,13:11:08.006327
123.885508,2863,2938,13:11:08.006327
123.887364,3086,2711,13:11:08.006327
123.889224,3009,2762,13:11:08.006327
123.891083,3097,2677,13:11:08.006327
123.892949,3128,2898,13:11:08.006327
123.894809,3075,2991,13:11:08.006327
123.896666,3003,3053,13:11:08.006327
123.898522,3139,3000,13:11:08.006327
123.900378,3286,2795,13:11:08.006327
123.902235,3082,2766,13:11:08.006327
123.904093,2753,2911,13:11:08.006327
123.905964,3097,3049,13:11:08.056200
123.907824,2783,2871,13:11:08.056200
123.909686,3183,3155,13:11:08.056200
123.911605,2561,3048,13:11:08.056200
123.913481,3072,2938,13:11:08.056200
123.915337,3018,3024,13:11:08.056200
123.917197,3201,2999,13:11:08.056200
123.919054,2996,2909,13:11:08.056200
123.92091,3104,2693,13:11:08.056200
123.922772,3193,2946,13:11:08.056200
123.924629,3161,3164,13:11:08.056200
123.926489,3032,2865,13:11:08.056200
123.928345,2921,2903,13:11:08.056200
123.930202,3087,2910,13:11:08.056200
123.932058,2845,3094,13:11:08.056200
123.933917,3028,2873,13:11:08.057199
123.935775,3077,3058,13:11:08.057199
123.937631,2794,2876,13:11:08.057199
123.939492,3045,2956,13:11:08.057199
123.941348,2982,2681,13:11:08.057199
123.943204,2971,2868,13:11:08.057199
123.945063,2945,2855,13:11:08.057199
123.946919,3114,2839,13:11:08.057199
123.948777,2982,3081,13:11:08.057199
123.950634,3194,2910,13:11:08.057199
123.952494,2796,2784,13:11:08.057199
123.954353,2901,2993,13:11:08.057199
123.956226,3075,2722,13:11:08.105344
123.958085,3084,2782,13:11:08.105344
123.959953,2877,2884,13:11:08.105344
123.961838,3047,3155,13:11:08.106361
123.963696,3237,2938,13:11:08.106361
123.965552,2848,2720,13:11:08.106361
123.967413,3283,2929,13:11:08.106361
123.969269,2923,3156,13:11:08.106361
123.971134,3191,2915,13:11:08.106361
123.97299,3225,2977,13:11:08.106361
123.974846,3111,2933,13:11:08.106361
123.976705,2914,2826,13:11:08.106361
123.978561,2873,2996,13:11:08.106361
123.980419,2910,2918,13:11:08.106361
123.982276,3041,2739,13:11:08.106361
123.984134,2904,2852,13:11:08.106361
123.98599,3215,2906,13:11:08.106361
123.987854,2930,2916,13:11:08.106361
123.989711,2924,2960,13:11:08.106361
123.991567,2786,2977,13:11:08.106361
123.993426,2897,2861,13:11:08.106361
123.995282,2636,2529,13:11:08.106361
123.997138,3241,3340,13:11:08.106361
123.998995,3810,3153,13:11:08.106361
124.000853,3154,2813,13:11:08.106361
124.002709,3885,3328,13:11:08.106361
124.004566,3257,3135,13:11:08.154081
124.006436,3009,2908,13:11:08.154081
124.008297,2895,3039,13:11:08.154081
124.010177,3095,2907,13:11:08.154081
124.012113,3000,2667,13:11:08.154081
124.014011,3166,3379,13:11:08.154081
124.015867,4125,3414,13:11:08.154081
124.017726,4144,3561,13:11:08.154081
124.019582,4167,3328,13:11:08.154081
124.021438,3613,3091,13:11:08.154081
124.023297,3302,2924,13:11:08.154081
124.025159,2930,2633,13:11:08.154081
124.027017,2618,2769,13:11:08.154081
124.028876,2452,3047,13:11:08.154081
124.03074,2930,2808,13:11:08.154081
124.032596,3026,2923,13:11:08.154081
124.034455,3394,3227,13:11:08.154081
124.036313,3171,3077,13:11:08.154081
124.03817,2654,2632,13:11:08.154081
124.040028,2270,2616,13:11:08.154081
124.041884,2536,2481,13:11:08.154081
124.043741,2049,2084,13:11:08.154081
124.045599,2071,2422,13:11:08.154081
124.047463,2415,2715,13:11:08.154081
124.04932,2294,2497,13:11:08.154081
124.051176,2427,2570,13:11:08.154081
124.053034,2745,2763,13:11:08.155584
124.054891,2934,2856,13:11:08.204881
124.056753,2718,2828,13:11:08.204881
124.058615,2590,2747,13:11:08.204881
124.060536,2839,2483,13:11:08.204881
124.062394,2798,2735,13:11:08.205868
124.064252,2903,3088,13:11:08.205868
124.066109,3524,3089,13:11:08.205868
124.067967,3537,3010,13:11:08.205868
124.069825,3267,2877,13:11:08.205868
124.071684,3003,2933,13:11:08.205868
124.07354,3556,2832,13:11:08.205868
124.075396,3029,2652,13:11:08.205868
124.077255,2376,2745,13:11:08.205868
124.079111,3068,2901,13:11:08.205868
124.080969,3179,2908,13:11:08.205868
124.082826,2778,2738,13:11:08.205868
124.084686,3287,3000,13:11:08.205868
124.086543,3403,3352,13:11:08.205868
124.088399,2958,2853,13:11:08.205868
124.090257,3023,2817,13:11:08.205868
124.092114,3299,2995,13:11:08.205868
124.093972,3014,2555,13:11:08.205868
124.095828,2449,2435,13:11:08.205868
124.097685,2714,2826,13:11:08.205868
124.099543,2484,2738,13:11:08.205868
124.101407,2632,2866,13:11:08.205868
124.103264,3123,3059,13:11:08.205868
124.10512,3303,3094,13:11:08.254643
124.106996,3396,3039,13:11:08.254643
124.108861,2869,2991,13:11:08.254643
124.110781,2958,2894,13:11:08.254643
124.112657,3105,2841,13:11:08.254643
124.114515,2587,2719,13:11:08.254643
124.116374,2722,2895,13:11:08.254643
124.118232,3106,2881,13:11:08.254643
124.120088,3025,2930,13:11:08.254643
124.121947,3230,2819,13:11:08.254643
124.123803,3319,2981,13:11:08.254643
124.125659,3141,2903,13:11:08.254643
124.127516,3095,2714,13:11:08.255654
124.129379,2815,2826,13:11:08.255654
124.131238,2935,3006,13:11:08.255654
124.133095,2765,2706,13:11:08.255654
124.134953,3055,3014,13:11:08.255654
124.13681,3014,2847,13:11:08.256652
124.138666,3134,2990,13:11:08.256652
124.140524,2859,2872,13:11:08.256652
124.142381,3052,2931,13:11:08.256652
124.144239,3145,2962,13:11:08.256652
124.146095,2815,2957,13:11:08.256652
124.147958,2993,2816,13:11:08.256652
124.149814,3198,2932,13:11:08.256652
124.15167,3028,3056,13:11:08.256652
124.153529,2841,3074,13:11:08.257653
124.155385,3158,3032,13:11:08.307442
124.157253,2875,2824,13:11:08.307442
124.159114,2847,2795,13:11:08.307442
124.161002,3216,2999,13:11:08.307442
124.162866,3079,2879,13:11:08.307442
124.164723,2661,2909,13:11:08.307442
124.166581,3018,2954,13:11:08.307442
124.168437,2937,2785,13:11:08.307442
124.170294,2640,2765,13:11:08.307442
124.172152,2847,2866,13:11:08.307442
124.17401,3186,2800,13:11:08.307442
124.175869,2908,2763,13:11:08.307442
124.177725,2818,2847,13:11:08.307442
124.179591,3088,2724,13:11:08.307442
124.181449,2934,2908,13:11:08.307442
124.183307,2789,2901,13:11:08.307442
124.185164,3126,2721,13:11:08.307442
124.187021,3096,3081,13:11:08.307442
124.188879,2905,2688,13:11:08.307442
124.190736,3182,2866,13:11:08.307442
124.192592,2952,3211,13:11:08.307442
124.194449,3010,2716,13:11:08.307442
124.196312,2897,2966,13:11:08.307442
124.198169,3128,2963,13:11:08.308448
124.200025,3078,2872,13:11:08.309448
124.201884,3118,2793,13:11:08.309448
124.20374,3155,2837,13:11:08.309448
124.205606,2924,2952,13:11:08.355357
124.207471,3052,2750,13:11:08.355357
124.209332,2902,2831,13:11:08.355357
124.211259,3075,2828,13:11:08.355357
124.213119,2799,2714,13:11:08.355357
124.214998,2823,2691,13:11:08.355357
124.21686,2992,2963,13:11:08.355357
124.218716,2890,2941,13:11:08.355357
124.220573,2994,2833,13:11:08.355357
124.222431,3107,2657,13:11:08.355357
124.224293,2981,2794,13:11:08.355357
124.226152,3004,2843,13:11:08.355357
124.228008,3101,2821,13:11:08.355357
124.229879,2957,2867,13:11:08.355357
124.231737,3194,2895,13:11:08.355357
124.233595,3307,2629,13:11:08.355357
124.235458,2963,2899,13:11:08.355357
124.237314,2985,3234,13:11:08.355357
124.239172,3015,3014,13:11:08.355357
124.241029,3024,2877,13:11:08.355357
124.242885,3095,3073,13:11:08.355357
124.244743,2932,2790,13:11:08.355357
124.246604,2803,3014,13:11:08.355357
124.248462,2830,3078,13:11:08.355357
124.250318,3078,2902,13:11:08.355357
124.252179,2858,2914,13:11:08.355357
124.254035,2749,2964,13:11:08.355357
124.255901,3074,2865,13:11:08.409314
124.257764,2771,2767,13:11:08.409314
124.25963,2753,3008,13:11:08.409314
124.261568,2761,3162,13:11:08.409314
124.26343,2969,2964,13:11:08.409314
124.265287,2612,2929,13:11:08.409314
124.267145,2898,2972,13:11:08.409314
124.269001,2880,2974,13:11:08.409314
124.270858,3091,2664,13:11:08.409314
124.272716,2914,2782,13:11:08.409314
124.274576,2928,2817,13:11:08.409314
124.276435,2947,2776,13:11:08.409314
124.278291,3041,2731,13:11:08.409314
124.280158,3068,2769,13:11:08.409314
124.282014,3017,2917,13:11:08.409314
124.283873,2984,2734,13:11:08.409314
124.285731,3031,2897,13:11:08.409314
124.287587,3032,2813,13:11:08.409314
124.289449,2768,2870,13:11:08.409314
124.291306,3266,2904,13:11:08.409314
124.293162,3086,2832,13:11:08.409314
124.295018,2864,2830,13:11:08.409314
124.296878,2867,3132,13:11:08.409314
124.298735,3019,2955,13:11:08.409314
124.300591,2905,2941,13:11:08.409314
124.30245,3125,2776,13:11:08.409314
124.304306,2784,2831,13:11:08.409314
124.306171,3045,2915,13:11:08.457893
124.308035,3047,2927,13:11:08.457893
124.30991,2740,3001,13:11:08.457893
124.311811,2851,3001,13:11:08.457893
124.313676,2794,2742,13:11:08.457893
124.315536,3036,2841,13:11:08.457893
124.3174,2867,2793,13:11:08.457893
124.319257,3116,2771,13:11:08.457893
124.321117,2858,3043,13:11:08.457893
124.322973,2798,2909,13:11:08.457893
124.32483,3196,2660,13:11:08.457893
124.326688,2880,2824,13:11:08.457893
124.328544,3017,2925,13:11:08.457893
124.330401,3035,2813,13:11:08.457893
124.332257,2921,2959,13:11:08.457893
124.334113,2998,3016,13:11:08.457893
124.33597,3148,2895,13:11:08.457893
124.337827,2952,2789,13:11:08.457893
124.339689,3274,3064,13:11:08.457893
124.341545,3199,3067,13:11:08.457893
124.343405,2974,3229,13:11:08.457893
124.345262,2814,2994,13:11:08.457893
124.347118,3102,2746,13:11:08.457893
124.348976,3117,2812,13:11:08.457893
124.350835,2888,2824,13:11:08.457893
124.352691,3257,2995,13:11:08.457893
124.354547,2918,2984,13:11:08.506840
124.35642,3053,2906,13:11:08.506840
124.35828,3146,3037,13:11:08.506840
124.360166,2774,2935,13:11:08.506840
124.362062,2948,2887,13:11:08.506840
124.363919,3049,2761,13:11:08.506840
124.365775,3106,2819,13:11:08.506840
124.367634,3151,2991,13:11:08.506840
124.36949,2901,2631,13:11:08.506840
124.371346,2877,2982,13:11:08.506840
124.373203,3031,3145,13:11:08.506840
124.375063,3095,2802,13:11:08.506840
124.376919,2884,2691,13:11:08.506840
124.378776,2867,2756,13:11:08.506840
124.380634,3076,2910,13:11:08.506840
124.38249,3044,2792,13:11:08.506840
124.384347,3217,2933,13:11:08.506840
124.386203,3028,2667,13:11:08.506840
124.388059,2894,3035,13:11:08.506840
124.389916,3137,2715,13:11:08.506840
124.391773,2917,2750,13:11:08.506840
124.393634,3035,2873,13:11:08.506840
124.395491,3068,2680,13:11:08.506840
124.397351,2889,2975,13:11:08.506840
124.399208,3211,3056,13:11:08.506840
124.401064,2957,2904,13:11:08.507839
124.402922,2784,2832,13:11:08.507839
124.40478,2946,2845,13:11:08.556803
124.406649,3009,2998,13:11:08.556803
124.408509,2932,2921,13:11:08.556803
124.410427,2953,2885,13:11:08.556803
124.412296,3190,2687,13:11:08.556803
124.414152,2959,2705,13:11:08.556803
124.416014,3141,2866,13:11:08.556803
124.417873,3055,2690,13:11:08.556803
124.419729,3141,3102,13:11:08.556803
124.421587,3234,2942,13:11:08.556803
124.423444,3191,2952,13:11:08.556803
124.425304,3132,3094,13:11:08.556803
124.427161,2925,2918,13:11:08.556803
124.429017,3145,2821,13:11:08.556803
124.430875,3170,3047,13:11:08.556803
124.432732,2926,2764,13:11:08.556803
124.434592,2927,2949,13:11:08.556803
124.436449,3020,3061,13:11:08.556803
124.438309,3091,2618,13:11:08.556803
124.440165,3097,2841,13:11:08.556803
124.442021,3125,2918,13:11:08.556803
124.44388,3166,2860,13:11:08.556803
124.445738,3226,3130,13:11:08.556803
124.447596,3088,2831,13:11:08.556803
124.449453,3188,2769,13:11:08.556803
124.451319,2578,2704,13:11:08.556803
124.453175,3140,2681,13:11:08.556803
124.455032,3335,2885,13:11:08.608899
124.456912,3179,2694,13:11:08.608899
124.458772,2989,2907,13:11:08.608899
124.460683,3034,2926,13:11:08.608899
124.462553,3043,2808,13:11:08.608899
124.464431,3102,3009,13:11:08.608899
124.4663,3029,3129,13:11:08.608899
124.468156,2840,2774,13:11:08.608899
124.470012,3217,2957,13:11:08.608899
124.471873,2980,3042,13:11:08.608899
124.473729,3135,2953,13:11:08.608899
124.475587,2896,3142,13:11:08.608899
124.477444,2958,2807,13:11:08.608899
124.479302,3048,2934,13:11:08.608899
124.481158,2972,2908,13:11:08.608899
124.483015,3044,2809,13:11:08.608899
124.484875,3077,3104,13:11:08.608899
124.486731,2986,2795,13:11:08.608899
124.48859,3196,2843,13:11:08.608899
124.490449,3147,2978,13:11:08.608899
124.492307,3040,2976,13:11:08.608899
124.494163,3209,2991,13:11:08.608899
124.496021,3022,3067,13:11:08.608899
124.49788,3158,2869,13:11:08.608899
124.499736,3272,2842,13:11:08.608899
124.501602,3069,3042,13:11:08.608899
124.503459,2979,2552,13:11:08.608899
124.505315,3092,2878,13:11:08.660219
124.507181,3311,3033,13:11:08.660219
124.509042,3027,2760,13:11:08.660219
124.510943,2641,2956,13:11:08.660219
124.512806,3001,2904,13:11:08.660219
124.514683,3138,2610,13:11:08.660219
124.516551,2662,3002,13:11:08.660219
124.518409,2826,2802,13:11:08.660219
124.520266,3124,3048,13:11:08.660219
124.522124,3124,2912,13:11:08.660219
124.523984,3097,2977,13:11:08.660219
124.525843,3156,2913,13:11:08.660219
124.527699,3046,3142,13:11:08.660219
124.529557,2885,2822,13:11:08.660219
124.531414,3039,2995,13:11:08.660219
124.53327,3153,2800,13:11:08.660219
124.535126,3061,2712,13:11:08.661212
124.536984,3020,2762,13:11:08.661212
124.538843,3118,3078,13:11:08.661212
124.540699,2977,2795,13:11:08.661212
124.542562,2878,2598,13:11:08.661212
124.544418,3059,2824,13:11:08.661212
124.546275,3059,2761,13:11:08.661212
124.548133,2997,2860,13:11:08.661212
124.549989,2902,2923,13:11:08.661212
124.551848,3085,2946,13:11:08.661212
124.553704,2991,2956,13:11:08.661212
124.555562,3159,3014,13:11:08.710627
124.557425,3127,2987,13:11:08.710627
124.559287,3073,2893,13:11:08.710627
124.561209,2580,3059,13:11:08.710627
124.563065,3194,2673,13:11:08.710627
124.564922,3037,3122,13:11:08.710627
124.566788,1957,2996,13:11:08.710627
124.568668,2833,2817,13:11:08.710627
124.570533,3110,2856,13:11:08.710627
124.572389,3037,2900,13:11:08.710627
124.574245,3108,2753,13:11:08.710627
124.576104,3051,2859,13:11:08.710627
124.57796,2758,2959,13:11:08.710627
124.579819,3103,2909,13:11:08.710627
124.581675,2837,2966,13:11:08.710627
124.583531,2991,2993,13:11:08.710627
124.585388,2803,2836,13:11:08.710627
124.587254,2973,2882,13:11:08.710627
124.58911,3068,3001,13:11:08.710627
124.590967,2983,2931,13:11:08.710627
124.592825,3130,2819,13:11:08.710627
124.594681,3009,2936,13:11:08.710627
124.596538,3101,2985,13:11:08.710627
124.598396,2753,2919,13:11:08.710627
124.600252,2752,2916,13:11:08.710627
124.602111,3055,3027,13:11:08.710627
124.603967,3164,2976,13:11:08.711625
124.605835,3113,3030,13:11:08.767129
124.607696,2906,3206,13:11:08.767129
124.609558,3029,3271,13:11:08.767129
124.611466,2487,2702,13:11:08.767129
124.613323,3099,2881,13:11:08.767129
124.615187,2952,2995,13:11:08.767129
124.617085,1706,2908,13:11:08.767129
124.618942,3063,2927,13:11:08.767129
124.62081,3242,3195,13:11:08.767129
124.622666,2861,2830,13:11:08.767129
124.624523,3035,2885,13:11:08.767129
124.626381,3056,3000,13:11:08.767129
124.628237,3209,2966,13:11:08.767129
124.630096,3063,2787,13:11:08.767129
124.631952,3226,2919,13:11:08.767129
124.633812,2732,2971,13:11:08.767129
124.635671,3024,2982,13:11:08.767129
124.637537,2992,2790,13:11:08.767129
124.639393,3190,3022,13:11:08.767129
124.64125,2793,3037,13:11:08.767129
124.643108,3169,3193,13:11:08.767129
124.644964,3081,2882,13:11:08.767129
124.646823,2943,2645,13:11:08.767129
124.648681,2928,2949,13:11:08.767129
124.650538,2958,2993,13:11:08.767129
124.652394,2860,2671,13:11:08.767129
124.65425,2740,3102,13:11:08.768142
124.656113,3157,3028,13:11:08.821804
124.657973,2762,2871,13:11:08.821804
124.659837,2794,2907,13:11:08.821804
124.661728,2898,2765,13:11:08.821804
124.663584,2888,2946,13:11:08.821804
124.66544,2763,2777,13:11:08.821804
124.667297,2836,2794,13:11:08.821804
124.66917,2946,2843,13:11:08.821804
124.671039,2886,2805,13:11:08.821804
124.672896,1545,3104,13:11:08.821804
124.674762,2855,2916,13:11:08.821804
124.676618,2763,2927,13:11:08.821804
124.678475,3042,2687,13:11:08.821804
124.680333,2987,2697,13:11:08.821804
124.682189,2704,3011,13:11:08.821804
124.684048,2812,2815,13:11:08.821804
124.685904,3257,2974,13:11:08.821804
124.68776,2926,2952,13:11:08.821804
124.689617,3010,2950,13:11:08.821804
124.691483,3193,2918,13:11:08.821804
124.693339,2572,2845,13:11:08.821804
124.695196,2534,2709,13:11:08.821804
124.697054,2819,2745,13:11:08.821804
124.698911,2848,2882,13:11:08.821804
124.700767,3019,3134,13:11:08.821804
124.702625,3015,2938,13:11:08.821804
124.704482,2925,3097,13:11:08.864294
124.706352,3053,3047,13:11:08.864294
124.708212,3121,2945,13:11:08.864294
124.710092,2543,2938,13:11:08.864294
124.711973,2702,2972,13:11:08.864294
124.713833,2756,2936,13:11:08.864294
124.715694,2960,2952,13:11:08.864294
124.717558,3024,2992,13:11:08.864294
124.719414,3468,3060,13:11:08.864294
124.721273,2884,3092,13:11:08.864294
124.723131,2914,2903,13:11:08.864294
124.724987,3065,3192,13:11:08.864294
124.726847,1510,2913,13:11:08.864294
124.72874,2975,2860,13:11:08.864294
124.730596,2794,2965,13:11:08.864294
124.732453,2790,2854,13:11:08.864294
124.734309,2862,2902,13:11:08.864294
124.736165,3084,3106,13:11:08.864294
124.738026,2952,2996,13:11:08.864294
124.739882,3204,2812,13:11:08.864294
124.741738,2999,2920,13:11:08.864294
124.743597,2924,2736,13:11:08.864294
124.745453,3047,2973,13:11:08.864294
124.747311,2776,2881,13:11:08.864294
124.749168,2780,2885,13:11:08.864294
124.751028,2981,2984,13:11:08.864294
124.752887,3228,2909,13:11:08.864294
124.754743,3152,2925,13:11:08.915359
124.756609,3385,2959,13:11:08.915359
124.75847,3082,3059,13:11:08.915359
124.760378,2880,3002,13:11:08.915359
124.762246,2992,2984,13:11:08.915359
124.764102,2801,3081,13:11:08.915359
124.765961,2850,2934,13:11:08.915359
124.767817,3273,2968,13:11:08.915359
124.769677,2682,3182,13:11:08.915359
124.771566,2919,2879,13:11:08.915359
124.773422,3009,3159,13:11:08.915359
124.775278,3049,3016,13:11:08.915359
124.777135,2802,2790,13:11:08.915359
124.778993,2767,2996,13:11:08.915359
124.78085,2981,2931,13:11:08.915359
124.782706,2904,3133,13:11:08.915359
124.784564,2819,3033,13:11:08.915359
124.786421,2875,3188,13:11:08.915359
124.788279,2978,3258,13:11:08.915359
124.790135,3036,3156,13:11:08.915359
124.791992,3043,2926,13:11:08.915359
124.793848,3228,2945,13:11:08.915359
124.795712,2857,3176,13:11:08.915359
124.797569,2925,3005,13:11:08.915359
124.799425,2920,3023,13:11:08.915359
124.801283,2895,2533,13:11:08.917357
124.80314,2980,2757,13:11:08.917357
124.804996,2865,2998,13:11:08.968561
124.80687,3103,2937,13:11:08.968561
124.808731,3134,2865,13:11:08.968561
124.810637,2591,2948,13:11:08.968561
124.812493,2940,2999,13:11:08.968561
124.81435,2835,2824,13:11:08.968561
124.81621,2320,2762,13:11:08.968561
124.818066,2923,3053,13:11:08.968561
124.819931,2689,3141,13:11:08.968561
124.821815,1646,2694,13:11:08.968561
124.823671,3046,2906,13:11:08.968561
124.825534,2812,2844,13:11:08.968561
124.82739,2886,2862,13:11:08.968561
124.829248,2751,2900,13:11:08.968561
124.831105,2947,2894,13:11:08.968561
124.832961,2862,2993,13:11:08.968561
124.834819,3039,3133,13:11:08.968561
124.83668,2861,2802,13:11:08.968561
124.838538,2984,2927,13:11:08.968561
124.840395,3167,3158,13:11:08.968561
124.842255,2925,2858,13:11:08.968561
124.844111,3159,2992,13:11:08.968561
124.845968,2734,3020,13:11:08.968561
124.847826,3037,2985,13:11:08.968561
124.849682,2789,2853,13:11:08.968561
124.851541,3052,2847,13:11:08.968561
124.853397,3210,3043,13:11:08.968561
124.855257,2996,2909,13:11:09.018052
124.857124,3042,2966,13:11:09.018052
124.858984,3117,3222,13:11:09.018052
124.860902,2642,2828,13:11:09.018052
124.862758,3014,2980,13:11:09.018052
124.864615,2877,2826,13:11:09.018052
124.866473,2929,3022,13:11:09.018052
124.86833,2889,2899,13:11:09.018052
124.870188,2895,2954,13:11:09.018052
124.872044,2864,2854,13:11:09.018052
124.873903,2728,2648,13:11:09.018052
124.875765,3091,2829,13:11:09.018052
124.877653,2884,2850,13:11:09.018052
124.879512,2926,2807,13:11:09.018052
124.881368,2826,2972,13:11:09.018052
124.88323,2932,2776,13:11:09.018052
124.885089,3103,3101,13:11:09.018052
124.886949,2848,2705,13:11:09.018052
124.888811,2991,2993,13:11:09.018052
124.890668,2868,2990,13:11:09.018052
124.892526,2992,2781,13:11:09.018052
124.894382,3186,2975,13:11:09.018052
124.896239,2824,2964,13:11:09.018052
124.898095,2834,2822,13:11:09.018052
124.899951,2897,3097,13:11:09.018052
124.901808,2612,3115,13:11:09.018052
124.903664,2838,3022,13:11:09.018052
124.905526,3003,3044,13:11:09.070788
124.907393,2986,2943,13:11:09.070788
124.909253,2900,2738,13:11:09.070788
124.911159,2642,3057,13:11:09.070788
124.913016,2819,2738,13:11:09.070788
124.914876,2985,2697,13:11:09.070788
124.916734,2927,2990,13:11:09.070788
124.918591,2731,2878,13:11:09.070788
124.920449,2711,3010,13:11:09.070788
124.922313,2557,3028,13:11:09.070788
124.92418,970,3173,13:11:09.070788
124.92604,2724,2745,13:11:09.070788
124.927895,3201,3049,13:11:09.070788
124.929753,2792,2915,13:11:09.070788
124.931609,2919,3294,13:11:09.070788
124.933465,2900,2810,13:11:09.070788
124.935322,2963,3193,13:11:09.070788
124.937178,2803,2624,13:11:09.070788
124.939036,3004,2953,13:11:09.070788
124.9409,2806,2947,13:11:09.070788
124.942757,2961,2894,13:11:09.070788
124.944613,2954,2823,13:11:09.070788
124.946472,2825,3114,13:11:09.070788
124.948328,2989,3038,13:11:09.070788
124.950184,2954,2690,13:11:09.070788
124.952041,3058,3174,13:11:09.070788
124.953897,3175,2848,13:11:09.070788
124.955758,3017,2972,13:11:09.121071
124.957622,2854,3083,13:11:09.121071
124.95949,3034,3055,13:11:09.121071
124.961388,2839,3078,13:11:09.121071
124.963245,2854,3199,13:11:09.121071
124.965103,2930,3018,13:11:09.121071
124.966961,2803,3207,13:11:09.121071
124.968818,2895,2851,13:11:09.121071
124.970676,2782,2945,13:11:09.121071
124.972535,2943,3042,13:11:09.121071
124.974403,2350,3179,13:11:09.121071
124.976287,2220,3141,13:11:09.121071
124.978143,2891,2969,13:11:09.121071
124.98,2965,2837,13:11:09.121071
124.981859,2700,2846,13:11:09.121071
124.983716,2880,2983,13:11:09.122080
124.985577,2813,2834,13:11:09.122080
124.987441,3154,3001,13:11:09.122080
124.989298,2951,2775,13:11:09.122080
124.991154,2974,2915,13:11:09.122080
124.993012,3121,3069,13:11:09.122080
124.994871,2992,3168,13:11:09.122080
124.996729,2828,2776,13:11:09.122080
124.998585,2940,3169,13:11:09.124077
125.000449,3070,2866,13:11:09.124077
125.002306,2891,2943,13:11:09.124077
125.00417,2980,3175,13:11:09.124077
125.006041,2868,2815,13:11:09.173302
125.007901,3016,2838,13:11:09.173302
125.009763,2944,3215,13:11:09.173302
125.011681,2860,2937,13:11:09.173302
125.013538,2985,2749,13:11:09.173302
125.015396,2818,2669,13:11:09.173302
125.017252,2835,3033,13:11:09.173302
125.019109,2439,2954,13:11:09.173302
125.020967,2527,2671,13:11:09.173302
125.022827,2716,2813,13:11:09.173302
125.02469,3059,2819,13:11:09.173302
125.026564,1887,2788,13:11:09.173302
125.028428,3021,3156,13:11:09.173302
125.030287,2937,3042,13:11:09.173302
125.032151,2941,3067,13:11:09.173302
125.034009,2729,2951,13:11:09.173302
125.035868,2803,3155,13:11:09.173302
125.037732,2811,2713,13:11:09.173302
125.039588,3053,2813,13:11:09.173302
125.041444,2942,2775,13:11:09.173302
125.043301,2830,2768,13:11:09.173302
125.045158,2820,2829,13:11:09.173302
125.047014,2820,3057,13:11:09.173302
125.048874,2767,3240,13:11:09.173302
125.050731,2899,2969,13:11:09.173302
125.052589,2812,2798,13:11:09.173302
125.054453,3030,2899,13:11:09.223921
125.056314,2784,2816,13:11:09.223921
125.058174,2736,2718,13:11:09.223921
125.060054,2765,2833,13:11:09.223921
125.061949,2701,2940,13:11:09.223921
125.063805,2870,2809,13:11:09.223921
125.065663,3049,2940,13:11:09.223921
125.06752,2635,2879,13:11:09.223921
125.069376,2787,2871,13:11:09.223921
125.071234,2959,3075,13:11:09.223921
125.073101,2991,2847,13:11:09.223921
125.074959,2983,2837,13:11:09.223921
125.076815,3069,2963,13:11:09.223921
125.078674,2216,2954,13:11:09.229067
125.080562,2664,2463,13:11:09.229067
125.082425,2867,3011,13:11:09.229067
125.084283,3038,2832,13:11:09.229067
125.086139,2760,2870,13:11:09.229067
125.087997,3011,2817,13:11:09.229067
125.089856,2886,2581,13:11:09.229067
125.091712,3040,2757,13:11:09.229067
125.09357,3343,3009,13:11:09.229067
125.095427,2800,2852,13:11:09.229067
125.097285,2828,2876,13:11:09.229067
125.099141,2882,2715,13:11:09.229067
125.101004,3012,2780,13:11:09.229067
125.10286,3001,2619,13:11:09.229067
125.104717,2937,3022,13:11:09.275115
125.106583,2856,2845,13:11:09.275115
125.108444,3034,2811,13:11:09.275115
125.110341,2839,3138,13:11:09.275115
125.112271,2892,2880,13:11:09.275115
125.114128,2619,2728,13:11:09.275115
125.115988,2898,2683,13:11:09.275115
125.117846,2609,3004,13:11:09.275115
125.119703,3353,2907,13:11:09.275115
125.121561,2475,2853,13:11:09.275115
125.123418,2882,2980,13:11:09.275115
125.125278,2678,3084,13:11:09.275115
125.127142,2674,2753,13:11:09.275115
125.129024,2203,2912,13:11:09.275115
125.130891,2994,2737,13:11:09.275115
125.132749,2891,2828,13:11:09.275115
125.134607,2751,2822,13:11:09.275115
125.136488,2790,2980,13:11:09.275115
125.138344,2817,2903,13:11:09.275115
125.140202,2912,2935,13:11:09.275115
125.142059,2980,2752,13:11:09.275115
125.143917,2854,2907,13:11:09.275115
125.145774,3072,2895,13:11:09.275115
125.147632,2924,2947,13:11:09.275115
125.149488,2855,2650,13:11:09.275115
125.151345,2887,2920,13:11:09.275115
125.153207,2705,3007,13:11:09.275115
125.155063,2938,2730,13:11:09.335289
125.156938,2740,3099,13:11:09.335289
125.158798,3081,2880,13:11:09.335289
125.160724,2828,2734,13:11:09.335289
125.162584,3056,3016,13:11:09.335289
125.164441,2731,2900,13:11:09.335289
125.166297,3089,2923,13:11:09.335289
125.168155,2778,3034,13:11:09.335289
125.170013,2892,2975,13:11:09.335289
125.171874,2562,2851,13:11:09.335289
125.173731,2426,2660,13:11:09.335289
125.175595,2895,2869,13:11:09.335289
125.177451,2843,2862,13:11:09.335289
125.179308,2883,3024,13:11:09.335289
125.181166,810,2589,13:11:09.335289
125.183024,2654,3018,13:11:09.335289
125.184883,2972,2841,13:11:09.335289
125.186739,2861,3072,13:11:09.335289
125.188595,2709,2879,13:11:09.335289
125.190452,2742,2948,13:11:09.335289
125.192315,2685,2948,13:11:09.335289
125.194174,2817,2976,13:11:09.335289
125.196031,2873,2868,13:11:09.335289
125.197889,2901,3046,13:11:09.335289
125.199746,2544,2935,13:11:09.335289
125.201602,3045,2981,13:11:09.335289
125.20346,3051,2929,13:11:09.335289
125.205317,3079,2872,13:11:09.380165
125.207179,2887,2900,13:11:09.380165
125.209039,3071,2648,13:11:09.380165
125.210951,2666,2823,13:11:09.380165
125.21281,2989,2747,13:11:09.380165
125.214666,3069,2942,13:11:09.380165
125.216525,2705,2632,13:11:09.380165
125.218381,2556,2586,13:11:09.380165
125.220237,2690,2858,13:11:09.380165
125.222094,2909,3106,13:11:09.380165
125.223954,2397,3131,13:11:09.380165
125.225814,2972,3045,13:11:09.380165
125.227671,2641,2897,13:11:09.380165
125.229541,2286,2619,13:11:09.380165
125.231397,2475,2675,13:11:09.380165
125.233254,2298,2760,13:11:09.380165
125.235114,2601,2631,13:11:09.380165
125.236972,2698,2670,13:11:09.380165
125.238859,1220,2725,13:11:09.380165
125.240721,2799,3208,13:11:09.380165
125.242577,2974,2873,13:11:09.380165
125.244436,3068,2973,13:11:09.380165
125.246292,3001,2886,13:11:09.380165
125.248148,2996,2997,13:11:09.380165
125.250005,3075,2966,13:11:09.380165
125.251861,2823,3012,13:11:09.380165
125.253719,3047,3029,13:11:09.380165
125.255584,3177,2988,13:11:09.428432
125.257451,3252,3051,13:11:09.428432
125.259312,3185,3184,13:11:09.428432
125.261225,2864,2932,13:11:09.428432
125.263083,2983,2789,13:11:09.428432
125.264941,2983,2888,13:11:09.428432
125.266802,2869,2535,13:11:09.428432
125.268658,3049,3001,13:11:09.428432
125.270516,2547,2779,13:11:09.428432
125.272379,2712,2724,13:11:09.428432
125.274235,2332,3013,13:11:09.428432
125.276091,2666,2950,13:11:09.428432
125.27795,2513,2597,13:11:09.428432
125.279806,2189,2682,13:11:09.428432
125.281664,2752,3011,13:11:09.428432
125.283544,642,2748,13:11:09.428432
125.285415,2897,2788,13:11:09.428432
125.287271,2935,2820,13:11:09.428432
125.28913,3053,2860,13:11:09.428432
125.290986,3077,2681,13:11:09.428432
125.292844,3033,2831,13:11:09.428432
125.294703,3326,3097,13:11:09.428432
125.296559,3497,2944,13:11:09.428432
125.298418,2796,2704,13:11:09.428432
125.300274,3087,2877,13:11:09.428432
125.302134,3132,2998,13:11:09.428432
125.303991,2905,2876,13:11:09.428432
125.305851,3117,3013,13:11:09.480002
125.307713,3224,3055,13:11:09.480002
125.309578,3307,3011,13:11:09.480002
125.311476,2740,2884,13:11:09.480002
125.313334,3036,2930,13:11:09.480002
125.315192,3233,3206,13:11:09.480002
125.317049,2450,2628,13:11:09.480002
125.318905,2290,3043,13:11:09.480002
125.320766,3202,2839,13:11:09.480002
125.322622,2359,2945,13:11:09.480002
125.324478,2442,3029,13:11:09.480002
125.326337,2760,2830,13:11:09.480002
125.328193,2313,2707,13:11:09.480002
125.330052,2724,2680,13:11:09.481021
125.331918,2745,2705,13:11:09.481021
125.33379,1494,3046,13:11:09.481021
125.335656,2934,2574,13:11:09.481021
125.337515,2743,2738,13:11:09.481021
125.339401,2847,2920,13:11:09.481021
125.341257,2878,2904,13:11:09.481021
125.343114,2986,3003,13:11:09.481021
125.344972,2777,2982,13:11:09.481021
125.346829,2948,2983,13:11:09.481021
125.348687,2958,3110,13:11:09.481021
125.350543,2914,2874,13:11:09.481021
125.352401,3185,2755,13:11:09.481021
125.354258,3112,2687,13:11:09.481021
125.35612,3030,3097,13:11:09.530433
125.357983,2966,2999,13:11:09.530433
125.359849,2854,2950,13:11:09.530433
125.361765,2775,2935,13:11:09.530433
125.363623,3051,2911,13:11:09.530433
125.36548,2844,3134,13:11:09.530433
125.36734,2807,2793,13:11:09.530433
125.369196,2633,3105,13:11:09.530433
125.371057,2607,2794,13:11:09.530433
125.372913,2530,2782,13:11:09.530433
125.374773,2417,2992,13:11:09.530433
125.376632,2613,2907,13:11:09.530433
125.378488,3036,2615,13:11:09.530433
125.380346,2459,2871,13:11:09.530433
125.382203,2775,2785,13:11:09.530433
125.384067,2734,2855,13:11:09.530433
125.385937,1116,2924,13:11:09.530433
125.387808,2974,2973,13:11:09.530433
125.389666,2911,3014,13:11:09.530433
125.391522,3200,2779,13:11:09.530433
125.393379,3305,3006,13:11:09.530433
125.395235,2899,2912,13:11:09.530433
125.397092,2855,2792,13:11:09.530433
125.39895,2922,2742,13:11:09.530433
125.400806,2880,2701,13:11:09.530433
125.402665,3103,2830,13:11:09.530433
125.404521,2804,2862,13:11:09.582465
125.406389,2940,3027,13:11:09.582465
125.40825,2797,2994,13:11:09.582465
125.41013,2905,2895,13:11:09.582465
125.412016,2718,2813,13:11:09.582465
125.413875,3116,2863,13:11:09.582465
125.415733,2931,2745,13:11:09.582465
125.417591,3083,2765,13:11:09.582465
125.419449,2840,2950,13:11:09.582465
125.421306,3122,3133,13:11:09.582465
125.423162,2959,3051,13:11:09.582465
125.425021,2769,2915,13:11:09.582465
125.426879,2938,2983,13:11:09.582465
125.428745,3135,2915,13:11:09.582465
125.430602,2781,2935,13:11:09.582465
125.43246,3238,3020,13:11:09.582465
125.434326,2881,3050,13:11:09.582465
125.436183,1874,2874,13:11:09.582465
125.438045,3050,3103,13:11:09.582465
125.439907,3254,3142,13:11:09.582465
125.441764,2839,2890,13:11:09.582465
125.44365,2946,3101,13:11:09.582465
125.445506,3032,2946,13:11:09.582465
125.447363,3089,3035,13:11:09.584791
125.449221,3124,2926,13:11:09.584791
125.451077,2974,2875,13:11:09.584791
125.452934,3411,3030,13:11:09.584791
125.454792,3043,3244,13:11:09.633764
125.456657,3383,3009,13:11:09.633764
125.458517,3192,2893,13:11:09.633764
125.46043,2882,2922,13:11:09.633764
125.462299,2856,2945,13:11:09.633764
125.464156,3117,3021,13:11:09.633764
125.466014,2960,3043,13:11:09.633764
125.467874,2859,3348,13:11:09.633764
125.469731,2670,3135,13:11:09.633764
125.471589,2569,2906,13:11:09.633764
125.473449,2394,2743,13:11:09.633764
125.475312,2353,3012,13:11:09.633764
125.477168,2688,2861,13:11:09.633764
125.479028,3248,2875,13:11:09.633764
125.480885,2833,2920,13:11:09.633764
125.482741,2486,2784,13:11:09.633764
125.4846,3244,2919,13:11:09.633764
125.486456,3123,2857,13:11:09.633764
125.488313,978,2994,13:11:09.633764
125.490173,3188,2953,13:11:09.633764
125.492029,2870,2943,13:11:09.633764
125.493885,2961,3110,13:11:09.633764
125.495742,3033,2991,13:11:09.633764
125.497606,3019,2717,13:11:09.633764
125.499462,2852,3095,13:11:09.633764
125.501319,3157,2965,13:11:09.633764
125.503177,3032,2653,13:11:09.633764
125.505034,3010,2805,13:11:09.684744
125.506908,2997,3059,13:11:09.684744
125.508768,3263,2699,13:11:09.684744
125.510673,2928,2785,13:11:09.684744
125.512533,2807,2828,13:11:09.684744
125.514389,3032,3086,13:11:09.684744
125.516253,2600,2907,13:11:09.684744
125.51811,2682,2967,13:11:09.684744
125.519966,3149,2748,13:11:09.684744
125.521824,3020,2764,13:11:09.684744
125.523681,2972,3083,13:11:09.684744
125.525539,2647,3150,13:11:09.684744
125.527396,2907,3137,13:11:09.684744
125.529254,2715,2934,13:11:09.684744
125.531112,2727,2704,13:11:09.684744
125.532977,2951,2860,13:11:09.684744
125.534835,2727,3005,13:11:09.684744
125.536693,3124,2996,13:11:09.684744
125.538576,1557,3092,13:11:09.684744
125.540436,3100,2867,13:11:09.684744
125.542298,3314,2999,13:11:09.684744
125.544155,2985,3228,13:11:09.684744
125.546011,3046,2882,13:11:09.684744
125.547869,3018,2856,13:11:09.684744
125.549726,2959,2988,13:11:09.684744
125.551582,3056,2925,13:11:09.684744
125.55344,3263,2923,13:11:09.684744
125.555297,3087,3068,13:11:09.735189
125.557163,3163,3063,13:11:09.735189
125.559023,3145,3118,13:11:09.735189
125.560947,2763,2708,13:11:09.735189
125.562804,3081,2781,13:11:09.735189
125.56466,2578,2898,13:11:09.735189
125.566519,2972,3038,13:11:09.735189
125.568379,2839,3075,13:11:09.735189
125.570235,2756,2960,13:11:09.735189
125.572094,2745,2871,13:11:09.735189
125.57395,3068,2689,13:11:09.735189
125.575808,3268,2864,13:11:09.735189
125.577665,3085,2422,13:11:09.735189
125.579523,2221,2887,13:11:09.735189
125.581383,2604,2848,13:11:09.735189
125.583239,2310,2636,13:11:09.735189
125.585096,2938,3047,13:11:09.735189
125.586952,2759,2866,13:11:09.735189
125.588811,2823,3088,13:11:09.735189
125.590697,2404,2909,13:11:09.735189
125.592553,3123,3028,13:11:09.735189
125.594412,3089,2685,13:11:09.735189
125.596268,3204,2916,13:11:09.735189
125.598126,3173,2881,13:11:09.735189
125.599983,3183,2967,13:11:09.735189
125.601843,3185,2945,13:11:09.735189
125.603701,2953,3077,13:11:09.735189
125.605568,2999,2851,13:11:09.789480
125.607434,3149,2948,13:11:09.789480
125.609294,3341,2917,13:11:09.789480
125.611201,2821,2883,13:11:09.789480
125.613059,2895,2949,13:11:09.789480
125.614917,3152,2902,13:11:09.789480
125.616776,3063,2924,13:11:09.789480
125.618632,3130,2773,13:11:09.789480
125.620492,2932,2849,13:11:09.789480
125.622349,3125,3103,13:11:09.789480
125.624206,2909,2926,13:11:09.789480
125.626067,2884,3123,13:11:09.789480
125.627924,3273,2768,13:11:09.789480
125.629784,3245,3037,13:11:09.789480
125.631641,3170,2959,13:11:09.789480
125.633497,2930,3074,13:11:09.789480
125.635355,3101,3045,13:11:09.789480
125.637212,2139,2982,13:11:09.789480
125.639078,2964,2911,13:11:09.789480
125.640934,695,3002,13:11:09.789480
125.642797,3152,3113,13:11:09.789480
125.644653,2912,3043,13:11:09.789480
125.646511,3053,2923,13:11:09.789480
125.648394,3187,2703,13:11:09.789480
125.65025,2756,3036,13:11:09.789480
125.652112,3193,2922,13:11:09.789480
125.653969,3022,2864,13:11:09.789480
125.655838,3165,3000,13:11:09.804759
125.657701,3055,2863,13:11:09.804759
125.659564,3181,2987,13:11:09.804759
125.66147,3078,3078,13:11:09.804759
125.663328,3001,3015,13:11:09.804759
125.665185,3075,2839,13:11:09.804759
125.667043,2972,2963,13:11:09.804759
125.668899,3114,2920,13:11:09.804759
125.670766,2508,2852,13:11:09.804759
125.672622,2792,3057,13:11:09.804759
125.674478,3179,2840,13:11:09.804759
125.676337,3111,3171,13:11:09.804759
125.678195,2670,2736,13:11:09.804759
125.680053,3004,3042,13:11:09.804759
125.68191,2826,3092,13:11:09.804759
125.683772,2660,2760,13:11:09.804759
125.68563,3094,2728,13:11:09.804759
125.687487,2921,2916,13:11:09.804759
125.689343,2633,2831,13:11:09.804759
125.691203,2991,2851,13:11:09.804759
125.69311,3032,3020,13:11:09.804759
125.694968,1843,3008,13:11:09.804759
125.696828,3172,2830,13:11:09.804759
125.698685,2944,2983,13:11:09.804759
125.700541,3158,2971,13:11:09.804759
125.702405,3255,2999,13:11:09.804759
125.704262,3153,3277,13:11:09.804759
125.706132,3305,2864,13:11:09.854844
125.707992,3028,2769,13:11:09.854844
125.709859,2822,2871,13:11:09.854844
125.711753,2827,2807,13:11:09.854844
125.713609,2836,2707,13:11:09.854844
125.715466,2877,3105,13:11:09.854844
125.717326,3436,3383,13:11:09.854844
125.719182,3113,3151,13:11:09.854844
125.721049,3336,2854,13:11:09.854844
125.722905,2908,2933,13:11:09.854844
125.724764,3289,3132,13:11:09.854844
125.726622,3089,2753,13:11:09.854844
125.728478,2972,2878,13:11:09.854844
125.730336,3042,2836,13:11:09.854844
125.732193,3128,3172,13:11:09.854844
125.734049,2969,2979,13:11:09.854844
125.735905,3282,2889,13:11:09.854844
125.737769,3315,3059,13:11:09.854844
125.739626,2983,2912,13:11:09.854844
125.741488,3061,2621,13:11:09.854844
125.743369,3367,3020,13:11:09.854844
125.745227,2996,2989,13:11:09.854844
125.747093,2894,2655,13:11:09.854844
125.74895,3437,3074,13:11:09.854844
125.750806,3317,3034,13:11:09.854844
125.752664,3294,2938,13:11:09.854844
125.754521,3262,3097,13:11:09.904476
125.756387,2872,2977,13:11:09.904476
125.758248,2638,2848,13:11:09.904476
125.760133,3004,2935,13:11:09.904476
125.762016,3215,3023,13:11:09.904476
125.763874,3306,3020,13:11:09.904476
125.765731,3042,3099,13:11:09.904476
125.767591,3157,2982,13:11:09.904476
125.769449,3272,3043,13:11:09.904476
125.771308,3215,3079,13:11:09.904476
125.773164,3017,2704,13:11:09.904476
125.77502,3199,3100,13:11:09.904476
125.776879,3015,2700,13:11:09.904476
125.778737,3139,2977,13:11:09.904476
125.780596,3145,3026,13:11:09.904476
125.782452,3040,3102,13:11:09.904476
125.784318,3165,3025,13:11:09.904476
125.786175,3243,2974,13:11:09.904476
125.788031,3223,3066,13:11:09.904476
125.789889,2844,2919,13:11:09.905467
125.791746,3079,2896,13:11:09.905467
125.793604,3228,2975,13:11:09.905467
125.79546,3161,2891,13:11:09.905467
125.797317,3316,2972,13:11:09.905467
125.799175,3132,2892,13:11:09.905467
125.801039,2947,2771,13:11:09.905467
125.802896,3044,2963,13:11:09.905467
125.804752,3200,2968,13:11:09.955018
125.80662,3189,3108,13:11:09.955018
125.808481,3097,2646,13:11:09.955018
125.810396,2997,3013,13:11:09.955018
125.812287,3030,3003,13:11:09.955018
125.814143,3203,2888,13:11:09.955018
125.816,3045,3135,13:11:09.955018
125.817858,3282,3197,13:11:09.955018
125.819714,3443,2654,13:11:09.955018
125.821573,3110,2837,13:11:09.955018
125.823429,2913,2913,13:11:09.955018
125.825286,3156,2911,13:11:09.955018
125.827144,3106,2902,13:11:09.955018
125.829001,3271,3094,13:11:09.955018
125.830865,3058,3258,13:11:09.955018
125.832721,3358,3042,13:11:09.955018
125.834581,3114,2716,13:11:09.955018
125.836438,3037,2849,13:11:09.955018
125.838294,3248,2843,13:11:09.955018
125.840152,3017,2867,13:11:09.955018
125.842009,3138,2932,13:11:09.955018
125.843871,3040,2898,13:11:09.955018
125.845727,2953,3150,13:11:09.955018
125.847588,2977,2962,13:11:09.955018
125.849444,3082,2866,13:11:09.956019
125.851303,3083,3038,13:11:09.956019
125.853161,3185,2963,13:11:09.956019
125.855017,2988,2919,13:11:10.005640
125.856882,3038,2810,13:11:10.005640
125.858742,3204,3032,13:11:10.005640
125.860646,3232,2897,13:11:10.005640
125.862506,3239,3014,13:11:10.005640
125.864363,2901,3153,13:11:10.005640
125.866219,3133,3143,13:11:10.005640
125.868075,3184,2854,13:11:10.005640
125.869932,3041,3045,13:11:10.005640
125.87179,3112,2841,13:11:10.005640
125.873646,3297,2995,13:11:10.005640
125.875505,3182,2876,13:11:10.005640
125.877361,2787,2939,13:11:10.005640
125.879224,3131,2851,13:11:10.005640
125.88108,2983,2995,13:11:10.005640
125.882936,3028,3193,13:11:10.005640
125.884795,3074,2820,13:11:10.005640
125.886651,3271,2887,13:11:10.005640
125.888509,2997,3042,13:11:10.005640
125.890366,3168,3094,13:11:10.005640
125.892222,3038,3144,13:11:10.005640
125.89408,3010,3086,13:11:10.005640
125.895944,3121,2909,13:11:10.005640
125.897807,2962,3027,13:11:10.005640
125.899663,3115,2873,13:11:10.005640
125.901526,3183,3009,13:11:10.005640
125.903382,3007,2746,13:11:10.005640
125.905269,2998,2919,13:11:10.054614
125.907141,3027,2900,13:11:10.054614
125.909001,3085,2914,13:11:10.054614
125.910929,2866,2876,13:11:10.054614
125.912785,3141,2758,13:11:10.054614
125.914642,3102,2872,13:11:10.054614
125.9165,3097,2954,13:11:10.054614
125.918356,3076,3004,13:11:10.054614
125.920213,3130,2920,13:11:10.054614
125.922071,3110,2774,13:11:10.054614
125.923927,3029,2868,13:11:10.054614
125.925786,3156,2838,13:11:10.054614
125.927642,3150,3089,13:11:10.054614
125.929507,3139,2779,13:11:10.054614
125.931363,2854,2860,13:11:10.054614
125.933219,2967,2838,13:11:10.054614
125.935078,3085,3053,13:11:10.054614
125.936934,2957,2905,13:11:10.054614
125.938792,3196,2960,13:11:10.054614
125.940649,3304,3182,13:11:10.054614
125.942505,3095,2744,13:11:10.054614
125.944363,2770,2988,13:11:10.054614
125.946227,3279,2924,13:11:10.054614
125.948084,3145,2990,13:11:10.054614
125.94994,3265,2998,13:11:10.054614
125.951801,3197,3037,13:11:10.054614
125.953657,3162,2990,13:11:10.054614
125.955515,2952,2627,13:11:10.104643
125.957382,3290,2693,13:11:10.104643
125.959243,3026,2937,13:11:10.104643
125.961155,2884,3011,13:11:10.104643
125.963032,3204,2787,13:11:10.104643
125.964889,3106,2822,13:11:10.104643
125.966749,3300,2866,13:11:10.104643
125.968606,2925,2871,13:11:10.104643
125.970466,3045,2842,13:11:10.104643
125.972322,3025,2864,13:11:10.104643
125.974179,3110,3056,13:11:10.104643
125.976037,3039,2880,13:11:10.104643
125.977893,2857,2810,13:11:10.104643
125.979754,3279,2748,13:11:10.104643
125.98161,3241,2720,13:11:10.104643
125.983466,3051,2779,13:11:10.104643
125.985325,3016,3261,13:11:10.104643
125.987186,3381,2767,13:11:10.104643
125.989043,3197,2855,13:11:10.104643
125.9909,3161,3144,13:11:10.104643
125.992758,3018,3108,13:11:10.104643
125.994614,3003,2878,13:11:10.104643
125.996471,3133,3011,13:11:10.104643
125.998327,3284,2923,13:11:10.104643
126.000184,2992,3126,13:11:10.104643
126.00204,3072,2874,13:11:10.104643
126.003896,3019,2962,13:11:10.104643
126.005759,2840,2968,13:11:10.155097
126.007623,2917,2878,13:11:10.155097
126.009489,3029,2813,13:11:10.155097
126.011403,2790,2991,13:11:10.155097
126.01326,3167,3076,13:11:10.155097
126.015116,3181,3045,13:11:10.155097
126.016972,3259,2947,13:11:10.155097
126.01883,3042,2915,13:11:10.155097
126.020687,2946,3172,13:11:10.155097
126.022544,3142,3029,13:11:10.155097
126.024406,3230,3088,13:11:10.155097
126.026262,2982,2786,13:11:10.155097
126.028119,3028,2905,13:11:10.155097
126.029977,2964,3078,13:11:10.155097
126.031835,3184,3104,13:11:10.155097
126.033694,3150,3062,13:11:10.155097
126.03555,2994,3033,13:11:10.155097
126.03741,2881,3046,13:11:10.155097
126.039269,3001,3051,13:11:10.155097
126.041132,3011,3027,13:11:10.155097
126.042989,3192,2882,13:11:10.155097
126.044846,2996,2725,13:11:10.155097
126.046705,3142,3154,13:11:10.155097
126.048562,2945,2929,13:11:10.155097
126.050419,3005,2869,13:11:10.155097
126.052277,3121,2934,13:11:10.155097
126.054134,3145,2967,13:11:10.156086
126.056004,3110,2935,13:11:10.205480
126.057864,3472,3018,13:11:10.205480
126.059736,3021,2831,13:11:10.205480
126.061645,3086,3037,13:11:10.205480
126.063501,3265,3038,13:11:10.205480
126.065363,2922,3061,13:11:10.205480
126.06722,3014,2922,13:11:10.205480
126.069076,2995,2952,13:11:10.205480
126.070934,3097,3069,13:11:10.206480
126.072793,3063,2972,13:11:10.206480
126.074651,2951,3048,13:11:10.206480
126.076508,3271,2903,13:11:10.206480
126.078366,2924,3043,13:11:10.206480
126.080224,3051,2910,13:11:10.206480
126.082081,2914,2930,13:11:10.206480
126.083941,3171,2821,13:11:10.206480
126.085799,3156,3268,13:11:10.206480
126.087658,3136,2994,13:11:10.206480
126.089514,3177,2935,13:11:10.206480
126.09137,2993,2936,13:11:10.206480
126.093229,2948,2957,13:11:10.206480
126.095087,3070,2763,13:11:10.206480
126.096945,3192,2831,13:11:10.206480
126.098804,3019,2873,13:11:10.206480
126.100668,3153,2792,13:11:10.206480
126.102524,3155,2968,13:11:10.206480
126.104381,3249,3053,13:11:10.206480
126.106267,3189,3011,13:11:10.257675
126.108127,3226,2936,13:11:10.257675
126.110013,2938,2782,13:11:10.257675
126.111898,3205,3058,13:11:10.257675
126.113754,2990,2939,13:11:10.257675
126.115613,3163,3003,13:11:10.257675
126.117469,3162,2690,13:11:10.257675
126.119325,3326,2727,13:11:10.257675
126.121184,3052,3036,13:11:10.257675
126.12305,3045,2873,13:11:10.257675
126.124906,3066,2831,13:11:10.257675
126.126763,2958,3203,13:11:10.257675
126.128621,2938,3054,13:11:10.257675
126.130477,3429,3049,13:11:10.257675
126.132334,2980,3020,13:11:10.257675
126.134192,3187,2836,13:11:10.259681
126.136048,2888,3097,13:11:10.259681
126.137907,3127,2947,13:11:10.259681
126.139763,3083,2868,13:11:10.259681
126.141627,3303,3060,13:11:10.259681
126.143484,3159,3086,13:11:10.259681
126.14534,3100,3017,13:11:10.259681
126.147199,2917,2798,13:11:10.259681
126.149055,3205,2915,13:11:10.259681
126.150917,2884,3081,13:11:10.259681
126.152792,3104,3044,13:11:10.259681
126.154648,3215,2924,13:11:10.304583
126.156514,3141,2882,13:11:10.304583
126.158375,2821,3000,13:11:10.304583
126.160263,2893,2875,13:11:10.304583
126.162137,3163,2953,13:11:10.304583
126.163996,2922,3008,13:11:10.304583
126.165858,2945,2744,13:11:10.304583
126.167714,3085,2867,13:11:10.304583
126.169572,3202,3015,13:11:10.304583
126.171429,3094,2828,13:11:10.304583
126.173285,3234,2921,13:11:10.304583
126.175144,3066,3074,13:11:10.304583
126.177005,3065,2900,13:11:10.304583
126.178864,2925,2971,13:11:10.304583
126.180721,2869,2889,13:11:10.304583
126.182587,3107,2967,13:11:10.304583
126.184444,2912,2812,13:11:10.304583
126.186302,3031,2692,13:11:10.304583
126.18816,3154,2843,13:11:10.304583
126.190016,3105,2756,13:11:10.304583
126.191877,2857,2880,13:11:10.304583
126.193733,3075,2952,13:11:10.304583
126.195589,2907,2787,13:11:10.308096
126.197449,3036,3133,13:11:10.308096
126.199307,3014,2913,13:11:10.308096
126.201167,3257,2912,13:11:10.308096
126.203023,3197,3066,13:11:10.308096
126.204881,3116,2667,13:11:10.354963
126.206748,3078,2922,13:11:10.354963
126.208608,3271,2857,13:11:10.354963
126.21051,3144,2760,13:11:10.354963
126.212451,3047,2768,13:11:10.354963
126.214312,3123,2968,13:11:10.354963
126.216171,3204,3220,13:11:10.354963
126.218027,2909,2856,13:11:10.354963
126.219888,3023,3058,13:11:10.354963
126.221746,3115,3125,13:11:10.354963
126.223603,3143,3144,13:11:10.354963
126.225465,3018,2843,13:11:10.354963
126.227321,3166,2912,13:11:10.354963
126.229179,3205,3020,13:11:10.354963
126.231036,2846,2930,13:11:10.354963
126.232892,2815,2906,13:11:10.354963
126.23475,2848,2579,13:11:10.354963
126.236612,2959,2933,13:11:10.354963
126.238469,3199,3138,13:11:10.354963
126.240326,3166,2858,13:11:10.354963
126.242188,3100,2976,13:11:10.354963
126.244044,3346,2886,13:11:10.354963
126.245901,2997,3111,13:11:10.354963
126.247759,3082,3106,13:11:10.354963
126.249615,3134,3151,13:11:10.354963
126.251474,2981,3075,13:11:10.354963
126.25334,2998,2963,13:11:10.354963
126.255196,2805,2915,13:11:10.405216
126.257057,3229,2866,13:11:10.405216
126.258921,3169,2811,13:11:10.405216
126.260817,3120,3007,13:11:10.405216
126.262706,2915,2744,13:11:10.405216
126.264562,3071,3027,13:11:10.405216
126.266424,2947,2748,13:11:10.405216
126.268281,3107,3155,13:11:10.405216
126.270139,2692,2889,13:11:10.405216
126.271995,3053,2635,13:11:10.405216
126.273854,2948,2864,13:11:10.405216
126.275712,3331,2913,13:11:10.405216
126.277571,3059,2805,13:11:10.405216
126.279427,3065,3050,13:11:10.405216
126.281283,3355,3036,13:11:10.405216
126.283145,3048,2915,13:11:10.405216
126.285002,3340,2888,13:11:10.405216
126.286858,2857,2962,13:11:10.405216
126.288717,2969,2783,13:11:10.405216
126.290573,3044,2907,13:11:10.405216
126.292431,2997,2860,13:11:10.405216
126.294288,2937,2744,13:11:10.405216
126.296148,3060,2934,13:11:10.405216
126.298006,3046,2708,13:11:10.405216
126.299873,2718,2815,13:11:10.405216
126.301729,3149,2887,13:11:10.405216
126.303585,3024,3009,13:11:10.405216
126.305444,2980,3117,13:11:10.459426
126.307316,2885,2946,13:11:10.459426
126.309176,3025,2885,13:11:10.459426
126.311096,3273,2987,13:11:10.459426
126.312953,2845,2808,13:11:10.459426
126.314809,3111,2931,13:11:10.459426
126.316668,3083,2901,13:11:10.459426
126.31853,3097,2898,13:11:10.459426
126.320388,3218,2844,13:11:10.459426
126.322245,2922,2728,13:11:10.459426
126.324105,3082,2977,13:11:10.459426
126.325961,2981,3025,13:11:10.459426
126.327818,2946,2978,13:11:10.459426
126.329676,3209,3024,13:11:10.459426
126.331532,3055,2877,13:11:10.459426
126.333391,2844,2967,13:11:10.459426
126.335247,2976,2624,13:11:10.459426
126.337107,3145,2827,13:11:10.459426
126.338966,3063,2977,13:11:10.459426
126.340832,3058,3126,13:11:10.459426
126.342688,3066,2717,13:11:10.459426
126.344545,3172,3050,13:11:10.459426
126.346403,2956,2912,13:11:10.459426
126.348259,3083,3179,13:11:10.459426
126.350116,3251,2912,13:11:10.459426
126.351974,3214,3056,13:11:10.459426
126.353832,3412,3030,13:11:10.459426
126.355695,2987,2917,13:11:10.507536
126.357567,3271,2868,13:11:10.507536
126.359429,2928,2768,13:11:10.507536
126.36134,3018,2716,13:11:10.508536
126.363196,2989,2891,13:11:10.508536
126.365054,2732,2753,13:11:10.508536
126.366919,2997,2924,13:11:10.508536
126.368775,2975,2766,13:11:10.508536
126.370633,3013,2674,13:11:10.508536
126.37249,2792,2921,13:11:10.508536
126.374348,3081,2764,13:11:10.508536
126.376204,3105,2968,13:11:10.508536
126.378067,2974,2895,13:11:10.508536
126.379925,3011,2850,13:11:10.508536
126.381791,2982,2864,13:11:10.508536
126.383648,3177,2847,13:11:10.508536
126.385504,3038,3036,13:11:10.508536
126.387362,3076,3105,13:11:10.508536
126.389219,2982,2644,13:11:10.508536
126.391075,3186,2945,13:11:10.508536
126.392933,3089,2726,13:11:10.508536
126.394795,2849,2891,13:11:10.508536
126.396652,3020,2882,13:11:10.508536
126.398509,2873,2975,13:11:10.508536
126.400369,2844,2873,13:11:10.508536
126.402225,3192,3005,13:11:10.508536
126.404082,3092,2828,13:11:10.508536
126.405944,3093,2807,13:11:10.560461
126.407804,3023,3067,13:11:10.560461
126.409668,3061,3083,13:11:10.560461
126.411571,2847,2746,13:11:10.560461
126.413441,3178,2788,13:11:10.560461
126.415299,2920,2975,13:11:10.560461
126.417156,3170,2780,13:11:10.560461
126.419016,2857,3038,13:11:10.560461
126.420874,3109,3021,13:11:10.560461
126.422731,3279,2813,13:11:10.560461
126.424589,3064,3142,13:11:10.560461
126.426449,2957,3060,13:11:10.560461
126.428308,2872,3068,13:11:10.560461
126.430164,3098,2861,13:11:10.560461
126.432021,3059,2697,13:11:10.560461
126.433877,2809,3023,13:11:10.560461
126.435737,2855,2886,13:11:10.560461
126.437594,2924,2825,13:11:10.560461
126.43945,2893,2800,13:11:10.560461
126.441308,3047,2917,13:11:10.560461
126.443165,3190,2881,13:11:10.560461
126.445021,3224,3000,13:11:10.560461
126.446879,2920,2915,13:11:10.560461
126.448736,2854,2940,13:11:10.560461
126.450594,3196,2995,13:11:10.560461
126.45245,2977,2938,13:11:10.560461
126.454315,3041,2966,13:11:10.562464
126.456177,3135,2705,13:11:10.604080
126.458046,3220,2674,13:11:10.604080
126.459914,2969,2908,13:11:10.604080
126.461794,3254,3210,13:11:10.604080
126.463672,2994,2983,13:11:10.604080
126.465535,3023,3059,13:11:10.604080
126.467401,3115,2766,13:11:10.604080
126.469259,2825,2759,13:11:10.604080
126.471116,3128,2830,13:11:10.604080
126.472972,2715,2854,13:11:10.604080
126.474832,3007,3001,13:11:10.604080
126.476696,3157,2884,13:11:10.604080
126.478553,3098,2763,13:11:10.604080
126.480409,3203,2805,13:11:10.604080
126.482268,3151,2645,13:11:10.605071
126.484124,3047,3189,13:11:10.605071
126.48598,3076,2973,13:11:10.605071
126.487837,2975,3039,13:11:10.605071
126.489693,3018,3164,13:11:10.605071
126.491549,3212,2835,13:11:10.605071
126.493406,3039,2964,13:11:10.605071
126.495268,3057,2769,13:11:10.605071
126.497125,3022,2868,13:11:10.605071
126.498981,2958,2660,13:11:10.605071
126.500843,3050,3055,13:11:10.605071
126.5027,3084,2990,13:11:10.605071
126.504558,3009,2934,13:11:10.605071
126.50643,2809,2962,13:11:10.655226
126.508291,3028,2832,13:11:10.655226
126.51018,2919,2685,13:11:10.655226
126.512097,3152,2957,13:11:10.655226
126.513953,3122,2827,13:11:10.655226
126.515812,3117,2860,13:11:10.655226
126.517668,2933,2883,13:11:10.655226
126.519524,3166,3018,13:11:10.655226
126.521381,2900,2817,13:11:10.655226
126.523245,3099,2783,13:11:10.655226
126.525101,3079,3084,13:11:10.655226
126.526958,3022,2845,13:11:10.655226
126.528816,3150,2747,13:11:10.655226
126.530672,2898,3139,13:11:10.655226
126.532531,2896,2812,13:11:10.655226
126.534387,3078,2957,13:11:10.655226
126.536244,2945,2476,13:11:10.655226
126.538102,2855,2739,13:11:10.655226
126.539959,2888,2930,13:11:10.655226
126.541821,2855,2926,13:11:10.655226
126.543677,3144,2821,13:11:10.655226
126.545535,3014,2790,13:11:10.655226
126.547392,3028,2859,13:11:10.655226
126.549248,2874,2798,13:11:10.655226
126.551105,2901,2910,13:11:10.655226
126.552961,3127,3130,13:11:10.655226
126.554817,3041,2959,13:11:10.707682
126.55668,3213,2799,13:11:10.707682
126.558542,2963,2735,13:11:10.707682
126.560461,3035,2885,13:11:10.707682
126.562366,3237,2759,13:11:10.707682
126.564223,3064,3005,13:11:10.707682
126.566081,3137,2818,13:11:10.707682
126.567938,2968,2631,13:11:10.707682
126.569796,3288,2748,13:11:10.707682
126.571652,3107,2913,13:11:10.707682
126.57351,3030,2924,13:11:10.707682
126.575367,3135,2936,13:11:10.707682
126.577223,3118,2815,13:11:10.707682
126.579079,3001,3031,13:11:10.707682
126.580936,2851,2752,13:11:10.707682
126.582796,2811,2564,13:11:10.707682
126.584652,3044,2760,13:11:10.707682
126.586515,3167,2604,13:11:10.707682
126.588373,3310,2908,13:11:10.707682
126.59023,3064,2904,13:11:10.707682
126.592088,3152,2817,13:11:10.707682
126.593944,3072,2882,13:11:10.707682
126.595805,3129,2798,13:11:10.707682
126.597661,3002,2829,13:11:10.707682
126.599517,2911,2863,13:11:10.707682
126.601378,3218,2782,13:11:10.707682
126.603236,3113,2979,13:11:10.707682
126.605092,3135,2880,13:11:10.759854
126.606961,3109,2914,13:11:10.759854
126.608827,2901,2773,13:11:10.759854
126.610747,3104,2911,13:11:10.759854
126.612603,3201,2980,13:11:10.759854
126.614476,2716,2895,13:11:10.759854
126.61635,3088,2748,13:11:10.759854
126.618208,2802,2880,13:11:10.759854
126.620071,2993,2668,13:11:10.759854
126.621927,3006,2833,13:11:10.759854
126.623785,3063,2916,13:11:10.759854
126.625642,3306,2704,13:11:10.759854
126.627498,3164,3147,13:11:10.759854
126.629357,3347,3133,13:11:10.759854
126.631217,3134,2579,13:11:10.759854
126.633075,3190,2815,13:11:10.759854
126.634932,3185,2886,13:11:10.759854
126.636792,3188,2801,13:11:10.759854
126.638648,3236,2999,13:11:10.759854
126.640505,3008,2961,13:11:10.759854
126.642363,2862,2832,13:11:10.760854
126.644219,3158,3054,13:11:10.760854
126.646078,3164,2879,13:11:10.760854
126.647934,3182,3059,13:11:10.760854
126.649795,3031,3000,13:11:10.760854
126.651653,3367,2784,13:11:10.760854
126.653519,2933,2704,13:11:10.760854
126.655378,3017,2927,13:11:10.810432
126.657248,3297,2785,13:11:10.811074
126.65911,3177,2640,13:11:10.811074
126.661009,2927,2748,13:11:10.811074
126.662871,3157,2965,13:11:10.811074
126.664729,2873,2765,13:11:10.811074
126.666589,2869,2903,13:11:10.811074
126.668449,3036,3025,13:11:10.811074
126.670306,3152,2905,13:11:10.811074
126.672167,3172,2992,13:11:10.811074
126.674025,3123,2714,13:11:10.811074
126.675881,2971,2581,13:11:10.811074
126.67774,3200,2981,13:11:10.811074
126.679596,3059,2986,13:11:10.811074
126.681452,3084,2888,13:11:10.811074
126.683311,3058,2860,13:11:10.811074
126.685167,3032,3016,13:11:10.811074
126.687025,3215,2862,13:11:10.811074
126.688882,3207,2901,13:11:10.811074
126.690744,3221,3005,13:11:10.811074
126.6926,3216,3019,13:11:10.812073
126.694457,3239,2942,13:11:10.812073
126.696315,3281,3036,13:11:10.812073
126.698172,2943,2951,13:11:10.812073
126.70003,3166,2829,13:11:10.812073
126.701886,3382,2631,13:11:10.812073
126.703743,3505,2819,13:11:10.812073
126.705609,3018,2926,13:11:10.861085
126.707475,3301,2930,13:11:10.861085
126.709337,2914,2912,13:11:10.861085
126.71125,2683,2857,13:11:10.861085
126.713108,3222,2923,13:11:10.861085
126.714969,3199,2852,13:11:10.861085
126.716877,1423,2496,13:11:10.861085
126.718733,3019,2809,13:11:10.861085
126.720591,3137,2835,13:11:10.861085
126.72245,3091,3082,13:11:10.861085
126.724306,3208,2919,13:11:10.861085
126.726162,3001,2846,13:11:10.861085
126.728021,3221,3132,13:11:10.861085
126.729877,3009,2912,13:11:10.861085
126.731734,3153,2934,13:11:10.861085
126.733592,3199,2930,13:11:10.861085
126.735448,2933,2752,13:11:10.861085
126.737305,3009,3302,13:11:10.861085
126.739161,2944,2893,13:11:10.861085
126.741027,3042,3059,13:11:10.861085
126.742884,3090,3041,13:11:10.861085
126.74474,3123,2930,13:11:10.861085
126.746598,3170,2819,13:11:10.861085
126.748455,2907,2775,13:11:10.861085
126.750313,3227,2822,13:11:10.861085
126.752169,2851,2797,13:11:10.861085
126.754026,3090,2619,13:11:10.861085
126.75589,2899,3008,13:11:10.916709
126.757757,2977,2910,13:11:10.916709
126.759619,3398,2787,13:11:10.916709
126.761519,3314,3060,13:11:10.916709
126.76338,2947,3019,13:11:10.916709
126.765242,2932,2821,13:11:10.916709
126.767102,2395,2985,13:11:10.916709
126.76896,3105,2854,13:11:10.916709
126.77082,2937,3025,13:11:10.916709
126.772701,3117,2992,13:11:10.916709
126.774559,3250,3144,13:11:10.916709
126.776416,3038,2621,13:11:10.916709
126.778274,2864,2872,13:11:10.916709
126.78013,2792,3207,13:11:10.916709
126.781989,3136,2904,13:11:10.916709
126.783845,3007,2762,13:11:10.916709
126.785702,3206,2600,13:11:10.916709
126.78756,2979,2791,13:11:10.916709
126.789416,2971,2929,13:11:10.916709
126.791272,3063,2560,13:11:10.917702
126.793129,2936,3102,13:11:10.917702
126.794985,3056,2777,13:11:10.917702
126.796845,3046,3095,13:11:10.917702
126.798707,2881,2965,13:11:10.917702
126.800564,2953,2927,13:11:10.917702
126.80242,2856,2813,13:11:10.917702
126.804279,3026,3000,13:11:10.917702
126.806143,3112,2821,13:11:10.967257
126.808003,3005,2716,13:11:10.967257
126.809874,2821,2895,13:11:10.967257
126.811762,3006,2995,13:11:10.967257
126.813622,2817,2914,13:11:10.967257
126.815481,2986,2650,13:11:10.967257
126.817337,2643,2785,13:11:10.967257
126.819195,2746,2907,13:11:10.967257
126.821052,2917,2739,13:11:10.967257
126.82291,1329,2974,13:11:10.967257
126.82477,3119,3075,13:11:10.967257
126.826627,2882,2628,13:11:10.967257
126.828483,3109,2845,13:11:10.967257
126.830342,2985,2813,13:11:10.967257
126.8322,3082,2858,13:11:10.967257
126.834056,2990,3093,13:11:10.967257
126.835914,2923,2983,13:11:10.967257
126.837771,3114,2824,13:11:10.967257
126.839627,2841,2985,13:11:10.967257
126.841483,3174,2925,13:11:10.967257
126.84334,3103,3030,13:11:10.967257
126.845196,3098,3060,13:11:10.967257
126.847053,2863,3142,13:11:10.967257
126.848913,3024,3027,13:11:10.967257
126.850771,2775,2920,13:11:10.967257
126.852628,3023,2681,13:11:10.967257
126.854486,2970,2830,13:11:10.967257
126.85635,3205,2936,13:11:11.016936
126.858211,3121,2958,13:11:11.016936
126.860096,2947,3067,13:11:11.016936
126.861977,3067,2845,13:11:11.016936
126.863837,2996,2766,13:11:11.016936
126.865694,3155,3092,13:11:11.016936
126.86756,2828,3079,13:11:11.016936
126.86946,2868,3102,13:11:11.016936
126.871325,2508,3150,13:11:11.016936
126.873183,3245,2695,13:11:11.016936
126.875043,3200,3108,13:11:11.017925
126.8769,3133,2977,13:11:11.017925
126.878756,3046,2777,13:11:11.017925
126.880612,3065,3095,13:11:11.020926
126.882473,2962,2750,13:11:11.020926
126.884329,2979,2938,13:11:11.021925
126.886187,3322,3034,13:11:11.021925
126.888044,3283,3022,13:11:11.021925
126.8899,3105,3041,13:11:11.021925
126.891758,3105,2835,13:11:11.021925
126.893621,2951,2897,13:11:11.021925
126.895479,2946,2791,13:11:11.021925
126.897335,2972,2883,13:11:11.021925
126.899196,2886,2846,13:11:11.021925
126.901052,2929,2984,13:11:11.021925
126.902909,3310,3105,13:11:11.021925
126.904767,3168,2885,13:11:11.075195
126.906635,3098,2681,13:11:11.075195
126.908498,2997,2837,13:11:11.075195
126.910403,3151,3179,13:11:11.075195
126.912269,3138,2802,13:11:11.075195
126.914128,2943,3123,13:11:11.075195
126.915985,3175,2877,13:11:11.075195
126.917851,3232,3008,13:11:11.075195
126.919711,2966,2923,13:11:11.075195
126.921593,3069,3171,13:11:11.075195
126.92346,2998,2778,13:11:11.075195
126.925316,2941,3045,13:11:11.076211
126.927175,3212,3088,13:11:11.076211
126.929031,3211,3221,13:11:11.076211
126.930887,2945,3132,13:11:11.076211
126.932746,3173,3250,13:11:11.076211
126.934602,2899,3288,13:11:11.076211
126.93646,3110,3167,13:11:11.076211
126.938317,2703,2955,13:11:11.077210
126.940173,3109,2959,13:11:11.077210
126.942029,3216,2926,13:11:11.077210
126.943895,3121,3256,13:11:11.077210
126.945752,3123,2955,13:11:11.078202
126.947608,3223,2989,13:11:11.078202
126.949467,2980,2985,13:11:11.078202
126.951323,3170,2910,13:11:11.078202
126.95318,3018,3000,13:11:11.078202
126.955036,3233,3078,13:11:11.118289
126.956904,3180,3058,13:11:11.118289
126.958765,3106,3027,13:11:11.118289
126.960649,3241,3112,13:11:11.118289
126.962509,2972,2830,13:11:11.118289
126.964367,2985,2885,13:11:11.118289
126.966226,2857,2750,13:11:11.118289
126.968084,2945,2857,13:11:11.118289
126.969952,2567,2911,13:11:11.118289
126.971809,3159,3093,13:11:11.118289
126.973667,3089,3124,13:11:11.118289
126.97553,2866,3105,13:11:11.118289
126.977388,3075,2992,13:11:11.118289
126.979246,2474,2923,13:11:11.118289
126.981132,1162,2922,13:11:11.118289
126.983005,2732,2949,13:11:11.118289
126.984865,2934,3289,13:11:11.118289
126.986721,2960,3128,13:11:11.118289
126.988578,2971,3056,13:11:11.118289
126.990444,3098,3102,13:11:11.118289
126.992302,2997,3060,13:11:11.118289
126.994159,2970,3130,13:11:11.118289
126.996017,2998,3246,13:11:11.118289
126.997875,2927,2926,13:11:11.118289
126.999734,3008,3015,13:11:11.118289
127.00159,3068,3169,13:11:11.118289
127.003449,3056,2785,13:11:11.119281
127.005307,3002,2815,13:11:11.175029
127.007173,3264,2891,13:11:11.175029
127.009034,3070,2973,13:11:11.175029
127.010942,2694,2845,13:11:11.175029
127.012802,2753,2813,13:11:11.175029
127.01466,2982,3058,13:11:11.175029
127.016517,3163,2839,13:11:11.175029
127.018373,3016,3091,13:11:11.175029
127.020229,3094,3128,13:11:11.175029
127.022088,3030,3002,13:11:11.175029
127.023946,2876,3228,13:11:11.175029
127.025844,2778,3224,13:11:11.175029
127.027713,2993,3100,13:11:11.175029
127.029569,2979,3263,13:11:11.175029
127.031425,2792,2730,13:11:11.175029
127.033284,2876,3260,13:11:11.175029
127.035146,2972,3133,13:11:11.175029
127.037004,2898,2931,13:11:11.175029
127.038861,2976,3103,13:11:11.175029
127.040721,3088,3159,13:11:11.175029
127.042577,2959,3085,13:11:11.175029
127.044434,2823,3115,13:11:11.175029
127.046292,3084,3371,13:11:11.175029
127.048148,2846,3078,13:11:11.175029
127.050007,2768,2773,13:11:11.175029
127.051865,3107,3176,13:11:11.175029
127.053724,3135,2925,13:11:11.175029
127.055588,2875,3278,13:11:11.226598
127.057456,3049,3107,13:11:11.226598
127.059321,3194,3151,13:11:11.226598
127.061229,3038,3128,13:11:11.226598
127.063087,2833,3057,13:11:11.226598
127.064945,2920,3069,13:11:11.226598
127.066804,3038,2999,13:11:11.226598
127.068668,2785,3114,13:11:11.226598
127.070525,2866,3186,13:11:11.226598
127.072385,3015,3098,13:11:11.226598
127.074243,3066,3032,13:11:11.226598
127.076105,2931,3115,13:11:11.226598
127.077964,3161,3276,13:11:11.226598
127.07982,2961,3361,13:11:11.226598
127.081696,1892,2722,13:11:11.226598
127.083553,3032,3051,13:11:11.226598
127.08541,3175,3103,13:11:11.226598
127.087271,3113,3165,13:11:11.226598
127.089128,2867,2946,13:11:11.226598
127.090988,3174,3240,13:11:11.226598
127.092846,2974,3135,13:11:11.226598
127.094703,2879,2941,13:11:11.226598
127.096561,3193,3097,13:11:11.226598
127.098418,3021,2880,13:11:11.226598
127.100274,2861,3057,13:11:11.226598
127.10213,2867,2951,13:11:11.226598
127.103991,2765,3178,13:11:11.226598
127.105855,3289,2965,13:11:11.275929
127.107721,2930,2955,13:11:11.275929
127.109587,3048,3086,13:11:11.275929
127.111492,3106,3118,13:11:11.275929
127.113352,2886,3019,13:11:11.275929
127.11521,2632,2912,13:11:11.275929
127.117067,2706,3139,13:11:11.275929
127.118925,2823,3089,13:11:11.275929
127.120782,3073,3010,13:11:11.275929
127.122648,2759,3159,13:11:11.275929
127.124504,2176,3030,13:11:11.275929
127.126361,2994,2972,13:11:11.275929
127.128229,1821,3002,13:11:11.275929
127.130107,3174,3000,13:11:11.275929
127.131969,2664,3015,13:11:11.275929
127.133826,3021,3252,13:11:11.275929
127.135682,2902,2937,13:11:11.275929
127.137541,2821,3055,13:11:11.275929
127.139397,2737,3158,13:11:11.275929
127.141255,2986,3058,13:11:11.275929
127.143112,3165,3182,13:11:11.275929
127.144968,2774,3404,13:11:11.275929
127.146826,3012,3304,13:11:11.275929
127.14869,3089,2894,13:11:11.275929
127.150547,2971,3198,13:11:11.275929
127.152403,2993,2944,13:11:11.275929
127.154262,3013,3018,13:11:11.275929
127.156126,2982,3151,13:11:11.321867
127.157986,2844,3040,13:11:11.321867
127.159849,3236,2964,13:11:11.322849
127.161737,2942,3294,13:11:11.322849
127.163599,3095,3083,13:11:11.322849
127.165456,2876,3170,13:11:11.322849
127.167312,3131,3030,13:11:11.322849
127.169172,3289,3079,13:11:11.322849
127.171029,2838,2751,13:11:11.322849
127.172887,2781,3018,13:11:11.322849
127.174745,2805,3251,13:11:11.322849
127.176602,2613,3057,13:11:11.322849
127.17846,2799,3045,13:11:11.322849
127.180325,3180,3045,13:11:11.322849
127.182183,3148,3322,13:11:11.322849
127.184039,3208,3480,13:11:11.322849
127.185898,3643,3369,13:11:11.322849
127.187754,3098,2767,13:11:11.322849
127.18961,2423,2718,13:11:11.322849
127.191469,2490,2778,13:11:11.322849
127.193325,2442,2998,13:11:11.322849
127.195183,2686,3228,13:11:11.322849
127.19704,3340,3411,13:11:11.322849
127.198906,3766,3236,13:11:11.322849
127.200762,3226,3023,13:11:11.322849
127.202618,3046,3133,13:11:11.322849
127.204475,3172,3129,13:11:11.322849
127.206347,2940,3012,13:11:11.372855
127.208208,2482,2975,13:11:11.372855
127.210093,2838,2950,13:11:11.372855
127.211968,3131,3213,13:11:11.372855
127.213825,2911,2891,13:11:11.372855
127.215682,3219,3204,13:11:11.372855
127.217551,3233,3206,13:11:11.373791
127.21941,3052,3038,13:11:11.373791
127.221271,2641,3183,13:11:11.373791
127.223132,2651,3041,13:11:11.373791
127.224989,2679,2939,13:11:11.373791
127.226847,2289,3058,13:11:11.373791
127.228724,2001,2977,13:11:11.373791
127.230608,3023,2926,13:11:11.373791
127.232466,2753,2952,13:11:11.373791
127.234322,3081,2982,13:11:11.373791
127.23618,3165,3198,13:11:11.373791
127.238037,2990,3067,13:11:11.373791
127.239893,3024,2816,13:11:11.373791
127.241752,3144,3115,13:11:11.373791
127.243608,3009,2876,13:11:11.373791
127.245466,2814,3015,13:11:11.373791
127.247323,2974,2824,13:11:11.373791
127.249185,3189,3219,13:11:11.373791
127.251041,3086,3339,13:11:11.373791
127.252898,3195,2932,13:11:11.373791
127.254756,3257,3366,13:11:11.424662
127.25662,3270,3239,13:11:11.424662
127.258481,3250,2960,13:11:11.424662
127.260391,3064,3003,13:11:11.424662
127.262255,3107,2898,13:11:11.424662
127.264111,3157,3027,13:11:11.424662
127.265968,3027,3076,13:11:11.424662
127.267834,2734,2803,13:11:11.424662
127.26969,2644,3141,13:11:11.424662
127.271547,2688,2716,13:11:11.424662
127.273405,2677,2840,13:11:11.424662
127.275262,3081,3065,13:11:11.424662
127.277122,2989,3283,13:11:11.424662
127.278979,1418,3288,13:11:11.424662
127.280843,3454,3243,13:11:11.424662
127.282703,3462,3116,13:11:11.424662
127.284564,3479,4085,13:11:11.424662
127.286459,4817,3158,13:11:11.424662
127.288316,-728,-695,13:11:11.424662
127.290172,230,4830,13:11:11.424662
127.292028,8977,5552,13:11:11.424662
127.293887,2462,771,13:11:11.424662
127.295745,-1181,963,13:11:11.424662
127.297602,3742,6395,13:11:11.424662
127.299462,8669,3244,13:11:11.424662
127.301318,-2134,-484,13:11:11.424662
127.303175,1629,5125,13:11:11.424662
127.305033,8212,4927,13:11:11.476313
127.306909,1526,207,13:11:11.476313
127.30877,-1294,2536,13:11:11.476313
127.31066,6064,5819,13:11:11.476313
127.312526,5717,1761,13:11:11.476313
127.314382,-1361,1121,13:11:11.476313
127.316239,3301,5169,13:11:11.476313
127.318097,7081,4171,13:11:11.476313
127.319954,870,280,13:11:11.476313
127.32181,145,3244,13:11:11.476313
127.323668,5962,5189,13:11:11.476313
127.325529,3713,1373,13:11:11.476313
127.327387,-601,1636,13:11:11.476313
127.329243,4072,5454,13:11:11.476313
127.331108,5139,3478,13:11:11.476313
127.332966,682,1034,13:11:11.476313
127.334824,1651,4026,13:11:11.476313
127.336685,6525,4562,13:11:11.476313
127.338541,3165,1038,13:11:11.476313
127.340399,-290,2379,13:11:11.476313
127.342256,4808,4997,13:11:11.476313
127.344112,5387,2840,13:11:11.476313
127.34597,308,1270,13:11:11.476313
127.347833,2823,4503,13:11:11.476313
127.349691,5979,4045,13:11:11.476313
127.351547,2179,1413,13:11:11.476313
127.353408,861,3061,13:11:11.476313
127.355264,5139,4772,13:11:11.528462
127.35713,3763,1931,13:11:11.528462
127.358989,137,1652,13:11:11.528462
127.360896,3458,4535,13:11:11.528462
127.362809,5067,3304,13:11:11.528462
127.364666,1073,1685,13:11:11.528462
127.366522,1872,3975,13:11:11.528462
127.368384,5005,4171,13:11:11.528462
127.370241,2580,1823,13:11:11.528462
127.372097,794,2357,13:11:11.528462
127.373955,4206,4220,13:11:11.528462
127.375812,4082,2684,13:11:11.528462
127.377669,677,1598,13:11:11.528462
127.379526,2117,4231,13:11:11.528462
127.381418,4663,3914,13:11:11.528462
127.383291,1935,1733,13:11:11.528462
127.385149,1612,3066,13:11:11.528462
127.387008,4746,4337,13:11:11.528462
127.388866,3809,2426,13:11:11.528462
127.390728,945,2154,13:11:11.528462
127.392585,3387,4169,13:11:11.528462
127.394444,4632,3081,13:11:11.528462
127.396303,1514,1993,13:11:11.528462
127.39816,2161,3534,13:11:11.528462
127.400018,4883,3873,13:11:11.528462
127.401874,2997,2164,13:11:11.528462
127.403731,1561,2525,13:11:11.528462
127.405603,4129,4461,13:11:11.579487
127.407469,4322,2686,13:11:11.579487
127.40933,1643,1878,13:11:11.579487
127.411238,2645,3753,13:11:11.579487
127.413094,4621,3428,13:11:11.579487
127.414951,2197,2034,13:11:11.579487
127.416807,1638,2948,13:11:11.579487
127.418665,4068,3987,13:11:11.579487
127.420522,3500,2662,13:11:11.579487
127.422378,1407,2484,13:11:11.579487
127.424234,3252,3645,13:11:11.579487
127.426091,3869,3051,13:11:11.579487
127.427949,1592,2154,13:11:11.579487
127.429805,1644,3333,13:11:11.579487
127.43167,4040,3374,13:11:11.579487
127.433528,2883,2235,13:11:11.579487
127.43539,1136,2689,13:11:11.579487
127.437251,3605,3896,13:11:11.579487
127.439107,4063,2997,13:11:11.579487
127.440965,2165,2421,13:11:11.579487
127.442822,2928,3620,13:11:11.579487
127.444678,4189,3411,13:11:11.579487
127.446537,2961,2250,13:11:11.579487
127.448399,1994,2844,13:11:11.579487
127.450257,4047,3657,13:11:11.579487
127.452114,3372,2767,13:11:11.579487
127.453974,2060,2292,13:11:11.579487
127.455838,3428,3309,13:11:11.630264
127.457702,4212,3134,13:11:11.630264
127.459567,2451,2361,13:11:11.630264
127.461481,2356,3015,13:11:11.630264
127.463337,4095,3620,13:11:11.630264
127.465196,3094,2320,13:11:11.630264
127.467054,1889,2487,13:11:11.630264
127.468912,3340,3468,13:11:11.630264
127.470771,3671,3076,13:11:11.630264
127.472629,2342,2504,13:11:11.630264
127.474487,2661,3273,13:11:11.630264
127.476344,3535,3240,13:11:11.630264
127.478202,2574,2598,13:11:11.630264
127.480059,1781,3038,13:11:11.630264
127.481921,2997,3584,13:11:11.630264
127.483777,3508,2872,13:11:11.630264
127.485636,688,2458,13:11:11.630264
127.487494,3109,3523,13:11:11.630264
127.48935,3745,3023,13:11:11.630264
127.49121,2944,2479,13:11:11.630264
127.493097,2801,3178,13:11:11.630264
127.494953,3305,3212,13:11:11.630264
127.496812,3006,2647,13:11:11.630264
127.498673,2554,2627,13:11:11.630264
127.50053,2971,3294,13:11:11.630264
127.502387,3590,3052,13:11:11.630264
127.504245,2794,2553,13:11:11.630264
127.506105,2991,3085,13:11:11.680182
127.507966,3738,3311,13:11:11.680182
127.509832,3486,2608,13:11:11.680182
127.511722,2040,2863,13:11:11.680182
127.513588,3277,3452,13:11:11.680182
127.515449,3498,2720,13:11:11.680182
127.517308,2391,2649,13:11:11.680182
127.51917,3356,3364,13:11:11.680182
127.521028,3459,3239,13:11:11.680182
127.522886,2958,2566,13:11:11.680182
127.524743,2298,3096,13:11:11.680182
127.526599,3410,3075,13:11:11.680182
127.528457,2742,2599,13:11:11.680182
127.530317,2489,2828,13:11:11.680182
127.532174,3593,3146,13:11:11.680182
127.53403,2897,2806,13:11:11.680182
127.535895,1254,2449,13:11:11.680182
127.537753,3095,3063,13:11:11.680182
127.539609,3264,3297,13:11:11.680182
127.541468,2973,2605,13:11:11.680182
127.543324,3006,2658,13:11:11.680182
127.545182,3462,3051,13:11:11.680182
127.547039,3256,2886,13:11:11.680182
127.548895,2872,2522,13:11:11.680182
127.550753,2976,3231,13:11:11.680182
127.552619,3471,3016,13:11:11.680182
127.554476,2916,2784,13:11:11.680182
127.556341,2676,2992,13:11:11.732602
127.558203,3126,2972,13:11:11.732602
127.560089,3039,2620,13:11:11.732602
127.561969,2794,2710,13:11:11.732602
127.563828,2900,2927,13:11:11.732602
127.565684,3097,2866,13:11:11.732602
127.567542,2742,2842,13:11:11.732602
127.569403,2859,2921,13:11:11.732602
127.571267,3210,2965,13:11:11.732602
127.573123,2330,2944,13:11:11.732602
127.57498,2816,2906,13:11:11.732602
127.576838,2972,3027,13:11:11.732602
127.578695,3303,2652,13:11:11.732602
127.580551,2379,2863,13:11:11.732602
127.582412,2593,3151,13:11:11.732602
127.584274,3056,2625,13:11:11.732602
127.586156,1480,2655,13:11:11.732602
127.58802,3013,2940,13:11:11.732602
127.58988,3232,3098,13:11:11.732602
127.591757,2858,2631,13:11:11.732602
127.593613,3022,3015,13:11:11.732602
127.595471,3012,2829,13:11:11.732602
127.597328,3205,2864,13:11:11.732602
127.599184,2824,2640,13:11:11.732602
127.601042,3024,2966,13:11:11.732602
127.602902,3596,2918,13:11:11.732602
127.604759,3159,2654,13:11:11.783938
127.606628,2909,2883,13:11:11.783938
127.608492,3376,3123,13:11:11.783938
127.61039,3464,2668,13:11:11.783938
127.612254,2693,2813,13:11:11.783938
127.614113,2936,3170,13:11:11.783938
127.615969,3435,2933,13:11:11.783938
127.617825,2890,2708,13:11:11.783938
127.619684,2413,2879,13:11:11.783938
127.62155,3022,2992,13:11:11.783938
127.623406,2643,2739,13:11:11.783938
127.625263,2884,2844,13:11:11.783938
127.627121,3129,2852,13:11:11.783938
127.628977,3090,2710,13:11:11.783938
127.630834,2762,2741,13:11:11.783938
127.632692,2653,2962,13:11:11.783938
127.634549,2755,3039,13:11:11.783938
127.636407,3097,2723,13:11:11.783938
127.638265,777,2985,13:11:11.783938
127.640165,3164,2997,13:11:11.783938
127.642024,3125,3063,13:11:11.783938
127.64388,2688,2984,13:11:11.783938
127.645738,3252,2711,13:11:11.783938
127.647595,3107,2835,13:11:11.783938
127.649453,2795,2752,13:11:11.783938
127.65131,3107,2952,13:11:11.783938
127.653166,2953,2934,13:11:11.783938
127.655024,3123,2670,13:11:11.835842
127.656897,2972,2994,13:11:11.835842
127.658757,3248,3120,13:11:11.835842
127.660677,3062,3027,13:11:11.835842
127.662533,2645,2902,13:11:11.835842
127.664392,3057,2970,13:11:11.835842
127.666248,3188,3036,13:11:11.835842
127.66811,2923,2939,13:11:11.835842
127.669969,2909,2739,13:11:11.835842
127.671833,3216,2764,13:11:11.835842
127.673689,2946,3006,13:11:11.835842
127.675546,3025,2756,13:11:11.835842
127.677404,2624,3005,13:11:11.835842
127.679261,2814,2910,13:11:11.835842
127.681117,2579,2783,13:11:11.835842
127.682975,3118,2686,13:11:11.835842
127.684836,3025,2867,13:11:11.835842
127.686698,2785,2723,13:11:11.835842
127.688554,2472,3064,13:11:11.835842
127.690413,3214,2965,13:11:11.835842
127.692269,3109,3132,13:11:11.835842
127.694126,3331,2774,13:11:11.835842
127.695984,3209,3157,13:11:11.835842
127.69784,3080,3123,13:11:11.835842
127.699698,2986,3071,13:11:11.835842
127.701555,2973,3021,13:11:11.835842
127.703411,3267,3027,13:11:11.835842
127.705269,3289,2794,13:11:11.886114
127.707152,2972,2891,13:11:11.886114
127.709012,3138,3089,13:11:11.886114
127.710904,3037,2674,13:11:11.886114
127.712763,2827,2908,13:11:11.886114
127.714621,2752,2864,13:11:11.886114
127.716477,2768,2835,13:11:11.886114
127.718336,2664,2833,13:11:11.886114
127.720192,2574,3046,13:11:11.886114
127.722054,3235,2633,13:11:11.886114
127.723913,3139,2809,13:11:11.886114
127.725771,2703,3020,13:11:11.886114
127.727631,2727,2882,13:11:11.886114
127.729488,2697,3116,13:11:11.886114
127.731346,2906,2813,13:11:11.886114
127.733202,2384,2775,13:11:11.886114
127.735059,3051,2952,13:11:11.886114
127.736917,3106,2981,13:11:11.886114
127.738776,2685,2700,13:11:11.886114
127.740672,1428,2921,13:11:11.886114
127.742534,3285,2762,13:11:11.886114
127.74439,3062,2785,13:11:11.886114
127.746249,3136,3054,13:11:11.886114
127.748105,3252,2830,13:11:11.886114
127.749963,3179,2747,13:11:11.886114
127.75182,3058,2835,13:11:11.886114
127.75368,3144,3049,13:11:11.886114
127.75554,3166,2828,13:11:11.938079
127.757412,3108,2552,13:11:11.938079
127.759273,3342,2988,13:11:11.938079
127.761183,2932,2847,13:11:11.938079
127.76304,2644,2927,13:11:11.938079
127.764898,3078,2912,13:11:11.938079
127.766756,2608,2634,13:11:11.938079
127.768613,2878,2912,13:11:11.938079
127.770469,2677,2951,13:11:11.938079
127.772329,3414,2896,13:11:11.938079
127.774188,2674,3081,13:11:11.938079
127.776044,2840,2830,13:11:11.938079
127.777902,2669,2976,13:11:11.938079
127.779761,3181,2871,13:11:11.938079
127.781619,3088,2686,13:11:11.938079
127.783475,2717,2977,13:11:11.938079
127.785332,2793,2836,13:11:11.938079
127.78719,3357,2967,13:11:11.938079
127.789058,2854,2744,13:11:11.938079
127.790917,2699,3067,13:11:11.938079
127.792781,3021,2982,13:11:11.938079
127.794639,3331,2465,13:11:11.938079
127.796496,3175,2794,13:11:11.938079
127.798388,3022,2580,13:11:11.938079
127.800248,3066,2941,13:11:11.938079
127.802105,3139,2857,13:11:11.938079
127.803963,3016,2864,13:11:11.938079
127.805827,3194,2663,13:11:11.954477
127.807688,3139,2978,13:11:11.954477
127.80955,2872,2839,13:11:11.954477
127.811466,2955,3176,13:11:11.954477
127.813324,2809,2994,13:11:11.954477
127.815185,2803,2872,13:11:11.954477
127.817041,2734,2653,13:11:11.954477
127.818899,3236,3023,13:11:11.954477
127.820756,2868,2922,13:11:11.954477
127.822612,3030,2923,13:11:11.954477
127.824471,3112,2996,13:11:11.954477
127.826327,3033,2758,13:11:11.954477
127.828185,2880,2764,13:11:11.954477
127.830042,3260,2975,13:11:11.954477
127.8319,3075,2936,13:11:11.954477
127.83376,2987,2742,13:11:11.954477
127.835617,3025,2842,13:11:11.954477
127.837473,3289,2667,13:11:11.954477
127.839332,2882,3118,13:11:11.954477
127.84119,2934,2823,13:11:11.954477
127.843046,3043,3060,13:11:11.954477
127.844906,2808,2688,13:11:11.954477
127.846763,3256,2856,13:11:11.954477
127.848619,3098,2589,13:11:11.954477
127.850477,3209,2868,13:11:11.954477
127.852334,3189,2911,13:11:11.954477
127.854192,3110,2930,13:11:11.954477
127.856068,3235,2962,13:11:12.004636
127.857929,3337,2859,13:11:12.004636
127.859794,3307,2957,13:11:12.004636
127.861703,2976,2914,13:11:12.004636
127.863564,3246,2721,13:11:12.004636
127.86542,2840,2744,13:11:12.004636
127.867276,2931,2787,13:11:12.004636
127.869135,2768,2868,13:11:12.004636
127.870991,3272,2884,13:11:12.004636
127.872849,2979,2866,13:11:12.004636
127.874706,3534,2972,13:11:12.004636
127.876566,3423,2943,13:11:12.004636
127.878424,3292,2967,13:11:12.004636
127.880291,3057,2708,13:11:12.004636
127.882147,3333,2749,13:11:12.004636
127.884004,2888,2533,13:11:12.004636
127.885862,2739,3084,13:11:12.005642
127.887718,3118,2809,13:11:12.005642
127.889575,2923,2759,13:11:12.005642
127.891435,3073,2850,13:11:12.005642
127.893315,3353,2942,13:11:12.005642
127.895176,3247,2932,13:11:12.005642
127.897034,3266,2860,13:11:12.005642
127.89889,3111,2826,13:11:12.005642
127.900749,2935,2784,13:11:12.005642
127.902611,2862,2560,13:11:12.005642
127.904469,2925,2709,13:11:12.005642
127.906334,3251,2633,13:11:12.054601
127.908194,3332,2840,13:11:12.054601
127.910064,3476,2932,13:11:12.054601
127.911943,3337,3031,13:11:12.054601
127.913801,3514,2882,13:11:12.054601
127.915657,3217,3044,13:11:12.054601
127.917518,3282,2885,13:11:12.054601
127.919378,3077,2673,13:11:12.054601
127.921237,3193,2755,13:11:12.054601
127.923099,3076,2589,13:11:12.054601
127.924955,2900,2822,13:11:12.054601
127.926813,2923,2739,13:11:12.054601
127.92867,3040,2866,13:11:12.054601
127.930526,3315,3116,13:11:12.054601
127.932384,3263,2782,13:11:12.054601
127.934246,3328,3058,13:11:12.054601
127.936103,3105,2737,13:11:12.054601
127.93796,3124,2838,13:11:12.054601
127.939822,2863,2693,13:11:12.054601
127.941678,3221,2873,13:11:12.054601
127.943535,3267,3000,13:11:12.054601
127.945393,3176,2867,13:11:12.054601
127.947249,3214,3084,13:11:12.054601
127.949108,3332,2781,13:11:12.054601
127.950964,3071,2871,13:11:12.054601
127.952824,2869,2578,13:11:12.054601
127.954697,2927,2872,13:11:12.104655
127.956579,2908,2544,13:11:12.104655
127.958439,3153,2697,13:11:12.104655
127.960336,3122,2715,13:11:12.104655
127.962209,3130,2757,13:11:12.104655
127.964066,2968,2865,13:11:12.104655
127.965924,3338,3161,13:11:12.104655
127.967791,3408,2884,13:11:12.104655
127.969647,3633,3043,13:11:12.104655
127.971504,3589,3222,13:11:12.104655
127.973362,3284,2856,13:11:12.104655
127.975218,3225,2733,13:11:12.104655
127.977077,3178,2967,13:11:12.104655
127.978933,2847,2661,13:11:12.104655
127.980795,2764,2776,13:11:12.104655
127.982654,2939,2803,13:11:12.104655
127.98452,3279,2756,13:11:12.104655
127.986378,3191,2870,13:11:12.104655
127.988235,3496,3179,13:11:12.104655
127.990093,3406,2925,13:11:12.104655
127.991951,3146,2736,13:11:12.104655
127.993824,3171,3023,13:11:12.104655
127.995682,3218,2828,13:11:12.104655
127.997538,2748,2591,13:11:12.104655
127.999397,2935,2679,13:11:12.104655
128.001253,3508,3006,13:11:12.104655
128.003109,3006,2722,13:11:12.104655
128.004968,3431,3236,13:11:12.154656
128.006839,3427,3192,13:11:12.154656
128.008698,3161,3004,13:11:12.154656
128.010609,3500,2747,13:11:12.154656
128.012492,3308,3048,13:11:12.154656
128.014349,3207,2679,13:11:12.154656
128.016206,3180,2881,13:11:12.154656
128.018064,2946,2861,13:11:12.154656
128.01992,3265,2680,13:11:12.154656
128.021777,3188,2998,13:11:12.154656
128.023633,3210,2801,13:11:12.154656
128.025489,3056,3160,13:11:12.154656
128.027346,3074,2682,13:11:12.154656
128.029202,2820,2667,13:11:12.154656
128.031064,2801,2939,13:11:12.154656
128.032921,2783,2983,13:11:12.154656
128.034777,2844,3037,13:11:12.154656
128.036635,3436,2739,13:11:12.154656
128.038492,3277,3025,13:11:12.154656
128.04035,3495,3252,13:11:12.154656
128.042206,3481,3108,13:11:12.154656
128.044065,3415,2897,13:11:12.154656
128.045923,3087,2916,13:11:12.154656
128.04779,3289,2583,13:11:12.154656
128.049648,2880,2757,13:11:12.154656
128.051504,2960,2776,13:11:12.154656
128.053362,2969,2894,13:11:12.154656
128.055219,3077,2945,13:11:12.205912
128.057087,3158,2928,13:11:12.205912
128.058947,3411,2939,13:11:12.205912
128.060848,3058,2821,13:11:12.207910
128.062706,3163,2894,13:11:12.207910
128.064562,3460,3087,13:11:12.207910
128.066419,3008,2754,13:11:12.207910
128.068277,3046,2853,13:11:12.207910
128.070133,3225,2894,13:11:12.207910
128.071992,3341,2949,13:11:12.207910
128.073848,3323,3142,13:11:12.207910
128.075704,3690,2862,13:11:12.207910
128.077563,3198,2947,13:11:12.207910
128.079425,3608,3061,13:11:12.207910
128.081281,3177,2981,13:11:12.207910
128.083138,3338,3062,13:11:12.207910
128.084996,3125,2836,13:11:12.208913
128.086854,3041,2664,13:11:12.208913
128.088711,3135,2776,13:11:12.208913
128.090569,3077,2948,13:11:12.208913
128.092425,3146,2901,13:11:12.208913
128.094284,3096,2779,13:11:12.208913
128.096146,3188,2904,13:11:12.208913
128.098005,3367,3045,13:11:12.208913
128.099861,3506,3003,13:11:12.209925
128.101718,3429,2792,13:11:12.209925
128.103578,3132,2785,13:11:12.209925
128.105434,3337,2764,13:11:12.254647
128.107298,3020,2954,13:11:12.254647
128.109167,3470,2531,13:11:12.254647
128.111095,3243,2752,13:11:12.254647
128.112959,2653,2956,13:11:12.254647
128.114815,3069,3036,13:11:12.254647
128.116672,3043,2784,13:11:12.254647
128.118528,3019,2622,13:11:12.254647
128.120385,3191,2969,13:11:12.254647
128.122243,3115,3042,13:11:12.254647
128.124099,3198,2896,13:11:12.254647
128.125957,3358,3013,13:11:12.254647
128.127814,3357,2874,13:11:12.254647
128.12967,3574,3060,13:11:12.254647
128.131528,3358,2787,13:11:12.254647
128.133385,3156,3225,13:11:12.254647
128.135243,3342,2794,13:11:12.254647
128.1371,3458,2795,13:11:12.254647
128.138962,3375,2973,13:11:12.254647
128.140818,3371,3034,13:11:12.254647
128.142675,3375,3041,13:11:12.254647
128.144533,3182,2949,13:11:12.254647
128.146389,3095,2964,13:11:12.254647
128.148248,3108,2824,13:11:12.254647
128.150104,3042,2794,13:11:12.254647
128.15196,3087,2762,13:11:12.254647
128.153819,3188,2753,13:11:12.254647
128.155705,3040,2835,13:11:12.304674
128.157565,3201,2809,13:11:12.304674
128.159428,3529,2875,13:11:12.304674
128.161343,3219,2815,13:11:12.304674
128.1632,3186,2908,13:11:12.304674
128.165056,3286,2994,13:11:12.304674
128.166915,3224,2698,13:11:12.304674
128.168771,3319,2861,13:11:12.304674
128.170627,3314,2886,13:11:12.304674
128.172484,3161,3022,13:11:12.304674
128.17434,3162,3061,13:11:12.306413
128.176197,3284,2896,13:11:12.306413
128.178053,3214,2965,13:11:12.306413
128.179915,3322,3015,13:11:12.306413
128.181774,3213,2905,13:11:12.306413
128.18363,3004,2789,13:11:12.306413
128.185488,3348,2815,13:11:12.306413
128.187345,3222,2718,13:11:12.306413
128.189203,3235,2923,13:11:12.306413
128.191059,3200,3100,13:11:12.306413
128.19292,3388,2995,13:11:12.306413
128.194778,3543,2932,13:11:12.306413
128.196641,3370,2670,13:11:12.306413
128.198503,3076,2754,13:11:12.306413
128.200359,3320,2974,13:11:12.306413
128.202223,3454,2910,13:11:12.306413
128.20408,3306,2814,13:11:12.306413
128.205948,3093,3003,13:11:12.354325
128.207808,3277,2883,13:11:12.354325
128.209672,3286,2904,13:11:12.354325
128.211581,3129,2810,13:11:12.354325
128.213451,3330,2892,13:11:12.354325
128.215308,3079,2989,13:11:12.354325
128.217168,3023,2851,13:11:12.354325
128.219024,3470,2711,13:11:12.354325
128.220885,3314,2765,13:11:12.354325
128.222743,3321,2888,13:11:12.354325
128.2246,3163,2710,13:11:12.354325
128.226462,2998,3028,13:11:12.354325
128.228318,3355,2903,13:11:12.354325
128.230176,3171,2935,13:11:12.354325
128.232033,3501,2930,13:11:12.354325
128.233889,3234,2857,13:11:12.354325
128.235747,3229,2729,13:11:12.354325
128.237609,3229,2754,13:11:12.354325
128.239468,3163,2910,13:11:12.354325
128.241325,2928,2707,13:11:12.354325
128.243191,3051,2995,13:11:12.354325
128.245047,3347,2768,13:11:12.354325
128.246904,3354,2963,13:11:12.354325
128.248762,3299,2749,13:11:12.354325
128.250618,3385,2840,13:11:12.354325
128.252475,3276,3068,13:11:12.354325
128.254331,3287,2847,13:11:12.354325
128.256199,3078,2862,13:11:12.405252
128.25806,3335,2902,13:11:12.405252
128.259932,3253,2717,13:11:12.405252
128.261818,3263,2919,13:11:12.405252
128.263675,3250,3135,13:11:12.405252
128.265531,3086,2956,13:11:12.405252
128.267389,3276,2872,13:11:12.405252
128.269246,3302,2957,13:11:12.405252
128.271102,3161,3085,13:11:12.405252
128.272959,3016,3025,13:11:12.405252
128.274819,3229,3015,13:11:12.405252
128.276675,3178,3080,13:11:12.405252
128.278532,3238,2986,13:11:12.405252
128.28039,3257,3261,13:11:12.405252
128.282246,3071,3025,13:11:12.405252
128.284105,3251,2560,13:11:12.405252
128.285961,3178,2774,13:11:12.405252
128.287821,3142,3061,13:11:12.405252
128.28968,3309,2896,13:11:12.405252
128.291546,3245,2813,13:11:12.405252
128.293402,3209,2724,13:11:12.405252
128.295259,3434,2936,13:11:12.405252
128.297117,3270,2918,13:11:12.405252
128.298974,3355,2725,13:11:12.405252
128.300832,3106,2739,13:11:12.405252
128.30269,3135,2828,13:11:12.405252
128.304547,3060,3112,13:11:12.455090
128.306407,3213,2865,13:11:12.455090
128.308269,3317,3056,13:11:12.455090
128.310147,3333,2654,13:11:12.455090
128.31206,3099,2880,13:11:12.455090
128.313916,3193,2914,13:11:12.455090
128.315778,3247,2913,13:11:12.455090
128.317635,2969,3073,13:11:12.455090
128.319491,3019,3040,13:11:12.455090
128.321349,3417,2982,13:11:12.455090
128.323206,3218,2813,13:11:12.455090
128.325064,3183,2897,13:11:12.455090
128.326921,2927,3070,13:11:12.455090
128.328781,3132,2797,13:11:12.455090
128.330637,3081,2951,13:11:12.455090
128.332493,3238,2877,13:11:12.455090
128.334356,3026,2869,13:11:12.455090
128.336212,3146,2663,13:11:12.455090
128.338071,3220,3016,13:11:12.455090
128.339927,3108,2804,13:11:12.455090
128.341783,3097,2992,13:11:12.455090
128.343642,3219,3147,13:11:12.455090
128.345501,3382,2653,13:11:12.455090
128.347358,3291,2903,13:11:12.455090
128.349215,3072,3029,13:11:12.455090
128.351077,2938,2831,13:11:12.455090
128.352934,3331,2630,13:11:12.456080
128.354794,3295,2696,13:11:12.505546
128.356682,3370,2779,13:11:12.505546
128.358542,3292,2902,13:11:12.505546
128.36044,3368,2952,13:11:12.505546
128.362309,3094,3080,13:11:12.505546
128.364165,3280,3051,13:11:12.505546
128.366024,3492,2990,13:11:12.505546
128.36788,3396,2854,13:11:12.505546
128.36974,3475,2911,13:11:12.505546
128.371597,3127,3043,13:11:12.505546
128.373456,3495,2916,13:11:12.505546
128.375313,3192,2956,13:11:12.505546
128.37717,3224,2782,13:11:12.505546
128.379028,3153,2805,13:11:12.505546
128.380885,3037,2907,13:11:12.505546
128.382741,3087,2923,13:11:12.505546
128.384599,3187,3110,13:11:12.505546
128.38646,3145,2829,13:11:12.505546
128.388318,3252,3009,13:11:12.505546
128.390174,3335,2946,13:11:12.505546
128.392035,3415,3289,13:11:12.505546
128.393891,3256,3010,13:11:12.505546
128.395747,3292,3032,13:11:12.505546
128.397606,3140,2744,13:11:12.505546
128.399462,3283,2990,13:11:12.505546
128.40132,3081,2725,13:11:12.505546
128.403177,3157,2852,13:11:12.506555
128.405055,3046,2820,13:11:12.554488
128.406923,3350,2637,13:11:12.554488
128.408784,2996,2824,13:11:12.554488
128.410678,3168,2983,13:11:12.554488
128.41254,3258,2900,13:11:12.554488
128.414397,3048,2992,13:11:12.554488
128.416255,3000,3037,13:11:12.554488
128.418111,3079,3151,13:11:12.554488
128.41997,3284,3059,13:11:12.554488
128.421826,3095,2980,13:11:12.554488
128.423686,3031,2753,13:11:12.554488
128.425543,3065,2832,13:11:12.554488
128.4274,3329,2797,13:11:12.554488
128.429262,3158,2921,13:11:12.556479
128.431118,3247,2996,13:11:12.556479
128.432976,3304,3023,13:11:12.556479
128.434835,3159,2828,13:11:12.556479
128.436691,3121,2844,13:11:12.556479
128.438547,2814,2858,13:11:12.556479
128.440406,3139,3049,13:11:12.556479
128.442264,2992,2960,13:11:12.556479
128.44412,3104,2995,13:11:12.556479
128.445981,3255,3272,13:11:12.556479
128.447837,3122,2642,13:11:12.556479
128.449694,3182,2781,13:11:12.556479
128.451552,2975,2933,13:11:12.556479
128.453408,3183,2964,13:11:12.556479
128.455267,3091,3084,13:11:12.605678
128.457129,3299,2779,13:11:12.605678
128.458989,3179,2685,13:11:12.605678
128.460892,3038,2970,13:11:12.605678
128.462826,2952,2921,13:11:12.605678
128.464682,3075,3049,13:11:12.605678
128.46654,3263,2773,13:11:12.605678
128.468397,3198,3012,13:11:12.605678
128.470253,3305,2753,13:11:12.605678
128.472109,3122,3220,13:11:12.605678
128.473968,3076,2716,13:11:12.605678
128.475826,3249,2953,13:11:12.605678
128.477683,3408,2801,13:11:12.605678
128.479543,3282,3009,13:11:12.605678
128.481399,3039,2947,13:11:12.605678
128.483257,3141,3007,13:11:12.605678
128.485114,3061,2925,13:11:12.605678
128.48697,3336,2867,13:11:12.605678
128.488829,3188,2836,13:11:12.605678
128.490689,3287,2918,13:11:12.605678
128.492547,3200,2921,13:11:12.605678
128.494404,3317,3100,13:11:12.605678
128.496264,3279,2788,13:11:12.605678
128.49812,3188,3014,13:11:12.605678
128.499977,3197,2814,13:11:12.605678
128.501835,3242,3137,13:11:12.605678
128.503691,3237,3086,13:11:12.605678
128.505552,3246,2650,13:11:12.654837
128.507418,3358,2805,13:11:12.654837
128.50928,3166,3108,13:11:12.654837
128.51119,3269,3099,13:11:12.654837
128.513101,3310,2878,13:11:12.654837
128.514957,3228,2990,13:11:12.654837
128.516815,2852,2985,13:11:12.654837
128.518672,3235,2860,13:11:12.654837
128.52053,3218,2921,13:11:12.654837
128.522387,3041,2875,13:11:12.654837
128.524243,3022,3203,13:11:12.654837
128.526099,3160,2876,13:11:12.654837
128.527956,2921,2956,13:11:12.654837
128.529814,3175,2600,13:11:12.654837
128.53167,2990,2769,13:11:12.654837
128.533527,3020,2781,13:11:12.654837
128.535383,3417,2590,13:11:12.654837
128.537239,2859,2954,13:11:12.654837
128.539096,3278,2819,13:11:12.654837
128.540951,3160,2831,13:11:12.654837
128.542808,3324,2687,13:11:12.654837
128.544665,3254,3035,13:11:12.654837
128.546523,3259,2839,13:11:12.655823
128.54838,3131,2902,13:11:12.655823
128.550236,3252,2937,13:11:12.655823
128.552094,3147,3014,13:11:12.655823
128.553954,3087,2653,13:11:12.655823
128.555817,3371,2859,13:11:12.710779
128.557678,3071,2920,13:11:12.710779
128.559563,3147,2968,13:11:12.710779
128.561492,2929,2905,13:11:12.710779
128.563348,3063,2723,13:11:12.710779
128.56521,3026,2672,13:11:12.711444
128.567069,3272,3083,13:11:12.711444
128.568935,3135,2912,13:11:12.711444
128.570791,3094,3127,13:11:12.711444
128.572648,3260,2887,13:11:12.711444
128.574506,3426,2770,13:11:12.711444
128.576362,3192,2989,13:11:12.711444
128.578219,3207,3230,13:11:12.711444
128.580077,3246,2832,13:11:12.711444
128.581933,3092,2892,13:11:12.711444
128.583794,2929,2671,13:11:12.711444
128.58565,2933,2732,13:11:12.711444
128.587513,2949,2702,13:11:12.711444
128.589369,3047,2848,13:11:12.711444
128.591225,3124,2995,13:11:12.711444
128.593084,3304,2911,13:11:12.711444
128.59494,3406,3211,13:11:12.711444
128.596798,3269,3027,13:11:12.711444
128.598655,3151,3202,13:11:12.711444
128.600511,3081,2869,13:11:12.711444
128.602369,3155,3039,13:11:12.711444
128.604233,3091,2916,13:11:12.711444
128.606094,3275,2634,13:11:12.754944
128.607954,3145,2805,13:11:12.754944
128.60983,2974,2927,13:11:12.754944
128.611725,3188,2805,13:11:12.754944
128.613582,3150,2869,13:11:12.754944
128.615456,3050,2899,13:11:12.754944
128.617312,3090,2917,13:11:12.754944
128.619168,3273,2910,13:11:12.754944
128.621025,3304,2689,13:11:12.754944
128.622882,3126,2698,13:11:12.754944
128.624739,3237,2887,13:11:12.754944
128.626596,3118,2855,13:11:12.754944
128.628454,3047,2994,13:11:12.754944
128.63031,2960,2779,13:11:12.754944
128.632167,3254,3116,13:11:12.754944
128.634025,3151,2784,13:11:12.754944
128.635881,3553,2857,13:11:12.754944
128.63774,3197,2828,13:11:12.755958
128.639596,3295,2799,13:11:12.755958
128.641459,2862,2835,13:11:12.755958
128.643315,3187,2901,13:11:12.755958
128.645171,3332,2689,13:11:12.755958
128.64703,3209,2720,13:11:12.755958
128.648886,3245,2936,13:11:12.755958
128.650744,3148,2802,13:11:12.755958
128.652601,3074,3040,13:11:12.755958
128.654457,3134,2904,13:11:12.755958
128.656325,3033,2959,13:11:12.805689
128.658186,3025,2905,13:11:12.805689
128.660068,3111,2868,13:11:12.805689
128.661972,2854,2754,13:11:12.805689
128.66384,2983,2808,13:11:12.805689
128.665697,3152,2891,13:11:12.805689
128.667553,2779,2985,13:11:12.805689
128.669411,3076,3033,13:11:12.805689
128.671268,3276,2747,13:11:12.805689
128.673124,3201,2846,13:11:12.805689
128.67498,3424,2656,13:11:12.805689
128.676837,3344,3006,13:11:12.805689
128.678693,3056,2682,13:11:12.805689
128.68055,3119,2870,13:11:12.805689
128.682412,3130,2867,13:11:12.805689
128.684268,3159,2825,13:11:12.805689
128.686125,3203,3138,13:11:12.805689
128.687983,3266,2903,13:11:12.805689
128.689839,3254,2893,13:11:12.805689
128.691698,3193,2973,13:11:12.805689
128.693554,3405,2639,13:11:12.805689
128.695416,2983,2842,13:11:12.805689
128.697275,3166,2828,13:11:12.805689
128.699138,3209,2986,13:11:12.805689
128.700997,3269,2408,13:11:12.805689
128.702856,3151,2940,13:11:12.805689
128.70472,3054,2881,13:11:12.858020
128.706583,3115,2731,13:11:12.858020
128.708444,3243,3039,13:11:12.858020
128.710369,3200,2951,13:11:12.858020
128.712233,2849,3063,13:11:12.858020
128.71409,3113,2723,13:11:12.858020
128.715962,3073,2786,13:11:12.858020
128.71784,3103,2927,13:11:12.858020
128.719716,3049,3055,13:11:12.859009
128.721573,3365,2725,13:11:12.859009
128.723429,3056,2944,13:11:12.859009
128.725288,3085,2806,13:11:12.859009
128.727144,3254,2798,13:11:12.859009
128.729002,3323,2891,13:11:12.859009
128.730859,3207,2980,13:11:12.859009
128.732715,3174,2934,13:11:12.859009
128.734573,2834,3046,13:11:12.859009
128.736434,3230,2805,13:11:12.859009
128.73829,3276,2795,13:11:12.859009
128.740146,3444,3028,13:11:12.859009
128.742005,3144,2797,13:11:12.859009
128.743861,3328,2825,13:11:12.859009
128.745717,3202,3155,13:11:12.859009
128.747576,3142,2741,13:11:12.859009
128.749432,3254,2677,13:11:12.859009
128.751289,3092,2775,13:11:12.859009
128.753145,3131,2748,13:11:12.859009
128.755011,3255,3260,13:11:12.911007
128.756885,2985,2912,13:11:12.911007
128.758745,3381,2737,13:11:12.911007
128.760634,3320,2835,13:11:12.911007
128.76249,3320,2900,13:11:12.911007
128.764369,2715,2938,13:11:12.911007
128.766239,3152,2740,13:11:12.911007
128.768095,3046,2876,13:11:12.911007
128.769954,3136,2768,13:11:12.911007
128.77181,2992,2953,13:11:12.911007
128.773668,3258,3118,13:11:12.911007
128.775527,3121,2982,13:11:12.911007
128.777393,3401,2960,13:11:12.911007
128.779249,3340,2843,13:11:12.911007
128.781106,3230,2837,13:11:12.911007
128.782964,3075,2636,13:11:12.911007
128.78482,3184,2824,13:11:12.911007
128.786677,3021,2871,13:11:12.911007
128.788535,3231,2634,13:11:12.911007
128.790392,3022,2808,13:11:12.911007
128.79225,3033,3209,13:11:12.911007
128.794106,3257,2941,13:11:12.911007
128.795971,3335,3025,13:11:12.911007
128.797827,3249,3073,13:11:12.911007
128.799683,2920,2832,13:11:12.911007
128.801542,3141,3131,13:11:12.911007
128.803398,3259,3040,13:11:12.911007
128.805256,3198,2984,13:11:12.961242
128.807123,3207,3083,13:11:12.961242
128.808983,3371,3130,13:11:12.961242
128.810895,3208,2788,13:11:12.961242
128.812759,2860,2926,13:11:12.961242
128.814644,3013,3120,13:11:12.961242
128.81651,3558,2878,13:11:12.961242
128.818366,3540,3178,13:11:12.961242
128.820227,3298,2788,13:11:12.961242
128.822083,3236,3017,13:11:12.961242
128.823943,3102,2927,13:11:12.961242
128.825804,3446,3100,13:11:12.961242
128.827663,3216,2872,13:11:12.961242
128.829524,3191,2943,13:11:12.961242
128.831381,3290,3125,13:11:12.961242
128.833239,3275,3014,13:11:12.961242
128.835095,3296,3352,13:11:12.961242
128.836952,3432,2824,13:11:12.961242
128.83881,3335,3076,13:11:12.961242
128.840672,3180,2986,13:11:12.961242
128.842531,3190,3195,13:11:12.961242
128.844387,2906,2929,13:11:12.961242
128.846254,3144,3152,13:11:12.961242
128.84811,3050,2908,13:11:12.961242
128.849966,3235,3027,13:11:12.961242
128.851825,3144,3151,13:11:12.961242
128.853681,3308,3014,13:11:12.962245
128.855539,3049,3009,13:11:13.011957
128.857406,2971,2931,13:11:13.011957
128.859266,2989,2777,13:11:13.011957
128.861164,3062,3238,13:11:13.011957
128.86302,3102,2718,13:11:13.012956
128.864881,3100,3218,13:11:13.012956
128.866737,1502,2784,13:11:13.012956
128.868635,3232,3205,13:11:13.012956
128.870492,3241,2963,13:11:13.012956
128.872348,3470,3116,13:11:13.012956
128.874206,3152,3049,13:11:13.012956
128.876063,3169,3110,13:11:13.012956
128.877919,3293,3121,13:11:13.012956
128.879777,3070,3310,13:11:13.012956
128.881634,3126,2896,13:11:13.012956
128.883492,3067,3176,13:11:13.012956
128.885349,3211,2981,13:11:13.012956
128.887213,3262,2923,13:11:13.012956
128.889069,3404,3065,13:11:13.012956
128.890926,2918,2959,13:11:13.012956
128.892784,3281,3230,13:11:13.012956
128.89464,3143,3095,13:11:13.012956
128.896497,3377,3275,13:11:13.012956
128.898353,3037,3098,13:11:13.012956
128.900209,3184,2948,13:11:13.012956
128.902066,3255,3321,13:11:13.012956
128.903923,3135,3250,13:11:13.013957
128.90579,3261,3256,13:11:13.063952
128.907657,3108,3366,13:11:13.063952
128.909532,2994,3104,13:11:13.063952
128.911431,3108,3092,13:11:13.063952
128.913292,2972,2945,13:11:13.063952
128.915162,3007,3036,13:11:13.063952
128.917018,3055,3186,13:11:13.063952
128.918876,2220,2972,13:11:13.063952
128.920735,2895,3123,13:11:13.063952
128.922591,3017,3448,13:11:13.063952
128.924449,3468,2879,13:11:13.063952
128.926306,3211,2978,13:11:13.063952
128.928172,2997,3054,13:11:13.063952
128.930029,2992,2995,13:11:13.063952
128.931885,3062,3038,13:11:13.063952
128.933743,3312,3269,13:11:13.063952
128.9356,2973,3390,13:11:13.063952
128.937456,3026,3081,13:11:13.063952
128.939312,3125,3179,13:11:13.063952
128.941169,3053,3318,13:11:13.063952
128.943025,2850,3349,13:11:13.063952
128.944882,2929,3246,13:11:13.063952
128.946742,3152,3048,13:11:13.063952
128.948598,3091,3207,13:11:13.063952
128.950456,2992,3111,13:11:13.063952
128.952313,3195,3348,13:11:13.063952
128.954169,3039,3236,13:11:13.063952
128.956053,3039,3106,13:11:13.115348
128.957914,3238,3142,13:11:13.115348
128.959782,2982,3497,13:11:13.115348
128.96169,2909,3318,13:11:13.115348
128.963549,3046,3135,13:11:13.115348
128.965405,2950,3073,13:11:13.115348
128.967261,3073,3170,13:11:13.115348
128.969143,3437,3189,13:11:13.115348
128.971016,3091,3215,13:11:13.115348
128.972876,3274,3439,13:11:13.115348
128.974732,3458,3072,13:11:13.115348
128.976589,3423,3320,13:11:13.115348
128.978455,3428,3073,13:11:13.115348
128.980311,3162,3226,13:11:13.115348
128.982168,3059,3299,13:11:13.115348
128.98403,3420,3352,13:11:13.115348
128.985887,3305,3041,13:11:13.115348
128.987745,3179,3316,13:11:13.115348
128.989601,3220,3556,13:11:13.115348
128.991458,3185,2902,13:11:13.115348
128.993316,3277,3111,13:11:13.115348
128.995175,3253,3161,13:11:13.115348
128.997033,3179,3049,13:11:13.115348
128.998889,2979,2947,13:11:13.115348
129.000747,3058,3079,13:11:13.115348
129.002604,3023,2986,13:11:13.115348
129.00446,3170,3231,13:11:13.115348
129.006324,3292,3316,13:11:13.165675
129.008185,3354,3265,13:11:13.165675
129.010073,3067,3209,13:11:13.165675
129.011957,3234,2955,13:11:13.165675
129.013823,3081,3149,13:11:13.165675
129.01568,2821,3108,13:11:13.165675
129.017541,3136,3030,13:11:13.165675
129.019405,3250,3064,13:11:13.165675
129.021261,1318,2813,13:11:13.165675
129.023121,3179,2847,13:11:13.165675
129.02498,3080,2992,13:11:13.165675
129.026836,3257,2745,13:11:13.165675
129.028726,2836,2814,13:11:13.165675
129.030583,3119,2722,13:11:13.165675
129.032439,3004,2816,13:11:13.165675
129.034297,3132,2902,13:11:13.165675
129.036154,3223,3034,13:11:13.165675
129.038012,3134,2814,13:11:13.166675
129.03987,3213,2902,13:11:13.166675
129.041727,3157,2915,13:11:13.166675
129.043583,3126,2875,13:11:13.166675
129.04544,3345,2825,13:11:13.166675
129.047298,2882,2963,13:11:13.166675
129.049154,3146,2675,13:11:13.166675
129.051013,2980,2886,13:11:13.166675
129.052871,3072,3040,13:11:13.166675
129.054729,3075,2756,13:11:13.216838
129.056594,3379,2581,13:11:13.216838
129.058454,3180,3013,13:11:13.216838
129.060357,2895,2761,13:11:13.216838
129.062221,2969,2954,13:11:13.216838
129.064079,3083,2684,13:11:13.216838
129.065937,2724,2845,13:11:13.216838
129.067797,3289,3026,13:11:13.216838
129.069654,2968,2892,13:11:13.216838
129.07151,1491,2651,13:11:13.216838
129.073378,2950,2809,13:11:13.216838
129.075237,2959,2906,13:11:13.216838
129.077094,3175,3070,13:11:13.216838
129.078951,2978,2971,13:11:13.216838
129.080808,3060,2957,13:11:13.216838
129.082666,2928,2638,13:11:13.216838
129.084522,2967,2919,13:11:13.216838
129.086379,3011,3001,13:11:13.216838
129.088237,2920,3010,13:11:13.216838
129.090094,3058,2978,13:11:13.216838
129.09195,3211,3351,13:11:13.216838
129.093806,3067,3221,13:11:13.216838
129.095671,3119,3272,13:11:13.216838
129.097527,3051,3249,13:11:13.216838
129.099383,3134,3225,13:11:13.216838
129.101242,2956,3276,13:11:13.216838
129.103098,2705,3485,13:11:13.216838
129.104956,3067,3519,13:11:13.274074
129.106829,2967,3256,13:11:13.274074
129.108689,2991,3435,13:11:13.274074
129.110589,2882,3559,13:11:13.274074
129.112449,3158,3687,13:11:13.274074
129.114312,2910,4797,13:11:13.274074
129.116168,2973,3567,13:11:13.274074
129.118025,2996,3158,13:11:13.274074
129.119893,2840,3499,13:11:13.274074
129.121767,2781,3468,13:11:13.274074
129.123643,2274,3618,13:11:13.274074
129.1255,3247,3368,13:11:13.274074
129.127358,3114,3529,13:11:13.274074
129.129216,2677,3409,13:11:13.274074
129.131073,2841,3529,13:11:13.274074
129.132931,2839,3473,13:11:13.274074
129.134787,3086,3552,13:11:13.274074
129.136644,2989,3426,13:11:13.274074
129.138502,3094,3548,13:11:13.274074
129.140363,3255,3449,13:11:13.274074
129.142221,3170,3408,13:11:13.274074
129.144077,3111,3258,13:11:13.274074
129.145936,2920,3233,13:11:13.274074
129.147794,3140,3351,13:11:13.274074
129.14965,2992,3187,13:11:13.274074
129.151509,3069,3275,13:11:13.274074
129.153365,3007,3464,13:11:13.274074
129.155223,2993,3110,13:11:13.318994
129.157088,3144,3263,13:11:13.318994
129.158948,3118,3031,13:11:13.318994
129.160858,2870,3380,13:11:13.318994
129.162718,3067,3220,13:11:13.318994
129.164577,3032,3156,13:11:13.318994
129.166433,3032,3660,13:11:13.318994
129.16829,2977,3106,13:11:13.318994
129.170148,2988,3321,13:11:13.318994
129.172004,3087,3247,13:11:13.318994
129.173879,2931,3441,13:11:13.318994
129.175735,2983,3352,13:11:13.318994
129.177609,2955,3206,13:11:13.318994
129.179466,3279,3132,13:11:13.318994
129.181323,3020,3161,13:11:13.318994
129.18318,3126,3111,13:11:13.318994
129.185037,2940,3391,13:11:13.318994
129.186895,2941,3073,13:11:13.318994
129.188753,2757,3024,13:11:13.318994
129.19061,2775,3149,13:11:13.318994
129.192468,3139,3431,13:11:13.318994
129.194324,3151,3090,13:11:13.318994
129.196183,3020,3202,13:11:13.318994
129.198039,2969,3157,13:11:13.318994
129.199903,3114,3319,13:11:13.318994
129.201762,2952,3502,13:11:13.318994
129.20362,2924,3167,13:11:13.318994
129.205484,3023,3396,13:11:13.372746
129.207353,3082,3073,13:11:13.372746
129.209213,2814,3360,13:11:13.372746
129.211105,3038,3353,13:11:13.372746
129.212966,3079,3299,13:11:13.372746
129.214826,3027,3204,13:11:13.372746
129.216686,2954,3143,13:11:13.372746
129.218549,2842,3276,13:11:13.372746
129.220407,2564,3176,13:11:13.372746
129.222281,2712,3152,13:11:13.372746
129.224138,1703,3057,13:11:13.372746
129.225998,3192,3532,13:11:13.372746
129.227854,3261,3409,13:11:13.372746
129.229711,3145,3385,13:11:13.372746
129.231595,2917,3188,13:11:13.372746
129.233455,2953,3342,13:11:13.372746
129.235312,2727,3057,13:11:13.372746
129.23717,2731,3261,13:11:13.372746
129.239026,2823,3100,13:11:13.372746
129.240883,3083,3223,13:11:13.372746
129.242741,3058,3215,13:11:13.372746
129.244601,3172,3199,13:11:13.372746
129.24646,3263,3176,13:11:13.372746
129.248316,3338,3362,13:11:13.372746
129.250182,3081,3328,13:11:13.372746
129.252039,3042,3394,13:11:13.372746
129.253895,3061,3109,13:11:13.372746
129.255757,2733,3129,13:11:13.429380
129.257618,3006,3094,13:11:13.429380
129.25948,3033,3238,13:11:13.429380
129.261391,2980,3459,13:11:13.429380
129.263249,2791,3338,13:11:13.429380
129.265107,2992,3223,13:11:13.429380
129.266963,2908,3291,13:11:13.429380
129.268824,2769,3353,13:11:13.429380
129.27068,3000,3081,13:11:13.429380
129.272536,3026,3140,13:11:13.429380
129.274397,2233,3044,13:11:13.429380
129.276253,2975,3373,13:11:13.429380
129.278111,1549,3276,13:11:13.429380
129.279968,3194,3207,13:11:13.429380
129.281826,3136,3146,13:11:13.429380
129.283685,2983,3180,13:11:13.429380
129.285551,3036,3466,13:11:13.429380
129.287407,2935,3383,13:11:13.429380
129.289264,2991,3376,13:11:13.429380
129.291122,2963,3271,13:11:13.429380
129.292978,2913,3243,13:11:13.429380
129.294835,2910,3310,13:11:13.429380
129.296693,2904,3125,13:11:13.429380
129.298549,3273,3240,13:11:13.429380
129.300408,3217,3310,13:11:13.429380
129.302264,3132,3236,13:11:13.429380
129.304128,2894,3360,13:11:13.429380
129.306007,3070,3281,13:11:13.472739
129.307871,2964,3187,13:11:13.472739
129.309733,2952,3399,13:11:13.472739
129.311622,2676,3388,13:11:13.472739
129.313478,2857,3201,13:11:13.472739
129.315336,3184,3341,13:11:13.472739
129.317193,2969,3206,13:11:13.472739
129.319053,3181,2968,13:11:13.472739
129.320913,2759,3360,13:11:13.472739
129.322778,2875,3307,13:11:13.472739
129.32464,2592,3167,13:11:13.472739
129.3265,2469,3173,13:11:13.472739
129.328379,2889,3007,13:11:13.472739
129.330235,2972,3234,13:11:13.472739
129.332101,3069,3361,13:11:13.472739
129.333958,3052,3636,13:11:13.472739
129.335834,2021,3300,13:11:13.472739
129.33769,3327,3428,13:11:13.472739
129.339547,3038,3202,13:11:13.472739
129.341405,3161,3364,13:11:13.472739
129.343261,2958,2883,13:11:13.472739
129.345118,3164,3363,13:11:13.472739
129.346976,2919,3310,13:11:13.472739
129.348834,2984,3182,13:11:13.472739
129.350691,3073,3202,13:11:13.472739
129.352547,2951,3091,13:11:13.472739
129.354412,3091,3153,13:11:13.472739
129.356274,3163,3184,13:11:13.523617
129.358135,3137,3263,13:11:13.523617
129.360018,3247,2861,13:11:13.523617
129.361905,3022,3316,13:11:13.523617
129.363763,3040,3444,13:11:13.523617
129.365619,2994,3172,13:11:13.523617
129.36748,3095,3065,13:11:13.523617
129.36934,3028,3315,13:11:13.523617
129.371197,3058,3384,13:11:13.523617
129.373061,2395,3127,13:11:13.523617
129.374917,3109,3341,13:11:13.523617
129.376774,3193,3230,13:11:13.523617
129.378636,1138,3288,13:11:13.523617
129.38053,3108,3267,13:11:13.523617
129.382392,2942,3254,13:11:13.524615
129.384251,3220,3300,13:11:13.524615
129.386117,2892,3125,13:11:13.524615
129.387973,3303,3065,13:11:13.524615
129.38983,3149,3311,13:11:13.524615
129.391688,2927,3451,13:11:13.524615
129.393544,3103,3094,13:11:13.524615
129.395401,2903,3289,13:11:13.524615
129.397259,2862,3230,13:11:13.524615
129.399116,2676,3246,13:11:13.524615
129.400974,2796,3256,13:11:13.524615
129.402832,3217,3135,13:11:13.524615
129.404695,2955,3283,13:11:13.577685
129.406559,3172,3320,13:11:13.577685
129.408426,3194,3336,13:11:13.577685
129.410325,3069,3471,13:11:13.577685
129.412194,3106,3037,13:11:13.577685
129.41405,3191,3172,13:11:13.577685
129.415906,2969,3404,13:11:13.577685
129.417765,2747,3121,13:11:13.577685
129.419623,3036,3126,13:11:13.577685
129.421479,2960,3415,13:11:13.577685
129.423342,3150,3317,13:11:13.577685
129.425198,2884,3137,13:11:13.577685
129.427057,3174,3330,13:11:13.577685
129.428915,1987,3243,13:11:13.577685
129.430777,3010,3490,13:11:13.577685
129.432638,3210,3182,13:11:13.577685
129.434496,2873,3281,13:11:13.577685
129.436352,3095,3226,13:11:13.577685
129.438211,3131,3334,13:11:13.577685
129.440072,3237,3372,13:11:13.577685
129.441931,2856,3299,13:11:13.577685
129.443788,3117,3219,13:11:13.577685
129.445654,2977,3210,13:11:13.577685
129.44751,3038,3037,13:11:13.577685
129.449367,3364,3220,13:11:13.577685
129.451225,2884,3235,13:11:13.577685
129.453081,3127,3357,13:11:13.577685
129.454938,3137,3299,13:11:13.626706
129.456804,2949,3121,13:11:13.626706
129.458664,3092,3170,13:11:13.626706
129.460586,3280,3329,13:11:13.626706
129.462444,3162,3406,13:11:13.626706
129.464303,3219,3265,13:11:13.626706
129.466161,3221,3204,13:11:13.626706
129.468017,2704,3506,13:11:13.626706
129.469876,3002,3291,13:11:13.626706
129.471732,2222,3326,13:11:13.628565
129.473591,2979,3323,13:11:13.628565
129.475449,2876,3143,13:11:13.628565
129.477306,2688,3233,13:11:13.628565
129.479162,3324,3478,13:11:13.628565
129.48104,2925,3067,13:11:13.628565
129.482897,2000,3465,13:11:13.628565
129.484773,2933,2942,13:11:13.628565
129.486629,3317,3053,13:11:13.629565
129.488487,3093,3252,13:11:13.629565
129.490346,3150,3224,13:11:13.629565
129.492202,3168,3397,13:11:13.629565
129.494059,3421,3420,13:11:13.629565
129.495917,3225,3089,13:11:13.629565
129.497773,2628,3303,13:11:13.629565
129.49963,3110,3180,13:11:13.629565
129.501488,3181,3469,13:11:13.629565
129.503344,3421,3213,13:11:13.629565
129.505201,3101,3227,13:11:13.677378
129.507069,3067,3295,13:11:13.677378
129.508933,3152,3363,13:11:13.677378
129.510843,3069,3253,13:11:13.677378
129.512702,3022,3475,13:11:13.677378
129.514562,3066,3242,13:11:13.677378
129.516419,3099,3515,13:11:13.677378
129.518275,2983,3218,13:11:13.677378
129.520133,3074,3390,13:11:13.677378
129.52199,3094,3306,13:11:13.677378
129.52385,2797,3244,13:11:13.677378
129.525706,2781,3320,13:11:13.677378
129.527573,2527,3359,13:11:13.678455
129.529434,2728,3131,13:11:13.678455
129.531292,3135,3339,13:11:13.678455
129.533154,3053,3245,13:11:13.678455
129.53501,3279,3193,13:11:13.678455
129.536868,2852,3325,13:11:13.678455
129.538741,3109,3401,13:11:13.678455
129.540611,3128,3106,13:11:13.678455
129.542469,3424,3434,13:11:13.678455
129.544326,3129,3132,13:11:13.678455
129.546184,2997,3438,13:11:13.678455
129.54804,3147,3425,13:11:13.678455
129.549897,3018,3519,13:11:13.678455
129.551755,3158,3473,13:11:13.678455
129.553616,3012,3309,13:11:13.678455
129.555476,3204,3355,13:11:13.730438
129.557338,3070,3363,13:11:13.730438
129.559201,3025,3483,13:11:13.730438
129.56112,2595,3408,13:11:13.730438
129.563033,2994,3304,13:11:13.730438
129.564889,3167,3416,13:11:13.730438
129.566747,3273,3294,13:11:13.730438
129.56861,2748,3383,13:11:13.730438
129.570468,2758,3275,13:11:13.730438
129.572325,2343,3302,13:11:13.731354
129.574193,3311,3359,13:11:13.731354
129.576049,2705,3113,13:11:13.731354
129.577905,3180,3335,13:11:13.731354
129.579764,2885,3220,13:11:13.731354
129.58162,2418,3323,13:11:13.731354
129.583478,1419,3172,13:11:13.731354
129.585363,3055,2875,13:11:13.731354
129.587219,3260,3302,13:11:13.731354
129.589077,3392,3274,13:11:13.731354
129.590934,3224,3254,13:11:13.731354
129.592794,3301,3505,13:11:13.731354
129.59465,2906,3232,13:11:13.731354
129.596511,2955,2928,13:11:13.731354
129.598369,2881,3222,13:11:13.731354
129.600226,2995,3324,13:11:13.731354
129.602086,3242,3460,13:11:13.731354
129.603942,3253,3318,13:11:13.731354
129.605808,3057,3283,13:11:13.783820
129.607673,3255,3012,13:11:13.783820
129.609535,3048,3317,13:11:13.784818
129.611435,2944,3551,13:11:13.784818
129.613292,2970,3277,13:11:13.784818
129.61515,2932,3229,13:11:13.784818
129.617008,3083,3200,13:11:13.784818
129.618866,2961,3107,13:11:13.784818
129.620723,2954,3201,13:11:13.784818
129.622579,2738,3172,13:11:13.784818
129.624438,2613,3308,13:11:13.784818
129.626296,2791,3417,13:11:13.784818
129.628153,2521,3558,13:11:13.784818
129.630011,3156,3377,13:11:13.784818
129.63188,2716,3441,13:11:13.784818
129.633738,3103,3470,13:11:13.784818
129.635594,2403,3261,13:11:13.784818
129.637456,3247,3260,13:11:13.784818
129.639315,3065,3191,13:11:13.784818
129.641171,3124,3362,13:11:13.784818
129.643029,3000,3355,13:11:13.784818
129.644886,3148,3260,13:11:13.784818
129.646742,3149,3286,13:11:13.784818
129.648598,2985,3218,13:11:13.784818
129.650457,3085,3186,13:11:13.784818
129.652313,3091,3128,13:11:13.784818
129.654169,2976,3428,13:11:13.784818
129.65606,3047,3197,13:11:13.831763
129.65792,3140,3084,13:11:13.831763
129.65979,3195,3340,13:11:13.831763
129.661676,2948,3343,13:11:13.831763
129.663533,3060,3239,13:11:13.831763
129.665391,2988,3172,13:11:13.831763
129.667248,2803,3322,13:11:13.831763
129.669106,2826,3258,13:11:13.831763
129.670968,3020,3186,13:11:13.831763
129.67283,2945,3134,13:11:13.831763
129.674687,3286,3433,13:11:13.831763
129.676543,2943,3058,13:11:13.831763
129.678402,2972,3280,13:11:13.831763
129.680258,3197,3448,13:11:13.831763
129.682114,2826,3171,13:11:13.831763
129.683971,3304,3296,13:11:13.831763
129.685851,3068,3319,13:11:13.831763
129.687721,1713,3271,13:11:13.831763
129.689578,2782,3123,13:11:13.831763
129.691434,3150,3439,13:11:13.831763
129.693292,3288,3034,13:11:13.831763
129.69515,3196,3004,13:11:13.831763
129.697007,3415,3381,13:11:13.831763
129.698865,3305,2975,13:11:13.831763
129.700732,3378,3193,13:11:13.831763
129.702588,3175,3237,13:11:13.831763
129.704444,3390,3438,13:11:13.832952
129.706311,3046,3075,13:11:13.882464
129.708171,3088,3283,13:11:13.882464
129.710045,3119,3257,13:11:13.882464
129.711932,3086,3316,13:11:13.882464
129.713789,3071,3377,13:11:13.882464
129.715648,2957,3096,13:11:13.882464
129.717505,3189,3372,13:11:13.882464
129.719363,3135,3223,13:11:13.882464
129.721219,2972,3305,13:11:13.882464
129.723076,3105,3186,13:11:13.882464
129.724934,2559,3081,13:11:13.882464
129.726793,3255,3299,13:11:13.882464
129.728651,2700,3088,13:11:13.882464
129.730507,2988,3435,13:11:13.882464
129.732368,2587,3312,13:11:13.882464
129.73423,3084,3352,13:11:13.882464
129.736087,3148,3508,13:11:13.882464
129.737949,871,3314,13:11:13.882464
129.739811,3181,3055,13:11:13.882464
129.741669,3298,3332,13:11:13.882464
129.743529,3042,3136,13:11:13.882464
129.745414,3056,3297,13:11:13.882464
129.747274,3107,3219,13:11:13.882464
129.749131,3297,3295,13:11:13.882464
129.750989,3095,3231,13:11:13.882464
129.752845,3085,3090,13:11:13.882464
129.754702,3129,3385,13:11:13.941268
129.75657,3192,3264,13:11:13.941268
129.75843,3064,3345,13:11:13.941268
129.760324,3127,3330,13:11:13.941268
129.762199,3057,3336,13:11:13.941268
129.764054,2919,3149,13:11:13.941268
129.765911,3171,3327,13:11:13.941268
129.76777,3119,3312,13:11:13.941268
129.769628,2648,3044,13:11:13.941268
129.771484,3018,3374,13:11:13.941268
129.773341,3162,3297,13:11:13.941268
129.775199,3171,3311,13:11:13.941268
129.777059,3138,3383,13:11:13.941268
129.778916,3081,3301,13:11:13.941268
129.780774,2965,3418,13:11:13.941268
129.782633,2728,3180,13:11:13.941268
129.784489,2855,3085,13:11:13.941268
129.786345,3131,3198,13:11:13.941268
129.788204,1464,3308,13:11:13.941268
129.79006,3367,3316,13:11:13.941268
129.791916,3180,3041,13:11:13.941268
129.793775,3317,3068,13:11:13.941268
129.795637,3004,3211,13:11:13.941268
129.797493,3078,3361,13:11:13.941268
129.79935,3125,3137,13:11:13.941268
129.801208,3142,3273,13:11:13.941268
129.803064,3166,3369,13:11:13.941268
129.804923,3377,3393,13:11:13.987354
129.806795,3296,3414,13:11:13.987354
129.808655,3257,3132,13:11:13.987354
129.810562,2933,3495,13:11:13.987354
129.81242,3079,3286,13:11:13.987354
129.814284,3024,3123,13:11:13.987354
129.816141,2853,3265,13:11:13.987354
129.817997,3072,2975,13:11:13.988354
129.819855,2776,3257,13:11:13.988354
129.821712,2749,3393,13:11:13.988354
129.82357,3016,3231,13:11:13.988354
129.825426,3034,3106,13:11:13.988354
129.827283,2968,3218,13:11:13.988354
129.829141,2927,3450,13:11:13.988354
129.831005,2505,3131,13:11:13.988354
129.832864,2339,3056,13:11:13.988354
129.83472,2564,3240,13:11:13.988354
129.836582,3217,3320,13:11:13.988354
129.838459,2729,3247,13:11:13.988354
129.840317,3288,3451,13:11:13.988354
129.842181,3105,3507,13:11:13.988354
129.844066,3326,3342,13:11:13.988354
129.84593,2740,3265,13:11:13.988354
129.847786,1295,3127,13:11:13.988354
129.849653,3147,3224,13:11:13.988354
129.851509,2982,3097,13:11:13.988354
129.853365,2906,3318,13:11:13.988354
129.855224,3153,3435,13:11:14.035889
129.857096,3269,3412,13:11:14.035889
129.858956,3175,3266,13:11:14.035889
129.860847,2830,3248,13:11:14.035889
129.862703,3268,3245,13:11:14.035889
129.864567,2701,3112,13:11:14.035889
129.866424,2766,3184,13:11:14.035889
129.86828,2701,3431,13:11:14.035889
129.870138,3291,3091,13:11:14.035889
129.871995,2511,3243,13:11:14.035889
129.873853,3163,3139,13:11:14.035889
129.875709,3295,3204,13:11:14.035889
129.877566,3142,3225,13:11:14.035889
129.879424,3194,3090,13:11:14.035889
129.881288,3330,3224,13:11:14.035889
129.883145,3158,3304,13:11:14.035889
129.885001,2951,3147,13:11:14.035889
129.88686,3219,3260,13:11:14.036888
129.888716,3211,3130,13:11:14.036888
129.890572,3134,3303,13:11:14.036888
129.892431,3049,3316,13:11:14.036888
129.894295,1832,3326,13:11:14.036888
129.89617,2842,3147,13:11:14.036888
129.898034,3186,3093,13:11:14.036888
129.89989,3368,3150,13:11:14.036888
129.901748,3126,3156,13:11:14.036888
129.903608,3150,3581,13:11:14.036888
129.905467,3049,3415,13:11:14.087784
129.907337,3043,3262,13:11:14.087784
129.909201,2971,3329,13:11:14.087784
129.911098,2989,3405,13:11:14.087784
129.91296,3146,3369,13:11:14.087784
129.914818,3099,3305,13:11:14.087784
129.916675,3294,3215,13:11:14.087784
129.918531,3079,3385,13:11:14.087784
129.92039,3218,3149,13:11:14.087784
129.922247,2486,3231,13:11:14.087784
129.924104,2992,3182,13:11:14.087784
129.925961,2949,3180,13:11:14.087784
129.927819,2631,3121,13:11:14.087784
129.929675,3296,3257,13:11:14.087784
129.931542,2698,2807,13:11:14.087784
129.9334,3038,3198,13:11:14.088767
129.935256,3365,3263,13:11:14.088767
129.937115,3097,3224,13:11:14.088767
129.938977,3113,3128,13:11:14.088767
129.940835,2541,3001,13:11:14.088767
129.942698,3121,3058,13:11:14.088767
129.944558,3083,3087,13:11:14.088767
129.946416,2954,3332,13:11:14.088767
129.948273,3160,3201,13:11:14.088767
129.950131,3102,3418,13:11:14.088767
129.951988,3239,3392,13:11:14.088767
129.953846,3248,3352,13:11:14.088767
129.955708,3235,3017,13:11:14.105124
129.957577,3276,3159,13:11:14.105124
129.959439,3273,3335,13:11:14.105124
129.961349,2776,3257,13:11:14.105124
129.963207,2889,3265,13:11:14.105124
129.965066,3068,3091,13:11:14.105124
129.966922,2919,3416,13:11:14.105124
129.968788,3019,3185,13:11:14.105124
129.970645,3289,3202,13:11:14.105124
129.972501,3094,3147,13:11:14.105124
129.97436,2879,3217,13:11:14.105124
129.976218,2206,3009,13:11:14.105124
129.978076,3040,3542,13:11:14.105124
129.979933,2996,3091,13:11:14.105124
129.981793,2797,3100,13:11:14.105124
129.983649,3297,3246,13:11:14.105124
129.985517,3032,3459,13:11:14.105124
129.987378,3306,3331,13:11:14.105124
129.989234,3377,3126,13:11:14.105124
129.991099,3343,3296,13:11:14.105124
129.992983,1751,3524,13:11:14.105124
129.99485,3246,3177,13:11:14.105124
129.996708,3037,3195,13:11:14.105124
129.998564,3214,3317,13:11:14.105124
130.000426,3281,3174,13:11:14.105124
130.002283,3205,3185,13:11:14.105124
130.004139,3343,3173,13:11:14.105124
130.006001,3214,3278,13:11:14.154719
130.007862,3003,3249,13:11:14.154719
130.009724,3142,3280,13:11:14.154719
130.011626,3076,3212,13:11:14.154719
130.013489,3093,3423,13:11:14.155719
130.015345,3236,3263,13:11:14.155719
130.017201,2923,3428,13:11:14.155719
130.01906,3071,3401,13:11:14.155719
130.020916,3281,3204,13:11:14.155719
130.022772,3335,3166,13:11:14.155719
130.024631,3255,3368,13:11:14.155719
130.026488,3086,3319,13:11:14.155719
130.028348,3253,3129,13:11:14.155719
130.030204,3252,3503,13:11:14.155719
130.032066,3128,3292,13:11:14.155719
130.033923,3103,3238,13:11:14.155719
130.035781,3203,3171,13:11:14.157166
130.037639,3138,3297,13:11:14.157166
130.039496,3408,3397,13:11:14.157166
130.041354,3129,2931,13:11:14.157166
130.043245,3015,3426,13:11:14.157166
130.045105,3077,3326,13:11:14.157166
130.046963,3153,3316,13:11:14.157166
130.048825,3160,3174,13:11:14.157166
130.050684,3077,3256,13:11:14.157166
130.05254,3283,3178,13:11:14.157166
130.054396,3168,3289,13:11:14.157166
130.056259,3230,3363,13:11:14.204734
130.058119,3178,3399,13:11:14.204734
130.059997,3311,3427,13:11:14.204734
130.061882,3381,3361,13:11:14.205745
130.063738,2964,3369,13:11:14.205745
130.065596,3343,3313,13:11:14.205745
130.067453,2955,3163,13:11:14.205745
130.069309,2999,3399,13:11:14.205745
130.071166,2841,3137,13:11:14.206747
130.073026,3195,3310,13:11:14.206747
130.074882,2878,3225,13:11:14.206747
130.076739,3158,3706,13:11:14.206747
130.078597,3027,3528,13:11:14.206747
130.080453,3294,3161,13:11:14.206747
130.08231,3290,3479,13:11:14.206747
130.084166,3151,3416,13:11:14.206747
130.086022,3149,3395,13:11:14.206747
130.087879,3206,3353,13:11:14.207746
130.089736,3178,3446,13:11:14.207746
130.091597,3090,3294,13:11:14.207746
130.093454,3320,3269,13:11:14.207746
130.095314,3376,2953,13:11:14.207746
130.097171,3361,3353,13:11:14.207746
130.099027,2999,3441,13:11:14.207746
130.100885,3113,3295,13:11:14.207746
130.102742,3388,3398,13:11:14.207746
130.1046,3256,3399,13:11:14.254518
130.106464,3110,3273,13:11:14.254518
130.108325,3172,3304,13:11:14.254518
130.110224,3279,3385,13:11:14.254518
130.112141,3397,3314,13:11:14.254518
130.113997,2851,3232,13:11:14.254518
130.115856,3141,3387,13:11:14.254518
130.117718,3072,3562,13:11:14.254518
130.119574,3249,3215,13:11:14.254518
130.121431,3083,3252,13:11:14.254518
130.123289,3171,3324,13:11:14.254518
130.125145,3268,3358,13:11:14.254518
130.127002,3220,3617,13:11:14.254518
130.12886,2907,3359,13:11:14.255520
130.130717,2980,3364,13:11:14.255520
130.132575,3269,3380,13:11:14.255520
130.134431,3185,3251,13:11:14.255520
130.136296,3176,3380,13:11:14.255520
130.138152,3230,3233,13:11:14.255520
130.140008,3190,3316,13:11:14.255520
130.141867,3249,3387,13:11:14.255520
130.143727,3200,3406,13:11:14.255520
130.145585,3222,3578,13:11:14.255520
130.147442,3218,3279,13:11:14.255520
130.149298,3401,3474,13:11:14.255520
130.151156,3213,3115,13:11:14.255520
130.153016,3171,3220,13:11:14.255520
130.154875,2884,3285,13:11:14.304259
130.156757,2947,3188,13:11:14.304259
130.158616,3175,3044,13:11:14.304259
130.160516,3188,3235,13:11:14.304259
130.162396,3247,3660,13:11:14.304259
130.164258,3254,3128,13:11:14.304259
130.166115,3166,3205,13:11:14.304259
130.167971,3155,3347,13:11:14.304259
130.16983,3153,3441,13:11:14.304259
130.171686,3293,3492,13:11:14.304259
130.173544,3220,3329,13:11:14.304259
130.175401,3170,3301,13:11:14.304259
130.177263,3268,3460,13:11:14.304259
130.179121,3131,3606,13:11:14.305249
130.180978,3322,3498,13:11:14.305249
130.182838,3284,3190,13:11:14.305249
130.184694,3531,3094,13:11:14.305249
130.186553,3045,3283,13:11:14.305249
130.188409,3452,3418,13:11:14.305249
130.190265,3243,3443,13:11:14.305249
130.192124,2935,3199,13:11:14.305249
130.193985,3036,3367,13:11:14.305249
130.195845,3165,3489,13:11:14.305249
130.197701,3412,3264,13:11:14.305249
130.199565,3093,3403,13:11:14.305249
130.201422,3254,3237,13:11:14.305249
130.2033,3132,3517,13:11:14.305249
130.205164,3094,3074,13:11:14.354556
130.207036,3114,3612,13:11:14.354556
130.208897,3096,3325,13:11:14.354556
130.210803,3245,3252,13:11:14.354556
130.212663,2920,3457,13:11:14.354556
130.214522,3055,3442,13:11:14.354556
130.216378,3282,3268,13:11:14.354556
130.218234,3081,3225,13:11:14.354556
130.220091,3281,3442,13:11:14.354556
130.221948,3496,3622,13:11:14.354556
130.223811,3241,3441,13:11:14.354556
130.225668,3004,3512,13:11:14.354556
130.22753,3209,3385,13:11:14.354556
130.229386,3061,3371,13:11:14.354556
130.231243,3014,3313,13:11:14.354556
130.233101,3076,3129,13:11:14.354556
130.234957,3113,3248,13:11:14.354556
130.236816,3101,3399,13:11:14.354556
130.238672,3069,3419,13:11:14.354556
130.240533,3433,3347,13:11:14.354556
130.242391,3487,3330,13:11:14.354556
130.244248,3180,3163,13:11:14.354556
130.246114,3139,3335,13:11:14.354556
130.24797,3313,3279,13:11:14.354556
130.249828,3224,3391,13:11:14.354556
130.251685,3179,3348,13:11:14.354556
130.253541,3212,3319,13:11:14.354556
130.255399,3230,3419,13:11:14.405415
130.257264,3248,3420,13:11:14.405415
130.259125,3291,3540,13:11:14.405415
130.261032,3210,3635,13:11:14.405415
130.262907,3200,3212,13:11:14.405415
130.264763,3205,3330,13:11:14.405415
130.266619,3083,3370,13:11:14.405415
130.268478,3222,3212,13:11:14.405415
130.270334,3281,3451,13:11:14.405415
130.27219,3290,3289,13:11:14.405415
130.274047,3416,3392,13:11:14.405415
130.275903,3307,3462,13:11:14.405415
130.277763,3335,3197,13:11:14.405415
130.27962,3161,3381,13:11:14.405415
130.281484,3147,3082,13:11:14.405415
130.28334,3098,3388,13:11:14.405415
130.285197,3291,3358,13:11:14.405415
130.287055,3276,3340,13:11:14.405415
130.288911,3387,3488,13:11:14.405415
130.290768,3246,3478,13:11:14.405415
130.292624,3244,3502,13:11:14.405415
130.29448,3393,3303,13:11:14.405415
130.296337,3110,3533,13:11:14.405415
130.298194,3247,3407,13:11:14.405415
130.300056,3053,3378,13:11:14.405415
130.301912,3243,3626,13:11:14.405415
130.303774,3181,3278,13:11:14.405415
130.305643,3333,3444,13:11:14.455615
130.307507,3266,3294,13:11:14.455615
130.309368,3465,3553,13:11:14.455615
130.311275,3411,3428,13:11:14.455615
130.313132,3114,3189,13:11:14.455615
130.314988,3433,3537,13:11:14.455615
130.316852,3218,3401,13:11:14.455615
130.318709,3218,3146,13:11:14.455615
130.320565,2947,3330,13:11:14.455615
130.322423,3154,3290,13:11:14.455615
130.32428,3578,3356,13:11:14.455615
130.326136,3393,3385,13:11:14.457604
130.327992,3424,3595,13:11:14.457604
130.329849,3353,3278,13:11:14.459606
130.331705,3451,3496,13:11:14.459606
130.333562,3177,3464,13:11:14.459606
130.335424,3130,3357,13:11:14.459606
130.33728,3223,3469,13:11:14.459606
130.339137,3288,3440,13:11:14.459606
130.340995,3054,3330,13:11:14.459606
130.342853,3233,3671,13:11:14.459606
130.344712,3188,3531,13:11:14.459606
130.346568,3226,3188,13:11:14.459606
130.348432,3222,3278,13:11:14.459606
130.350289,3457,3331,13:11:14.459606
130.35215,3420,3395,13:11:14.459606
130.354009,3229,3321,13:11:14.459606
130.355874,3065,3343,13:11:14.505140
130.357734,3249,3639,13:11:14.505140
130.359606,3206,3407,13:11:14.505140
130.36153,2987,3290,13:11:14.505140
130.363389,3368,3474,13:11:14.505140
130.365245,3232,3697,13:11:14.505140
130.367101,3027,3403,13:11:14.505140
130.368962,3161,3552,13:11:14.505140
130.370818,3118,3335,13:11:14.505140
130.372677,3313,3404,13:11:14.505140
130.374533,3142,3316,13:11:14.505140
130.376391,3142,3364,13:11:14.505140
130.378248,3221,3347,13:11:14.505140
130.380104,3297,3327,13:11:14.505140
130.381962,3253,3466,13:11:14.505140
130.383819,3270,3582,13:11:14.505140
130.385677,3371,3276,13:11:14.505140
130.387533,3484,3353,13:11:14.505140
130.38939,3010,3171,13:11:14.505140
130.391248,2991,3367,13:11:14.505140
130.393109,3098,3365,13:11:14.505140
130.394967,3076,3268,13:11:14.505140
130.396825,3237,3234,13:11:14.505140
130.398683,3308,3244,13:11:14.505140
130.40054,3386,3403,13:11:14.505140
130.402396,3109,3362,13:11:14.505140
130.404255,3409,3364,13:11:14.505140
130.406121,3305,3224,13:11:14.554550
130.407981,3075,3415,13:11:14.554550
130.409845,3109,3407,13:11:14.554550
130.411772,2997,3280,13:11:14.554550
130.41363,2944,3301,13:11:14.554550
130.415486,3204,3291,13:11:14.554550
130.417349,3142,3473,13:11:14.554550
130.419205,3314,3339,13:11:14.554550
130.421061,3174,3389,13:11:14.554550
130.42292,3116,3490,13:11:14.554550
130.424776,3149,3249,13:11:14.554550
130.426632,3036,3456,13:11:14.554550
130.428489,3402,3564,13:11:14.554550
130.430345,3060,3333,13:11:14.554550
130.432201,3177,3188,13:11:14.554550
130.434058,3012,3265,13:11:14.554550
130.435918,3309,3354,13:11:14.554550
130.437775,3267,3431,13:11:14.554550
130.439633,3339,3381,13:11:14.554550
130.441489,3112,3292,13:11:14.554550
130.443346,3478,3352,13:11:14.554550
130.445204,3302,3740,13:11:14.554550
130.447064,3030,3149,13:11:14.554550
130.448923,3372,3395,13:11:14.554550
130.450783,3315,3345,13:11:14.554550
130.452642,3204,3271,13:11:14.554550
130.454524,3109,3306,13:11:14.604515
130.456388,3367,3351,13:11:14.604515
130.458248,3381,3216,13:11:14.604515
130.460124,3472,3334,13:11:14.604515
130.462003,3111,3241,13:11:14.604515
130.463861,3415,3306,13:11:14.604515
130.465717,3256,3649,13:11:14.604515
130.467576,3336,3217,13:11:14.604515
130.469432,3433,3152,13:11:14.604515
130.471295,3179,3398,13:11:14.604515
130.473151,3147,3275,13:11:14.604515
130.475007,3309,3420,13:11:14.604515
130.476868,3279,3348,13:11:14.604515
130.478724,3267,3200,13:11:14.604515
130.480582,3138,2984,13:11:14.604515
130.482439,3166,3176,13:11:14.604515
130.484295,3486,3186,13:11:14.604515
130.486153,3141,3534,13:11:14.604515
130.488014,3466,3479,13:11:14.604515
130.489874,3543,3270,13:11:14.604515
130.49173,3444,3106,13:11:14.604515
130.493589,3563,3238,13:11:14.604515
130.495444,3206,3184,13:11:14.604515
130.497301,3336,3240,13:11:14.604515
130.49916,2984,3061,13:11:14.604515
130.501016,3203,3229,13:11:14.604515
130.502876,3405,3305,13:11:14.604515
130.504733,3315,3217,13:11:14.655304
130.506601,3164,3439,13:11:14.655304
130.508462,3444,3398,13:11:14.656308
130.510373,3517,3561,13:11:14.656308
130.512238,3072,3272,13:11:14.656308
130.514106,3290,3180,13:11:14.656308
130.515963,3199,3234,13:11:14.656308
130.517823,3181,3350,13:11:14.656308
130.519679,3419,3580,13:11:14.656308
130.521538,3161,3252,13:11:14.656308
130.523394,3506,3551,13:11:14.656308
130.52525,3517,3355,13:11:14.656308
130.527109,3427,3437,13:11:14.656308
130.528965,3363,3255,13:11:14.656308
130.530828,3254,3315,13:11:14.656308
130.532684,3486,3503,13:11:14.656308
130.534542,3402,3220,13:11:14.658308
130.536399,2993,3214,13:11:14.658308
130.538255,3233,3467,13:11:14.658308
130.540113,3577,3384,13:11:14.658308
130.54197,3276,3612,13:11:14.658308
130.543828,3286,3468,13:11:14.658308
130.545684,3232,3069,13:11:14.658308
130.547551,3527,3223,13:11:14.658308
130.549407,3358,3345,13:11:14.658308
130.551263,2998,3107,13:11:14.658308
130.55313,3063,3263,13:11:14.658308
130.554986,3525,3192,13:11:14.706912
130.556852,3372,3457,13:11:14.706912
130.558713,3528,3405,13:11:14.706912
130.560629,3187,3226,13:11:14.706912
130.562489,3109,3470,13:11:14.707904
130.564346,3250,3400,13:11:14.707904
130.566208,3465,3260,13:11:14.707904
130.568064,3248,3283,13:11:14.707904
130.569921,3292,3318,13:11:14.707904
130.571783,3122,3121,13:11:14.707904
130.573639,3413,3425,13:11:14.708904
130.575498,3200,3546,13:11:14.708904
130.577354,3214,3152,13:11:14.708904
130.57921,3232,3171,13:11:14.708904
130.581069,3222,3251,13:11:14.708904
130.582928,3385,3213,13:11:14.708904
130.584785,3298,3099,13:11:14.708904
130.586642,3233,3248,13:11:14.708904
130.588504,3075,3366,13:11:14.708904
130.59036,3335,3332,13:11:14.708904
130.592217,3330,3097,13:11:14.708904
130.594075,3320,3376,13:11:14.708904
130.595931,3812,3355,13:11:14.708904
130.59779,3333,3417,13:11:14.708904
130.599646,3194,3340,13:11:14.708904
130.601507,3407,3314,13:11:14.708904
130.603363,3515,3312,13:11:14.708904
130.605219,3296,3216,13:11:14.758572
130.607092,3140,3149,13:11:14.758572
130.608952,3417,3180,13:11:14.758572
130.610874,3140,3220,13:11:14.758572
130.612734,3152,3320,13:11:14.758572
130.614591,3286,3206,13:11:14.758572
130.616449,3474,3069,13:11:14.758572
130.618307,3149,3221,13:11:14.758572
130.620164,3083,3204,13:11:14.758572
130.622022,3146,3330,13:11:14.758572
130.623879,3173,3410,13:11:14.758572
130.625737,3322,3037,13:11:14.758572
130.627593,3164,3197,13:11:14.758572
130.629451,3299,3377,13:11:14.758572
130.631308,3409,3096,13:11:14.758572
130.633164,3423,3381,13:11:14.758572
130.635022,3216,3152,13:11:14.758572
130.636879,3190,3257,13:11:14.758572
130.638735,3334,3512,13:11:14.758572
130.640592,3491,3426,13:11:14.758572
130.642456,3351,3311,13:11:14.758572
130.644312,3334,3226,13:11:14.758572
130.646169,3202,3196,13:11:14.758572
130.648027,3354,3306,13:11:14.759576
130.649883,3327,3589,13:11:14.759576
130.65174,3300,3272,13:11:14.759576
130.653596,3337,3176,13:11:14.759576
130.65546,3496,3243,13:11:14.805089
130.657331,3124,3197,13:11:14.805089
130.659192,3559,3268,13:11:14.805089
130.661089,3184,3075,13:11:14.805089
130.662948,3498,3326,13:11:14.805089
130.664839,2990,3311,13:11:14.805089
130.666704,3418,3171,13:11:14.805089
130.66856,3502,3223,13:11:14.805089
130.670421,3355,3198,13:11:14.805089
130.672277,3422,3171,13:11:14.805089
130.674133,3606,3236,13:11:14.805089
130.675992,3400,3315,13:11:14.805089
130.677848,3412,3243,13:11:14.805089
130.679706,3350,3239,13:11:14.805089
130.681563,3283,2997,13:11:14.805089
130.683423,3322,3150,13:11:14.805089
130.685282,3286,3396,13:11:14.805089
130.687148,3144,3515,13:11:14.805089
130.689004,3198,3373,13:11:14.805089
130.690861,3525,3241,13:11:14.806247
130.692719,3548,3147,13:11:14.806247
130.694575,3513,3295,13:11:14.806247
130.696432,3396,3279,13:11:14.806247
130.69829,3330,3393,13:11:14.806247
130.700146,3078,3167,13:11:14.806247
130.702003,3527,3347,13:11:14.806247
130.703859,3556,3316,13:11:14.806247
130.705725,3467,3215,13:11:14.854482
130.70759,3464,3065,13:11:14.854482
130.709455,3413,3249,13:11:14.854482
130.711366,3005,3114,13:11:14.854482
130.713282,3200,3198,13:11:14.854482
130.715139,3380,3068,13:11:14.854482
130.716995,3126,3332,13:11:14.854482
130.718853,3436,3203,13:11:14.854482
130.720712,3446,2776,13:11:14.854482
130.722568,3571,3245,13:11:14.854482
130.724424,3507,3019,13:11:14.854482
130.726283,3413,3293,13:11:14.854482
130.728139,3353,3000,13:11:14.854482
130.729997,3515,3361,13:11:14.854482
130.731856,3295,3142,13:11:14.854482
130.733712,3467,2994,13:11:14.854482
130.73557,3320,3200,13:11:14.854482
130.737431,3364,3158,13:11:14.854482
130.739287,3278,3204,13:11:14.854482
130.741143,3342,3129,13:11:14.854482
130.743002,3525,2902,13:11:14.854482
130.744858,3216,3092,13:11:14.854482
130.746714,3386,2914,13:11:14.854482
130.748573,3643,3345,13:11:14.854482
130.750429,3211,3135,13:11:14.854482
130.752285,3153,3083,13:11:14.854482
130.754142,3386,3329,13:11:14.854482
130.756022,3542,3066,13:11:14.905410
130.75789,3360,3190,13:11:14.905410
130.759755,3520,3344,13:11:14.905410
130.761659,3539,2995,13:11:14.905410
130.763515,3317,2989,13:11:14.905410
130.765378,3631,3345,13:11:14.905410
130.76724,3421,3151,13:11:14.905410
130.769112,3304,3339,13:11:14.905410
130.770971,3192,3143,13:11:14.905410
130.772827,3489,2807,13:11:14.905410
130.774683,3496,3062,13:11:14.905410
130.776542,3467,3138,13:11:14.905410
130.778399,3281,3228,13:11:14.905410
130.780258,3494,3265,13:11:14.905410
130.782115,3343,3091,13:11:14.905410
130.783981,3624,3117,13:11:14.905410
130.785837,3423,3083,13:11:14.905410
130.787694,3229,2972,13:11:14.905410
130.789552,3225,3402,13:11:14.905410
130.791408,3314,3026,13:11:14.905410
130.793265,3372,3024,13:11:14.905410
130.795121,3477,3080,13:11:14.905410
130.796977,3271,3230,13:11:14.905410
130.798834,3183,3140,13:11:14.905410
130.800691,3317,3170,13:11:14.905410
130.802552,3210,2974,13:11:14.905410
130.804409,3510,3142,13:11:14.956254
130.806275,3319,3178,13:11:14.956254
130.808136,3287,3280,13:11:14.956254
130.81001,3444,3016,13:11:14.956254
130.8119,3370,3117,13:11:14.956254
130.813756,3419,3217,13:11:14.956254
130.815617,3447,3141,13:11:14.956254
130.817473,3386,3139,13:11:14.956254
130.819329,3612,3324,13:11:14.956254
130.821188,3362,3183,13:11:14.956254
130.823044,3315,2962,13:11:14.956254
130.824902,3368,3171,13:11:14.956254
130.826761,3315,3140,13:11:14.956254
130.828617,3595,2949,13:11:14.956254
130.830475,3440,3123,13:11:14.956254
130.832336,3530,3177,13:11:14.956254
130.834192,3463,3085,13:11:14.956254
130.836048,3538,2857,13:11:14.956254
130.837907,3529,3106,13:11:14.956254
130.839763,3566,3140,13:11:14.956254
130.841619,3134,2886,13:11:14.956254
130.843478,3472,3134,13:11:14.956254
130.845334,3405,3052,13:11:14.956254
130.847191,3346,3004,13:11:14.956254
130.849047,3151,3099,13:11:14.956254
130.850913,3404,3059,13:11:14.956254
130.852772,3413,3024,13:11:14.956254
130.854628,3331,2845,13:11:15.008756
130.856494,3588,3063,13:11:15.008756
130.858355,3327,3206,13:11:15.008756
130.860253,3379,2948,13:11:15.008756
130.862153,3015,3217,13:11:15.008756
130.864023,3390,2951,13:11:15.008756
130.865882,3553,3246,13:11:15.008756
130.867738,3427,3139,13:11:15.008756
130.869594,3287,3174,13:11:15.008756
130.871453,3232,2983,13:11:15.008756
130.873309,3354,2894,13:11:15.008756
130.875165,3392,3288,13:11:15.008756
130.877022,3186,2694,13:11:15.008756
130.878888,3215,3006,13:11:15.008756
130.880744,3113,2991,13:11:15.008756
130.882601,3205,2898,13:11:15.008756
130.884459,3352,2791,13:11:15.008756
130.886315,3473,3081,13:11:15.008756
130.888174,3293,3144,13:11:15.008756
130.89003,3409,2938,13:11:15.008756
130.891886,3377,3028,13:11:15.008756
130.893743,3169,3075,13:11:15.008756
130.895606,3367,2831,13:11:15.008756
130.897463,3324,3082,13:11:15.008756
130.89932,3354,3285,13:11:15.008756
130.901178,3175,3089,13:11:15.008756
130.903034,3348,3063,13:11:15.008756
130.904891,3277,2952,13:11:15.059901
130.906763,3369,3092,13:11:15.059901
130.908623,3490,2737,13:11:15.059901
130.910514,3224,3139,13:11:15.059901
130.912374,3215,2925,13:11:15.059901
130.914233,3076,3057,13:11:15.059901
130.916119,2944,3011,13:11:15.059901
130.917975,3517,3194,13:11:15.059901
130.919837,3327,3025,13:11:15.059901
130.921694,3390,3062,13:11:15.059901
130.92355,3399,3010,13:11:15.059901
130.925408,3173,2976,13:11:15.059901
130.927265,3425,3256,13:11:15.059901
130.929123,3251,2928,13:11:15.059901
130.930979,3429,2904,13:11:15.059901
130.932842,3306,3158,13:11:15.059901
130.934698,3351,2958,13:11:15.059901
130.936555,3372,2864,13:11:15.059901
130.938415,3369,3061,13:11:15.059901
130.940271,3461,3078,13:11:15.059901
130.942129,3359,3160,13:11:15.059901
130.943986,3217,2898,13:11:15.059901
130.945844,3347,2968,13:11:15.059901
130.947702,3428,3062,13:11:15.059901
130.949561,2924,2921,13:11:15.059901
130.951419,3143,2930,13:11:15.059901
130.953275,3120,3079,13:11:15.059901
130.955136,3379,3037,13:11:15.111251
130.957004,3350,2877,13:11:15.111251
130.958864,3037,2833,13:11:15.111251
130.960759,3227,3045,13:11:15.111251
130.96262,3425,3050,13:11:15.111251
130.964477,3367,3025,13:11:15.111251
130.966336,2866,3051,13:11:15.111251
130.968192,3003,2759,13:11:15.111251
130.970078,3074,2977,13:11:15.111251
130.971935,3364,3409,13:11:15.111251
130.973799,3422,3062,13:11:15.111251
130.975657,3391,3088,13:11:15.111251
130.977514,3348,3110,13:11:15.111251
130.979378,3412,2961,13:11:15.111251
130.981234,3180,3122,13:11:15.111251
130.983093,3294,3033,13:11:15.111251
130.984957,3192,3102,13:11:15.111251
130.986813,3216,2994,13:11:15.111251
130.988672,3454,2998,13:11:15.111251
130.990528,3117,2895,13:11:15.111251
130.992386,3397,3227,13:11:15.111251
130.994243,3438,3368,13:11:15.111251
130.996101,3269,3120,13:11:15.111251
130.997957,3178,3017,13:11:15.111251
130.999814,3185,2890,13:11:15.111251
131.001672,3232,3011,13:11:15.111251
131.003528,3176,2980,13:11:15.111251
131.005387,3328,2969,13:11:15.161613
131.007251,3471,3174,13:11:15.161613
131.009111,3086,2963,13:11:15.161613
131.011012,2997,3125,13:11:15.161613
131.01287,3258,3114,13:11:15.161613
131.014728,3270,2968,13:11:15.161613
131.016614,3215,3123,13:11:15.161613
131.018492,3326,3201,13:11:15.161613
131.020351,3096,3222,13:11:15.161613
131.022208,3198,2814,13:11:15.161613
131.024074,3093,2963,13:11:15.161613
131.02593,3066,2972,13:11:15.161613
131.027787,3177,3018,13:11:15.161613
131.029645,3271,3065,13:11:15.161613
131.031501,3391,3164,13:11:15.161613
131.033358,2966,3041,13:11:15.161613
131.035214,3377,3027,13:11:15.161613
131.03707,3352,3067,13:11:15.161613
131.038927,3154,2887,13:11:15.161613
131.040794,3217,3081,13:11:15.161613
131.042653,3161,3169,13:11:15.161613
131.04451,3343,2897,13:11:15.161613
131.046368,3020,3018,13:11:15.161613
131.048224,3285,3031,13:11:15.161613
131.050081,3200,2978,13:11:15.161613
131.051939,3177,3151,13:11:15.161613
131.053798,3391,3032,13:11:15.161613
131.05566,3210,3261,13:11:15.213670
131.057524,3024,3010,13:11:15.213670
131.059386,2808,2728,13:11:15.213670
131.061287,2991,2926,13:11:15.213670
131.063143,2813,3082,13:11:15.213670
131.065009,3439,3032,13:11:15.213670
131.066868,3037,3206,13:11:15.213670
131.06873,3427,3263,13:11:15.213670
131.070588,3439,3388,13:11:15.213670
131.072449,3376,3024,13:11:15.213670
131.074327,3156,2636,13:11:15.213670
131.076191,3369,2896,13:11:15.213670
131.078048,2790,2857,13:11:15.213670
131.079904,3266,3127,13:11:15.213670
131.081762,3176,2859,13:11:15.213670
131.083621,3420,3061,13:11:15.213670
131.085477,3306,3199,13:11:15.213670
131.087343,3410,3322,13:11:15.213670
131.0892,3223,3105,13:11:15.213670
131.091056,3358,3065,13:11:15.213670
131.092914,3023,2775,13:11:15.213670
131.094771,3093,2899,13:11:15.213670
131.096629,3120,2944,13:11:15.214671
131.098486,3316,3189,13:11:15.214671
131.100342,3216,3059,13:11:15.214671
131.1022,3417,3100,13:11:15.214671
131.104064,3082,3295,13:11:15.214671
131.105937,3245,3135,13:11:15.267273
131.107799,3458,3072,13:11:15.267273
131.109663,2870,3122,13:11:15.267273
131.111552,2725,2912,13:11:15.267273
131.113408,3139,3238,13:11:15.267273
131.115266,3157,3104,13:11:15.267273
131.117123,3184,3178,13:11:15.267273
131.118979,3512,3126,13:11:15.267273
131.120839,3232,2938,13:11:15.267273
131.122699,3261,3388,13:11:15.267273
131.12456,3348,3120,13:11:15.267273
131.126416,3181,2930,13:11:15.267273
131.128275,3192,3170,13:11:15.267273
131.130131,3132,2926,13:11:15.267273
131.131988,3315,3037,13:11:15.267273
131.133846,3291,2968,13:11:15.267273
131.135708,3221,3120,13:11:15.267273
131.137567,3254,3655,13:11:15.267273
131.139423,3447,3234,13:11:15.267273
131.141289,3199,3006,13:11:15.267273
131.143146,3218,2969,13:11:15.267273
131.145002,3052,3238,13:11:15.267273
131.14686,3076,3191,13:11:15.267273
131.148717,3128,2883,13:11:15.267273
131.150575,3126,3084,13:11:15.267273
131.152431,2999,3205,13:11:15.267273
131.154288,3350,2973,13:11:15.267273
131.156156,3192,3098,13:11:15.316379
131.158017,3612,3069,13:11:15.316379
131.159889,3263,3155,13:11:15.316379
131.161773,3073,3045,13:11:15.316379
131.163631,3220,3024,13:11:15.316379
131.165492,3241,3178,13:11:15.316379
131.167353,3072,3001,13:11:15.316379
131.169213,2977,3054,13:11:15.316379
131.171088,2035,2995,13:11:15.316379
131.172953,3160,3199,13:11:15.316379
131.174815,3273,3096,13:11:15.316379
131.176672,3382,3184,13:11:15.316379
131.178528,3107,3168,13:11:15.316379
131.180384,3083,3022,13:11:15.316379
131.182249,3162,2788,13:11:15.316379
131.184105,3119,3107,13:11:15.316379
131.185961,3151,3109,13:11:15.316379
131.18782,3130,3366,13:11:15.316379
131.189676,3517,3067,13:11:15.316379
131.191533,3133,3233,13:11:15.316379
131.193389,3408,3164,13:11:15.316379
131.195245,3182,2933,13:11:15.316379
131.197102,3340,3167,13:11:15.316379
131.198962,3028,3022,13:11:15.317389
131.200822,3269,2967,13:11:15.317389
131.202679,3323,2984,13:11:15.317389
131.204537,2880,3228,13:11:15.317389
131.206399,3413,2948,13:11:15.366894
131.20826,3249,3285,13:11:15.366894
131.210138,3188,3262,13:11:15.366894
131.212022,3033,3108,13:11:15.366894
131.213881,3036,2960,13:11:15.366894
131.215737,3072,3194,13:11:15.366894
131.217595,2655,3085,13:11:15.366894
131.219454,2786,3326,13:11:15.366894
131.221312,3136,3056,13:11:15.366894
131.223174,2766,3142,13:11:15.366894
131.225063,3180,3157,13:11:15.366894
131.226919,3116,3148,13:11:15.366894
131.228777,3115,3100,13:11:15.366894
131.230634,3414,3060,13:11:15.366894
131.232492,3023,3142,13:11:15.366894
131.234348,3224,3095,13:11:15.366894
131.236205,3168,2985,13:11:15.366894
131.238061,2913,2984,13:11:15.366894
131.239918,3262,2937,13:11:15.366894
131.241778,3314,3051,13:11:15.366894
131.243634,3021,3068,13:11:15.366894
131.245492,2951,3121,13:11:15.366894
131.247349,3365,2998,13:11:15.366894
131.249205,3320,3018,13:11:15.366894
131.251063,3457,3033,13:11:15.366894
131.252924,3509,3076,13:11:15.366894
131.254782,3376,3130,13:11:15.418319
131.256643,3199,3100,13:11:15.418319
131.258505,3057,2945,13:11:15.418319
131.260412,3199,3001,13:11:15.418319
131.262271,3106,3231,13:11:15.418319
131.26413,3485,3162,13:11:15.418319
131.265986,3351,3226,13:11:15.418319
131.267844,3214,3061,13:11:15.418319
131.269705,3322,2981,13:11:15.418319
131.271564,3163,2932,13:11:15.418319
131.273429,2162,3032,13:11:15.418319
131.275286,3424,2910,13:11:15.418319
131.277154,3261,3252,13:11:15.418319
131.27901,2997,2433,13:11:15.418319
131.280867,3461,3149,13:11:15.418319
131.282725,3214,3046,13:11:15.418319
131.284581,3185,3033,13:11:15.418319
131.286438,3250,3193,13:11:15.418319
131.288294,3273,2806,13:11:15.418319
131.29015,3157,2986,13:11:15.418319
131.292007,3355,2967,13:11:15.418319
131.293874,3191,2992,13:11:15.418319
131.295731,3359,3097,13:11:15.418319
131.297588,3389,2989,13:11:15.418319
131.299449,3235,3368,13:11:15.418319
131.301306,3154,3145,13:11:15.418319
131.303163,3410,3460,13:11:15.418319
131.305021,3275,3214,13:11:15.477009
131.306903,3120,3088,13:11:15.477009
131.308764,3525,3176,13:11:15.477009
131.310668,3083,3299,13:11:15.477009
131.312524,3220,3245,13:11:15.477009
131.314381,3392,3128,13:11:15.477009
131.316239,3106,2813,13:11:15.477009
131.318095,3321,2963,13:11:15.477009
131.319952,3232,3159,13:11:15.477009
131.321808,3529,2874,13:11:15.477009
131.323676,3000,3248,13:11:15.477009
131.325553,3128,3287,13:11:15.477009
131.327411,2903,3198,13:11:15.477009
131.329267,3253,2847,13:11:15.477009
131.331124,3435,3163,13:11:15.477009
131.332982,2997,3324,13:11:15.477009
131.334842,3369,3001,13:11:15.477009
131.336701,3329,3426,13:11:15.477009
131.338557,3223,3225,13:11:15.477009
131.340423,3377,2962,13:11:15.477009
131.34228,3473,2830,13:11:15.477009
131.344136,3164,3149,13:11:15.477009
131.345994,3390,2996,13:11:15.477009
131.347853,3288,3258,13:11:15.477009
131.349711,3248,3220,13:11:15.477009
131.351567,3194,3391,13:11:15.477009
131.353424,3728,3108,13:11:15.477009
131.35528,3423,3214,13:11:15.522266
131.357153,3212,2735,13:11:15.522266
131.359013,3255,3073,13:11:15.522266
131.360911,3160,3329,13:11:15.522266
131.362767,3164,3309,13:11:15.522266
131.364626,3416,3362,13:11:15.522266
131.366482,3215,2881,13:11:15.522266
131.36834,3378,2907,13:11:15.522266
131.370197,3288,3242,13:11:15.522266
131.372059,3089,3156,13:11:15.522266
131.373924,3071,3217,13:11:15.522266
131.375802,3254,3026,13:11:15.522266
131.377658,3140,2837,13:11:15.522266
131.379518,3214,3091,13:11:15.522266
131.381383,3017,2980,13:11:15.522266
131.383247,2203,3021,13:11:15.522266
131.385103,3268,3010,13:11:15.522266
131.386964,3145,3162,13:11:15.522266
131.38882,3131,3042,13:11:15.522266
131.390678,2966,3123,13:11:15.522266
131.392535,3466,3086,13:11:15.522266
131.394391,3234,2979,13:11:15.522266
131.39625,3190,3174,13:11:15.522266
131.398112,2980,3108,13:11:15.522266
131.39997,3222,3120,13:11:15.522266
131.401827,3154,3353,13:11:15.522266
131.403687,3146,3278,13:11:15.522266
131.405545,3268,3059,13:11:15.570885
131.407406,3072,3134,13:11:15.570885
131.409268,3114,3081,13:11:15.573263
131.411186,2982,3136,13:11:15.573263
131.413042,3102,3143,13:11:15.573263
131.414901,2946,3100,13:11:15.573263
131.41676,2866,2849,13:11:15.573263
131.418617,3258,2917,13:11:15.573263
131.420474,2911,3115,13:11:15.573263
131.422336,3418,3238,13:11:15.573263
131.424193,2853,3196,13:11:15.573263
131.426049,2963,3272,13:11:15.573263
131.427947,2705,2798,13:11:15.573263
131.429805,3167,3215,13:11:15.573263
131.431666,3320,3270,13:11:15.573263
131.433522,3522,3239,13:11:15.573263
131.435379,3591,3277,13:11:15.573263
131.437237,3677,3192,13:11:15.573263
131.439093,3217,3125,13:11:15.573263
131.44095,3380,2984,13:11:15.573263
131.442808,3032,3105,13:11:15.573263
131.444664,3116,3051,13:11:15.573263
131.446523,3002,2741,13:11:15.573263
131.448386,3421,3389,13:11:15.573263
131.450243,3575,3385,13:11:15.573263
131.4521,3168,3233,13:11:15.573263
131.453958,3501,3345,13:11:15.573263
131.455816,3495,3207,13:11:15.623403
131.457677,2993,2777,13:11:15.623403
131.459542,3247,3522,13:11:15.623403
131.461449,3227,3441,13:11:15.623403
131.46331,3144,2916,13:11:15.623403
131.465172,3077,2989,13:11:15.623403
131.467034,3628,3492,13:11:15.624403
131.468891,2908,3070,13:11:15.624403
131.470747,2756,3254,13:11:15.624403
131.472605,3039,3230,13:11:15.624403
131.474464,2953,3006,13:11:15.624403
131.476324,2891,3216,13:11:15.624403
131.478184,1993,3377,13:11:15.624403
131.480041,3361,3112,13:11:15.624403
131.481899,3611,3026,13:11:15.624403
131.483756,3366,3181,13:11:15.624403
131.485612,3484,3334,13:11:15.624403
131.487468,3310,3209,13:11:15.624403
131.489325,3195,3095,13:11:15.624403
131.491183,3200,3215,13:11:15.624403
131.493039,3503,3291,13:11:15.624403
131.494898,3101,3032,13:11:15.624403
131.496754,3341,2915,13:11:15.624403
131.49861,3403,3182,13:11:15.624403
131.500469,3421,2945,13:11:15.624403
131.502332,3086,3309,13:11:15.624403
131.504191,3277,3205,13:11:15.624403
131.506076,3322,3310,13:11:15.675131
131.507938,3379,3232,13:11:15.675131
131.509808,3326,3096,13:11:15.675131
131.511691,3110,3007,13:11:15.675131
131.513549,3358,3167,13:11:15.675131
131.515405,3412,3217,13:11:15.675131
131.517262,2858,3169,13:11:15.675131
131.51912,3012,3175,13:11:15.675131
131.520982,3246,3292,13:11:15.675131
131.522839,3114,3350,13:11:15.675131
131.524695,3412,3350,13:11:15.675131
131.526553,2975,3164,13:11:15.675131
131.528435,3083,3108,13:11:15.675131
131.530304,1982,3254,13:11:15.675131
131.53216,3456,3143,13:11:15.675131
131.534017,3185,3227,13:11:15.675131
131.535875,3554,3434,13:11:15.675131
131.537731,3418,3342,13:11:15.675131
131.539588,3274,3271,13:11:15.675131
131.541449,3289,3214,13:11:15.675131
131.543306,3232,3356,13:11:15.675131
131.545165,3317,3133,13:11:15.675131
131.547021,3216,3001,13:11:15.675131
131.548879,3246,3238,13:11:15.675131
131.550738,3304,3176,13:11:15.675131
131.552594,3516,3297,13:11:15.675131
131.554453,3262,3091,13:11:15.675131
131.556321,3171,3464,13:11:15.727231
131.558183,3478,3188,13:11:15.727231
131.560057,3319,3125,13:11:15.727231
131.561956,3445,3504,13:11:15.727231
131.563816,3220,3278,13:11:15.727231
131.565672,3545,3233,13:11:15.727231
131.567529,3309,3177,13:11:15.727231
131.569385,3295,3109,13:11:15.727231
131.571242,2820,3359,13:11:15.727231
131.5731,3220,3154,13:11:15.727231
131.574956,2969,3242,13:11:15.727231
131.576815,3463,3225,13:11:15.727231
131.578677,3177,3271,13:11:15.727231
131.580533,2062,3206,13:11:15.727231
131.582392,3389,3167,13:11:15.727231
131.58425,3003,3259,13:11:15.727231
131.586108,3393,3290,13:11:15.727231
131.587996,3121,3385,13:11:15.727231
131.589853,3652,3411,13:11:15.727231
131.591711,3332,3332,13:11:15.727231
131.593574,3536,3331,13:11:15.727231
131.595432,3437,3198,13:11:15.727231
131.597288,3354,3471,13:11:15.727231
131.599147,3404,3093,13:11:15.727231
131.601003,3350,3174,13:11:15.727231
131.602859,3237,3182,13:11:15.727231
131.604718,3413,3066,13:11:15.779617
131.60658,3305,3656,13:11:15.779617
131.60844,4154,3556,13:11:15.779617
131.610346,3502,3367,13:11:15.779617
131.612211,2893,3211,13:11:15.779617
131.614073,2823,3333,13:11:15.779617
131.615929,2798,2769,13:11:15.779617
131.617788,2455,2971,13:11:15.779617
131.619646,2348,3549,13:11:15.779617
131.621503,3455,3302,13:11:15.779617
131.623361,2636,3357,13:11:15.779617
131.625218,3313,3542,13:11:15.779617
131.627076,3876,3538,13:11:15.779617
131.628932,2880,3297,13:11:15.779617
131.6308,3412,3240,13:11:15.779617
131.632659,2500,3349,13:11:15.779617
131.634515,3225,3207,13:11:15.779617
131.636373,3104,3242,13:11:15.779617
131.63823,3458,3639,13:11:15.779617
131.640088,3182,3220,13:11:15.779617
131.641944,3122,3252,13:11:15.779617
131.643803,3369,3471,13:11:15.779617
131.645661,3535,3137,13:11:15.779617
131.64752,3276,3146,13:11:15.779617
131.649378,3180,3376,13:11:15.779617
131.651234,3217,3189,13:11:15.779617
131.653092,3548,3517,13:11:15.779617
131.654949,3242,3496,13:11:15.834969
131.656821,3551,3333,13:11:15.834969
131.658681,3520,3216,13:11:15.834969
131.660586,3294,3181,13:11:15.834969
131.662449,2970,3224,13:11:15.834969
131.664308,3140,3345,13:11:15.834969
131.666168,3373,3315,13:11:15.834969
131.668025,3091,3127,13:11:15.834969
131.669881,3293,3250,13:11:15.834969
131.67174,3252,3253,13:11:15.834969
131.673596,3201,3314,13:11:15.834969
131.675452,3388,3534,13:11:15.834969
131.677311,2817,3527,13:11:15.834969
131.679168,3335,3213,13:11:15.834969
131.681027,2725,3434,13:11:15.834969
131.68293,3233,3500,13:11:15.834969
131.684792,3371,3344,13:11:15.834969
131.68665,3247,3238,13:11:15.834969
131.688507,3789,3465,13:11:15.834969
131.690365,3640,3406,13:11:15.834969
131.692221,3197,3274,13:11:15.834969
131.69408,3283,3371,13:11:15.834969
131.695936,3604,3507,13:11:15.834969
131.697803,3390,3164,13:11:15.834969
131.699663,3253,3364,13:11:15.834969
131.701519,3314,3470,13:11:15.834969
131.703385,3412,3512,13:11:15.834969
131.705242,3344,3264,13:11:15.885958
131.707108,3324,3198,13:11:15.885958
131.708968,3571,3375,13:11:15.885958
131.710866,3086,3390,13:11:15.885958
131.712727,3029,3669,13:11:15.885958
131.714585,3497,3567,13:11:15.885958
131.716451,3558,3337,13:11:15.885958
131.718308,3076,3593,13:11:15.885958
131.720166,3064,3659,13:11:15.885958
131.722024,3158,3526,13:11:15.885958
131.723881,3154,3164,13:11:15.885958
131.725737,3066,3523,13:11:15.885958
131.727596,3581,3493,13:11:15.885958
131.729454,2918,3311,13:11:15.885958
131.731312,3660,3496,13:11:15.885958
131.733186,3258,3418,13:11:15.885958
131.735063,3369,3445,13:11:15.885958
131.736921,3295,3413,13:11:15.885958
131.73878,1301,3385,13:11:15.885958
131.740644,3424,3236,13:11:15.885958
131.7425,3369,3202,13:11:15.885958
131.744361,3524,3373,13:11:15.885958
131.746219,3338,3838,13:11:15.885958
131.748076,3358,3677,13:11:15.885958
131.749938,3171,3191,13:11:15.885958
131.751796,3288,3332,13:11:15.885958
131.753656,3567,3332,13:11:15.885958
131.755515,3418,3241,13:11:15.932550
131.757381,3583,3556,13:11:15.932550
131.759241,3407,3381,13:11:15.932550
131.761144,3332,3368,13:11:15.932550
131.763,3188,3489,13:11:15.932550
131.764856,3314,3506,13:11:15.932550
131.766715,3538,3399,13:11:15.932550
131.768573,3212,3450,13:11:15.932550
131.770429,3274,3311,13:11:15.932550
131.772288,3013,3770,13:11:15.932550
131.774144,3692,3331,13:11:15.932550
131.776,3304,3258,13:11:15.932550
131.777859,3404,3524,13:11:15.932550
131.779721,3545,3339,13:11:15.932550
131.781577,3111,3313,13:11:15.932550
131.783434,3324,3505,13:11:15.932550
131.785292,3694,3605,13:11:15.932550
131.787148,3524,3533,13:11:15.932550
131.789005,3386,3282,13:11:15.932550
131.790867,3590,3686,13:11:15.932550
131.792755,2585,3288,13:11:15.932550
131.794614,3514,3297,13:11:15.932550
131.79647,3285,3362,13:11:15.932550
131.798326,3786,3430,13:11:15.932550
131.800185,3325,3541,13:11:15.932550
131.802041,3234,3418,13:11:15.932550
131.803899,3891,3885,13:11:15.932550
131.805758,3454,3220,13:11:15.992187
131.807622,3276,3613,13:11:15.992187
131.809485,3642,3594,13:11:15.992187
131.8114,3436,3398,13:11:15.992187
131.813285,3115,3290,13:11:15.992187
131.815141,3372,3456,13:11:15.992187
131.816998,3771,3310,13:11:15.992187
131.818856,3257,3470,13:11:15.992187
131.820712,3301,3461,13:11:15.992187
131.822571,3125,3618,13:11:15.992187
131.824427,3239,3279,13:11:15.992187
131.826283,2894,3334,13:11:15.992187
131.828142,2701,3523,13:11:15.992187
131.830004,3581,3360,13:11:15.992187
131.83186,3385,3516,13:11:15.992187
131.833717,2700,3260,13:11:15.992187
131.835581,3012,3602,13:11:15.992187
131.837451,3172,3388,13:11:15.992187
131.83932,3086,3236,13:11:15.992187
131.841198,3278,3493,13:11:15.992187
131.843054,3711,3496,13:11:15.992187
131.844918,3297,3176,13:11:15.992187
131.846775,3325,3564,13:11:15.992187
131.848631,3684,3316,13:11:15.992187
131.850489,3478,3545,13:11:15.992187
131.852346,3277,3370,13:11:15.992187
131.854204,3686,3742,13:11:15.992187
131.856075,3552,3372,13:11:16.035722
131.857935,3543,3532,13:11:16.035722
131.859803,3597,3555,13:11:16.035722
131.861695,3336,3292,13:11:16.035722
131.86356,3204,3330,13:11:16.036722
131.865416,3175,3500,13:11:16.036722
131.867272,3610,3693,13:11:16.036722
131.869133,3010,3363,13:11:16.036722
131.870989,2805,3331,13:11:16.036722
131.872847,3628,3728,13:11:16.036722
131.874704,3315,3310,13:11:16.036722
131.876562,3559,3552,13:11:16.036722
131.87842,3250,3634,13:11:16.036722
131.880277,3633,3362,13:11:16.037722
131.882137,3353,3713,13:11:16.037722
131.883993,3008,3329,13:11:16.037722
131.885852,3499,3646,13:11:16.037722
131.887708,3476,3160,13:11:16.037722
131.889564,3393,3423,13:11:16.037722
131.891425,3519,3449,13:11:16.037722
131.893283,3473,3603,13:11:16.037722
131.895142,3106,3107,13:11:16.037722
131.896998,3378,3315,13:11:16.037722
131.898866,3084,3257,13:11:16.037722
131.900722,3340,3306,13:11:16.037722
131.902579,3386,3512,13:11:16.037722
131.904437,3594,3563,13:11:16.037722
131.90631,3696,3614,13:11:16.084949
131.90817,3289,3423,13:11:16.084949
131.91005,3502,3558,13:11:16.084949
131.911931,3620,3705,13:11:16.084949
131.913789,3472,3201,13:11:16.085956
131.915645,3079,3417,13:11:16.085956
131.917507,3465,3377,13:11:16.085956
131.919364,3581,3429,13:11:16.085956
131.92122,3166,3495,13:11:16.085956
131.92308,3553,3423,13:11:16.086948
131.924937,3328,3294,13:11:16.086948
131.926797,3409,3374,13:11:16.086948
131.928653,3347,3423,13:11:16.086948
131.93051,3430,3921,13:11:16.086948
131.932366,3103,3380,13:11:16.086948
131.934223,3140,3442,13:11:16.086948
131.936083,3668,3438,13:11:16.086948
131.937939,2831,3591,13:11:16.086948
131.939807,2129,3555,13:11:16.088947
131.941684,3577,3474,13:11:16.088947
131.943539,3276,3973,13:11:16.088947
131.945396,3437,3163,13:11:16.088947
131.947253,3461,3498,13:11:16.088947
131.949111,3266,3400,13:11:16.088947
131.950967,3501,3478,13:11:16.088947
131.952824,3595,3336,13:11:16.088947
131.954682,3585,3431,13:11:16.137851
131.956554,3361,3460,13:11:16.137851
131.958415,3473,3383,13:11:16.137851
131.960309,3287,3673,13:11:16.137851
131.962179,3655,3533,13:11:16.137851
131.96404,3366,3282,13:11:16.137851
131.965898,3353,3553,13:11:16.139865
131.967756,3704,3337,13:11:16.139865
131.969615,3330,3441,13:11:16.139865
131.971471,3341,3357,13:11:16.139865
131.973329,3293,3578,13:11:16.139865
131.975192,3116,3557,13:11:16.139865
131.97705,3108,3551,13:11:16.139865
131.978906,3400,3425,13:11:16.139865
131.980765,3187,3546,13:11:16.139865
131.982621,3368,3285,13:11:16.139865
131.984477,3097,3703,13:11:16.139865
131.986336,3022,3547,13:11:16.139865
131.9882,3349,3736,13:11:16.139865
131.990059,1865,3453,13:11:16.139865
131.991925,3108,3572,13:11:16.139865
131.993785,3495,3322,13:11:16.139865
131.995643,3422,3458,13:11:16.139865
131.997503,3320,3518,13:11:16.139865
131.99936,3701,3281,13:11:16.139865
132.001216,3623,3407,13:11:16.139865
132.003075,3618,3427,13:11:16.139865
132.004931,3360,3648,13:11:16.187176
132.006801,3672,3484,13:11:16.187176
132.008662,3539,3384,13:11:16.187176
132.01057,3352,3662,13:11:16.187176
132.01243,3409,3481,13:11:16.187176
132.014287,3367,3543,13:11:16.187176
132.016151,3299,3443,13:11:16.187176
132.018007,3115,3320,13:11:16.187176
132.019866,3435,3565,13:11:16.187176
132.021724,3292,3257,13:11:16.187176
132.02358,2820,3541,13:11:16.187176
132.025437,3495,3548,13:11:16.187176
132.027295,3529,3425,13:11:16.187176
132.029151,3019,3468,13:11:16.187176
132.031008,3222,3505,13:11:16.187176
132.032866,3638,3468,13:11:16.187176
132.034728,3199,3417,13:11:16.187176
132.036587,3462,3541,13:11:16.187176
132.038444,3025,3492,13:11:16.187176
132.040315,2714,3379,13:11:16.187176
132.042186,3407,3477,13:11:16.187176
132.044052,1164,3265,13:11:16.187176
132.045916,3453,3624,13:11:16.187176
132.047775,3465,3370,13:11:16.187176
132.049637,3332,3283,13:11:16.187176
132.051493,3492,3258,13:11:16.187176
132.053352,3586,3424,13:11:16.187176
132.055208,3525,3345,13:11:16.203936
132.05708,3348,3590,13:11:16.203936
132.058941,3419,3523,13:11:16.203936
132.060859,3297,3584,13:11:16.203936
132.062715,3209,3637,13:11:16.203936
132.064574,3463,3522,13:11:16.203936
132.066434,3349,3395,13:11:16.203936
132.06829,2790,3514,13:11:16.203936
132.070147,3439,3429,13:11:16.203936
132.072005,3622,3604,13:11:16.203936
132.073863,3460,3672,13:11:16.203936
132.07572,3596,3394,13:11:16.203936
132.077578,3284,3542,13:11:16.203936
132.079434,2812,3379,13:11:16.203936
132.081293,3389,3419,13:11:16.203936
132.083149,3286,3716,13:11:16.203936
132.085011,2784,3782,13:11:16.203936
132.08687,3372,3596,13:11:16.203936
132.088726,3416,3532,13:11:16.203936
132.09059,2711,3660,13:11:16.203936
132.092449,2354,3449,13:11:16.203936
132.094311,3546,3621,13:11:16.203936
132.096169,3426,3444,13:11:16.203936
132.098048,3374,3659,13:11:16.203936
132.099924,3446,3562,13:11:16.203936
132.101782,3522,3480,13:11:16.203936
132.10364,3048,3622,13:11:16.203936
132.105499,3396,3569,13:11:16.255273
132.107367,3490,3413,13:11:16.255273
132.109227,3518,3536,13:11:16.255273
132.11113,3271,3543,13:11:16.255273
132.112992,3495,3618,13:11:16.255273
132.11485,3307,3553,13:11:16.255273
132.116707,3318,3599,13:11:16.255273
132.118567,3272,3381,13:11:16.255273
132.120423,3471,3458,13:11:16.255273
132.122282,3445,3636,13:11:16.255273
132.124138,3382,3513,13:11:16.255273
132.125994,3712,3444,13:11:16.255273
132.127855,3523,3692,13:11:16.255273
132.129713,3332,3543,13:11:16.255273
132.131571,3318,3441,13:11:16.255273
132.133428,3451,3675,13:11:16.255273
132.135294,3326,3603,13:11:16.255273
132.13715,3291,3343,13:11:16.255273
132.139007,3461,3743,13:11:16.255273
132.140867,3557,3640,13:11:16.255273
132.142723,3350,3437,13:11:16.255273
132.144582,3508,3523,13:11:16.255273
132.146438,3451,3586,13:11:16.255273
132.148295,3332,3522,13:11:16.255273
132.150151,3381,3281,13:11:16.255273
132.152015,3243,3617,13:11:16.255273
132.153876,3193,3382,13:11:16.255273
132.155736,3356,3524,13:11:16.305058
132.157604,3495,3702,13:11:16.305058
132.159472,3362,3634,13:11:16.305058
132.161377,3276,3706,13:11:16.305058
132.163239,3214,3652,13:11:16.305058
132.165095,3301,3386,13:11:16.305058
132.166952,3426,3451,13:11:16.305058
132.16881,3330,3669,13:11:16.305058
132.170672,3593,3387,13:11:16.305058
132.172531,3559,3422,13:11:16.305058
132.174387,3520,3623,13:11:16.305058
132.176253,3442,3485,13:11:16.305058
132.17811,3380,3343,13:11:16.305058
132.179966,3368,3682,13:11:16.305058
132.181825,3446,3483,13:11:16.305058
132.183681,3427,3446,13:11:16.305058
132.185539,3567,3732,13:11:16.305058
132.187396,3501,3503,13:11:16.305058
132.189252,3313,3609,13:11:16.305058
132.19111,3240,3779,13:11:16.305058
132.192967,3269,3452,13:11:16.305058
132.194827,3661,3477,13:11:16.305058
132.196683,3239,3651,13:11:16.305058
132.198542,3453,3481,13:11:16.305058
132.200398,3309,3590,13:11:16.305058
132.202254,3255,3526,13:11:16.305058
132.204113,3417,3502,13:11:16.305058
132.206015,3563,3500,13:11:16.354160
132.207879,3546,3384,13:11:16.354160
132.209743,3558,3477,13:11:16.354160
132.211648,3101,3273,13:11:16.354160
132.213506,3258,3301,13:11:16.354160
132.215363,3554,3578,13:11:16.354160
132.217221,3176,3222,13:11:16.354160
132.219079,3237,3301,13:11:16.354160
132.220936,3449,3443,13:11:16.355147
132.222796,3472,3356,13:11:16.355147
132.224652,3221,3686,13:11:16.355147
132.226511,3414,3484,13:11:16.355147
132.228367,3419,3257,13:11:16.355147
132.230223,3451,3597,13:11:16.355147
132.232082,3416,3136,13:11:16.355147
132.233942,3473,3445,13:11:16.355147
132.235802,3655,3428,13:11:16.355147
132.237659,3369,3239,13:11:16.355147
132.239523,3660,3558,13:11:16.355147
132.241379,3553,3473,13:11:16.355147
132.243236,3452,3636,13:11:16.355147
132.245094,3238,3525,13:11:16.355147
132.24695,3212,3332,13:11:16.355147
132.248809,3530,3546,13:11:16.355147
132.250665,3307,3470,13:11:16.355147
132.252521,3284,3536,13:11:16.355147
132.25438,3410,3398,13:11:16.355147
132.256242,3404,3584,13:11:16.405357
132.258102,3272,3499,13:11:16.405357
132.259984,3135,3432,13:11:16.405357
132.261878,3209,3579,13:11:16.405357
132.263737,3170,3347,13:11:16.405357
132.265594,3185,3592,13:11:16.405357
132.267452,3221,3362,13:11:16.405357
132.269308,3296,3473,13:11:16.405357
132.271169,3217,3495,13:11:16.405357
132.273025,3422,3195,13:11:16.405357
132.274882,3447,3308,13:11:16.405357
132.276742,3308,3418,13:11:16.405357
132.278598,3248,3418,13:11:16.405357
132.280456,3373,3403,13:11:16.405357
132.282313,3451,3402,13:11:16.405357
132.284169,3362,3244,13:11:16.405357
132.286027,3330,3313,13:11:16.405357
132.287888,3557,3201,13:11:16.405357
132.289746,3400,3320,13:11:16.405357
132.291602,3184,3440,13:11:16.405357
132.293463,3650,3512,13:11:16.405357
132.295335,3477,3383,13:11:16.405357
132.297191,3541,3251,13:11:16.405357
132.299054,3352,3284,13:11:16.405357
132.30091,3447,3411,13:11:16.405357
132.302768,3479,3602,13:11:16.405357
132.304625,3311,3406,13:11:16.454812
132.306489,3375,3324,13:11:16.454812
132.30835,3613,3027,13:11:16.454812
132.310263,3505,3476,13:11:16.455812
132.312128,3317,3255,13:11:16.455812
132.313984,3200,3272,13:11:16.455812
132.315851,3377,3358,13:11:16.455812
132.317707,3593,3499,13:11:16.456812
132.319563,3435,3048,13:11:16.456812
132.321422,3321,3239,13:11:16.456812
132.323278,3353,3563,13:11:16.456812
132.325134,3399,3269,13:11:16.456812
132.326993,3127,3605,13:11:16.456812
132.328849,3593,3508,13:11:16.456812
132.330705,3172,3414,13:11:16.456812
132.332562,3526,3271,13:11:16.456812
132.334428,3365,3528,13:11:16.456812
132.336285,3366,3292,13:11:16.456812
132.338141,3355,3203,13:11:16.456812
132.339999,3492,3428,13:11:16.456812
132.341856,3526,3385,13:11:16.456812
132.343714,3458,3874,13:11:16.456812
132.34557,3607,3193,13:11:16.456812
132.347427,3273,3167,13:11:16.456812
132.349285,3355,3422,13:11:16.456812
132.351149,3140,3370,13:11:16.456812
132.353006,3333,3548,13:11:16.456812
132.354864,3561,3316,13:11:16.505792
132.356738,3541,3411,13:11:16.505792
132.358599,3437,3297,13:11:16.505792
132.360505,3210,3543,13:11:16.505792
132.362385,3546,3383,13:11:16.505792
132.364241,3315,3507,13:11:16.505792
132.366098,3493,3582,13:11:16.505792
132.367956,3567,3475,13:11:16.505792
132.369812,3455,3541,13:11:16.505792
132.371671,3480,3322,13:11:16.505792
132.373527,3533,3320,13:11:16.505792
132.375388,3559,3620,13:11:16.505792
132.377244,3327,3481,13:11:16.505792
132.3791,3371,3485,13:11:16.505792
132.380959,3190,3489,13:11:16.505792
132.382815,3487,3415,13:11:16.505792
132.384673,3318,3326,13:11:16.505792
132.38653,3317,3323,13:11:16.505792
132.388386,3408,3438,13:11:16.505792
132.390244,3452,3521,13:11:16.505792
132.392108,3509,3329,13:11:16.505792
132.393965,3610,3613,13:11:16.505792
132.395823,3322,3349,13:11:16.505792
132.39769,3590,3353,13:11:16.505792
132.399546,3680,3327,13:11:16.505792
132.401402,3496,3465,13:11:16.505792
132.403263,3333,3372,13:11:16.505792
132.405119,3398,3416,13:11:16.554510
132.407003,3282,3229,13:11:16.554510
132.408866,3674,3217,13:11:16.554510
132.410776,3611,3427,13:11:16.554510
132.412656,3602,3493,13:11:16.554510
132.414513,3382,3531,13:11:16.554510
132.416369,3389,3508,13:11:16.554510
132.418227,3553,3391,13:11:16.554510
132.420089,3463,3494,13:11:16.554510
132.421948,3321,3269,13:11:16.554510
132.423804,3543,3643,13:11:16.554510
132.425671,3452,3476,13:11:16.554510
132.427527,3577,3282,13:11:16.554510
132.429383,3480,3559,13:11:16.554510
132.431242,3489,3295,13:11:16.554510
132.433098,3501,3438,13:11:16.554510
132.434956,3499,3555,13:11:16.554510
132.436813,3301,3510,13:11:16.554510
132.438669,3446,3460,13:11:16.554510
132.440528,3399,3559,13:11:16.554510
132.442391,3553,3231,13:11:16.554510
132.444248,3537,3316,13:11:16.554510
132.446105,3700,3346,13:11:16.554510
132.447963,3534,3371,13:11:16.554510
132.449819,3511,3577,13:11:16.554510
132.451676,3631,3403,13:11:16.554510
132.453533,3523,3397,13:11:16.554510
132.455416,3397,3446,13:11:16.604009
132.457285,3482,3507,13:11:16.604009
132.459145,3392,3306,13:11:16.604009
132.46104,3611,3468,13:11:16.604009
132.462897,3312,3572,13:11:16.604009
132.464754,3291,3462,13:11:16.604009
132.466614,3580,3421,13:11:16.604009
132.468471,3350,3281,13:11:16.604009
132.470327,3547,3491,13:11:16.604009
132.472185,3444,3404,13:11:16.604009
132.474042,3410,3518,13:11:16.604009
132.4759,3495,3483,13:11:16.604009
132.477756,3526,3462,13:11:16.604009
132.479617,3397,3532,13:11:16.604009
132.481473,3408,3519,13:11:16.604009
132.483329,3420,3430,13:11:16.604009
132.485188,3277,3387,13:11:16.604009
132.487044,3517,3477,13:11:16.604009
132.488902,3722,3362,13:11:16.604009
132.490761,3608,3553,13:11:16.604009
132.492617,3609,3478,13:11:16.604009
132.494476,3551,3746,13:11:16.604009
132.496337,3650,3444,13:11:16.604009
132.498194,3504,3169,13:11:16.604009
132.500053,3434,3490,13:11:16.604009
132.501941,3263,3680,13:11:16.604009
132.503799,3721,3608,13:11:16.604009
132.505668,3567,3396,13:11:16.654433
132.50753,3383,3303,13:11:16.654433
132.509392,3261,3486,13:11:16.654433
132.511302,3359,3728,13:11:16.654433
132.513161,3464,3458,13:11:16.654433
132.515017,3561,3543,13:11:16.654433
132.516875,3575,3409,13:11:16.654433
132.518732,3606,3624,13:11:16.654433
132.520588,3421,3295,13:11:16.654433
132.522449,3742,3436,13:11:16.654433
132.524309,3643,3335,13:11:16.654433
132.526165,3382,3803,13:11:16.654433
132.528021,3536,3204,13:11:16.654433
132.52988,3363,3385,13:11:16.654433
132.531736,3379,3484,13:11:16.654433
132.533592,3445,3570,13:11:16.657347
132.535451,3540,3389,13:11:16.657347
132.537307,3609,3590,13:11:16.657347
132.539164,3646,3449,13:11:16.657347
132.54102,3593,3581,13:11:16.657347
132.54289,3686,3406,13:11:16.657347
132.544747,3585,3563,13:11:16.657347
132.546602,3631,3631,13:11:16.657347
132.548459,3666,3525,13:11:16.657347
132.550316,3716,3576,13:11:16.657347
132.552174,3619,3454,13:11:16.657347
132.55403,3388,3187,13:11:16.657347
132.555891,3467,3311,13:11:16.705351
132.557755,3624,3345,13:11:16.705351
132.559617,3443,3554,13:11:16.705351
132.561529,3376,3642,13:11:16.705351
132.563408,3795,3322,13:11:16.706346
132.565268,3764,3346,13:11:16.706346
132.567124,3518,3537,13:11:16.711356
132.568981,3829,3390,13:11:16.711356
132.570839,3893,3597,13:11:16.711356
132.572696,3678,3352,13:11:16.711356
132.574552,3594,3669,13:11:16.711356
132.57641,3621,3376,13:11:16.711356
132.578267,3613,3462,13:11:16.711356
132.580125,3542,3530,13:11:16.711356
132.581981,3767,3473,13:11:16.711356
132.583846,3536,3384,13:11:16.711356
132.585702,3656,3455,13:11:16.711356
132.587558,3325,3461,13:11:16.711356
132.589417,3623,3377,13:11:16.711356
132.591273,3471,3554,13:11:16.711356
132.593129,3565,3766,13:11:16.711356
132.594986,3531,3542,13:11:16.711356
132.596844,3663,3592,13:11:16.711356
132.5987,3467,3379,13:11:16.711356
132.600566,3624,3519,13:11:16.711356
132.602433,3682,3442,13:11:16.711356
132.604289,3381,3481,13:11:16.711356
132.606154,3759,3348,13:11:16.755097
132.608014,3736,3556,13:11:16.755097
132.609879,3553,3590,13:11:16.755097
132.611773,3490,3483,13:11:16.755097
132.613629,3442,3136,13:11:16.755097
132.615489,3870,3389,13:11:16.755097
132.617348,3382,3423,13:11:16.755097
132.619214,3691,3475,13:11:16.755097
132.62107,3698,3398,13:11:16.755097
132.622927,3665,3475,13:11:16.755097
132.624787,3627,3380,13:11:16.755097
132.626643,3767,3438,13:11:16.755097
132.6285,3575,3590,13:11:16.755097
132.630358,3588,3565,13:11:16.755097
132.632214,3667,3440,13:11:16.755097
132.634073,3638,3441,13:11:16.755097
132.635929,3739,3384,13:11:16.755097
132.637792,3764,3539,13:11:16.755097
132.639648,3813,3526,13:11:16.755097
132.641504,3744,3656,13:11:16.755097
132.643363,3533,3404,13:11:16.755097
132.645219,3572,3681,13:11:16.755097
132.647077,3689,3631,13:11:16.755097
132.648934,3745,3507,13:11:16.755097
132.650792,3510,3698,13:11:16.755097
132.652648,3558,3550,13:11:16.755097
132.654512,3736,3541,13:11:16.806284
132.656371,3497,3619,13:11:16.806284
132.658233,3757,3597,13:11:16.806284
132.660104,3679,3534,13:11:16.806284
132.662004,3370,3515,13:11:16.806284
132.66386,3551,3180,13:11:16.806284
132.665719,3648,3467,13:11:16.806284
132.667575,3831,3547,13:11:16.806284
132.669435,3824,3631,13:11:16.806284
132.671294,3609,3674,13:11:16.806284
132.67316,3404,3299,13:11:16.806284
132.675016,3875,3635,13:11:16.806284
132.676875,3788,3291,13:11:16.806284
132.678733,3733,3675,13:11:16.806284
132.680589,3574,3409,13:11:16.806284
132.682449,3603,3475,13:11:16.806284
132.684306,3476,3604,13:11:16.806284
132.686162,3599,3515,13:11:16.806284
132.688021,3794,3362,13:11:16.806284
132.689877,3738,3348,13:11:16.806284
132.691737,3692,3502,13:11:16.806284
132.693594,3964,3312,13:11:16.806284
132.695452,3466,3521,13:11:16.806284
132.697309,3776,3468,13:11:16.806284
132.699165,3723,3324,13:11:16.806284
132.701021,3801,3457,13:11:16.806284
132.702878,3740,3424,13:11:16.806284
132.704737,3850,3709,13:11:16.854350
132.70662,3647,3497,13:11:16.854350
132.708481,3581,3503,13:11:16.854350
132.710379,3413,3485,13:11:16.854350
132.712251,3672,3463,13:11:16.854350
132.714119,3629,3280,13:11:16.854350
132.715978,3577,3561,13:11:16.854350
132.717836,3736,3392,13:11:16.854350
132.719692,3780,3569,13:11:16.854350
132.721549,3729,3540,13:11:16.854350
132.723405,3724,3617,13:11:16.854350
132.725261,3709,3592,13:11:16.854350
132.727118,3553,3392,13:11:16.854350
132.728976,3699,3496,13:11:16.854350
132.730835,3510,3481,13:11:16.854350
132.732697,3472,3331,13:11:16.854350
132.734553,3617,3302,13:11:16.854350
132.73641,3419,3292,13:11:16.854350
132.738268,3599,3476,13:11:16.854350
132.740124,3762,3532,13:11:16.854350
132.741981,3675,3339,13:11:16.854350
132.743837,3488,3510,13:11:16.854350
132.745693,3736,3268,13:11:16.854350
132.74755,3504,3444,13:11:16.854350
132.749407,3706,3455,13:11:16.854350
132.751268,3584,3305,13:11:16.854350
132.753125,3508,3305,13:11:16.854350
132.754985,3515,3419,13:11:16.908509
132.756859,3988,3528,13:11:16.908509
132.75872,3730,3325,13:11:16.908509
132.760624,3512,3449,13:11:16.908509
132.762502,3735,3410,13:11:16.908509
132.764361,3522,3464,13:11:16.908509
132.766219,3475,3490,13:11:16.908509
132.768075,3676,3411,13:11:16.908509
132.769932,3939,3348,13:11:16.908509
132.77179,3496,3280,13:11:16.908509
132.773656,3700,3529,13:11:16.908509
132.775513,3648,3332,13:11:16.908509
132.777369,3775,3447,13:11:16.908509
132.779227,3627,3711,13:11:16.908509
132.781084,3790,3589,13:11:16.908509
132.78294,3683,3361,13:11:16.908509
132.784798,3569,3536,13:11:16.908509
132.786655,3627,3332,13:11:16.908509
132.788513,3468,3440,13:11:16.908509
132.790376,3949,3583,13:11:16.908509
132.792234,3707,3412,13:11:16.908509
132.79409,3535,3277,13:11:16.908509
132.795949,3556,3531,13:11:16.908509
132.797805,3511,3513,13:11:16.908509
132.799661,3604,3710,13:11:16.908509
132.80152,3524,3458,13:11:16.908509
132.803378,3813,3470,13:11:16.908509
132.805236,3781,3384,13:11:16.956624
132.807117,3616,3769,13:11:16.956624
132.808977,3370,3384,13:11:16.956624
132.810859,3507,3732,13:11:16.956624
132.81272,3447,3493,13:11:16.957621
132.814578,3635,3521,13:11:16.957621
132.81644,3605,3377,13:11:16.957621
132.818297,3526,3375,13:11:16.957621
132.820155,3825,3520,13:11:16.960719
132.822012,3789,3451,13:11:16.960719
132.823874,3741,3585,13:11:16.960719
132.82573,3689,3485,13:11:16.960719
132.827594,3477,3427,13:11:16.960719
132.829451,3458,3519,13:11:16.960719
132.831307,3485,3628,13:11:16.960719
132.833165,3451,3227,13:11:16.960719
132.835022,3421,3460,13:11:16.960719
132.83688,3703,3211,13:11:16.960719
132.838736,3733,3324,13:11:16.960719
132.840597,3381,3402,13:11:16.960719
132.842455,3501,3291,13:11:16.960719
132.844312,3861,3510,13:11:16.960719
132.846172,3392,3456,13:11:16.960719
132.848028,3592,3646,13:11:16.960719
132.849887,3752,3451,13:11:16.960719
132.851743,3624,3521,13:11:16.960719
132.853599,3529,3771,13:11:16.960719
132.85546,3755,3725,13:11:17.004626
132.857326,3758,3412,13:11:17.004626
132.859186,3602,3595,13:11:17.004626
132.861132,3790,3682,13:11:17.004626
132.862991,3582,3471,13:11:17.004626
132.864849,3837,3593,13:11:17.004626
132.866705,3735,3354,13:11:17.004626
132.868562,3603,3348,13:11:17.004626
132.870418,3658,3421,13:11:17.004626
132.872274,3424,3419,13:11:17.004626
132.874133,3610,3480,13:11:17.004626
132.875989,3464,3454,13:11:17.004626
132.877847,3581,3567,13:11:17.004626
132.879704,3705,3462,13:11:17.004626
132.88156,3591,3556,13:11:17.004626
132.883418,3428,3525,13:11:17.004626
132.885281,3712,3638,13:11:17.004626
132.887137,3480,3524,13:11:17.005617
132.888994,3643,3420,13:11:17.005617
132.890852,3449,3650,13:11:17.005617
132.892708,3553,3511,13:11:17.005617
132.894565,3645,3507,13:11:17.005617
132.896423,3589,3515,13:11:17.011264
132.898279,3631,3697,13:11:17.011264
132.900136,3489,3397,13:11:17.011264
132.901992,3376,3778,13:11:17.011264
132.903858,3608,3548,13:11:17.011264
132.905717,3419,3338,13:11:17.055859
132.907581,3524,3793,13:11:17.055859
132.909451,3592,3376,13:11:17.055859
132.911383,3690,3564,13:11:17.055859
132.913313,3440,3468,13:11:17.055859
132.915174,3505,3324,13:11:17.055859
132.91703,3739,3556,13:11:17.055859
132.918923,3380,3586,13:11:17.055859
132.920781,3495,3455,13:11:17.056862
132.922637,3429,3826,13:11:17.056862
132.924497,3651,3315,13:11:17.056862
132.926354,3714,3406,13:11:17.056862
132.92821,3702,3548,13:11:17.056862
132.930069,3589,3542,13:11:17.056862
132.931925,3537,3695,13:11:17.056862
132.933783,3626,3417,13:11:17.056862
132.93564,3656,3365,13:11:17.056862
132.9375,3519,3611,13:11:17.056862
132.939358,3599,3427,13:11:17.056862
132.941215,3567,3660,13:11:17.056862
132.943075,3527,3393,13:11:17.056862
132.944931,3697,3500,13:11:17.056862
132.94679,3708,3462,13:11:17.056862
132.948646,3592,3491,13:11:17.056862
132.950502,3721,3683,13:11:17.056862
132.952361,3405,3508,13:11:17.056862
132.954221,3543,3434,13:11:17.056862
132.956085,3405,3438,13:11:17.107736
132.957946,3547,3476,13:11:17.107736
132.959816,3756,3398,13:11:17.107736
132.961706,3408,3227,13:11:17.107736
132.963565,3729,3456,13:11:17.107736
132.965421,3567,3645,13:11:17.107736
132.967277,3639,3656,13:11:17.107736
132.969136,3690,3668,13:11:17.107736
132.970994,3618,3476,13:11:17.107736
132.97286,3730,3400,13:11:17.107736
132.974717,3480,3894,13:11:17.107736
132.976573,3568,3623,13:11:17.107736
132.978431,3440,3691,13:11:17.107736
132.980288,3724,3812,13:11:17.107736
132.982144,3671,3583,13:11:17.107736
132.984005,3516,3494,13:11:17.107736
132.985861,3525,3543,13:11:17.107736
132.987719,3748,3596,13:11:17.107736
132.989576,3545,3486,13:11:17.107736
132.991438,3480,3400,13:11:17.107736
132.993294,3614,3305,13:11:17.107736
132.995151,3394,3595,13:11:17.107736
132.997009,3707,3510,13:11:17.107736
132.998867,3367,3567,13:11:17.107736
133.000726,3708,3787,13:11:17.107736
133.002582,3630,3644,13:11:17.107736
133.004439,3695,3456,13:11:17.107736
133.006309,3480,3525,13:11:17.157820
133.008169,3653,3769,13:11:17.157820
133.010057,3805,3680,13:11:17.157820
133.011942,3444,3442,13:11:17.157820
133.013829,3684,3508,13:11:17.157820
133.0157,3870,3520,13:11:17.157820
133.017557,3697,3646,13:11:17.157820
133.019419,3689,3533,13:11:17.157820
133.021275,3892,3724,13:11:17.157820
133.023132,3790,3552,13:11:17.157820
133.024994,3765,3552,13:11:17.157820
133.02685,3447,3559,13:11:17.157820
133.028709,3690,3442,13:11:17.157820
133.030565,3483,3683,13:11:17.157820
133.032421,3502,3544,13:11:17.157820
133.03428,3592,3537,13:11:17.157820
133.036139,3408,3667,13:11:17.157820
133.037997,3544,3559,13:11:17.157820
133.039853,3684,3491,13:11:17.157820
133.041715,3553,3683,13:11:17.157820
133.043572,3711,3675,13:11:17.157820
133.045428,3629,3981,13:11:17.157820
133.047288,3596,3625,13:11:17.157820
133.049145,3333,3769,13:11:17.157820
133.051001,3540,3485,13:11:17.157820
133.052857,3888,3528,13:11:17.157820
133.054716,3532,3513,13:11:17.211710
133.05658,3534,3711,13:11:17.211710
133.05844,3866,3609,13:11:17.211710
133.06035,3579,3618,13:11:17.211710
133.062213,3580,3649,13:11:17.211710
133.064071,3640,3722,13:11:17.211710
133.065969,3664,3748,13:11:17.212816
133.067826,3479,3694,13:11:17.212816
133.069692,3600,3310,13:11:17.212816
133.071548,3632,3427,13:11:17.212816
133.073405,3488,3502,13:11:17.212816
133.075263,3517,3537,13:11:17.212816
133.077119,3535,3693,13:11:17.212816
133.078978,3561,3788,13:11:17.212816
133.080836,3509,3416,13:11:17.212816
133.082693,3699,3542,13:11:17.212816
133.084549,3855,3536,13:11:17.212816
133.086413,3471,3477,13:11:17.212816
133.08827,3364,3500,13:11:17.212816
133.090126,3685,3673,13:11:17.212816
133.091984,3625,3826,13:11:17.212816
133.093843,3587,3636,13:11:17.212816
133.095699,3718,3620,13:11:17.212816
133.097555,3487,3755,13:11:17.212816
133.099412,3551,3423,13:11:17.212816
133.10127,3899,3688,13:11:17.212816
133.103126,3812,3493,13:11:17.212816
133.104991,3652,3334,13:11:17.268469
133.106859,3721,3646,13:11:17.268469
133.108722,3620,3634,13:11:17.268469
133.11063,3493,3444,13:11:17.268469
133.112489,3311,3698,13:11:17.270452
133.114348,3576,3502,13:11:17.270452
133.116207,2437,3596,13:11:17.270452
133.118063,3468,3530,13:11:17.270452
133.119921,3614,3755,13:11:17.270452
133.121779,3647,3605,13:11:17.270452
133.123676,3608,3464,13:11:17.270452
133.125536,3678,3850,13:11:17.270452
133.127393,3779,3552,13:11:17.270452
133.129251,3669,3684,13:11:17.270452
133.131107,3545,3585,13:11:17.270452
133.132966,3103,3224,13:11:17.270452
133.134822,3600,3873,13:11:17.270452
133.136678,3834,3542,13:11:17.270452
133.138537,3368,3390,13:11:17.270452
133.140393,3753,3817,13:11:17.270452
133.142252,4118,3770,13:11:17.270452
133.144108,3534,3432,13:11:17.270452
133.145964,3490,3630,13:11:17.270452
133.147825,3722,3681,13:11:17.270452
133.149683,3266,3565,13:11:17.270452
133.151539,3338,3440,13:11:17.270452
133.153396,3605,3831,13:11:17.270452
133.155254,3574,3486,13:11:17.312322
133.15712,3492,3724,13:11:17.312322
133.158981,3743,3610,13:11:17.313310
133.160877,3422,3672,13:11:17.313310
133.162733,3618,3461,13:11:17.313310
133.164598,3583,3547,13:11:17.313310
133.166454,3745,3759,13:11:17.313310
133.168313,3305,3641,13:11:17.313310
133.170171,3195,3423,13:11:17.313310
133.172027,3539,3514,13:11:17.313310
133.173885,3817,3686,13:11:17.313310
133.175742,3730,3613,13:11:17.313310
133.177598,3533,3857,13:11:17.313310
133.179456,3645,3481,13:11:17.313310
133.181318,3652,3604,13:11:17.313310
133.183175,3199,3422,13:11:17.313310
133.185032,3706,3693,13:11:17.313310
133.18689,3509,3471,13:11:17.313310
133.188746,3399,3481,13:11:17.313310
133.190603,3627,4030,13:11:17.313310
133.192459,3612,3666,13:11:17.313310
133.194315,3547,3460,13:11:17.313310
133.196172,3468,3527,13:11:17.313310
133.198028,3690,3565,13:11:17.313310
133.199892,3835,3397,13:11:17.313310
133.201749,3497,3417,13:11:17.313310
133.203605,3274,3509,13:11:17.313310
133.205467,3367,3753,13:11:17.364721
133.207336,3568,3653,13:11:17.364721
133.2092,3506,3513,13:11:17.364721
133.211096,3545,3737,13:11:17.364721
133.212955,3472,3808,13:11:17.364721
133.214814,3457,3733,13:11:17.364721
133.216679,3202,3648,13:11:17.364721
133.218585,3205,3617,13:11:17.364721
133.220449,3226,3681,13:11:17.364721
133.22231,3685,3691,13:11:17.364721
133.224186,3937,3858,13:11:17.364721
133.226043,3735,3379,13:11:17.364721
133.227899,3463,3745,13:11:17.364721
133.229755,3379,3853,13:11:17.364721
133.231612,3362,3411,13:11:17.364721
133.233468,3392,3541,13:11:17.364721
133.235325,3752,3718,13:11:17.364721
133.237185,3693,3652,13:11:17.364721
133.239041,3382,3848,13:11:17.364721
133.240898,3453,3558,13:11:17.364721
133.242756,3563,3653,13:11:17.364721
133.244612,3736,3674,13:11:17.364721
133.246471,3393,3670,13:11:17.364721
133.248327,3524,3857,13:11:17.364721
133.250187,3582,3614,13:11:17.364721
133.252046,3644,3650,13:11:17.364721
133.253912,3364,3658,13:11:17.364721
133.255776,3396,3702,13:11:17.414177
133.257639,3657,3761,13:11:17.414177
133.259507,3690,3543,13:11:17.414177
133.261407,3124,3920,13:11:17.414177
133.263266,3614,3895,13:11:17.414177
133.265124,3484,3805,13:11:17.414177
133.26698,3218,3373,13:11:17.414177
133.268837,3436,3589,13:11:17.414177
133.270708,2426,3705,13:11:17.414177
133.272579,3206,3528,13:11:17.414177
133.274438,3244,3930,13:11:17.414177
133.276294,3901,4069,13:11:17.414177
133.278152,3578,3543,13:11:17.414177
133.280009,3351,3558,13:11:17.414177
133.281866,3694,3786,13:11:17.414177
133.283723,3794,3387,13:11:17.414177
133.28558,3094,3414,13:11:17.414177
133.287438,3843,3970,13:11:17.414177
133.289294,3515,3655,13:11:17.414177
133.291151,3148,3361,13:11:17.414177
133.293007,3311,3914,13:11:17.414177
133.294871,4109,3685,13:11:17.414177
133.296728,3430,3463,13:11:17.414177
133.298584,3631,3733,13:11:17.414177
133.300442,3687,3834,13:11:17.414177
133.302299,3523,3667,13:11:17.415166
133.304155,3458,3506,13:11:17.415166
133.30602,3606,3835,13:11:17.467358
133.30788,3756,3627,13:11:17.467358
133.309745,3338,3541,13:11:17.467358
133.311634,3639,3815,13:11:17.467358
133.313491,4190,3566,13:11:17.467358
133.315349,3527,3646,13:11:17.467358
133.317211,3093,3616,13:11:17.467358
133.319076,3692,3821,13:11:17.467358
133.320936,2602,3636,13:11:17.467358
133.322814,3425,3466,13:11:17.467358
133.324679,3680,3692,13:11:17.467358
133.326535,3963,3848,13:11:17.467358
133.328393,3296,3389,13:11:17.467358
133.33025,3334,3626,13:11:17.467358
133.332106,3898,3862,13:11:17.467358
133.333964,3608,3506,13:11:17.467358
133.33583,3308,3569,13:11:17.467358
133.337687,3599,3599,13:11:17.467358
133.339544,3800,3688,13:11:17.467358
133.341402,3303,3308,13:11:17.467358
133.343258,3530,3880,13:11:17.467358
133.345115,3904,3716,13:11:17.467358
133.346973,3808,3683,13:11:17.467358
133.348829,3221,3576,13:11:17.467358
133.350688,3770,3898,13:11:17.467358
133.352544,3612,3483,13:11:17.467358
133.354408,3323,3302,13:11:17.467358
133.356269,3735,3908,13:11:17.517174
133.35813,3668,3733,13:11:17.517174
133.360013,3428,3123,13:11:17.517174
133.361896,3042,3672,13:11:17.517174
133.363752,3650,3695,13:11:17.517174
133.36561,3483,3656,13:11:17.517174
133.367466,3338,3508,13:11:17.517174
133.369323,3381,3697,13:11:17.517174
133.371179,3193,3791,13:11:17.517174
133.373038,2421,3136,13:11:17.517174
133.374894,3213,3667,13:11:17.517174
133.376752,3768,3742,13:11:17.517174
133.378611,3348,3381,13:11:17.517174
133.380467,3268,3525,13:11:17.517174
133.382325,3813,4025,13:11:17.517174
133.384182,3899,3589,13:11:17.517174
133.386042,3347,3604,13:11:17.517174
133.387899,3319,3675,13:11:17.517174
133.389755,3863,3708,13:11:17.517174
133.391613,3428,3678,13:11:17.517174
133.39347,3645,3419,13:11:17.517174
133.395328,4082,3738,13:11:17.517174
133.397184,3534,3285,13:11:17.517174
133.399041,3425,3443,13:11:17.517174
133.400899,3878,3777,13:11:17.517174
133.402763,4040,3628,13:11:17.517174
133.40462,3577,3497,13:11:17.570233
133.406488,3818,3566,13:11:17.570233
133.408352,3840,3887,13:11:17.570233
133.410258,3575,3426,13:11:17.570233
133.412127,3360,3698,13:11:17.570233
133.413987,3752,3605,13:11:17.570233
133.415846,3825,3446,13:11:17.570233
133.417702,3132,3600,13:11:17.570233
133.41956,3833,3564,13:11:17.570233
133.421423,3983,3981,13:11:17.570233
133.423282,1891,3537,13:11:17.570233
133.425143,3140,3491,13:11:17.570233
133.427002,3839,3863,13:11:17.570233
133.42886,3539,3652,13:11:17.570233
133.430756,3169,3469,13:11:17.570233
133.432613,3612,3536,13:11:17.570233
133.434469,3719,3654,13:11:17.570233
133.436327,3250,3404,13:11:17.570233
133.438184,3723,3521,13:11:17.570233
133.44004,3871,3733,13:11:17.570233
133.441898,3531,3465,13:11:17.570233
133.443755,3678,3386,13:11:17.570233
133.445613,3840,3585,13:11:17.570233
133.447469,3927,3518,13:11:17.570233
133.449326,3632,3682,13:11:17.570233
133.451182,3557,3449,13:11:17.570233
133.453046,3980,3721,13:11:17.570233
133.454903,3871,3794,13:11:17.620215
133.456771,3496,3545,13:11:17.620215
133.458636,3790,3634,13:11:17.620215
133.460548,3540,3482,13:11:17.620215
133.46241,3215,3545,13:11:17.620215
133.46427,3557,3589,13:11:17.620215
133.466131,3753,3390,13:11:17.620215
133.467987,3476,3577,13:11:17.620215
133.469845,3415,3568,13:11:17.620215
133.471703,3915,3418,13:11:17.620215
133.473562,3239,3620,13:11:17.620215
133.475419,3209,3523,13:11:17.620215
133.477298,3505,3426,13:11:17.620215
133.479167,3760,3507,13:11:17.620215
133.481027,3532,3371,13:11:17.620215
133.482886,3337,3594,13:11:17.620215
133.484742,3706,3819,13:11:17.620215
133.486608,3459,3735,13:11:17.620215
133.488465,3527,3392,13:11:17.620215
133.490321,3729,3722,13:11:17.620215
133.49218,3802,3576,13:11:17.620215
133.494036,3714,3527,13:11:17.620215
133.495892,3452,3518,13:11:17.620215
133.497751,3428,3679,13:11:17.620215
133.499607,3778,3336,13:11:17.620215
133.501465,3563,3409,13:11:17.620215
133.503329,3804,3586,13:11:17.620215
133.505186,3523,3534,13:11:17.672852
133.507054,3645,3464,13:11:17.672852
133.508921,3669,3351,13:11:17.672852
133.510815,3843,3379,13:11:17.672852
133.512673,3552,3477,13:11:17.672852
133.51453,3626,3664,13:11:17.672852
133.516386,3594,3439,13:11:17.672852
133.518246,3642,3353,13:11:17.672852
133.520103,2793,3346,13:11:17.672852
133.521958,3616,3502,13:11:17.672852
133.523819,3099,3416,13:11:17.672852
133.525712,3252,3384,13:11:17.672852
133.527578,3565,3443,13:11:17.672852
133.529434,3686,3547,13:11:17.672852
133.531301,3538,3486,13:11:17.672852
133.533159,3640,3427,13:11:17.672852
133.535015,3686,3575,13:11:17.672852
133.536874,3819,3252,13:11:17.672852
133.53873,3385,3617,13:11:17.672852
133.540586,3849,3654,13:11:17.672852
133.542444,3708,3486,13:11:17.672852
133.544301,3490,3578,13:11:17.672852
133.546159,3601,3489,13:11:17.672852
133.548016,3615,3665,13:11:17.672852
133.549876,3550,3369,13:11:17.672852
133.551732,3403,3590,13:11:17.672852
133.553589,3627,3584,13:11:17.672852
133.555452,3560,3662,13:11:17.725194
133.557319,3572,3567,13:11:17.725194
133.55918,3659,3556,13:11:17.725194
133.561082,3238,3385,13:11:17.725194
133.562945,3702,3893,13:11:17.725194
133.564803,3569,3503,13:11:17.725194
133.566661,3615,3369,13:11:17.725194
133.568527,3468,3414,13:11:17.725194
133.570384,3542,3314,13:11:17.725194
133.57224,3164,3566,13:11:17.725194
133.574098,3312,3484,13:11:17.725194
133.575955,3280,3463,13:11:17.725194
133.577837,3280,3759,13:11:17.725194
133.579701,3556,3508,13:11:17.725194
133.581558,3626,3764,13:11:17.725194
133.583416,3448,3456,13:11:17.725194
133.585272,3885,3538,13:11:17.726205
133.587131,3801,3519,13:11:17.726205
133.588987,3493,3510,13:11:17.726205
133.590847,3765,3175,13:11:17.726205
133.592704,3556,3496,13:11:17.726205
133.594561,3632,3580,13:11:17.726205
133.596422,3263,3840,13:11:17.726205
133.598279,3607,3422,13:11:17.726205
133.600139,3845,3690,13:11:17.726205
133.601996,3439,3599,13:11:17.726205
133.603854,3560,3447,13:11:17.726205
133.605716,3790,3147,13:11:17.773595
133.607585,3713,3418,13:11:17.773595
133.609446,3497,3658,13:11:17.773595
133.611347,3580,3486,13:11:17.773595
133.613206,3886,3498,13:11:17.773595
133.615068,3373,3382,13:11:17.773595
133.616924,3502,3594,13:11:17.773595
133.618784,3516,3578,13:11:17.773595
133.620641,3399,3502,13:11:17.773595
133.622497,3498,3398,13:11:17.773595
133.624358,3385,3694,13:11:17.773595
133.626222,3613,3468,13:11:17.773595
133.628083,2074,3496,13:11:17.773595
133.629966,3539,3543,13:11:17.773595
133.631827,3409,3287,13:11:17.773595
133.633685,3458,3465,13:11:17.773595
133.635542,3594,3378,13:11:17.773595
133.6374,3692,3591,13:11:17.773595
133.639256,3801,3673,13:11:17.773595
133.641121,3407,3708,13:11:17.773595
133.642977,3601,3696,13:11:17.773595
133.644836,3622,3590,13:11:17.773595
133.646694,3415,3261,13:11:17.775596
133.64855,3651,3351,13:11:17.775596
133.650406,3650,3522,13:11:17.775596
133.652263,3377,3493,13:11:17.775596
133.654119,3702,3414,13:11:17.775596
133.65598,3655,3484,13:11:17.825616
133.65784,3771,3581,13:11:17.825616
133.659704,3676,3648,13:11:17.825616
133.661594,3562,3560,13:11:17.825616
133.663453,3600,3592,13:11:17.825616
133.665311,3722,3442,13:11:17.825616
133.667174,3445,3399,13:11:17.825616
133.669032,3571,3566,13:11:17.825616
133.670888,3057,3551,13:11:17.825616
133.672748,3597,3305,13:11:17.825616
133.674605,3495,3497,13:11:17.825616
133.676461,3760,3655,13:11:17.825616
133.67832,3557,3557,13:11:17.825616
133.680178,2377,3125,13:11:17.825616
133.682036,3459,3621,13:11:17.825616
133.683893,3607,3160,13:11:17.825616
133.685751,3417,3482,13:11:17.825616
133.687609,3607,3183,13:11:17.825616
133.689467,3554,3334,13:11:17.825616
133.691328,3691,3427,13:11:17.825616
133.693184,3608,3652,13:11:17.825616
133.695043,3603,3473,13:11:17.825616
133.696899,3468,3619,13:11:17.825616
133.698755,3240,3496,13:11:17.825616
133.700614,3682,3419,13:11:17.825616
133.702472,3449,3223,13:11:17.825616
133.704331,3493,3553,13:11:17.825616
133.706197,3492,3435,13:11:17.875829
133.708061,3666,3699,13:11:17.875829
133.709937,3490,3479,13:11:17.875829
133.71182,3399,3567,13:11:17.875829
133.71368,3392,3618,13:11:17.875829
133.715536,3339,3629,13:11:17.875829
133.717395,3284,3323,13:11:17.875829
133.719253,3684,3377,13:11:17.875829
133.721111,3614,3706,13:11:17.875829
133.722968,3448,3608,13:11:17.875829
133.724824,3438,3594,13:11:17.875829
133.726683,3443,3444,13:11:17.875829
133.728545,3193,3538,13:11:17.875829
133.730435,3605,3490,13:11:17.875829
133.732301,2392,3413,13:11:17.875829
133.734158,3380,3387,13:11:17.875829
133.73602,3651,3454,13:11:17.875829
133.737877,3480,3406,13:11:17.875829
133.739733,3528,3469,13:11:17.875829
133.741593,3486,3596,13:11:17.875829
133.743449,3700,3294,13:11:17.875829
133.745308,3677,3387,13:11:17.875829
133.747164,3712,3610,13:11:17.875829
133.749023,3529,3396,13:11:17.876836
133.750879,3603,3561,13:11:17.876836
133.752736,3493,3289,13:11:17.876836
133.754596,3610,3403,13:11:17.927097
133.75646,3458,3600,13:11:17.927097
133.75832,3511,3702,13:11:17.927097
133.760226,3778,3617,13:11:17.927097
133.762093,3534,3461,13:11:17.927097
133.763953,3616,3392,13:11:17.927097
133.76581,3696,3643,13:11:17.927097
133.76767,3667,3407,13:11:17.927097
133.769526,3188,3402,13:11:17.927097
133.771383,3234,3426,13:11:17.927097
133.773245,3342,3537,13:11:17.927097
133.775101,3527,3458,13:11:17.927097
133.77696,3310,3400,13:11:17.927097
133.778816,3411,3444,13:11:17.927097
133.780672,3472,3737,13:11:17.927097
133.782537,2692,3387,13:11:17.927097
133.784419,3640,3692,13:11:17.927097
133.786279,3749,3438,13:11:17.927097
133.788136,3791,3457,13:11:17.927097
133.789992,3335,3594,13:11:17.927097
133.791848,3690,3771,13:11:17.927097
133.793706,3519,3595,13:11:17.927097
133.795563,3620,3505,13:11:17.927097
133.79742,3334,3463,13:11:17.927097
133.799278,3363,3819,13:11:17.927097
133.801134,3756,3351,13:11:17.927097
133.802991,3792,3675,13:11:17.927097
133.804849,3584,3535,13:11:17.978711
133.806713,3678,3750,13:11:17.978711
133.808574,3548,3558,13:11:17.978711
133.81049,3779,3609,13:11:17.978711
133.812353,3762,3620,13:11:17.978711
133.814213,3550,3575,13:11:17.978711
133.816069,3450,3401,13:11:17.978711
133.817927,3429,3580,13:11:17.978711
133.819784,3302,3590,13:11:17.978711
133.82164,3518,3558,13:11:17.978711
133.823498,3460,3399,13:11:17.978711
133.825355,3200,4077,13:11:17.978711
133.827213,3556,3486,13:11:17.978711
133.82907,3550,3600,13:11:17.978711
133.830932,3505,3440,13:11:17.978711
133.832792,2887,3641,13:11:17.978711
133.834652,3811,3397,13:11:17.978711
133.836515,3645,3456,13:11:17.978711
133.838373,3726,3524,13:11:17.978711
133.840232,3879,3540,13:11:17.978711
133.842088,3559,3539,13:11:17.978711
133.843944,3636,3494,13:11:17.978711
133.845805,3742,3706,13:11:17.978711
133.847661,3507,3650,13:11:17.978711
133.849517,3648,3573,13:11:17.978711
133.851378,3680,3336,13:11:17.978711
133.853242,3657,3611,13:11:17.978711
133.855098,3565,3754,13:11:18.029818
133.856984,3600,3670,13:11:18.029818
133.858843,3536,3628,13:11:18.029818
133.860739,3482,3402,13:11:18.029818
133.862598,3633,3721,13:11:18.029818
133.864456,3545,3559,13:11:18.029818
133.866312,3503,3459,13:11:18.029818
133.868171,3003,3646,13:11:18.029818
133.870027,3473,3511,13:11:18.029818
133.871887,3662,3642,13:11:18.029818
133.873744,3182,3603,13:11:18.029818
133.875602,3222,3495,13:11:18.029818
133.877461,3465,3527,13:11:18.029818
133.879317,3641,3485,13:11:18.029818
133.881175,3376,3653,13:11:18.029818
133.883035,3056,3240,13:11:18.029818
133.884918,1987,3501,13:11:18.029818
133.886782,3447,3515,13:11:18.029818
133.888639,3534,3809,13:11:18.029818
133.890495,3720,3598,13:11:18.029818
133.892351,3687,3582,13:11:18.029818
133.89421,3606,3531,13:11:18.029818
133.896068,3441,3492,13:11:18.029818
133.897934,3587,3451,13:11:18.029818
133.899791,3599,3422,13:11:18.029818
133.901647,3513,3608,13:11:18.029818
133.903505,3542,3621,13:11:18.029818
133.905362,3590,3700,13:11:18.082037
133.907236,3806,3568,13:11:18.082037
133.909096,3810,3673,13:11:18.082037
133.910993,3516,3472,13:11:18.082037
133.912849,3174,3545,13:11:18.082037
133.914707,3601,3544,13:11:18.082037
133.916564,3475,3670,13:11:18.082037
133.918422,3434,3446,13:11:18.082037
133.92028,3269,3653,13:11:18.082037
133.922139,3607,3580,13:11:18.082037
133.923995,3498,3675,13:11:18.082037
133.925854,3554,3644,13:11:18.082037
133.927712,3810,3339,13:11:18.082037
133.929569,3540,3533,13:11:18.082037
133.931427,3480,3654,13:11:18.082037
133.933288,3545,3667,13:11:18.082037
133.935173,2888,3761,13:11:18.082037
133.937042,3322,3801,13:11:18.082037
133.938902,3639,3748,13:11:18.082037
133.940764,3612,3493,13:11:18.082037
133.942621,3667,3650,13:11:18.082037
133.944483,3396,3729,13:11:18.082037
133.946339,3297,3673,13:11:18.082037
133.948196,3534,3383,13:11:18.082037
133.950054,3409,3604,13:11:18.082037
133.95191,3482,3589,13:11:18.082037
133.953769,3638,3671,13:11:18.082037
133.955629,3645,3770,13:11:18.131710
133.957491,3564,3618,13:11:18.131710
133.959354,3545,3717,13:11:18.131710
133.961262,3492,3528,13:11:18.131710
133.963124,3562,3667,13:11:18.131710
133.964981,3487,3701,13:11:18.131710
133.966839,3572,3209,13:11:18.131710
133.968699,3461,3737,13:11:18.131710
133.970556,3249,3311,13:11:18.131710
133.972414,3580,3561,13:11:18.131710
133.97427,3442,3589,13:11:18.131710
133.976131,2899,3540,13:11:18.131710
133.977989,3571,3710,13:11:18.131710
133.979852,3621,3664,13:11:18.131710
133.98171,3211,3483,13:11:18.131710
133.983566,2987,3758,13:11:18.131710
133.985425,3462,3494,13:11:18.131710
133.987281,3289,3555,13:11:18.131710
133.989189,3220,3767,13:11:18.131710
133.991045,3601,3648,13:11:18.131710
133.992902,3653,3545,13:11:18.131710
133.994766,3724,3741,13:11:18.131710
133.996623,3409,3707,13:11:18.131710
133.998479,3313,3824,13:11:18.131710
134.000337,3596,3478,13:11:18.131710
134.002194,3678,3469,13:11:18.131710
134.004052,3512,3380,13:11:18.131710
134.005926,3472,3508,13:11:18.183325
134.007787,3648,3255,13:11:18.183325
134.009649,3384,3717,13:11:18.183325
134.011533,3196,3506,13:11:18.183325
134.013396,3601,3708,13:11:18.184239
134.015252,3439,3727,13:11:18.184239
134.017108,3449,3462,13:11:18.184239
134.018967,3325,3593,13:11:18.184239
134.020825,3677,3598,13:11:18.184239
134.022681,3163,3664,13:11:18.184239
134.024538,3607,3540,13:11:18.184239
134.0264,3282,3737,13:11:18.184239
134.028262,3654,3487,13:11:18.184239
134.030122,3648,3364,13:11:18.184239
134.031983,3390,3807,13:11:18.184239
134.033841,3439,3522,13:11:18.184239
134.035702,3392,3829,13:11:18.184239
134.03756,2214,3457,13:11:18.184239
134.039416,3299,3571,13:11:18.184239
134.041273,3534,3693,13:11:18.184239
134.043131,3604,3577,13:11:18.184239
134.044989,3420,3409,13:11:18.184239
134.046846,3504,3673,13:11:18.184239
134.048706,3473,3684,13:11:18.184239
134.050563,3540,3612,13:11:18.184239
134.052419,3591,3409,13:11:18.184239
134.054277,3554,3729,13:11:18.184239
134.056156,3882,3616,13:11:18.240840
134.058016,3584,3401,13:11:18.240840
134.059884,3361,3655,13:11:18.240840
134.061809,3443,3606,13:11:18.240840
134.063673,3743,3327,13:11:18.240840
134.065529,3257,3529,13:11:18.240840
134.067385,3271,3533,13:11:18.240840
134.069244,3699,3499,13:11:18.240840
134.071103,3318,3781,13:11:18.240840
134.07296,3335,3596,13:11:18.240840
134.074817,3084,3755,13:11:18.240840
134.076679,3520,3501,13:11:18.240840
134.078538,3303,3706,13:11:18.240840
134.080394,3632,3639,13:11:18.240840
134.082252,3172,3730,13:11:18.240840
134.084109,3076,3437,13:11:18.240840
134.085973,3569,3586,13:11:18.240840
134.087834,3307,3695,13:11:18.240840
134.089713,2372,3638,13:11:18.240840
134.091604,3465,3788,13:11:18.240840
134.09346,3513,3610,13:11:18.240840
134.095324,3233,3349,13:11:18.240840
134.097181,3371,3562,13:11:18.240840
134.099037,3530,3599,13:11:18.240840
134.100896,3288,3600,13:11:18.240840
134.102752,3536,3531,13:11:18.240840
134.10461,3491,3610,13:11:18.285500
134.106471,3192,3698,13:11:18.285500
134.108331,3488,3652,13:11:18.285500
134.110245,3491,3523,13:11:18.285500
134.112113,3198,3580,13:11:18.285500
134.113984,3537,3743,13:11:18.285500
134.115842,3177,3382,13:11:18.285500
134.117701,3688,3313,13:11:18.285500
134.119563,3630,3539,13:11:18.285500
134.121419,3574,3573,13:11:18.285500
134.123277,3321,3262,13:11:18.285500
134.125134,3150,3487,13:11:18.285500
134.12699,3283,3744,13:11:18.285500
134.128848,3478,3577,13:11:18.285500
134.13071,3440,3353,13:11:18.285500
134.132567,3096,3533,13:11:18.285500
134.134424,3224,3172,13:11:18.285500
134.136282,2696,3546,13:11:18.286490
134.138142,3196,3536,13:11:18.286490
134.139999,3631,3752,13:11:18.286490
134.141857,3777,3783,13:11:18.286490
134.143715,3629,3523,13:11:18.286490
134.145574,3547,3830,13:11:18.286490
134.147436,2087,3663,13:11:18.286490
134.149292,3358,3462,13:11:18.286490
134.151149,3294,3515,13:11:18.286490
134.153012,3533,3695,13:11:18.286490
134.154871,3329,3776,13:11:18.346119
134.156738,3542,3612,13:11:18.346119
134.158602,3294,3616,13:11:18.346119
134.160516,3662,3678,13:11:18.346119
134.162378,3124,3612,13:11:18.346119
134.164237,3485,3544,13:11:18.346119
134.166093,3281,3453,13:11:18.346119
134.16795,3548,3770,13:11:18.346119
134.169808,3319,3864,13:11:18.346119
134.171669,3632,3574,13:11:18.346119
134.173527,3305,3145,13:11:18.346119
134.175383,3040,3597,13:11:18.346119
134.177245,3508,3613,13:11:18.346119
134.179102,3276,3478,13:11:18.346119
134.180958,3295,3606,13:11:18.346119
134.182816,3507,3493,13:11:18.346119
134.184673,2926,3625,13:11:18.346119
134.186531,3220,3447,13:11:18.346119
134.188387,3214,3717,13:11:18.346119
134.190246,3784,3892,13:11:18.346119
134.192106,1411,3506,13:11:18.346119
134.193996,3442,3647,13:11:18.346119
134.195855,3491,3913,13:11:18.346119
134.197711,3292,3355,13:11:18.347103
134.199571,3813,3553,13:11:18.347103
134.201428,3420,3438,13:11:18.347103
134.203285,3634,3472,13:11:18.347103
134.205146,3393,3536,13:11:18.355778
134.207015,3342,3463,13:11:18.355778
134.208875,3425,3534,13:11:18.355778
134.210765,3409,3516,13:11:18.355778
134.212628,3639,3701,13:11:18.355778
134.214486,3389,3452,13:11:18.355778
134.216346,3415,3656,13:11:18.355778
134.218211,3586,3556,13:11:18.355778
134.220067,3579,3487,13:11:18.355778
134.221923,3185,3651,13:11:18.355778
134.223782,3326,3607,13:11:18.355778
134.225638,3160,3778,13:11:18.355778
134.227496,3140,3338,13:11:18.355778
134.229353,3266,3530,13:11:18.355778
134.231209,3474,3535,13:11:18.355778
134.233068,3777,3834,13:11:18.355778
134.23493,3607,3588,13:11:18.355778
134.236786,3753,3410,13:11:18.355778
134.238643,3056,3538,13:11:18.355778
134.240503,3527,3632,13:11:18.355778
134.242397,3402,3534,13:11:18.355778
134.244254,3506,3699,13:11:18.355778
134.246112,3699,3461,13:11:18.355778
134.247968,3372,3679,13:11:18.355778
134.249827,1850,3821,13:11:18.355778
134.251689,3596,3493,13:11:18.355778
134.253545,3535,3514,13:11:18.355778
134.255406,3680,3587,13:11:18.407373
134.257274,3381,4092,13:11:18.407373
134.259138,3488,3551,13:11:18.407373
134.261044,2901,3883,13:11:18.407373
134.262902,3569,3718,13:11:18.407373
134.264759,3487,3574,13:11:18.407373
134.266615,3447,3741,13:11:18.407373
134.268474,3581,3424,13:11:18.407373
134.27033,3399,3646,13:11:18.407373
134.272186,3714,3551,13:11:18.407373
134.274045,3611,3400,13:11:18.407373
134.275901,3608,3688,13:11:18.407373
134.27776,3383,3482,13:11:18.407373
134.279616,3574,3724,13:11:18.407373
134.28148,3384,3804,13:11:18.407373
134.283337,3322,3514,13:11:18.407373
134.285193,3435,3553,13:11:18.407373
134.287051,3340,3798,13:11:18.407373
134.288908,3576,3670,13:11:18.407373
134.290764,3519,3584,13:11:18.407373
134.292622,3783,3613,13:11:18.407373
134.294507,3627,3574,13:11:18.407373
134.296365,3481,3584,13:11:18.407373
134.298221,3592,3694,13:11:18.407373
134.300078,3636,3792,13:11:18.407373
134.301934,3373,3544,13:11:18.407373
134.303792,3713,3734,13:11:18.407373
134.305657,3458,3443,13:11:18.456044
134.307523,3552,3506,13:11:18.456044
134.309384,3628,3708,13:11:18.456044
134.311297,3483,3613,13:11:18.456044
134.313154,3453,3788,13:11:18.456044
134.315014,3588,3522,13:11:18.456044
134.316874,3546,3784,13:11:18.456044
134.318733,3540,3888,13:11:18.456044
134.320589,3678,3389,13:11:18.456044
134.322449,3995,3739,13:11:18.456044
134.324306,3899,3714,13:11:18.456044
134.326172,3838,3794,13:11:18.457044
134.328029,3499,3543,13:11:18.457044
134.329885,3121,3737,13:11:18.457044
134.331743,3551,3636,13:11:18.457044
134.3336,3437,3610,13:11:18.457044
134.335456,3789,3659,13:11:18.457044
134.337314,3824,3612,13:11:18.457044
134.339171,3700,3636,13:11:18.457044
134.341029,3532,3938,13:11:18.457044
134.342891,3467,3589,13:11:18.457044
134.34475,3355,3743,13:11:18.458043
134.346606,3680,3978,13:11:18.458043
134.348471,3261,3515,13:11:18.458043
134.350353,3674,3509,13:11:18.458043
134.352209,3458,3738,13:11:18.458043
134.354073,3824,3690,13:11:18.458043
134.355948,3675,3637,13:11:18.505012
134.357807,3597,3532,13:11:18.505012
134.359668,3570,3533,13:11:18.505012
134.361598,3472,3726,13:11:18.505012
134.363454,3678,3580,13:11:18.505012
134.365311,3495,3531,13:11:18.505012
134.367167,3418,3683,13:11:18.505012
134.369026,3718,3644,13:11:18.505012
134.370882,3428,3688,13:11:18.505012
134.372738,3592,3512,13:11:18.505012
134.374597,3461,3734,13:11:18.505012
134.376455,3589,3818,13:11:18.505012
134.378312,3785,3705,13:11:18.505012
134.380168,3612,3418,13:11:18.505012
134.382026,3513,3584,13:11:18.505012
134.383883,3670,3524,13:11:18.505012
134.385739,3839,3656,13:11:18.505012
134.387597,3740,3706,13:11:18.505012
134.389454,3560,3575,13:11:18.505012
134.391312,3509,3862,13:11:18.505012
134.393168,3631,3697,13:11:18.505012
134.395033,3574,3587,13:11:18.505012
134.396889,3725,3662,13:11:18.505012
134.398745,3687,3663,13:11:18.505012
134.400604,3806,3521,13:11:18.505012
134.40246,3526,3494,13:11:18.505012
134.404319,3341,3488,13:11:18.505012
134.406185,3317,3641,13:11:18.554664
134.408045,3564,3525,13:11:18.554664
134.409914,3621,3860,13:11:18.554664
134.41183,3573,3812,13:11:18.554664
134.41369,3604,3671,13:11:18.554664
134.415546,3497,3772,13:11:18.554664
134.417403,3659,3640,13:11:18.554664
134.419265,3564,3623,13:11:18.554664
134.421121,3447,3642,13:11:18.554664
134.42298,3378,3943,13:11:18.554664
134.424836,3454,3328,13:11:18.554664
134.426692,3471,3662,13:11:18.554664
134.428551,3659,3495,13:11:18.554664
134.43041,3546,3425,13:11:18.554664
134.432268,3618,3516,13:11:18.554664
134.434124,3521,3864,13:11:18.554664
134.435986,3556,3544,13:11:18.554664
134.437843,3754,3754,13:11:18.554664
134.439699,3821,3728,13:11:18.554664
134.441559,3710,3813,13:11:18.554664
134.443417,3470,3739,13:11:18.554664
134.445282,3499,3716,13:11:18.554664
134.447138,3775,3667,13:11:18.554664
134.448995,3567,3579,13:11:18.554664
134.450855,3679,3608,13:11:18.554664
134.452712,3766,3899,13:11:18.554664
134.454572,3512,3633,13:11:18.606953
134.456478,3484,3671,13:11:18.606953
134.458338,3637,3636,13:11:18.606953
134.460246,3765,3908,13:11:18.606953
134.462117,3729,3708,13:11:18.606953
134.463973,3487,3896,13:11:18.606953
134.46583,3841,3795,13:11:18.606953
134.467686,3924,3891,13:11:18.606953
134.469548,3635,3513,13:11:18.606953
134.471405,3627,3494,13:11:18.606953
134.473265,3583,3695,13:11:18.606953
134.475121,3474,3854,13:11:18.606953
134.476978,3714,3559,13:11:18.606953
134.478836,3600,3675,13:11:18.606953
134.480693,3735,3807,13:11:18.606953
134.482551,3637,3807,13:11:18.606953
134.484407,3569,3627,13:11:18.606953
134.486268,3749,3782,13:11:18.606953
134.488124,3757,3621,13:11:18.606953
134.48998,3567,3794,13:11:18.606953
134.491839,3512,3847,13:11:18.606953
134.493695,3438,3525,13:11:18.606953
134.495553,3448,3462,13:11:18.606953
134.49741,3640,3505,13:11:18.606953
134.49927,3687,3641,13:11:18.606953
134.501128,3633,3595,13:11:18.606953
134.503011,3640,3607,13:11:18.606953
134.504869,3577,3947,13:11:18.656946
134.506739,3905,3855,13:11:18.656946
134.5086,3746,3476,13:11:18.656946
134.51051,3776,3615,13:11:18.656946
134.51237,3783,3564,13:11:18.656946
134.514229,3741,3684,13:11:18.656946
134.516085,3780,3761,13:11:18.656946
134.517941,3615,3858,13:11:18.656946
134.5198,3655,3471,13:11:18.656946
134.521656,3687,3777,13:11:18.656946
134.523514,3796,3631,13:11:18.656946
134.525371,3658,3583,13:11:18.656946
134.527233,3846,3750,13:11:18.656946
134.529089,3601,3665,13:11:18.656946
134.530946,3610,3552,13:11:18.656946
134.532804,3669,3746,13:11:18.656946
134.53466,3569,3897,13:11:18.656946
134.536519,3871,3814,13:11:18.656946
134.538379,3793,3603,13:11:18.656946
134.540236,3450,3862,13:11:18.656946
134.542094,3732,3555,13:11:18.656946
134.54395,3612,3789,13:11:18.657945
134.545811,3679,3608,13:11:18.657945
134.547671,3664,3847,13:11:18.657945
134.549527,3517,3757,13:11:18.657945
134.551384,3958,3687,13:11:18.657945
134.55324,3665,3826,13:11:18.657945
134.555098,3741,3737,13:11:18.704695
134.556967,3563,3713,13:11:18.704695
134.558827,3807,3733,13:11:18.704695
134.560747,3644,4087,13:11:18.704695
134.562613,3835,3749,13:11:18.704695
134.564472,3646,3613,13:11:18.704695
134.566328,3760,3630,13:11:18.704695
134.568192,3744,3937,13:11:18.704695
134.570049,3595,3764,13:11:18.704695
134.571905,3788,3790,13:11:18.704695
134.573764,3616,3588,13:11:18.704695
134.57562,3865,3681,13:11:18.704695
134.577478,3764,3780,13:11:18.704695
134.579335,3598,3688,13:11:18.704695
134.581191,3682,3715,13:11:18.704695
134.583049,3493,3667,13:11:18.704695
134.584913,3502,3920,13:11:18.704695
134.58677,3848,3638,13:11:18.704695
134.588626,3797,3704,13:11:18.704695
134.590485,3668,3799,13:11:18.704695
134.592341,3740,3663,13:11:18.704695
134.594198,3636,3833,13:11:18.705691
134.596056,3561,3480,13:11:18.705691
134.597912,3701,3950,13:11:18.705691
134.599769,3636,3545,13:11:18.707689
134.601625,3893,3499,13:11:18.707689
134.603491,3708,3776,13:11:18.707689
134.605348,3695,3480,13:11:18.755090
134.607222,3667,3817,13:11:18.755090
134.609082,3861,3896,13:11:18.755090
134.610985,3480,3683,13:11:18.755090
134.612843,3730,3876,13:11:18.755090
134.614701,3610,3697,13:11:18.755090
134.616558,3531,3735,13:11:18.755090
134.618414,3701,3465,13:11:18.755090
134.62027,3753,3727,13:11:18.755090
134.622133,3690,3740,13:11:18.755090
134.623989,3653,3818,13:11:18.755090
134.625846,3774,3751,13:11:18.755090
134.627704,3697,3559,13:11:18.755090
134.62956,3750,3785,13:11:18.755090
134.631419,3485,3690,13:11:18.755090
134.633275,3670,3731,13:11:18.755090
134.635135,3713,3785,13:11:18.755090
134.636992,3789,3638,13:11:18.755090
134.638849,3807,3584,13:11:18.755090
134.64071,3693,3746,13:11:18.756093
134.642567,3914,3628,13:11:18.756093
134.644427,3892,3542,13:11:18.756093
134.646284,3727,3862,13:11:18.756093
134.64814,3810,3697,13:11:18.756093
134.65,3873,3609,13:11:18.756093
134.651857,3545,3721,13:11:18.756093
134.653713,3571,3778,13:11:18.756093
134.655573,3428,3836,13:11:18.804935
134.657436,3565,3683,13:11:18.804935
134.659309,3567,3750,13:11:18.804935
134.661232,3882,3433,13:11:18.804935
134.663098,3859,3740,13:11:18.804935
134.664957,3689,3580,13:11:18.804935
134.666813,3695,3805,13:11:18.804935
134.668671,3700,3518,13:11:18.804935
134.670528,3719,3739,13:11:18.804935
134.672386,3609,3800,13:11:18.804935
134.674243,3719,3535,13:11:18.804935
134.676099,3829,3684,13:11:18.804935
134.677957,3712,4039,13:11:18.804935
134.679818,3693,3648,13:11:18.804935
134.681674,3658,3802,13:11:18.804935
134.68353,3705,3677,13:11:18.804935
134.685389,3572,3872,13:11:18.804935
134.687245,3644,3704,13:11:18.804935
134.689101,3934,3129,13:11:18.804935
134.69096,3553,3556,13:11:18.804935
134.692816,3714,3643,13:11:18.804935
134.694673,3628,3428,13:11:18.804935
134.696529,3717,3654,13:11:18.804935
134.698391,3557,3610,13:11:18.804935
134.700248,3867,3598,13:11:18.804935
134.702104,3869,3524,13:11:18.804935
134.703962,3956,3671,13:11:18.804935
134.705821,3505,3692,13:11:18.855730
134.707693,3693,3655,13:11:18.855730
134.709557,3413,4001,13:11:18.855730
134.711473,3710,3537,13:11:18.855730
134.713332,3871,3662,13:11:18.855730
134.715188,3756,3527,13:11:18.855730
134.717052,3796,3453,13:11:18.855730
134.718911,3916,3841,13:11:18.855730
134.720767,3718,3663,13:11:18.855730
134.722628,3785,3383,13:11:18.855730
134.724484,3856,3624,13:11:18.855730
134.726342,3817,3767,13:11:18.855730
134.728199,3511,3487,13:11:18.855730
134.730055,3627,3774,13:11:18.855730
134.731913,3519,3745,13:11:18.855730
134.733773,3632,3625,13:11:18.855730
134.735632,3620,3789,13:11:18.855730
134.737488,3794,3649,13:11:18.855730
134.739355,3894,3743,13:11:18.855730
134.741211,3820,3602,13:11:18.855730
134.743067,3796,3430,13:11:18.855730
134.744926,3375,3427,13:11:18.855730
134.746784,3635,3710,13:11:18.855730
134.748642,3523,3615,13:11:18.855730
134.750499,3749,3791,13:11:18.855730
134.752355,3631,3705,13:11:18.855730
134.754239,3642,3622,13:11:18.855730
134.7561,3708,3478,13:11:18.908058
134.75796,3629,3973,13:11:18.908058
134.759826,3823,3698,13:11:18.908058
134.761745,3756,3560,13:11:18.908058
134.763603,3411,3505,13:11:18.908058
134.765459,3579,3865,13:11:18.908058
134.76732,3687,3507,13:11:18.908058
134.769176,3736,3873,13:11:18.908058
134.771032,3717,3571,13:11:18.908058
134.772891,3738,3674,13:11:18.908058
134.774747,3671,3662,13:11:18.908058
134.776605,3767,3683,13:11:18.908058
134.778462,3540,3724,13:11:18.908058
134.780322,3545,3808,13:11:18.908058
134.78218,3559,3527,13:11:18.908058
134.784037,3640,3476,13:11:18.908058
134.785897,3493,3579,13:11:18.908058
134.787754,3915,3598,13:11:18.908058
134.789612,3596,3485,13:11:18.908058
134.791468,3875,3595,13:11:18.908058
134.793325,3728,3631,13:11:18.908058
134.795183,3717,3816,13:11:18.908058
134.797043,3711,3672,13:11:18.908058
134.798902,3752,3617,13:11:18.908058
134.800758,3654,3830,13:11:18.908058
134.802624,3598,3515,13:11:18.909049
134.804481,3666,3839,13:11:18.961169
134.806341,3888,3866,13:11:18.961169
134.808199,3912,3576,13:11:18.961169
134.810087,3960,3721,13:11:18.961169
134.81198,3617,3684,13:11:18.961169
134.813836,3706,3857,13:11:18.961169
134.815693,3396,3646,13:11:18.961169
134.817549,3623,4061,13:11:18.961169
134.819405,3532,3699,13:11:18.961169
134.821266,3720,3773,13:11:18.961169
134.823122,3995,3667,13:11:18.961169
134.824978,3570,3684,13:11:18.961169
134.826837,3696,4006,13:11:18.961169
134.828693,3773,3798,13:11:18.961169
134.830551,3524,3601,13:11:18.961169
134.832408,3865,3769,13:11:18.961169
134.834268,3737,3505,13:11:18.961169
134.836127,3439,3611,13:11:18.961169
134.837993,3618,3750,13:11:18.961169
134.839851,3517,3418,13:11:18.961169
134.841708,3684,3573,13:11:18.961169
134.843566,3530,3759,13:11:18.961169
134.845422,3681,3740,13:11:18.961169
134.847279,3874,3777,13:11:18.961169
134.849137,3776,3773,13:11:18.961169
134.850993,3677,3711,13:11:18.961169
134.852852,3624,3598,13:11:18.961169
134.854718,3762,3614,13:11:19.005390
134.856588,3886,3524,13:11:19.005390
134.858452,3803,3874,13:11:19.005390
134.860363,3808,3667,13:11:19.005390
134.862233,3862,3648,13:11:19.005390
134.864093,3709,3823,13:11:19.005390
134.86595,3778,3980,13:11:19.005390
134.867808,3649,3662,13:11:19.005390
134.869664,3646,3532,13:11:19.005390
134.871523,3751,3671,13:11:19.005390
134.873379,3810,3670,13:11:19.005390
134.875236,3888,3764,13:11:19.005390
134.877092,3781,3695,13:11:19.005390
134.878948,3683,3627,13:11:19.005390
134.880809,3643,3734,13:11:19.005390
134.882665,3704,3738,13:11:19.005390
134.884523,3493,3724,13:11:19.005390
134.88638,3686,3641,13:11:19.005390
134.888236,3527,3637,13:11:19.005390
134.890094,3558,3580,13:11:19.005390
134.891951,3892,3575,13:11:19.005390
134.893809,3709,3585,13:11:19.005390
134.895665,3617,3546,13:11:19.006393
134.89753,3765,3671,13:11:19.006393
134.899386,3887,3593,13:11:19.006393
134.901243,3591,3411,13:11:19.006393
134.903101,3814,3634,13:11:19.006393
134.904957,3785,3734,13:11:19.059181
134.906824,3514,3528,13:11:19.059181
134.908684,3601,3604,13:11:19.059181
134.910594,3586,3334,13:11:19.059181
134.91249,3764,3694,13:11:19.059181
134.914347,3943,3744,13:11:19.059181
134.916203,3605,4025,13:11:19.059181
134.918061,3769,3590,13:11:19.059181
134.91992,3723,3549,13:11:19.059181
134.921778,3748,3466,13:11:19.059181
134.923635,3835,3637,13:11:19.059181
134.925495,3801,3290,13:11:19.059181
134.927351,3639,3582,13:11:19.059181
134.929208,3562,3591,13:11:19.059181
134.931066,3712,3610,13:11:19.059181
134.932922,3831,3567,13:11:19.059181
134.934781,3667,3626,13:11:19.059181
134.936637,3822,3569,13:11:19.059181
134.938497,3776,3529,13:11:19.059181
134.940356,3866,3701,13:11:19.059181
134.942222,3789,3705,13:11:19.059181
134.944078,3772,3557,13:11:19.059181
134.945935,3559,3741,13:11:19.059181
134.947795,3853,3757,13:11:19.060189
134.949651,3992,3513,13:11:19.060189
134.951508,3767,3405,13:11:19.060189
134.953366,3756,3710,13:11:19.060189
134.955223,3888,3498,13:11:19.104217
134.957093,3634,3787,13:11:19.104217
134.958961,3702,3564,13:11:19.104217
134.96087,3662,3595,13:11:19.104217
134.962738,3484,3564,13:11:19.104217
134.964594,3421,3578,13:11:19.104217
134.96647,3628,3544,13:11:19.104217
134.968327,3642,3415,13:11:19.104217
134.970184,3667,3782,13:11:19.104217
134.972045,3802,3479,13:11:19.104217
134.973902,3589,3481,13:11:19.104217
134.975762,3649,3367,13:11:19.104217
134.977618,3571,3706,13:11:19.104217
134.979475,3739,3653,13:11:19.104217
134.981333,3651,3654,13:11:19.104217
134.98319,3576,3722,13:11:19.104217
134.985054,3441,3537,13:11:19.105213
134.98691,3731,3654,13:11:19.105213
134.988773,3566,3932,13:11:19.105213
134.990629,3837,3756,13:11:19.105213
134.992485,3619,3809,13:11:19.105213
134.994344,3629,3828,13:11:19.105213
134.9962,3446,3619,13:11:19.105213
134.998058,3554,3590,13:11:19.105213
134.999915,3570,3892,13:11:19.105213
135.001771,3474,3491,13:11:19.105213
135.003629,3923,3589,13:11:19.105213
135.005492,3838,3697,13:11:19.156752
135.007358,3793,3716,13:11:19.156752
135.009219,3861,3686,13:11:19.156752
135.011133,3362,3582,13:11:19.156752
135.013013,3601,3675,13:11:19.156752
135.014869,3447,3844,13:11:19.156752
135.016728,3781,3618,13:11:19.156752
135.018584,3476,3708,13:11:19.156752
135.02044,3571,3612,13:11:19.157753
135.022299,3613,3812,13:11:19.157753
135.024155,3775,3590,13:11:19.157753
135.026013,3543,3720,13:11:19.157753
135.027874,3651,3713,13:11:19.157753
135.029732,3659,3611,13:11:19.157753
135.031588,3575,3505,13:11:19.157753
135.03345,3379,3770,13:11:19.157753
135.035313,3706,3724,13:11:19.157753
135.037169,3654,3642,13:11:19.157753
135.039028,3827,3519,13:11:19.157753
135.040884,3621,3468,13:11:19.157753
135.04274,3702,3663,13:11:19.157753
135.044599,3716,3504,13:11:19.157753
135.04646,3755,3617,13:11:19.157753
135.048318,3526,3610,13:11:19.157753
135.050174,3696,3443,13:11:19.157753
135.052036,3560,3652,13:11:19.157753
135.053893,3941,3437,13:11:19.157753
135.055753,3453,3855,13:11:19.210933
135.057617,3787,3840,13:11:19.210933
135.059483,3897,3639,13:11:19.210933
135.061398,3500,3474,13:11:19.210933
135.063258,3627,3703,13:11:19.210933
135.065118,3526,3804,13:11:19.210933
135.066977,3509,3618,13:11:19.210933
135.068835,3628,3579,13:11:19.210933
135.070691,3647,3706,13:11:19.210933
135.072548,3586,3462,13:11:19.211933
135.074405,3835,3739,13:11:19.211933
135.076262,3689,3518,13:11:19.211933
135.078119,3579,3580,13:11:19.211933
135.079977,3805,3658,13:11:19.211933
135.081836,3574,3688,13:11:19.211933
135.083692,3615,3677,13:11:19.211933
135.085548,3771,3808,13:11:19.211933
135.08741,3769,3534,13:11:19.211933
135.089267,3652,3556,13:11:19.211933
135.091123,3783,3515,13:11:19.211933
135.092982,3749,3638,13:11:19.211933
135.094838,3701,3536,13:11:19.211933
135.096694,3484,3726,13:11:19.211933
135.098551,3527,3743,13:11:19.211933
135.100407,3636,3870,13:11:19.211933
135.102263,3778,3705,13:11:19.211933
135.10412,3890,3599,13:11:19.211933
135.10599,3760,3722,13:11:19.258041
135.107852,3713,3846,13:11:19.258041
135.109714,3515,3715,13:11:19.258041
135.111615,3641,3576,13:11:19.258041
135.113509,3485,3698,13:11:19.258041
135.115369,3489,3994,13:11:19.258041
135.117232,2391,3834,13:11:19.258041
135.119088,3457,3706,13:11:19.258041
135.120947,3570,3647,13:11:19.258041
135.122803,3738,3974,13:11:19.258041
135.124659,3623,3630,13:11:19.258041
135.126518,3690,3534,13:11:19.258041
135.128378,3680,3542,13:11:19.258041
135.130236,3732,3691,13:11:19.266046
135.132093,3839,3591,13:11:19.266046
135.133959,3448,3814,13:11:19.266046
135.135815,3893,3765,13:11:19.266046
135.137672,3625,3777,13:11:19.266046
135.13953,3669,3655,13:11:19.266046
135.141386,3841,3667,13:11:19.266046
135.143245,3576,3641,13:11:19.266046
135.145101,3545,3744,13:11:19.266046
135.146958,3528,3403,13:11:19.266046
135.148814,3346,3616,13:11:19.266046
135.15068,3556,3738,13:11:19.266046
135.152537,3518,3722,13:11:19.266046
135.154393,3737,3810,13:11:19.266046
135.156269,3671,3814,13:11:19.311260
135.15813,3678,3679,13:11:19.311260
135.160009,3487,3891,13:11:19.311260
135.161958,3696,3483,13:11:19.311260
135.163822,3538,3751,13:11:19.313270
135.165682,3799,3635,13:11:19.313270
135.167541,3657,3687,13:11:19.313270
135.169397,3525,3534,13:11:19.313270
135.171293,3629,3809,13:11:19.313270
135.173154,3688,3532,13:11:19.313270
135.17501,3495,3508,13:11:19.313270
135.176868,3561,3643,13:11:19.313270
135.178725,3746,3769,13:11:19.313270
135.180581,3437,3498,13:11:19.313270
135.182438,3893,3732,13:11:19.313270
135.184294,3670,3771,13:11:19.313270
135.186152,3603,3769,13:11:19.313270
135.188009,3695,3734,13:11:19.313270
135.189867,3692,3750,13:11:19.313270
135.191723,3615,3716,13:11:19.313270
135.19358,3521,3615,13:11:19.313270
135.195438,3469,3470,13:11:19.313270
135.1973,3505,3406,13:11:19.313270
135.199157,3598,3713,13:11:19.313270
135.201013,3623,3807,13:11:19.313270
135.202871,3579,3737,13:11:19.313270
135.204728,3673,3763,13:11:19.359799
135.206602,3471,3653,13:11:19.359799
135.208462,3874,3656,13:11:19.359799
135.210358,3431,3822,13:11:19.359799
135.212227,3442,3724,13:11:19.359799
135.214085,3482,3740,13:11:19.359799
135.215948,3597,3670,13:11:19.359799
135.217814,3193,3631,13:11:19.359799
135.219722,3697,3797,13:11:19.359799
135.221578,3464,3774,13:11:19.359799
135.223437,3614,3922,13:11:19.359799
135.225293,3633,3697,13:11:19.359799
135.227149,3567,3702,13:11:19.359799
135.229006,3585,3558,13:11:19.359799
135.230864,3651,3601,13:11:19.359799
135.23272,3652,3758,13:11:19.359799
135.234577,3615,3708,13:11:19.359799
135.236435,3934,3756,13:11:19.359799
135.238292,3621,3733,13:11:19.359799
135.24015,3638,3850,13:11:19.359799
135.242006,3772,3807,13:11:19.359799
135.243865,3457,3708,13:11:19.359799
135.245723,3596,3719,13:11:19.359799
135.247583,3506,3517,13:11:19.359799
135.24944,3596,3492,13:11:19.359799
135.251296,3647,3596,13:11:19.359799
135.253154,3449,3636,13:11:19.359799
135.255011,3736,3552,13:11:19.414957
135.256875,3898,3797,13:11:19.414957
135.258737,3635,3910,13:11:19.414957
135.26063,3597,3758,13:11:19.414957
135.262492,3412,3684,13:11:19.414957
135.264356,3446,3563,13:11:19.414957
135.266233,2897,3675,13:11:19.414957
135.268109,3609,3817,13:11:19.414957
135.269967,3330,4000,13:11:19.414957
135.271824,3555,3921,13:11:19.414957
135.27368,3702,3748,13:11:19.414957
135.275536,3647,3990,13:11:19.414957
135.277395,3576,3674,13:11:19.414957
135.279251,3640,3664,13:11:19.414957
135.281109,3322,3682,13:11:19.414957
135.282966,3504,3720,13:11:19.414957
135.284822,3477,3745,13:11:19.414957
135.28668,3436,3500,13:11:19.414957
135.288542,3547,3767,13:11:19.414957
135.290399,3485,3621,13:11:19.414957
135.292255,3548,3650,13:11:19.414957
135.294114,3824,3543,13:11:19.414957
135.29597,3552,3773,13:11:19.414957
135.297826,3633,3929,13:11:19.414957
135.299683,3859,3762,13:11:19.414957
135.301539,3574,3725,13:11:19.414957
135.303396,3425,3580,13:11:19.414957
135.305252,3501,3654,13:11:19.464382
135.30712,3692,3883,13:11:19.464382
135.308981,3457,3699,13:11:19.464382
135.310881,3276,3788,13:11:19.464382
135.312739,3315,3538,13:11:19.468389
135.314595,3176,3632,13:11:19.468389
135.316452,3635,3683,13:11:19.468389
135.31833,3608,3721,13:11:19.468389
135.3202,2417,3566,13:11:19.468389
135.322061,3539,3302,13:11:19.468389
135.323917,3354,3678,13:11:19.468389
135.325777,3577,3576,13:11:19.468389
135.327634,3518,3740,13:11:19.468389
135.329491,3659,3946,13:11:19.468389
135.331352,3666,3775,13:11:19.468389
135.333209,3554,3777,13:11:19.468389
135.335069,3630,3618,13:11:19.468389
135.336926,3867,3534,13:11:19.468389
135.338784,3382,3398,13:11:19.468389
135.340642,3172,3731,13:11:19.468389
135.342499,3824,3679,13:11:19.468389
135.344355,3774,3579,13:11:19.468389
135.346211,3541,3592,13:11:19.468389
135.348072,3406,3725,13:11:19.468389
135.349928,3617,3569,13:11:19.468389
135.351784,3718,3613,13:11:19.468389
135.353643,3564,3770,13:11:19.468389
135.355501,3483,3627,13:11:19.520939
135.357373,3710,3701,13:11:19.520939
135.359237,3610,3331,13:11:19.520939
135.361136,3372,3706,13:11:19.521939
135.362996,3539,3476,13:11:19.521939
135.364855,3401,3660,13:11:19.521939
135.366729,3579,4079,13:11:19.521939
135.368585,3582,3534,13:11:19.521939
135.370451,2698,3493,13:11:19.521939
135.37231,3808,3554,13:11:19.521939
135.374166,3747,3593,13:11:19.521939
135.376026,3681,3695,13:11:19.521939
135.377905,3325,3710,13:11:19.521939
135.379763,3495,3780,13:11:19.521939
135.381622,3702,3836,13:11:19.521939
135.383478,3565,3577,13:11:19.521939
135.385336,3629,3433,13:11:19.521939
135.387193,3838,3726,13:11:19.521939
135.389049,3369,3585,13:11:19.521939
135.390907,3417,3894,13:11:19.521939
135.392771,3783,3765,13:11:19.521939
135.394628,3728,3631,13:11:19.521939
135.396484,3332,3388,13:11:19.521939
135.398343,3500,3834,13:11:19.521939
135.400199,3538,3644,13:11:19.521939
135.402055,3348,3775,13:11:19.521939
135.403912,3358,3777,13:11:19.521939
135.405778,3661,3545,13:11:19.565828
135.407638,3338,3553,13:11:19.565828
135.409501,3221,3522,13:11:19.565828
135.411419,3688,3521,13:11:19.565828
135.413275,3646,3778,13:11:19.565828
135.415134,3188,3643,13:11:19.565828
135.416992,3755,3739,13:11:19.565828
135.418848,3642,3612,13:11:19.565828
135.420705,3509,3884,13:11:19.565828
135.422563,3428,3614,13:11:19.565828
135.424423,2801,3387,13:11:19.565828
135.426282,3662,3655,13:11:19.565828
135.428138,3139,3361,13:11:19.565828
135.429996,3346,3560,13:11:19.565828
135.431855,3515,3415,13:11:19.565828
135.433711,3706,3465,13:11:19.565828
135.435569,3555,3607,13:11:19.565828
135.437426,3812,3767,13:11:19.565828
135.439284,3518,3652,13:11:19.565828
135.441141,3617,3620,13:11:19.565828
135.442997,3759,3612,13:11:19.565828
135.444855,3613,3526,13:11:19.565828
135.446717,3289,3671,13:11:19.565828
135.448574,3384,3343,13:11:19.565828
135.45043,3873,3339,13:11:19.565828
135.452289,3429,3676,13:11:19.565828
135.454145,3639,3621,13:11:19.565828
135.456024,3828,3452,13:11:19.616496
135.457884,3755,3256,13:11:19.616496
135.45975,3407,3438,13:11:19.616496
135.461632,3670,3613,13:11:19.616496
135.463495,3890,3590,13:11:19.616496
135.465352,3573,3342,13:11:19.616496
135.467213,3474,3629,13:11:19.616496
135.469076,3565,3552,13:11:19.616496
135.470962,3649,3460,13:11:19.616496
135.47283,3418,3581,13:11:19.616496
135.474687,3791,3905,13:11:19.616496
135.476573,3667,3479,13:11:19.616496
135.478429,3621,3480,13:11:19.616496
135.480288,3719,3718,13:11:19.616496
135.482146,3549,3568,13:11:19.616496
135.484003,3756,3517,13:11:19.616496
135.485867,3850,3699,13:11:19.616496
135.487723,3813,3355,13:11:19.616496
135.489583,3971,3588,13:11:19.616496
135.49144,3714,3656,13:11:19.616496
135.493296,3600,3355,13:11:19.616496
135.495154,3431,3466,13:11:19.616496
135.497011,3957,3612,13:11:19.616496
135.498869,3732,3481,13:11:19.616496
135.500725,3832,3482,13:11:19.616496
135.50259,3594,3592,13:11:19.616496
135.504449,3727,3664,13:11:19.616496
135.506322,3523,3423,13:11:19.668692
135.508183,3600,3367,13:11:19.668692
135.510061,3782,3697,13:11:19.668692
135.511944,3813,3457,13:11:19.668692
135.513802,3526,3640,13:11:19.668692
135.515658,3690,3612,13:11:19.668692
135.517514,3878,3437,13:11:19.668692
135.519373,3626,3512,13:11:19.668692
135.521239,3784,3482,13:11:19.668692
135.523105,3220,3739,13:11:19.668692
135.524985,4116,3536,13:11:19.668692
135.526844,3699,3374,13:11:19.668692
135.5287,4030,3405,13:11:19.668692
135.530563,4041,3523,13:11:19.668692
135.532419,3635,3319,13:11:19.668692
135.534276,3727,3938,13:11:19.668692
135.536134,4150,3336,13:11:19.668692
135.53799,3066,3267,13:11:19.668692
135.539849,3470,4077,13:11:19.668692
135.541705,4345,3703,13:11:19.668692
135.543561,3393,3387,13:11:19.668692
135.545418,3478,3599,13:11:19.668692
135.547283,4387,4029,13:11:19.668692
135.54914,3747,3074,13:11:19.668692
135.550997,3233,3686,13:11:19.668692
135.552855,3973,3799,13:11:19.668692
135.554711,4011,3715,13:11:19.718295
135.556589,3320,3078,13:11:19.718295
135.558451,3465,3653,13:11:19.718295
135.560338,4262,3722,13:11:19.718295
135.562215,3585,3339,13:11:19.718295
135.564073,3598,3663,13:11:19.719287
135.565931,4063,3715,13:11:19.719287
135.567788,3982,3252,13:11:19.719287
135.569644,3099,3443,13:11:19.719287
135.571504,3610,3952,13:11:19.719287
135.573361,4105,3454,13:11:19.719287
135.575223,2308,3357,13:11:19.719287
135.577081,3649,3963,13:11:19.719287
135.57894,4360,3673,13:11:19.719287
135.580806,3312,3252,13:11:19.719287
135.582686,3318,3557,13:11:19.719287
135.584543,4181,3857,13:11:19.719287
135.586401,3797,3333,13:11:19.719287
135.588257,3516,3451,13:11:19.719287
135.590116,3848,3912,13:11:19.719287
135.591972,4008,3494,13:11:19.719287
135.593833,3354,3354,13:11:19.719287
135.595689,3461,3889,13:11:19.719287
135.597545,4533,3847,13:11:19.719287
135.599404,3680,3338,13:11:19.719287
135.60126,3143,3635,13:11:19.719287
135.603116,3975,3872,13:11:19.719287
135.604973,3890,3515,13:11:19.770284
135.606839,3596,3488,13:11:19.770284
135.608699,3452,3999,13:11:19.770284
135.610622,3970,3771,13:11:19.770284
135.612484,3436,3466,13:11:19.770284
135.61434,3661,3803,13:11:19.770284
135.616196,3659,4034,13:11:19.770284
135.618053,3975,3574,13:11:19.770284
135.619909,3704,3777,13:11:19.770284
135.621768,3771,3833,13:11:19.770284
135.623624,4089,3927,13:11:19.770284
135.625482,2662,3376,13:11:19.770284
135.627341,3329,3790,13:11:19.770284
135.629201,4066,4168,13:11:19.770284
135.631057,4067,3738,13:11:19.770284
135.632914,3308,3594,13:11:19.770284
135.634774,3727,3904,13:11:19.770284
135.636631,3982,3600,13:11:19.770284
135.638487,3827,3651,13:11:19.770284
135.640345,3558,3686,13:11:19.770284
135.642202,3778,3929,13:11:19.770284
135.64406,3778,3597,13:11:19.770284
135.645916,3382,3664,13:11:19.770284
135.647779,3838,3853,13:11:19.770284
135.649635,3962,3744,13:11:19.770284
135.651491,3695,3680,13:11:19.770284
135.65335,3660,3999,13:11:19.770284
135.655206,3886,3855,13:11:19.821396
135.657076,3698,3586,13:11:19.821396
135.658937,3415,3756,13:11:19.821396
135.660846,3679,4023,13:11:19.821396
135.662707,3916,3695,13:11:19.821396
135.664564,3325,3811,13:11:19.821396
135.666426,3694,3895,13:11:19.821396
135.668282,3743,3633,13:11:19.821396
135.670139,3284,3676,13:11:19.821396
135.671997,3650,3865,13:11:19.821396
135.673859,3820,3930,13:11:19.821396
135.675741,3181,3479,13:11:19.821396
135.677612,3654,3996,13:11:19.821396
135.679471,4156,4044,13:11:19.821396
135.681335,3836,3671,13:11:19.821396
135.683191,3511,3830,13:11:19.821396
135.685049,3573,3883,13:11:19.821396
135.686906,3856,3836,13:11:19.821396
135.688762,3710,3720,13:11:19.821396
135.69062,3500,3926,13:11:19.821396
135.692476,3898,3854,13:11:19.821396
135.694335,3831,3819,13:11:19.821396
135.696192,3621,3644,13:11:19.821396
135.698054,3968,3833,13:11:19.821396
135.69991,4020,3784,13:11:19.821396
135.701767,3625,3560,13:11:19.821396
135.703625,3659,3750,13:11:19.821396
135.705483,4028,3837,13:11:19.872231
135.707348,3855,3878,13:11:19.872231
135.709208,3661,4075,13:11:19.872231
135.711119,3687,3835,13:11:19.872231
135.712979,4450,3771,13:11:19.872231
135.714837,3476,3748,13:11:19.872231
135.716695,3369,4028,13:11:19.872231
135.718552,3710,3779,13:11:19.872231
135.720408,3268,3591,13:11:19.872231
135.722266,2960,3974,13:11:19.872231
135.724123,3834,4007,13:11:19.872231
135.725983,3685,3592,13:11:19.872231
135.727845,1398,3846,13:11:19.872231
135.729746,3860,4068,13:11:19.872231
135.731604,4074,3839,13:11:19.872231
135.73346,3309,3446,13:11:19.872231
135.735319,3623,4084,13:11:19.872231
135.737175,3758,4072,13:11:19.872231
135.739031,3733,3688,13:11:19.872231
135.740888,3676,3623,13:11:19.872231
135.742754,3787,3948,13:11:19.872231
135.74461,3803,3476,13:11:19.872231
135.746467,3623,3972,13:11:19.872231
135.748325,3915,3982,13:11:19.872231
135.750181,4031,3638,13:11:19.872231
135.752038,3556,3739,13:11:19.872231
135.753896,3458,3837,13:11:19.872231
135.755755,3801,4029,13:11:19.923500
135.757615,3713,3643,13:11:19.923500
135.759478,3463,3625,13:11:19.923500
135.761389,3325,4119,13:11:19.923500
135.763254,3980,3790,13:11:19.923500
135.765112,3457,3595,13:11:19.923500
135.766972,3592,3859,13:11:19.924490
135.768829,3428,4070,13:11:19.924490
135.770685,3180,3707,13:11:19.924490
135.772543,3033,3721,13:11:19.924490
135.7744,3558,3864,13:11:19.924490
135.776261,3692,3711,13:11:19.924490
135.778122,1587,3789,13:11:19.924490
135.779989,3826,3922,13:11:19.924490
135.781847,4217,4041,13:11:19.924490
135.783713,3658,3462,13:11:19.924490
135.78557,3543,3749,13:11:19.924490
135.787426,3767,3937,13:11:19.924490
135.789284,3687,3676,13:11:19.924490
135.791141,3550,3854,13:11:19.924490
135.792997,3839,4089,13:11:19.924490
135.794855,4026,3843,13:11:19.924490
135.796712,3578,3820,13:11:19.924490
135.79857,3835,3930,13:11:19.924490
135.800427,3868,3818,13:11:19.924490
135.802291,3855,3522,13:11:19.924490
135.804147,3493,3835,13:11:19.924490
135.806031,3910,4084,13:11:19.975478
135.807892,3816,3750,13:11:19.975478
135.809756,3442,3664,13:11:19.975478
135.811648,3452,3628,13:11:19.975478
135.813507,4095,4003,13:11:19.975478
135.815363,3761,3563,13:11:19.975478
135.817221,3516,3843,13:11:19.975478
135.819078,3656,3904,13:11:19.975478
135.820938,3743,3728,13:11:19.975478
135.822795,3802,3817,13:11:19.975478
135.824653,3403,3886,13:11:19.975478
135.826511,3585,4097,13:11:19.975478
135.828368,3258,3776,13:11:19.975478
135.830248,1430,3949,13:11:19.975478
135.832114,3860,3911,13:11:19.975478
135.833971,3627,3608,13:11:19.975478
135.835829,3677,3891,13:11:19.975478
135.837685,3859,3755,13:11:19.975478
135.839544,3805,4108,13:11:19.975478
135.8414,3594,3742,13:11:19.975478
135.843258,3653,3813,13:11:19.975478
135.845117,3870,3798,13:11:19.975478
135.846974,3811,3893,13:11:19.975478
135.848835,3598,3609,13:11:19.975478
135.850692,4002,3957,13:11:19.975478
135.85255,3668,3895,13:11:19.975478
135.854406,3387,3854,13:11:19.975478
135.856273,3726,3885,13:11:20.028447
135.858133,3851,3803,13:11:20.028447
135.860003,3934,3642,13:11:20.028447
135.86189,3688,3735,13:11:20.028447
135.863746,3658,3798,13:11:20.028447
135.865602,3653,3806,13:11:20.028447
135.867461,3660,3550,13:11:20.028447
135.869317,3522,4063,13:11:20.028447
135.871175,3410,3752,13:11:20.028447
135.873032,3811,3551,13:11:20.028447
135.874894,3909,3916,13:11:20.028447
135.876753,3771,4049,13:11:20.028447
135.878618,2996,3943,13:11:20.028447
135.88048,3364,3733,13:11:20.028447
135.882361,3591,3957,13:11:20.028447
135.884218,3877,3696,13:11:20.028447
135.886078,3749,3837,13:11:20.028447
135.887942,3841,4009,13:11:20.028447
135.889799,3748,3787,13:11:20.028447
135.891655,3661,3828,13:11:20.028447
135.893514,3755,3842,13:11:20.028447
135.89537,3903,3980,13:11:20.028447
135.897226,3640,3727,13:11:20.028447
135.899083,3576,3865,13:11:20.028447
135.900939,3893,3816,13:11:20.029452
135.902797,3873,3875,13:11:20.029452
135.904654,3677,3691,13:11:20.077492
135.906522,3703,3841,13:11:20.077492
135.908382,4073,3716,13:11:20.077492
135.910286,3641,3726,13:11:20.077492
135.912157,3605,3864,13:11:20.077492
135.914013,3847,3833,13:11:20.078477
135.915872,3906,3846,13:11:20.078477
135.917728,3823,3845,13:11:20.078477
135.919586,3405,3672,13:11:20.078477
135.921444,3698,4175,13:11:20.078477
135.923301,3183,3747,13:11:20.078477
135.925167,3213,3544,13:11:20.078477
135.927024,3678,3841,13:11:20.078477
135.92888,4044,4162,13:11:20.078477
135.930738,3661,3729,13:11:20.078477
135.932595,3619,3935,13:11:20.078477
135.934459,2112,3915,13:11:20.078477
135.936339,3720,3655,13:11:20.078477
135.938196,3576,3740,13:11:20.078477
135.940054,3885,4022,13:11:20.078477
135.94191,4075,3933,13:11:20.078477
135.943769,3500,3908,13:11:20.078477
135.945625,3438,3893,13:11:20.078477
135.947487,3969,3589,13:11:20.078477
135.949346,3820,3726,13:11:20.078477
135.951212,3762,3921,13:11:20.078477
135.953069,3847,3860,13:11:20.078477
135.954925,3953,4013,13:11:20.130051
135.956793,3727,3798,13:11:20.130051
135.958652,3744,3621,13:11:20.130051
135.96056,3804,3851,13:11:20.130051
135.96242,3693,3700,13:11:20.130051
135.964276,3748,3746,13:11:20.130051
135.966137,3969,3676,13:11:20.130051
135.967993,3762,3868,13:11:20.130051
135.96985,3752,3791,13:11:20.130051
135.97171,3815,3798,13:11:20.130051
135.973566,3954,3740,13:11:20.130051
135.975427,3593,3702,13:11:20.130051
135.977283,3047,3812,13:11:20.130051
135.979139,3788,4045,13:11:20.130051
135.981,3612,3967,13:11:20.130051
135.982884,2042,3732,13:11:20.130051
135.984748,3938,3892,13:11:20.130051
135.986605,3744,3768,13:11:20.130051
135.988461,3411,3955,13:11:20.130051
135.990319,3863,3960,13:11:20.130051
135.99218,3791,3858,13:11:20.130051
135.994038,3861,3853,13:11:20.130051
135.995894,3886,3789,13:11:20.130051
135.997763,3869,4100,13:11:20.130051
135.999619,3847,3880,13:11:20.131058
136.001475,3748,3892,13:11:20.131058
136.003334,3752,3819,13:11:20.131058
136.00519,3832,4101,13:11:20.180602
136.00706,3905,3694,13:11:20.180602
136.008921,3793,3609,13:11:20.180602
136.010829,3841,3861,13:11:20.180602
136.012687,3259,3646,13:11:20.180602
136.014546,3591,3557,13:11:20.180602
136.01641,4027,3983,13:11:20.180602
136.018266,4091,3885,13:11:20.180602
136.020123,3933,3546,13:11:20.180602
136.021981,3350,3952,13:11:20.180602
136.023837,3161,3854,13:11:20.180602
136.025694,3778,3697,13:11:20.180602
136.02755,3612,3856,13:11:20.180602
136.029408,3977,3859,13:11:20.180602
136.031265,3875,3696,13:11:20.180602
136.033121,3480,3721,13:11:20.180602
136.034999,3721,4163,13:11:20.180602
136.036872,2872,3860,13:11:20.180602
136.03873,4026,4023,13:11:20.180602
136.040588,3523,3897,13:11:20.180602
136.042445,3889,3925,13:11:20.180602
136.044305,3884,3916,13:11:20.180602
136.046161,3958,3769,13:11:20.180602
136.04802,3909,3956,13:11:20.180602
136.049876,3620,3854,13:11:20.180602
136.051733,3881,4074,13:11:20.180602
136.053591,3818,4265,13:11:20.182752
136.055451,3970,3888,13:11:20.231120
136.057316,3700,3825,13:11:20.231120
136.059177,3695,3758,13:11:20.231120
136.06107,3948,3934,13:11:20.231120
136.062932,3751,3604,13:11:20.231120
136.064791,3407,3721,13:11:20.231120
136.066649,3237,3939,13:11:20.231120
136.068506,3691,3807,13:11:20.231120
136.070364,2977,3684,13:11:20.231120
136.072222,3724,3699,13:11:20.231120
136.074079,4162,3915,13:11:20.231120
136.075939,3498,3719,13:11:20.231120
136.077797,3505,3615,13:11:20.231120
136.079656,3759,4062,13:11:20.231120
136.081512,3825,3912,13:11:20.231120
136.083376,3464,3521,13:11:20.231120
136.085235,4075,3939,13:11:20.231120
136.087095,2000,3847,13:11:20.231120
136.088953,4073,3786,13:11:20.231120
136.090812,3705,4137,13:11:20.231120
136.09267,4116,3625,13:11:20.231120
136.09455,3862,3866,13:11:20.231120
136.096409,3593,3818,13:11:20.231120
136.098267,3949,3759,13:11:20.231120
136.100123,3804,3647,13:11:20.231120
136.101984,3643,3952,13:11:20.231120
136.10384,3771,3763,13:11:20.232004
136.105701,4272,3806,13:11:20.282494
136.107567,3947,3729,13:11:20.282494
136.109429,3912,4053,13:11:20.282494
136.111335,3452,3767,13:11:20.282494
136.113194,4193,3780,13:11:20.282494
136.115057,3649,3749,13:11:20.282494
136.116916,3358,3748,13:11:20.282494
136.118775,4316,3879,13:11:20.282494
136.120639,3885,3839,13:11:20.282494
136.122495,3356,3948,13:11:20.282494
136.124352,3701,3894,13:11:20.282494
136.12621,4031,3900,13:11:20.282494
136.128068,3871,3557,13:11:20.282494
136.129927,3441,3678,13:11:20.282494
136.131785,3997,3638,13:11:20.282494
136.133641,3559,3512,13:11:20.282494
136.1355,3761,3823,13:11:20.282494
136.137361,1633,4003,13:11:20.282494
136.139221,4193,3825,13:11:20.282494
136.141077,3807,3930,13:11:20.282494
136.142941,3965,3996,13:11:20.282494
136.1448,3976,3820,13:11:20.282494
136.146656,3563,3714,13:11:20.282494
136.148514,3628,3942,13:11:20.282494
136.150371,3867,3996,13:11:20.282494
136.152229,4098,3694,13:11:20.282494
136.154085,3569,3830,13:11:20.282494
136.155962,3993,3820,13:11:20.337278
136.157824,3910,3749,13:11:20.337278
136.159686,3685,3876,13:11:20.337278
136.1616,3724,3702,13:11:20.337278
136.163459,3868,3719,13:11:20.337278
136.165318,3572,3819,13:11:20.337278
136.167179,3770,3707,13:11:20.337278
136.169036,4002,3764,13:11:20.337278
136.170894,3951,3803,13:11:20.337278
136.172753,3391,3878,13:11:20.337278
136.174609,3422,3967,13:11:20.337278
136.176467,3657,3721,13:11:20.337278
136.178327,3529,3690,13:11:20.337278
136.180186,3130,3550,13:11:20.337278
136.182042,3179,3705,13:11:20.337278
136.183905,3493,3806,13:11:20.337278
136.185767,3477,3555,13:11:20.337278
136.187651,3582,4092,13:11:20.337278
136.189516,3994,3675,13:11:20.337278
136.191374,3860,3908,13:11:20.337278
136.193234,3927,3686,13:11:20.337278
136.195091,3933,3707,13:11:20.337278
136.196947,3966,3641,13:11:20.337278
136.198805,3807,3831,13:11:20.337278
136.200662,3877,3666,13:11:20.337278
136.20252,3878,3770,13:11:20.337278
136.204378,3748,3592,13:11:20.337278
136.206243,3897,4014,13:11:20.392683
136.208103,3923,3715,13:11:20.392683
136.209981,3710,3927,13:11:20.392683
136.211868,3466,3793,13:11:20.392683
136.213724,3299,3964,13:11:20.392683
136.21558,3961,3766,13:11:20.392683
136.217444,3935,3750,13:11:20.392683
136.219301,3069,4004,13:11:20.392683
136.221159,3495,3679,13:11:20.392683
136.223016,3806,3691,13:11:20.392683
136.224878,3884,3974,13:11:20.392683
136.226734,3570,3837,13:11:20.392683
136.228601,3116,3577,13:11:20.392683
136.230457,3975,3986,13:11:20.392683
136.232314,3641,3920,13:11:20.392683
136.234172,3700,3460,13:11:20.392683
136.236028,3653,3750,13:11:20.392683
136.237885,3633,3836,13:11:20.392683
136.239743,4172,3645,13:11:20.392683
136.241599,3207,3887,13:11:20.392683
136.243501,3809,3744,13:11:20.392683
136.245358,3667,3786,13:11:20.392683
136.247214,3778,3909,13:11:20.392683
136.249073,3879,3826,13:11:20.392683
136.250929,4230,3710,13:11:20.392683
136.252787,3951,3793,13:11:20.392683
136.254644,3668,3929,13:11:20.436769
136.256512,4149,3709,13:11:20.436769
136.25837,3744,3820,13:11:20.436769
136.260276,3719,3585,13:11:20.436769
136.262216,3694,3752,13:11:20.436769
136.264075,3636,3946,13:11:20.436769
136.265931,3885,3931,13:11:20.436769
136.26779,3817,3614,13:11:20.436769
136.269646,3612,3670,13:11:20.436769
136.271502,3712,3779,13:11:20.436769
136.273361,3808,3710,13:11:20.436769
136.275221,3902,3908,13:11:20.436769
136.277077,3428,3812,13:11:20.436769
136.278934,3659,3864,13:11:20.436769
136.280794,3898,3713,13:11:20.436769
136.28265,3247,3974,13:11:20.436769
136.284507,3430,4013,13:11:20.436769
136.286365,3736,3994,13:11:20.436769
136.288223,3079,3893,13:11:20.436769
136.290082,3901,3867,13:11:20.436769
136.291938,3834,3577,13:11:20.436769
136.293798,3687,3665,13:11:20.436769
136.295655,3890,3960,13:11:20.436769
136.297511,3638,3854,13:11:20.436769
136.299375,2813,3855,13:11:20.436769
136.301266,4071,3688,13:11:20.436769
136.303124,4111,3800,13:11:20.436769
136.304981,3860,3603,13:11:20.486081
136.306847,3678,4041,13:11:20.486081
136.308709,3881,3889,13:11:20.486081
136.310601,3772,3977,13:11:20.486081
136.31246,3776,3710,13:11:20.486081
136.314316,3994,3921,13:11:20.486081
136.31618,3580,3660,13:11:20.486081
136.318037,3723,3707,13:11:20.486081
136.319895,3627,3905,13:11:20.486081
136.321754,3678,4022,13:11:20.486081
136.32361,3886,3470,13:11:20.486081
136.325466,3383,3774,13:11:20.486081
136.327325,3799,3962,13:11:20.486081
136.329181,3716,3731,13:11:20.486081
136.331037,3481,3604,13:11:20.486081
136.332894,3812,3801,13:11:20.486081
136.334758,3914,3624,13:11:20.486081
136.336614,3968,3680,13:11:20.486081
136.338471,3504,3850,13:11:20.486081
136.340329,3249,3725,13:11:20.486081
136.342185,3498,3750,13:11:20.486081
136.344044,3881,3835,13:11:20.486081
136.3459,3785,3693,13:11:20.486081
136.347757,3728,3597,13:11:20.486081
136.349615,3749,3671,13:11:20.486081
136.351479,3981,3758,13:11:20.486081
136.353336,4090,3729,13:11:20.487080
136.355192,4045,3791,13:11:20.504439
136.357068,4077,3995,13:11:20.504439
136.358929,3839,3672,13:11:20.504439
136.360837,3650,3738,13:11:20.504439
136.362697,3729,4060,13:11:20.504439
136.364553,3856,3731,13:11:20.504439
136.36641,3862,3914,13:11:20.504439
136.368268,4030,3875,13:11:20.504439
136.370126,3829,3934,13:11:20.504439
136.371983,3717,3831,13:11:20.504439
136.373839,3528,3880,13:11:20.504439
136.375698,3188,3792,13:11:20.504439
136.377554,3418,3961,13:11:20.504439
136.37941,3785,3618,13:11:20.504439
136.381271,4237,3590,13:11:20.504439
136.383127,4001,3696,13:11:20.504439
136.384983,3252,3762,13:11:20.504439
136.38684,3719,3633,13:11:20.504439
136.3887,3984,3789,13:11:20.504439
136.39056,3942,4036,13:11:20.504439
136.392417,1839,3912,13:11:20.504439
136.394305,4072,3770,13:11:20.504439
136.396161,3855,4040,13:11:20.504439
136.398028,3701,3787,13:11:20.504439
136.399884,3789,3832,13:11:20.504439
136.40174,3783,3875,13:11:20.504439
136.403599,4047,3730,13:11:20.504439
136.405457,3932,4031,13:11:20.554200
136.407324,4123,3865,13:11:20.554200
136.409184,3931,3690,13:11:20.554200
136.411095,3654,3572,13:11:20.554200
136.412962,4067,3975,13:11:20.554200
136.414819,4005,3785,13:11:20.555194
136.416677,3865,3488,13:11:20.555194
136.418533,3940,4042,13:11:20.555194
136.42039,3635,3884,13:11:20.555194
136.422248,3953,3788,13:11:20.555194
136.424104,3673,3705,13:11:20.555194
136.425963,3740,3859,13:11:20.555194
136.427819,4046,3867,13:11:20.555194
136.429676,3849,3892,13:11:20.555194
136.431534,3872,3893,13:11:20.555194
136.433396,4040,3764,13:11:20.555194
136.435253,3925,3701,13:11:20.555194
136.437109,3705,3773,13:11:20.555194
136.438967,4010,3553,13:11:20.555194
136.440824,3929,3745,13:11:20.555194
136.44268,3686,3856,13:11:20.555194
136.444538,3942,4013,13:11:20.555194
136.446395,3837,3518,13:11:20.555194
136.448253,4026,3591,13:11:20.555194
136.450109,3733,3715,13:11:20.555194
136.451974,3959,3562,13:11:20.555194
136.45383,3867,3592,13:11:20.555194
136.455696,4170,3835,13:11:20.607858
136.457563,3864,3969,13:11:20.607858
136.459425,3828,3748,13:11:20.607858
136.461335,3641,3503,13:11:20.607858
136.463196,3765,3726,13:11:20.607858
136.465052,4059,3728,13:11:20.607858
136.466914,3727,3706,13:11:20.607858
136.468773,3549,3641,13:11:20.607858
136.470631,4050,3825,13:11:20.607858
136.472487,4119,3981,13:11:20.607858
136.474344,3733,3347,13:11:20.607858
136.476206,3949,3994,13:11:20.607858
136.478062,3888,3674,13:11:20.607858
136.479921,3744,3680,13:11:20.607858
136.481777,3942,3791,13:11:20.607858
136.483634,3802,3733,13:11:20.607858
136.485492,3742,3593,13:11:20.607858
136.487351,3411,3478,13:11:20.607858
136.489209,3697,3723,13:11:20.607858
136.491065,3968,3762,13:11:20.607858
136.492931,3829,3940,13:11:20.607858
136.494788,3610,3692,13:11:20.607858
136.496644,3832,3766,13:11:20.607858
136.498502,3916,3835,13:11:20.607858
136.500361,3839,3787,13:11:20.607858
136.502217,3776,3844,13:11:20.607858
136.504073,4033,3793,13:11:20.607858
136.505936,3866,3486,13:11:20.654402
136.507802,3661,3774,13:11:20.654402
136.509674,3518,3630,13:11:20.654402
136.5116,3265,3742,13:11:20.654402
136.513459,3712,3652,13:11:20.654402
136.515315,3958,3594,13:11:20.654402
136.517171,4034,3707,13:11:20.654402
136.519028,4068,3841,13:11:20.654402
136.520886,3993,3542,13:11:20.654402
136.522743,3882,3746,13:11:20.654402
136.524599,3489,3615,13:11:20.654402
136.526455,3547,3566,13:11:20.654402
136.528312,3829,3927,13:11:20.654402
136.530168,4064,3977,13:11:20.654402
136.532024,3588,3789,13:11:20.654402
136.533889,4103,3960,13:11:20.654402
136.535745,4012,3717,13:11:20.654402
136.537601,3957,3545,13:11:20.654402
136.539462,3681,3753,13:11:20.656409
136.541318,3964,3718,13:11:20.656409
136.543176,3891,3425,13:11:20.656409
136.545033,3498,3544,13:11:20.656409
136.546889,3917,3654,13:11:20.656409
136.548745,3771,3880,13:11:20.656409
136.550612,4135,3950,13:11:20.656409
136.552468,4553,3945,13:11:20.656409
136.554325,4299,3492,13:11:20.657408
136.556213,3735,3663,13:11:20.704504
136.558073,3230,3344,13:11:20.704504
136.559947,3415,3332,13:11:20.704504
136.561856,3673,3646,13:11:20.704504
136.563712,3653,3720,13:11:20.704504
136.565568,4041,3784,13:11:20.704504
136.567427,4021,3789,13:11:20.704504
136.569283,4132,3890,13:11:20.704504
136.571141,3805,3566,13:11:20.704504
136.572998,3918,3727,13:11:20.704504
136.57486,4026,3593,13:11:20.704504
136.576718,3632,3401,13:11:20.704504
136.578584,3772,3895,13:11:20.704504
136.580441,3503,3365,13:11:20.704504
136.582297,3274,3435,13:11:20.704504
136.584156,3645,3957,13:11:20.704504
136.586012,4130,3893,13:11:20.704504
136.587871,4320,3726,13:11:20.704504
136.589729,4207,3977,13:11:20.704504
136.591585,4330,3717,13:11:20.704504
136.593444,3522,3579,13:11:20.704504
136.595306,3425,3409,13:11:20.704504
136.597162,3502,3744,13:11:20.704504
136.599019,3733,3730,13:11:20.704504
136.600877,3884,3542,13:11:20.704504
136.602747,3889,3992,13:11:20.704504
136.604604,3919,3981,13:11:20.753935
136.606478,3826,3757,13:11:20.753935
136.608338,3811,3774,13:11:20.753935
136.610222,3917,3858,13:11:20.753935
136.612115,3980,3562,13:11:20.753935
136.613971,3549,3500,13:11:20.753935
136.615828,3673,3643,13:11:20.753935
136.617686,3424,3531,13:11:20.753935
136.619543,3543,3578,13:11:20.753935
136.621401,4184,3683,13:11:20.753935
136.623257,4278,3870,13:11:20.753935
136.625115,4046,3648,13:11:20.753935
136.626972,3820,3730,13:11:20.753935
136.628828,4018,3775,13:11:20.753935
136.630684,3881,3615,13:11:20.753935
136.632541,3601,3753,13:11:20.753935
136.634397,3749,3809,13:11:20.753935
136.636253,3914,3666,13:11:20.753935
136.638114,3691,3633,13:11:20.753935
136.63997,3989,3736,13:11:20.753935
136.641827,4160,3880,13:11:20.753935
136.643685,3872,3882,13:11:20.753935
136.645541,3772,3771,13:11:20.753935
136.6474,3859,3663,13:11:20.753935
136.649256,3710,3368,13:11:20.753935
136.651116,3542,3676,13:11:20.753935
136.652975,3515,3766,13:11:20.753935
136.65484,4060,3846,13:11:20.804444
136.656709,3894,3718,13:11:20.804444
136.65857,3989,3562,13:11:20.804444
136.660476,4102,3917,13:11:20.804444
136.662342,3877,3641,13:11:20.804444
136.664199,3458,3513,13:11:20.804444
136.666057,3596,3623,13:11:20.804444
136.667913,3809,3727,13:11:20.804444
136.669772,3748,3673,13:11:20.804444
136.67163,3695,3824,13:11:20.804444
136.673489,3934,3752,13:11:20.804444
136.675347,3990,3645,13:11:20.804444
136.677203,3634,3501,13:11:20.804444
136.679061,3866,3836,13:11:20.804444
136.680918,3880,3712,13:11:20.804444
136.682774,3661,3566,13:11:20.804444
136.68463,3641,3899,13:11:20.804444
136.686488,4095,3711,13:11:20.804444
136.688347,3556,3627,13:11:20.804444
136.690204,3621,3651,13:11:20.804444
136.692066,4005,3766,13:11:20.804444
136.693922,3929,3702,13:11:20.804444
136.695779,3482,3756,13:11:20.804444
136.697641,3911,3679,13:11:20.804444
136.699497,3890,3561,13:11:20.804444
136.701356,3505,3630,13:11:20.804444
136.703212,3611,3750,13:11:20.804444
136.705068,3737,4047,13:11:20.855152
136.706935,4119,3481,13:11:20.855152
136.708796,3858,3684,13:11:20.855152
136.710705,3968,3646,13:11:20.855152
136.712573,3844,3697,13:11:20.855152
136.71443,3389,3477,13:11:20.855152
136.71629,3668,3537,13:11:20.855152
136.718146,3935,3849,13:11:20.855152
136.720005,3818,3839,13:11:20.855152
136.721863,3754,3673,13:11:20.856146
136.72372,3885,3482,13:11:20.856146
136.725576,3806,3500,13:11:20.856146
136.727435,3922,3583,13:11:20.856146
136.729293,3824,3663,13:11:20.856146
136.731149,3847,3805,13:11:20.856146
136.733007,3647,3480,13:11:20.856146
136.734866,3624,3833,13:11:20.856146
136.736722,3915,3819,13:11:20.856146
136.73858,3840,4047,13:11:20.856146
136.740437,3896,3695,13:11:20.856146
136.742295,3914,3677,13:11:20.856146
136.744151,3887,3658,13:11:20.856146
136.746014,3826,3574,13:11:20.856146
136.747874,3633,3784,13:11:20.856146
136.749733,3908,3560,13:11:20.856146
136.751595,3949,3775,13:11:20.856146
136.753451,3951,3750,13:11:20.856146
136.75531,3805,3706,13:11:20.905195
136.75721,3695,3763,13:11:20.905195
136.75907,3917,4098,13:11:20.905195
136.760982,3818,3856,13:11:20.905195
136.762843,3740,3653,13:11:20.905195
136.764699,3685,3771,13:11:20.905195
136.766557,3801,3546,13:11:20.905195
136.768414,3663,3790,13:11:20.905195
136.770272,3906,3708,13:11:20.905195
136.772128,3615,3696,13:11:20.905195
136.773987,3651,3663,13:11:20.905195
136.775845,4016,3738,13:11:20.905195
136.777705,3816,3702,13:11:20.905195
136.779566,3770,3851,13:11:20.905195
136.781422,3841,3831,13:11:20.905195
136.783281,3867,3694,13:11:20.905195
136.785137,3810,3697,13:11:20.905195
136.786993,3723,3763,13:11:20.905195
136.788854,3818,3755,13:11:20.905195
136.790714,3815,3822,13:11:20.905195
136.792572,3929,3741,13:11:20.905195
136.794429,3766,3647,13:11:20.905195
136.796289,3785,3582,13:11:20.905195
136.798145,3289,3208,13:11:20.905195
136.80001,3581,4020,13:11:20.905195
136.80187,3971,3626,13:11:20.905195
136.803726,4009,3675,13:11:20.905195
136.805595,4193,3957,13:11:20.954502
136.807457,4099,3944,13:11:20.954502
136.809327,3850,3722,13:11:20.954502
136.811247,3542,3579,13:11:20.954502
136.81311,3590,3418,13:11:20.954502
136.814966,3594,3693,13:11:20.954502
136.816824,3555,3537,13:11:20.954502
136.818686,3801,3879,13:11:20.954502
136.820543,4087,3823,13:11:20.954502
136.8224,4139,3824,13:11:20.954502
136.824262,4138,3833,13:11:20.954502
136.826118,3855,3694,13:11:20.954502
136.827975,3626,3797,13:11:20.954502
136.829835,3738,3513,13:11:20.954502
136.831691,3621,3826,13:11:20.954502
136.83355,3919,3679,13:11:20.954502
136.835406,3660,3731,13:11:20.954502
136.837264,4034,3790,13:11:20.954502
136.839121,4055,3763,13:11:20.954502
136.840978,3962,3606,13:11:20.954502
136.842839,3794,3628,13:11:20.954502
136.844696,3754,3612,13:11:20.954502
136.846556,3883,3868,13:11:20.954502
136.848412,3564,3790,13:11:20.954502
136.850269,3651,3813,13:11:20.954502
136.852125,3930,3876,13:11:20.954502
136.853985,4025,3946,13:11:20.954502
136.855844,3867,3775,13:11:21.004185
136.857706,4014,3646,13:11:21.004185
136.85957,3826,3711,13:11:21.004185
136.861479,3473,3676,13:11:21.004185
136.863349,3510,3603,13:11:21.004185
136.865207,3522,3836,13:11:21.004185
136.867064,3854,3915,13:11:21.005200
136.86892,3687,3725,13:11:21.005200
136.870778,3842,3784,13:11:21.005200
136.872635,3873,3792,13:11:21.005200
136.874493,3886,3725,13:11:21.005200
136.87635,3822,3753,13:11:21.005200
136.878214,3927,3759,13:11:21.005200
136.88007,3794,3800,13:11:21.005200
136.881927,3879,3636,13:11:21.005200
136.883785,3479,3766,13:11:21.005200
136.885641,3762,3831,13:11:21.005200
136.887498,3957,3779,13:11:21.005200
136.889354,3967,3948,13:11:21.005200
136.89121,4084,3582,13:11:21.005200
136.893067,3888,3619,13:11:21.005200
136.894924,3664,3917,13:11:21.005200
136.896785,3740,3881,13:11:21.005200
136.898642,3520,3991,13:11:21.005200
136.900502,3982,3774,13:11:21.005200
136.902366,3834,3715,13:11:21.005200
136.904223,3808,3722,13:11:21.005200
136.906089,3783,3795,13:11:21.055001
136.907949,3915,3946,13:11:21.055001
136.909812,3868,3969,13:11:21.055001
136.911698,3673,3740,13:11:21.055001
136.913554,3768,3614,13:11:21.055001
136.915413,3579,3808,13:11:21.055001
136.917269,3652,3682,13:11:21.055001
136.919127,3952,3824,13:11:21.055001
136.920984,3917,3989,13:11:21.055001
136.922844,3955,3823,13:11:21.055001
136.924703,3875,3640,13:11:21.055001
136.926569,3634,3625,13:11:21.055001
136.928425,3790,3823,13:11:21.055001
136.930282,3660,3751,13:11:21.055001
136.93214,3845,3750,13:11:21.055001
136.933996,3827,3803,13:11:21.055001
136.935855,3822,3932,13:11:21.055001
136.937713,3920,3548,13:11:21.055001
136.939569,3922,3791,13:11:21.055001
136.941426,3786,3547,13:11:21.055001
136.943282,3575,3877,13:11:21.055001
136.945146,3766,3628,13:11:21.055001
136.947003,3916,3704,13:11:21.055001
136.948859,3929,3988,13:11:21.055001
136.950718,3921,3864,13:11:21.055001
136.952574,3962,3820,13:11:21.055001
136.954432,3796,3702,13:11:21.055001
136.956295,4045,3772,13:11:21.111479
136.958155,3770,4071,13:11:21.111479
136.960023,3688,3697,13:11:21.111479
136.961947,3748,3606,13:11:21.111479
136.963804,3884,3846,13:11:21.111479
136.965662,3924,3823,13:11:21.111479
136.967528,3994,3903,13:11:21.111479
136.969385,3798,3559,13:11:21.111479
136.971241,3843,3854,13:11:21.111479
136.973099,3766,3850,13:11:21.111479
136.974956,3746,3979,13:11:21.111479
136.976812,3699,3731,13:11:21.111479
136.97867,3889,3813,13:11:21.111479
136.980527,3890,3850,13:11:21.111479
136.982385,3795,3647,13:11:21.111479
136.984242,3683,3745,13:11:21.111479
136.986106,3713,4006,13:11:21.111479
136.987962,3873,3544,13:11:21.111479
136.989819,3915,3591,13:11:21.111479
136.991677,3862,3878,13:11:21.111479
136.993533,3936,3623,13:11:21.111479
136.99539,3655,3714,13:11:21.111479
136.997246,3689,3695,13:11:21.111479
136.999102,3932,3813,13:11:21.111479
137.000959,3987,3877,13:11:21.111479
137.002816,3808,3729,13:11:21.111479
137.004687,3626,3801,13:11:21.154370
137.006568,3760,3618,13:11:21.154370
137.008428,3710,3768,13:11:21.154370
137.01031,3968,3812,13:11:21.154370
137.012219,3601,3528,13:11:21.154370
137.014081,3651,3666,13:11:21.154370
137.015937,3763,3599,13:11:21.154370
137.017798,4133,3681,13:11:21.154370
137.01966,3814,3850,13:11:21.154370
137.021516,3907,3746,13:11:21.154370
137.023373,3673,3760,13:11:21.154370
137.025229,3908,3512,13:11:21.154370
137.027085,3955,3723,13:11:21.154370
137.028942,3621,3793,13:11:21.154370
137.030807,3564,3743,13:11:21.154370
137.032666,3874,3712,13:11:21.154370
137.034523,4036,3825,13:11:21.154370
137.036381,3722,3854,13:11:21.154370
137.038237,3866,3717,13:11:21.154370
137.040094,3891,3965,13:11:21.154370
137.041952,4939,4543,13:11:21.154370
137.043809,4452,3882,13:11:21.154370
137.045667,3082,2787,13:11:21.154370
137.047523,1667,2881,13:11:21.154370
137.049386,3139,3813,13:11:21.154370
137.051242,3793,3891,13:11:21.154370
137.053099,4249,3895,13:11:21.154370
137.054961,4870,4365,13:11:21.209581
137.056821,5184,4387,13:11:21.209581
137.058681,4016,3662,13:11:21.209581
137.060592,3186,3471,13:11:21.209581
137.062468,3130,3459,13:11:21.209581
137.064326,3308,3723,13:11:21.209581
137.066183,3378,3534,13:11:21.209581
137.068039,3703,3927,13:11:21.209581
137.069897,4323,4206,13:11:21.209581
137.071757,4665,4103,13:11:21.209581
137.073614,4232,3754,13:11:21.209581
137.07547,4148,3847,13:11:21.209581
137.077329,4005,3846,13:11:21.209581
137.079185,3563,3475,13:11:21.209581
137.081041,3193,3472,13:11:21.209581
137.082898,3549,3980,13:11:21.209581
137.084754,3910,3756,13:11:21.209581
137.086611,4077,3784,13:11:21.209581
137.088467,4332,4206,13:11:21.209581
137.090329,4277,3947,13:11:21.209581
137.092186,3847,3927,13:11:21.209581
137.094042,4254,3752,13:11:21.209581
137.095902,3456,3394,13:11:21.209581
137.097761,2720,3156,13:11:21.209581
137.099619,2539,3505,13:11:21.209581
137.101475,3751,4195,13:11:21.209581
137.103332,4011,3712,13:11:21.209581
137.105188,4193,4110,13:11:21.254639
137.107062,4464,4195,13:11:21.254639
137.108921,4235,4035,13:11:21.254639
137.110813,3686,3677,13:11:21.254639
137.112669,3580,3621,13:11:21.254639
137.114528,3383,3710,13:11:21.254639
137.116388,3463,3836,13:11:21.254639
137.118246,3819,4009,13:11:21.254639
137.120103,4439,3987,13:11:21.254639
137.121963,4402,3715,13:11:21.254639
137.123819,3639,3452,13:11:21.254639
137.125676,3285,3668,13:11:21.254639
137.127534,3420,3635,13:11:21.254639
137.12939,3729,3919,13:11:21.254639
137.131249,3551,4201,13:11:21.254639
137.133105,4423,4124,13:11:21.254639
137.134965,4392,3721,13:11:21.254639
137.136824,3116,3119,13:11:21.254639
137.13869,3501,3809,13:11:21.254639
137.140546,4317,3848,13:11:21.254639
137.142403,3979,3823,13:11:21.254639
137.144261,3458,3492,13:11:21.254639
137.146117,3546,4234,13:11:21.254639
137.147974,3967,4304,13:11:21.254639
137.149832,4019,3565,13:11:21.254639
137.151689,3551,3908,13:11:21.254639
137.153547,4275,4273,13:11:21.254639
137.155403,3782,3502,13:11:21.305040
137.157268,3375,3852,13:11:21.305040
137.159129,3975,4263,13:11:21.305040
137.16105,3778,3578,13:11:21.305040
137.162928,3263,3574,13:11:21.305040
137.164785,3616,4135,13:11:21.305040
137.166641,4100,3735,13:11:21.305040
137.168499,3791,3571,13:11:21.305040
137.170356,3952,4227,13:11:21.305040
137.172214,4374,4098,13:11:21.305040
137.17407,3607,3685,13:11:21.305040
137.175927,3041,3352,13:11:21.305040
137.177785,3812,4087,13:11:21.305040
137.179649,3882,3388,13:11:21.305040
137.181506,3283,3608,13:11:21.305040
137.183362,4074,4282,13:11:21.305040
137.185221,4419,4271,13:11:21.305040
137.187077,4353,3585,13:11:21.305040
137.188933,3548,3573,13:11:21.305040
137.190792,4044,3931,13:11:21.305040
137.192648,3796,3514,13:11:21.305040
137.194504,3080,3404,13:11:21.305040
137.196361,3568,4043,13:11:21.305040
137.198227,4029,3668,13:11:21.305040
137.200083,3485,3586,13:11:21.305040
137.20194,4041,4287,13:11:21.305040
137.203798,4720,4639,13:11:21.305040
137.205664,4518,3867,13:11:21.360225
137.207527,3257,3571,13:11:21.360225
137.209398,3272,3571,13:11:21.360225
137.211363,3027,3703,13:11:21.360225
137.213221,3616,3718,13:11:21.360225
137.215078,3781,4166,13:11:21.360225
137.216945,4151,4018,13:11:21.360225
137.218808,4111,3844,13:11:21.360225
137.220665,3837,3889,13:11:21.360225
137.222527,4037,3897,13:11:21.362227
137.224383,3982,3935,13:11:21.362227
137.22624,3429,3374,13:11:21.362227
137.228098,3221,3984,13:11:21.362227
137.229954,4024,4081,13:11:21.362227
137.231813,3502,3803,13:11:21.362227
137.233669,3890,3937,13:11:21.362227
137.235531,4323,4077,13:11:21.362227
137.23739,3955,3906,13:11:21.362227
137.239256,3664,3940,13:11:21.362227
137.241113,3748,3929,13:11:21.362227
137.242969,4002,3638,13:11:21.362227
137.244827,3779,3651,13:11:21.362227
137.246684,3896,3744,13:11:21.362227
137.24854,4107,3932,13:11:21.362227
137.250398,3792,3616,13:11:21.362227
137.252255,3906,4035,13:11:21.362227
137.254113,4091,4034,13:11:21.362227
137.255983,3885,3762,13:11:21.407048
137.257846,3438,3885,13:11:21.407048
137.259708,3963,3806,13:11:21.407048
137.261594,3693,3785,13:11:21.407048
137.263473,3534,3571,13:11:21.407048
137.265337,3721,3873,13:11:21.407048
137.267193,4285,4283,13:11:21.407048
137.269052,3854,3853,13:11:21.407048
137.270908,3707,3805,13:11:21.407048
137.272766,4331,4180,13:11:21.407048
137.274623,3964,3812,13:11:21.407048
137.276481,3275,3627,13:11:21.407048
137.278337,3388,3920,13:11:21.407048
137.280194,4022,3853,13:11:21.407048
137.282052,3719,3436,13:11:21.407048
137.283908,3558,3970,13:11:21.407048
137.285767,4333,4405,13:11:21.408055
137.287623,4522,4028,13:11:21.408055
137.289479,3820,3750,13:11:21.408055
137.291338,4099,4041,13:11:21.408055
137.293202,4314,3823,13:11:21.408055
137.295058,3320,3382,13:11:21.408055
137.296915,3337,3449,13:11:21.408055
137.298775,3800,3946,13:11:21.408055
137.300632,3646,3767,13:11:21.408055
137.302488,3835,3647,13:11:21.408055
137.304346,4322,4212,13:11:21.409062
137.306215,4515,4272,13:11:21.459659
137.308075,3715,3720,13:11:21.459659
137.309953,3598,3755,13:11:21.459659
137.31185,3895,3760,13:11:21.459659
137.313712,3488,3544,13:11:21.459659
137.315592,3314,3606,13:11:21.459659
137.31745,3876,3986,13:11:21.459659
137.319311,4357,3982,13:11:21.459659
137.321174,3702,3611,13:11:21.459659
137.323031,3617,4239,13:11:21.459659
137.324888,4281,3711,13:11:21.459659
137.326746,3608,3703,13:11:21.459659
137.328602,2914,3489,13:11:21.459659
137.330459,3659,4077,13:11:21.459659
137.332315,3865,3857,13:11:21.459659
137.334172,3427,3613,13:11:21.459659
137.336028,4318,4195,13:11:21.459659
137.337884,4668,4135,13:11:21.460662
137.339745,4063,3614,13:11:21.460662
137.341601,3306,3825,13:11:21.460662
137.343457,4039,3785,13:11:21.460662
137.345316,4023,3535,13:11:21.460662
137.347172,3389,3628,13:11:21.460662
137.34903,3869,3935,13:11:21.460662
137.350887,4352,4091,13:11:21.460662
137.352747,3852,3777,13:11:21.460662
137.354605,4015,3788,13:11:21.517318
137.356476,4317,3993,13:11:21.517318
137.358336,4150,3609,13:11:21.517318
137.360239,3525,3446,13:11:21.517318
137.362111,3872,3957,13:11:21.517318
137.363969,3740,3952,13:11:21.518323
137.365829,1375,3461,13:11:21.518323
137.367688,3902,3817,13:11:21.518323
137.369544,4429,3985,13:11:21.518323
137.371404,4073,3669,13:11:21.518323
137.373261,3685,3785,13:11:21.518323
137.37512,4244,4097,13:11:21.518323
137.376977,3775,3927,13:11:21.518323
137.378836,3690,3604,13:11:21.518323
137.380694,3625,4117,13:11:21.518323
137.38255,4080,3785,13:11:21.518323
137.384407,3739,3723,13:11:21.518323
137.386265,4200,3924,13:11:21.518323
137.388121,4094,4011,13:11:21.518323
137.38998,4117,3739,13:11:21.518323
137.391836,3655,3558,13:11:21.518323
137.393699,3740,3660,13:11:21.518323
137.395555,3893,3745,13:11:21.518323
137.397411,3765,3580,13:11:21.518323
137.39927,3786,3726,13:11:21.518323
137.401126,3973,3843,13:11:21.518323
137.402982,3975,3955,13:11:21.518323
137.404839,3582,3917,13:11:21.562334
137.406709,4225,3958,13:11:21.562334
137.408569,3957,3487,13:11:21.562334
137.410472,3516,3670,13:11:21.562334
137.412382,3806,3963,13:11:21.562334
137.414241,4184,3922,13:11:21.562334
137.41612,3681,3574,13:11:21.562334
137.417987,3981,3701,13:11:21.562334
137.419843,4036,3802,13:11:21.562334
137.421703,4075,3842,13:11:21.562334
137.423562,3741,3982,13:11:21.562334
137.425458,3497,3725,13:11:21.562334
137.427322,3941,3576,13:11:21.562334
137.429179,3745,3757,13:11:21.562334
137.431035,3784,3842,13:11:21.562334
137.432893,4147,3941,13:11:21.562334
137.434752,3825,3525,13:11:21.562334
137.43661,4025,3639,13:11:21.562334
137.438466,3936,4186,13:11:21.562334
137.440327,4091,3735,13:11:21.562334
137.442185,3655,3566,13:11:21.562334
137.444051,3900,3887,13:11:21.562334
137.445908,3932,3946,13:11:21.562334
137.447764,3708,3712,13:11:21.562334
137.449622,3789,4091,13:11:21.562334
137.451479,4203,3989,13:11:21.562334
137.453335,4229,3586,13:11:21.562334
137.455193,3716,3749,13:11:21.620107
137.457058,3981,3809,13:11:21.620107
137.458918,4134,3694,13:11:21.620107
137.46081,3560,3377,13:11:21.620107
137.462669,3771,3575,13:11:21.620107
137.464529,4017,3895,13:11:21.620107
137.466387,3913,3606,13:11:21.620107
137.468246,2659,3646,13:11:21.620107
137.470102,4034,3964,13:11:21.620107
137.471963,3990,3840,13:11:21.620107
137.473819,3575,3727,13:11:21.620107
137.475676,3700,3780,13:11:21.620107
137.477538,4009,3789,13:11:21.621094
137.479394,3940,3739,13:11:21.621094
137.481252,3682,3860,13:11:21.621094
137.483109,4307,3891,13:11:21.621094
137.484965,4112,3708,13:11:21.621094
137.486823,3975,3564,13:11:21.621094
137.488682,4043,3679,13:11:21.621094
137.49054,4016,3714,13:11:21.621094
137.492396,3929,3616,13:11:21.621094
137.494257,3747,3499,13:11:21.621094
137.496113,3859,3858,13:11:21.621094
137.49797,3973,3679,13:11:21.621094
137.499828,4004,3736,13:11:21.621094
137.501684,4095,3910,13:11:21.621094
137.503543,4009,3858,13:11:21.621094
137.505399,3858,3765,13:11:21.665258
137.507267,3993,3615,13:11:21.665258
137.50913,4085,3571,13:11:21.665258
137.511038,3693,3561,13:11:21.665258
137.512896,3597,3396,13:11:21.665258
137.514752,4121,3679,13:11:21.665258
137.516615,4027,3628,13:11:21.665258
137.518477,3133,3705,13:11:21.665258
137.520355,4082,3975,13:11:21.665258
137.522214,4056,3555,13:11:21.665258
137.524072,3740,3450,13:11:21.665258
137.525928,3423,3892,13:11:21.665258
137.527797,3918,3546,13:11:21.665258
137.529653,3783,3606,13:11:21.665258
137.531509,3849,3632,13:11:21.666258
137.533366,3909,4024,13:11:21.666258
137.535224,4077,3637,13:11:21.666258
137.537081,3907,3693,13:11:21.666258
137.538937,4002,3690,13:11:21.666258
137.540795,4001,3961,13:11:21.666258
137.542652,4066,3548,13:11:21.666258
137.54451,3944,3537,13:11:21.666258
137.546366,3906,3854,13:11:21.666258
137.548223,4253,3534,13:11:21.666258
137.550079,3727,3664,13:11:21.666258
137.551943,3826,3486,13:11:21.666258
137.553806,4027,3932,13:11:21.666258
137.555664,4035,3905,13:11:21.715097
137.557526,3837,3701,13:11:21.715097
137.559388,3901,3596,13:11:21.715097
137.561299,3654,3891,13:11:21.715097
137.563155,4026,3987,13:11:21.715097
137.565012,3934,3720,13:11:21.715097
137.56687,4159,3490,13:11:21.715097
137.568728,3887,3473,13:11:21.715097
137.570591,3786,3654,13:11:21.715097
137.572451,2494,3705,13:11:21.715097
137.574351,3910,3539,13:11:21.715097
137.576207,4096,3655,13:11:21.715097
137.578066,4051,3975,13:11:21.715097
137.579924,3926,3569,13:11:21.715097
137.581783,3774,3580,13:11:21.715097
137.583639,4041,3792,13:11:21.715097
137.585505,3881,3862,13:11:21.715097
137.587362,3874,3507,13:11:21.715097
137.589218,3923,3433,13:11:21.715097
137.591076,4158,3604,13:11:21.715097
137.592933,3812,3749,13:11:21.716101
137.594791,3754,3659,13:11:21.716101
137.596647,3880,3771,13:11:21.716101
137.598504,4074,3427,13:11:21.716101
137.600362,3767,3638,13:11:21.716101
137.602226,3942,3491,13:11:21.716101
137.604083,4146,3919,13:11:21.716101
137.605951,4025,3374,13:11:21.771187
137.607815,3779,3801,13:11:21.771187
137.609678,3809,3680,13:11:21.771187
137.611566,3875,3671,13:11:21.771187
137.613422,3747,3603,13:11:21.771187
137.615279,3796,3804,13:11:21.771187
137.617141,3803,3524,13:11:21.771187
137.618998,3906,3767,13:11:21.771187
137.620856,3505,3806,13:11:21.771187
137.622714,3907,3648,13:11:21.771187
137.62457,3687,3726,13:11:21.771187
137.626429,3633,3675,13:11:21.771187
137.628285,4038,3740,13:11:21.771187
137.630142,3932,3708,13:11:21.771187
137.632,4018,3692,13:11:21.771187
137.633861,4001,3664,13:11:21.771187
137.635719,3919,3834,13:11:21.771187
137.637575,4091,3828,13:11:21.771187
137.639433,4198,4003,13:11:21.771187
137.64129,4455,4013,13:11:21.771187
137.643146,4373,4262,13:11:21.771187
137.645005,4443,4284,13:11:21.771187
137.646861,5169,4438,13:11:21.771187
137.648717,5371,4506,13:11:21.771187
137.650574,5194,4553,13:11:21.771187
137.652438,5474,4660,13:11:21.771187
137.654294,5245,4814,13:11:21.771187
137.656179,5769,5020,13:11:21.819291
137.658039,5720,5009,13:11:21.819291
137.659913,5981,5144,13:11:21.819291
137.661794,5962,5247,13:11:21.819291
137.66365,6221,5023,13:11:21.819291
137.665508,6242,5328,13:11:21.819291
137.667367,6223,5312,13:11:21.819291
137.669223,6235,5295,13:11:21.819291
137.671087,5954,5213,13:11:21.819291
137.672944,6531,5474,13:11:21.819291
137.674805,5930,5639,13:11:21.819291
137.676684,5830,5488,13:11:21.819291
137.678551,6353,5511,13:11:21.819291
137.680411,6710,5599,13:11:21.819291
137.682267,6603,5688,13:11:21.819291
137.684124,6532,5734,13:11:21.819291
137.685982,6914,5746,13:11:21.819291
137.687838,6600,5591,13:11:21.819291
137.689695,6570,5578,13:11:21.819291
137.691551,6793,5613,13:11:21.819291
137.69341,6809,5714,13:11:21.819291
137.695266,6916,5832,13:11:21.819291
137.697131,7085,5977,13:11:21.819291
137.698989,7100,6026,13:11:21.819291
137.700845,7065,5947,13:11:21.819291
137.702703,7212,6153,13:11:21.819291
137.70456,7301,5838,13:11:21.869396
137.706428,7060,5832,13:11:21.869396
137.708288,7079,6072,13:11:21.869396
137.710174,7250,6169,13:11:21.869396
137.712045,7244,6123,13:11:21.869396
137.713905,7341,6208,13:11:21.869396
137.715767,7552,6152,13:11:21.869396
137.717632,6980,6134,13:11:21.869396
137.719488,7143,5894,13:11:21.869396
137.721351,7315,6068,13:11:21.869396
137.723223,7298,6324,13:11:21.869396
137.725091,6041,6407,13:11:21.869396
137.726961,7544,6200,13:11:21.869396
137.72882,7572,6459,13:11:21.869396
137.730702,7590,6236,13:11:21.869396
137.73256,7736,6453,13:11:21.869396
137.734417,7650,6809,13:11:21.869396
137.736277,7833,6638,13:11:21.869396
137.738134,7721,6666,13:11:21.869396
137.739992,7808,6616,13:11:21.869396
137.741848,7929,6448,13:11:21.870388
137.743705,7994,6609,13:11:21.870388
137.745563,8051,6714,13:11:21.870388
137.747423,8030,6625,13:11:21.870388
137.749282,8110,6757,13:11:21.870388
137.751138,8219,6680,13:11:21.870388
137.753004,8269,6791,13:11:21.870388
137.754863,8298,6606,13:11:21.929707
137.756736,8274,6705,13:11:21.929707
137.758595,8208,6903,13:11:21.929707
137.76049,8455,6832,13:11:21.929707
137.762356,8252,7081,13:11:21.929707
137.764212,8120,6621,13:11:21.929707
137.766071,8280,6923,13:11:21.929707
137.767929,8228,6654,13:11:21.929707
137.769785,7596,6566,13:11:21.929707
137.771646,7898,6552,13:11:21.929707
137.773502,7721,6673,13:11:21.929707
137.775386,7249,6686,13:11:21.929707
137.777253,7923,6758,13:11:21.929707
137.779109,7687,6641,13:11:21.929707
137.780971,7677,6454,13:11:21.929707
137.782828,7750,6545,13:11:21.929707
137.784684,7787,6144,13:11:21.929707
137.786544,7598,6235,13:11:21.929707
137.788401,7530,5974,13:11:21.929707
137.790259,7493,6086,13:11:21.929707
137.792115,6917,5977,13:11:21.929707
137.793972,6839,5560,13:11:21.929707
137.79583,6639,5502,13:11:21.929707
137.797687,6619,5534,13:11:21.929707
137.799547,6182,5304,13:11:21.929707
137.801403,6228,5344,13:11:21.929707
137.803262,5939,5277,13:11:21.929707
137.805118,5745,4746,13:11:21.976541
137.80699,5538,4680,13:11:21.976541
137.808851,5423,4760,13:11:21.976541
137.810759,4655,4472,13:11:21.976541
137.812621,4731,4513,13:11:21.976541
137.81448,4653,4187,13:11:21.976541
137.816345,4614,4120,13:11:21.976541
137.818202,4188,4060,13:11:21.976541
137.820061,4172,3827,13:11:21.976541
137.821919,3963,3627,13:11:21.976541
137.823785,3638,3610,13:11:21.976541
137.825642,3514,3720,13:11:21.976541
137.8275,3586,3612,13:11:21.976541
137.829356,3882,3574,13:11:21.976541
137.831215,4072,3821,13:11:21.976541
137.833079,3682,3934,13:11:21.976541
137.834961,2786,3428,13:11:21.976541
137.836822,3943,3963,13:11:21.976541
137.838678,4076,3860,13:11:21.976541
137.840536,3926,3810,13:11:21.976541
137.842393,3908,3672,13:11:21.976541
137.844255,3952,3634,13:11:21.976541
137.846113,3848,3531,13:11:21.976541
137.84797,4047,3659,13:11:21.976541
137.849832,3950,3689,13:11:21.976541
137.851689,4131,3796,13:11:21.976541
137.853547,4054,3545,13:11:21.976541
137.855403,4126,3544,13:11:22.024063
137.857268,3978,3868,13:11:22.024063
137.859128,4089,3692,13:11:22.025193
137.861044,3814,3618,13:11:22.025193
137.862908,3798,3796,13:11:22.025193
137.864765,4041,3632,13:11:22.025193
137.866628,4031,3678,13:11:22.025193
137.868486,3885,3494,13:11:22.027079
137.870342,3774,3662,13:11:22.027079
137.8722,4047,3791,13:11:22.027079
137.874057,3252,3718,13:11:22.027079
137.875923,3547,3568,13:11:22.027079
137.877781,4066,3858,13:11:22.027079
137.879638,2162,3735,13:11:22.027079
137.881516,3825,3535,13:11:22.027079
137.883372,3952,3486,13:11:22.027079
137.885229,3831,3666,13:11:22.027079
137.887087,4084,3671,13:11:22.027079
137.888948,3953,3600,13:11:22.027079
137.890806,3821,3662,13:11:22.027079
137.892662,3948,3686,13:11:22.027079
137.894523,3999,3766,13:11:22.027079
137.896379,4000,3568,13:11:22.028074
137.898235,4072,3614,13:11:22.028074
137.900094,4066,3673,13:11:22.028074
137.90195,3980,3831,13:11:22.028074
137.903808,3848,3763,13:11:22.028074
137.905675,3952,3349,13:11:22.075141
137.907541,4158,3553,13:11:22.075141
137.909404,3903,3735,13:11:22.075141
137.911308,3581,3542,13:11:22.075141
137.91317,3740,3443,13:11:22.075141
137.915026,4206,3626,13:11:22.075141
137.916883,4097,3872,13:11:22.075141
137.918741,4136,3568,13:11:22.075141
137.920597,3843,3783,13:11:22.075141
137.922456,4033,3346,13:11:22.075141
137.924314,3566,3592,13:11:22.075141
137.926175,3721,3557,13:11:22.075141
137.928031,3994,3691,13:11:22.075141
137.929889,2353,3807,13:11:22.075141
137.931756,3774,3692,13:11:22.075141
137.933614,4103,3779,13:11:22.075141
137.93548,4114,3689,13:11:22.075141
137.937337,4203,3480,13:11:22.075141
137.939193,4105,3558,13:11:22.075141
137.941051,4221,3804,13:11:22.075141
137.942908,4030,3463,13:11:22.075141
137.944766,4021,3871,13:11:22.075141
137.946623,4051,3524,13:11:22.075141
137.948485,3839,3585,13:11:22.075141
137.950341,3954,3589,13:11:22.075141
137.952198,4032,3599,13:11:22.075141
137.95406,4247,3572,13:11:22.076185
137.955926,3994,3522,13:11:22.125446
137.957791,4102,3687,13:11:22.125446
137.959653,4031,3730,13:11:22.125446
137.961559,3885,3777,13:11:22.125446
137.96342,4008,3708,13:11:22.125446
137.965276,4013,3820,13:11:22.125446
137.967132,3826,3712,13:11:22.125446
137.968991,3803,3508,13:11:22.125446
137.970857,4176,3624,13:11:22.125446
137.972713,3667,3622,13:11:22.125446
137.97457,3386,3528,13:11:22.125446
137.976428,3834,3615,13:11:22.125446
137.978285,3727,3713,13:11:22.125446
137.980141,4089,3888,13:11:22.125446
137.982003,3232,3502,13:11:22.125446
137.983889,4092,3734,13:11:22.125446
137.98575,4368,4011,13:11:22.125446
137.987606,4592,3968,13:11:22.125446
137.989463,4344,4045,13:11:22.125446
137.991321,4955,4561,13:11:22.125446
137.993177,4945,4500,13:11:22.125446
137.995036,5297,4695,13:11:22.125446
137.996892,5212,4241,13:11:22.125446
137.998758,5468,4784,13:11:22.125446
138.000615,5482,4742,13:11:22.125446
138.002471,5613,4737,13:11:22.125446
138.004329,5791,5132,13:11:22.125446
138.006192,6075,5244,13:11:22.179612
138.008052,6052,5309,13:11:22.179612
138.009926,6317,5602,13:11:22.179612
138.011811,6392,5590,13:11:22.179612
138.013673,6535,5375,13:11:22.179612
138.015529,6495,5428,13:11:22.179612
138.017388,6981,5684,13:11:22.179612
138.019244,7013,5940,13:11:22.179612
138.0211,7167,6078,13:11:22.179612
138.022959,7214,6231,13:11:22.179612
138.024815,7607,6277,13:11:22.179612
138.026674,7261,6324,13:11:22.179612
138.028534,7032,6322,13:11:22.179612
138.030414,7793,6579,13:11:22.179612
138.032292,6571,6547,13:11:22.179612
138.034149,7859,6552,13:11:22.179612
138.036009,8177,6895,13:11:22.179612
138.037867,7918,6854,13:11:22.179612
138.039726,8432,6626,13:11:22.179612
138.041584,8461,6998,13:11:22.179612
138.043441,8521,6847,13:11:22.179612
138.045301,8683,6962,13:11:22.179612
138.047157,8757,7050,13:11:22.179612
138.049016,8544,7057,13:11:22.179612
138.050876,8455,6995,13:11:22.179612
138.052732,8435,6966,13:11:22.179612
138.054591,8808,7331,13:11:22.230600
138.056459,8726,7122,13:11:22.230600
138.058319,8594,7303,13:11:22.230600
138.060209,8562,7172,13:11:22.230600
138.062081,8709,6966,13:11:22.230600
138.063938,8511,6752,13:11:22.230600
138.065799,8625,7011,13:11:22.230600
138.067657,8417,7239,13:11:22.230600
138.069513,8087,7110,13:11:22.230600
138.07137,8179,6912,13:11:22.230600
138.073226,8262,6948,13:11:22.230600
138.075086,8595,6769,13:11:22.230600
138.076943,8249,6824,13:11:22.230600
138.078801,7335,6956,13:11:22.230600
138.080659,8116,6784,13:11:22.230600
138.082538,8042,6752,13:11:22.230600
138.084394,7668,6895,13:11:22.230600
138.086262,8346,6581,13:11:22.230600
138.088119,8494,6724,13:11:22.230600
138.089977,8360,6907,13:11:22.230600
138.091835,8247,6973,13:11:22.230600
138.093692,8295,7069,13:11:22.230600
138.095548,8298,6506,13:11:22.230600
138.097406,8384,6902,13:11:22.230600
138.099265,8611,7023,13:11:22.230600
138.101121,8529,6986,13:11:22.230600
138.102988,8657,6875,13:11:22.230600
138.104846,8827,7083,13:11:22.279730
138.106719,8894,7357,13:11:22.279730
138.108579,9219,7343,13:11:22.279730
138.110485,9046,7381,13:11:22.279730
138.112341,9250,7604,13:11:22.279730
138.1142,9279,7504,13:11:22.279730
138.116056,9539,7744,13:11:22.280731
138.117912,9563,7723,13:11:22.280731
138.119771,9744,7694,13:11:22.282822
138.121635,10032,7922,13:11:22.282822
138.123491,9814,7955,13:11:22.282822
138.125348,9870,8099,13:11:22.282822
138.127206,9633,8202,13:11:22.282822
138.129062,10552,8391,13:11:22.282822
138.130927,10576,8424,13:11:22.282822
138.132785,10102,8436,13:11:22.282822
138.134647,8707,8588,13:11:22.282822
138.136506,11062,8624,13:11:22.282822
138.138365,11376,9079,13:11:22.283782
138.140225,11263,9331,13:11:22.283782
138.142107,11575,9174,13:11:22.283782
138.143963,11815,9279,13:11:22.283782
138.145823,11931,9574,13:11:22.283782
138.14768,12066,9529,13:11:22.283782
138.149536,12174,9646,13:11:22.283782
138.151392,12427,9839,13:11:22.283782
138.153251,12775,10167,13:11:22.283782
138.155107,12957,10277,13:11:22.329227
138.156973,13192,10361,13:11:22.329227
138.158836,13207,10417,13:11:22.329227
138.160744,13166,10747,13:11:22.329227
138.162604,13503,10728,13:11:22.329227
138.164461,13600,10834,13:11:22.329227
138.166328,13900,10893,13:11:22.329227
138.168185,14298,11382,13:11:22.329227
138.170042,14386,11349,13:11:22.329227
138.1719,14372,11304,13:11:22.329227
138.173756,14682,11601,13:11:22.329227
138.175613,14975,11519,13:11:22.329227
138.177469,14444,11721,13:11:22.329227
138.179325,15176,11942,13:11:22.329227
138.181182,15304,12076,13:11:22.329227
138.183038,15696,12205,13:11:22.329227
138.184899,15277,12472,13:11:22.329227
138.186757,16046,12701,13:11:22.329227
138.188613,16111,12640,13:11:22.329227
138.190472,16187,12917,13:11:22.329227
138.192328,16627,12832,13:11:22.329227
138.194186,16872,13061,13:11:22.329227
138.196043,17041,12880,13:11:22.329227
138.197899,17151,13138,13:11:22.329227
138.199755,17110,13132,13:11:22.329227
138.201613,17559,13650,13:11:22.329227
138.203474,17575,13439,13:11:22.329227
138.205331,17665,13727,13:11:22.382970
138.207197,17698,13762,13:11:22.382970
138.209057,17668,13612,13:11:22.382970
138.210961,17588,13541,13:11:22.382970
138.212822,17965,13830,13:11:22.382970
138.214678,17899,13650,13:11:22.382970
138.21654,17996,14116,13:11:22.382970
138.218397,18163,14030,13:11:22.382970
138.220253,17664,14227,13:11:22.382970
138.222111,18114,14261,13:11:22.382970
138.223968,18311,14314,13:11:22.382970
138.225826,18525,14509,13:11:22.383960
138.227685,18485,14289,13:11:22.383960
138.229543,17751,14515,13:11:22.383960
138.231399,18956,14658,13:11:22.383960
138.233266,19193,14592,13:11:22.383960
138.235124,18159,14843,13:11:22.383960
138.23701,19457,15122,13:11:22.383960
138.238868,19465,15279,13:11:22.383960
138.240725,19859,15373,13:11:22.383960
138.242585,19938,15495,13:11:22.383960
138.244442,20146,15619,13:11:22.383960
138.246298,20170,15629,13:11:22.383960
138.248156,20341,15874,13:11:22.383960
138.250013,20584,15873,13:11:22.383960
138.251871,21044,16044,13:11:22.383960
138.253729,21352,16273,13:11:22.383960
138.255594,21564,16669,13:11:22.432308
138.257458,22071,16870,13:11:22.432308
138.259322,22063,16927,13:11:22.432308
138.261242,22123,17267,13:11:22.432308
138.263101,22474,17168,13:11:22.432308
138.264957,22574,17578,13:11:22.432308
138.266825,22821,17705,13:11:22.432308
138.268682,23532,17970,13:11:22.432308
138.270539,23708,18370,13:11:22.432308
138.272397,24151,18747,13:11:22.432308
138.274253,24657,18751,13:11:22.432308
138.276111,24779,18807,13:11:22.432308
138.277968,25457,19326,13:11:22.432308
138.279824,25388,19512,13:11:22.432308
138.28168,25367,19937,13:11:22.432308
138.283544,25949,20095,13:11:22.432308
138.285401,26469,20050,13:11:22.432308
138.287287,26732,20397,13:11:22.432308
138.289146,26363,20586,13:11:22.432308
138.29101,27192,20768,13:11:22.432308
138.292869,27751,21002,13:11:22.432308
138.294727,28092,21116,13:11:22.432308
138.296583,28157,21422,13:11:22.432308
138.298441,28581,21313,13:11:22.432308
138.300298,28860,22102,13:11:22.432308
138.302154,29128,22125,13:11:22.432308
138.304012,29701,22383,13:11:22.432308
138.305871,29685,22388,13:11:22.487374
138.307733,30127,23020,13:11:22.487374
138.309598,30395,22887,13:11:22.487374
138.311498,30754,23148,13:11:22.487374
138.313356,30708,23442,13:11:22.487374
138.315212,31017,23680,13:11:22.487374
138.317071,31327,23799,13:11:22.488379
138.318927,31471,23933,13:11:22.488379
138.320785,32016,24255,13:11:22.488379
138.322644,32466,24411,13:11:22.488379
138.324503,32209,24489,13:11:22.488379
138.32636,32950,24719,13:11:22.488379
138.328217,33005,25067,13:11:22.488379
138.330075,33347,24987,13:11:22.488379
138.331932,33294,25244,13:11:22.488379
138.333788,33507,25274,13:11:22.488379
138.335648,33346,25603,13:11:22.488379
138.337505,34171,25989,13:11:22.488379
138.339363,32849,25891,13:11:22.488379
138.341219,34506,25767,13:11:22.488379
138.343082,34594,25976,13:11:22.488379
138.344942,35303,26240,13:11:22.488379
138.346832,35144,26664,13:11:22.488379
138.348689,35425,26633,13:11:22.488379
138.350545,35884,26569,13:11:22.488379
138.352407,35733,26684,13:11:22.488379
138.354264,35901,26828,13:11:22.488379
138.356127,35962,26988,13:11:22.537234
138.357988,36340,27072,13:11:22.537234
138.359857,36537,27240,13:11:22.537234
138.361745,36486,27586,13:11:22.537234
138.363605,36415,27537,13:11:22.537234
138.365463,37089,27433,13:11:22.537234
138.36732,37150,28011,13:11:22.537234
138.369178,36449,28118,13:11:22.537234
138.371037,37591,28158,13:11:22.537234
138.372893,37298,28277,13:11:22.539233
138.374753,37547,28460,13:11:22.539233
138.376614,38418,28743,13:11:22.539233
138.37847,38475,29173,13:11:22.539233
138.380326,38771,29155,13:11:22.540236
138.382183,39318,29497,13:11:22.540236
138.384041,39507,29910,13:11:22.540236
138.385898,40052,30192,13:11:22.540236
138.387754,39673,30277,13:11:22.540236
138.389634,40598,30828,13:11:22.540236
138.391491,39051,31001,13:11:22.540236
138.393357,41730,31330,13:11:22.540236
138.395213,42133,31790,13:11:22.540236
138.39707,42821,32015,13:11:22.540236
138.398928,43302,32365,13:11:22.540236
138.400784,43463,32620,13:11:22.540236
138.402643,44092,33029,13:11:22.540236
138.404499,44381,33543,13:11:22.586020
138.406369,44982,33595,13:11:22.586020
138.40823,45252,34105,13:11:22.586020
138.41011,45772,34421,13:11:22.586020
138.411994,45912,34430,13:11:22.586020
138.413851,46994,34903,13:11:22.586020
138.415707,47121,35226,13:11:22.586020
138.417565,47512,35706,13:11:22.586020
138.419424,47462,35963,13:11:22.586020
138.42128,48065,36041,13:11:22.586020
138.423138,47938,36374,13:11:22.586020
138.424999,48603,36611,13:11:22.586020
138.426855,49252,36975,13:11:22.586020
138.428711,49487,36777,13:11:22.586020
138.43057,49813,37258,13:11:22.586020
138.432426,50026,37495,13:11:22.586020
138.434284,50407,38136,13:11:22.586020
138.436143,50264,38160,13:11:22.586020
138.438005,51452,38335,13:11:22.586020
138.439866,51179,38571,13:11:22.586020
138.441728,49829,38713,13:11:22.586020
138.443586,52075,38798,13:11:22.586020
138.445444,52329,39169,13:11:22.586020
138.447311,52787,39367,13:11:22.586020
138.449197,53081,39522,13:11:22.586020
138.451053,53301,39569,13:11:22.586020
138.45291,53660,39971,13:11:22.586020
138.454766,53968,40094,13:11:22.608662
138.456633,54234,40306,13:11:22.608662
138.458493,54729,40808,13:11:22.608662
138.460405,54812,41130,13:11:22.608662
138.462269,55053,41230,13:11:22.608662
138.464126,55380,41654,13:11:22.608662
138.465988,55622,41551,13:11:22.608662
138.467846,56073,41769,13:11:22.608662
138.469703,56652,41969,13:11:22.608662
138.471561,56799,42029,13:11:22.608662
138.473417,57012,42437,13:11:22.608662
138.475282,57538,42763,13:11:22.608662
138.477138,57649,42960,13:11:22.608662
138.478995,57494,43014,13:11:22.608662
138.480853,57544,43620,13:11:22.636970
138.482709,58743,43526,13:11:22.636970
138.48457,59024,43822,13:11:22.636970
138.486426,59466,44213,13:11:22.636970
138.488282,59576,44344,13:11:22.636970
138.490139,60088,44552,13:11:22.636970
138.492004,58702,44821,13:11:22.636970
138.493865,60751,45346,13:11:22.636970
138.495722,61433,45373,13:11:22.636970
138.497584,61644,46046,13:11:22.636970
138.49944,62251,46153,13:11:22.636970
138.501297,62728,46364,13:11:22.636970
138.503155,63206,46811,13:11:22.636970
138.505012,63874,47579,13:11:22.656592
138.506892,64420,48000,13:11:22.656592
138.508752,65347,48536,13:11:22.656592
138.510649,65657,48890,13:11:22.656592
138.512565,66185,49632,13:11:22.657602
138.514421,67398,50056,13:11:22.657602
138.516277,68061,50782,13:11:22.657602
138.518136,68776,51008,13:11:22.657602
138.519992,69725,51814,13:11:22.657602
138.521848,70776,52350,13:11:22.657602
138.523705,70754,52975,13:11:22.657602
138.525565,71910,53710,13:11:22.657602
138.527421,72966,54541,13:11:22.657602
138.529278,73974,55095,13:11:22.657602
138.531136,75428,55902,13:11:22.657602
138.532992,75924,56824,13:11:22.657602
138.534851,76727,57179,13:11:22.657602
138.536707,77310,57716,13:11:22.657602
138.538563,78743,58115,13:11:22.657602
138.540426,79171,58823,13:11:22.657602
138.542294,79661,59187,13:11:22.657602
138.544178,80428,59342,13:11:22.657602
138.546035,80902,59815,13:11:22.657602
138.547895,81627,60376,13:11:22.657602
138.549753,82323,60670,13:11:22.658590
138.55161,82490,61035,13:11:22.658590
138.553466,82829,61535,13:11:22.658590
138.555323,83504,61841,13:11:22.704257
138.557191,84094,61855,13:11:22.704257
138.559051,84294,62455,13:11:22.704257
138.560951,84836,62752,13:11:22.704257
138.562836,85368,62846,13:11:22.704257
138.564692,85656,63306,13:11:22.704257
138.566548,86171,63807,13:11:22.704257
138.568407,86651,63845,13:11:22.704257
138.570266,87174,64372,13:11:22.704257
138.572123,87574,64806,13:11:22.704257
138.57398,88112,65067,13:11:22.704257
138.575842,88703,65292,13:11:22.704257
138.577698,89087,65629,13:11:22.704257
138.579555,89546,66247,13:11:22.704257
138.581413,90272,66718,13:11:22.704257
138.58327,90745,67017,13:11:22.704257
138.585128,91571,67659,13:11:22.704257
138.586984,92133,67840,13:11:22.704257
138.588845,92749,68638,13:11:22.704257
138.590701,93389,69197,13:11:22.704257
138.592558,94027,69549,13:11:22.704257
138.594418,94395,69633,13:11:22.704257
138.596274,94920,70060,13:11:22.704257
138.598132,95477,69984,13:11:22.704257
138.599989,95656,70731,13:11:22.704257
138.601845,95517,70106,13:11:22.704257
138.603703,95807,70351,13:11:22.705266
138.605566,95566,70539,13:11:22.754557
138.607438,96094,70880,13:11:22.754557
138.6093,96267,71061,13:11:22.754557
138.611216,96569,71554,13:11:22.754557
138.613073,97112,71617,13:11:22.754557
138.614929,97880,72289,13:11:22.754557
138.616788,98353,72529,13:11:22.754557
138.618644,98830,72977,13:11:22.754557
138.6205,99463,73115,13:11:22.754557
138.622359,99660,73604,13:11:22.754557
138.624215,100172,73906,13:11:22.754557
138.626071,100538,74100,13:11:22.754557
138.627928,100537,74284,13:11:22.754557
138.629794,101285,74250,13:11:22.754557
138.631651,101139,74546,13:11:22.754557
138.633507,101325,74776,13:11:22.754557
138.635365,101265,74660,13:11:22.754557
138.637222,101647,74648,13:11:22.754557
138.639078,101633,74642,13:11:22.754557
138.640934,101976,74759,13:11:22.754557
138.642801,102171,75029,13:11:22.754557
138.644659,102185,75264,13:11:22.754557
138.646515,102206,75417,13:11:22.754557
138.648374,102356,75656,13:11:22.754557
138.65023,102489,75400,13:11:22.754557
138.652095,102406,75559,13:11:22.754557
138.653965,102895,75786,13:11:22.754557
138.655836,102915,76012,13:11:22.804409
138.657695,103194,76116,13:11:22.804409
138.659559,103529,76113,13:11:22.804409
138.661472,103698,76661,13:11:22.804409
138.66333,104251,76753,13:11:22.804409
138.665187,104604,76942,13:11:22.804409
138.667045,105224,77364,13:11:22.804409
138.668901,105553,77521,13:11:22.804409
138.670762,106206,78028,13:11:22.804409
138.67262,106842,78446,13:11:22.804409
138.674486,107068,78718,13:11:22.804409
138.676343,107675,79023,13:11:22.804409
138.678199,108059,79383,13:11:22.804409
138.680057,108502,79969,13:11:22.804409
138.681914,109009,79933,13:11:22.804409
138.683772,109219,80508,13:11:22.804409
138.685628,109403,80430,13:11:22.804409
138.687486,109907,80532,13:11:22.804409
138.689345,110061,80736,13:11:22.804409
138.691202,110458,81309,13:11:22.804409
138.693064,110743,81295,13:11:22.804409
138.69492,110830,81498,13:11:22.804409
138.696777,110789,81461,13:11:22.804409
138.698635,111013,81665,13:11:22.804409
138.700491,110934,81414,13:11:22.804409
138.702348,111223,81753,13:11:22.804409
138.704204,111266,81733,13:11:22.804409
138.706064,111232,81698,13:11:22.853715
138.707925,111364,81625,13:11:22.854713
138.709796,111347,81786,13:11:22.854713
138.711725,110955,81681,13:11:22.854713
138.713593,111340,81753,13:11:22.854713
138.715454,111291,81919,13:11:22.854713
138.717312,111586,81953,13:11:22.854713
138.719168,111544,82045,13:11:22.854713
138.721029,111940,82430,13:11:22.854713
138.722885,112298,82510,13:11:22.854713
138.724742,112428,82622,13:11:22.854713
138.7266,113043,83110,13:11:22.854713
138.728456,113271,83718,13:11:22.854713
138.730315,113726,83846,13:11:22.854713
138.732171,114534,84423,13:11:22.854713
138.734031,114853,84490,13:11:22.854713
138.73589,115075,84651,13:11:22.854713
138.737756,115308,84630,13:11:22.854713
138.739612,115336,84956,13:11:22.854713
138.741469,115418,84895,13:11:22.854713
138.743327,115488,84910,13:11:22.854713
138.745191,115151,84643,13:11:22.854713
138.747048,115399,84902,13:11:22.854713
138.748906,115420,84669,13:11:22.854713
138.750763,115199,84621,13:11:22.854713
138.752621,115459,84764,13:11:22.854713
138.754477,115500,84511,13:11:22.907984
138.756342,115244,84790,13:11:22.907984
138.758202,115147,84883,13:11:22.907984
138.760098,115134,84559,13:11:22.907984
138.761978,115159,84374,13:11:22.907984
138.763835,115007,84596,13:11:22.907984
138.765691,115384,84606,13:11:22.907984
138.767549,115044,84549,13:11:22.907984
138.769406,114985,84419,13:11:22.907984
138.771264,115047,84625,13:11:22.907984
138.773121,115087,84468,13:11:22.907984
138.774981,115061,84398,13:11:22.907984
138.776837,115602,84835,13:11:22.907984
138.778694,116055,85659,13:11:22.907984
138.780552,116905,86360,13:11:22.907984
138.782408,118156,87103,13:11:22.907984
138.784267,119513,88220,13:11:22.907984
138.786123,120430,88823,13:11:22.907984
138.787979,121260,89479,13:11:22.907984
138.789838,122046,89735,13:11:22.907984
138.791702,122825,90512,13:11:22.907984
138.793559,123442,91145,13:11:22.907984
138.795415,124200,91484,13:11:22.907984
138.797273,124746,91803,13:11:22.907984
138.79913,125697,92306,13:11:22.907984
138.800986,126339,92872,13:11:22.907984
138.802844,126656,93149,13:11:22.907984
138.804701,127526,93701,13:11:22.995278
138.806571,128050,94428,13:11:22.996279
138.808433,128517,94654,13:11:22.996279
138.810305,129189,95209,13:11:22.996279
138.8122,129375,95056,13:11:22.996279
138.814056,129849,95467,13:11:22.996279
138.815915,130252,95888,13:11:22.996279
138.817771,130926,96193,13:11:22.996279
138.819627,131354,96772,13:11:22.996279
138.821486,131778,97011,13:11:22.996279
138.823346,132611,97507,13:11:22.996279
138.825204,133310,98063,13:11:22.996279
138.827061,133283,98287,13:11:22.996279
138.828927,133817,98487,13:11:22.996279
138.830783,134262,98604,13:11:22.996279
138.83264,134318,98714,13:11:22.996279
138.834498,134286,98867,13:11:22.996279
138.836355,134459,98827,13:11:22.996279
138.838213,134480,98497,13:11:22.996279
138.840069,134610,98339,13:11:22.996279
138.841926,134118,98396,13:11:22.996279
138.843784,134119,98139,13:11:22.996279
138.845648,133638,98084,13:11:22.996279
138.847505,133684,97895,13:11:22.996279
138.849361,133016,97539,13:11:22.996279
138.851219,132611,97052,13:11:22.996279
138.853076,132097,96844,13:11:22.996279
138.854958,131899,96449,13:11:23.004597
138.856828,131130,96149,13:11:23.004597
138.858689,130608,95961,13:11:23.004597
138.860603,129915,95223,13:11:23.004597
138.862483,129572,94959,13:11:23.004597
138.864339,128962,94915,13:11:23.004597
138.866198,128730,94462,13:11:23.004597
138.868054,128699,94399,13:11:23.004597
138.869911,128395,94198,13:11:23.004597
138.871769,128224,93764,13:11:23.004597
138.873629,128001,93990,13:11:23.004597
138.87549,128103,94034,13:11:23.004597
138.87735,128150,94138,13:11:23.004597
138.87921,128298,94141,13:11:23.004597
138.881067,128705,94193,13:11:23.004597
138.882923,128842,94454,13:11:23.004597
138.884781,128719,94655,13:11:23.004597
138.886638,128935,94831,13:11:23.004597
138.888496,129011,94881,13:11:23.004597
138.890353,128987,94985,13:11:23.004597
138.892209,129407,95095,13:11:23.004597
138.894067,129570,94933,13:11:23.004597
138.895931,129680,95281,13:11:23.004597
138.897788,129706,95198,13:11:23.004597
138.899644,129671,95300,13:11:23.004597
138.901503,128899,95137,13:11:23.004597
138.903363,129705,95317,13:11:23.004597
138.905219,129530,95035,13:11:23.053933
138.907088,129650,95283,13:11:23.053933
138.908948,129691,95128,13:11:23.053933
138.910856,129321,95022,13:11:23.053933
138.912729,129473,94760,13:11:23.053933
138.914588,128954,94369,13:11:23.053933
138.916449,128986,94631,13:11:23.053933
138.918306,128960,94758,13:11:23.053933
138.92017,129049,94597,13:11:23.053933
138.922026,129504,94945,13:11:23.053933
138.923883,129583,95207,13:11:23.053933
138.925741,129701,95324,13:11:23.053933
138.927597,130033,95410,13:11:23.053933
138.929454,130345,95974,13:11:23.053933
138.93131,131291,96707,13:11:23.053933
138.933166,132351,97498,13:11:23.053933
138.935023,133535,98584,13:11:23.053933
138.93688,135042,99760,13:11:23.053933
138.938742,136809,101233,13:11:23.053933
138.940598,138730,102365,13:11:23.053933
138.942456,140158,103042,13:11:23.053933
138.944313,141707,104133,13:11:23.053933
138.946169,142626,104574,13:11:23.053933
138.948027,143046,104612,13:11:23.053933
138.949894,142834,104838,13:11:23.053933
138.951756,142625,104413,13:11:23.053933
138.953612,142647,104407,13:11:23.053933
138.955471,142536,104198,13:11:23.104077
138.957347,142168,104440,13:11:23.104077
138.959209,141854,103986,13:11:23.104077
138.96112,141643,103417,13:11:23.104077
138.962976,140937,103206,13:11:23.104077
138.964832,140349,102907,13:11:23.104077
138.966693,139435,102319,13:11:23.104077
138.968549,138544,101516,13:11:23.104077
138.970407,137387,100408,13:11:23.104077
138.972264,136113,99379,13:11:23.104077
138.974124,134521,98224,13:11:23.104077
138.975982,133152,97055,13:11:23.104077
138.977839,131222,96058,13:11:23.104077
138.979699,129801,94411,13:11:23.104077
138.981555,128289,93583,13:11:23.104077
138.983414,126470,92363,13:11:23.104077
138.985274,125156,91313,13:11:23.104077
138.987131,123738,90626,13:11:23.104077
138.988989,122564,89711,13:11:23.104077
138.990845,121085,88788,13:11:23.104077
138.992704,120220,88050,13:11:23.104077
138.99456,119514,87414,13:11:23.104077
138.996426,118517,86807,13:11:23.105069
138.998283,117863,86357,13:11:23.105069
139.000139,117346,85911,13:11:23.105069
139.001997,116598,85559,13:11:23.105069
139.003856,116209,85196,13:11:23.105069
139.005718,115820,85228,13:11:23.155430
139.007582,115846,84686,13:11:23.155430
139.009446,115522,85125,13:11:23.155430
139.011375,115222,84809,13:11:23.155430
139.013231,115376,84710,13:11:23.155430
139.015087,115465,85110,13:11:23.155430
139.016946,115713,85373,13:11:23.155430
139.018808,115862,85163,13:11:23.156429
139.020665,116248,85739,13:11:23.156429
139.022521,116722,86004,13:11:23.156429
139.024381,117102,86247,13:11:23.156429
139.026238,117877,86738,13:11:23.156429
139.028094,118481,87288,13:11:23.156429
139.029952,118941,87464,13:11:23.156429
139.031809,119525,88060,13:11:23.156429
139.033665,120008,88414,13:11:23.156429
139.035521,120914,88950,13:11:23.156429
139.037386,121142,89127,13:11:23.156429
139.039242,121385,88991,13:11:23.156429
139.041099,121463,89160,13:11:23.156429
139.042957,121768,89490,13:11:23.156429
139.044813,121516,89492,13:11:23.156429
139.04667,121789,89428,13:11:23.156429
139.048526,122212,89709,13:11:23.156429
139.050382,122573,89938,13:11:23.156429
139.052241,122899,89895,13:11:23.156429
139.054106,123083,90357,13:11:23.156429
139.055971,123281,90412,13:11:23.204882
139.057832,123598,90691,13:11:23.204882
139.059701,123579,90621,13:11:23.204882
139.061606,123618,90706,13:11:23.204882
139.06348,123696,90854,13:11:23.204882
139.065339,124009,91074,13:11:23.204882
139.067195,123864,90901,13:11:23.204882
139.069052,124294,91483,13:11:23.204882
139.070908,124733,91608,13:11:23.204882
139.072764,125255,92004,13:11:23.204882
139.074621,126021,92486,13:11:23.204882
139.076477,126463,93045,13:11:23.204882
139.078339,127212,93420,13:11:23.204882
139.080196,127581,93909,13:11:23.204882
139.082052,128346,94420,13:11:23.204882
139.083912,129026,95080,13:11:23.204882
139.085769,130041,95701,13:11:23.204882
139.087625,130778,95875,13:11:23.204882
139.089481,131528,96799,13:11:23.204882
139.09134,132254,97262,13:11:23.204882
139.093198,132886,97742,13:11:23.204882
139.095055,133700,98378,13:11:23.204882
139.096915,134606,98424,13:11:23.204882
139.098773,134933,99038,13:11:23.204882
139.100632,135290,99338,13:11:23.204882
139.102488,136255,99961,13:11:23.204882
139.104344,136678,100521,13:11:23.204882
139.106215,137258,100843,13:11:23.257384
139.108085,138351,101706,13:11:23.257384
139.109948,139130,102172,13:11:23.257384
139.111863,139412,102693,13:11:23.257384
139.113722,140294,103251,13:11:23.257384
139.11558,141182,103604,13:11:23.257384
139.117436,141321,103613,13:11:23.257384
139.119297,141551,104014,13:11:23.257384
139.121153,141642,103869,13:11:23.257384
139.123009,141717,104040,13:11:23.257384
139.12487,141636,103950,13:11:23.257384
139.126726,141376,103751,13:11:23.257384
139.128584,141602,103724,13:11:23.257384
139.130441,141059,103310,13:11:23.257384
139.132299,140758,103231,13:11:23.257384
139.134158,140323,102716,13:11:23.257384
139.136024,139671,102254,13:11:23.257384
139.13788,139222,101514,13:11:23.257384
139.139737,138240,101215,13:11:23.257384
139.141595,137080,100122,13:11:23.257384
139.143451,136156,99647,13:11:23.257384
139.145308,135416,98905,13:11:23.257384
139.147166,134483,98465,13:11:23.257384
139.149022,133763,97915,13:11:23.257384
139.150881,133044,97539,13:11:23.257384
139.152737,132475,97247,13:11:23.257384
139.154601,132256,96922,13:11:23.303920
139.15648,132052,96835,13:11:23.303920
139.158342,132063,97091,13:11:23.303920
139.160249,132237,97191,13:11:23.303920
139.162115,132680,97319,13:11:23.303920
139.16398,132899,98073,13:11:23.303920
139.165869,133852,98574,13:11:23.303920
139.167725,134835,99371,13:11:23.303920
139.169586,135405,99967,13:11:23.303920
139.171442,136627,100462,13:11:23.303920
139.173299,137461,100803,13:11:23.303920
139.175157,138366,101703,13:11:23.303920
139.177013,138871,102408,13:11:23.303920
139.178872,139796,102805,13:11:23.303920
139.180728,140606,103219,13:11:23.303920
139.182584,141105,103882,13:11:23.303920
139.184441,141733,104251,13:11:23.303920
139.186307,142572,104565,13:11:23.303920
139.188163,142721,104933,13:11:23.303920
139.19002,143158,104926,13:11:23.303920
139.191878,143394,105360,13:11:23.303920
139.193734,143489,105429,13:11:23.303920
139.195591,143953,105627,13:11:23.303920
139.197449,144259,105711,13:11:23.303920
139.199306,144623,106177,13:11:23.303920
139.201164,144757,106346,13:11:23.303920
139.20302,145039,106721,13:11:23.304919
139.204887,145021,106433,13:11:23.360709
139.206751,145235,106508,13:11:23.360709
139.208617,145348,106673,13:11:23.360709
139.210523,145939,106827,13:11:23.360709
139.212382,145668,107161,13:11:23.360709
139.214238,146164,107116,13:11:23.360709
139.216096,146346,107435,13:11:23.360709
139.217953,146580,107629,13:11:23.360709
139.219809,146782,107888,13:11:23.360709
139.221666,147270,108079,13:11:23.360709
139.223526,147506,108441,13:11:23.360709
139.225382,147721,108505,13:11:23.360709
139.227239,148115,108724,13:11:23.360709
139.229097,148687,109298,13:11:23.360709
139.230953,148809,109400,13:11:23.360709
139.232812,149323,109413,13:11:23.360709
139.234668,149588,109491,13:11:23.360709
139.236528,149731,109814,13:11:23.360709
139.238387,149768,109764,13:11:23.360709
139.240253,150074,110226,13:11:23.360709
139.24211,150645,110455,13:11:23.360709
139.243966,151066,110733,13:11:23.360709
139.245824,150967,110792,13:11:23.360709
139.247681,151579,111465,13:11:23.360709
139.249537,152054,111989,13:11:23.360709
139.251395,152690,112266,13:11:23.360709
139.253252,153557,112845,13:11:23.360709
139.25511,154408,113425,13:11:23.405598
139.256979,155091,113939,13:11:23.405598
139.258845,155744,114206,13:11:23.405598
139.260767,156587,115265,13:11:23.405598
139.262643,157375,115512,13:11:23.405598
139.264504,157910,116130,13:11:23.405598
139.266368,158166,116317,13:11:23.407599
139.268225,158944,116967,13:11:23.407599
139.270085,159589,117042,13:11:23.407599
139.271941,159890,117356,13:11:23.407599
139.273807,160360,117683,13:11:23.407599
139.275664,160717,118074,13:11:23.407599
139.27752,160872,117983,13:11:23.407599
139.279378,161133,118238,13:11:23.407599
139.281235,161531,118090,13:11:23.407599
139.283093,161562,118479,13:11:23.407599
139.28495,161479,118396,13:11:23.407599
139.286812,161636,118416,13:11:23.407599
139.288668,161647,118640,13:11:23.407599
139.290525,161868,118824,13:11:23.407599
139.292387,161803,118671,13:11:23.407599
139.294243,161857,118721,13:11:23.407599
139.296102,161950,118841,13:11:23.407599
139.297958,162283,119027,13:11:23.407599
139.299814,162174,118954,13:11:23.407599
139.301673,162400,118967,13:11:23.407599
139.303532,162381,119078,13:11:23.407599
139.30539,162658,119255,13:11:23.455044
139.307258,162645,119171,13:11:23.455044
139.309122,163004,119332,13:11:23.455044
139.311016,162861,119207,13:11:23.455044
139.312909,162571,119245,13:11:23.455044
139.314775,162457,118942,13:11:23.455044
139.316631,162383,118895,13:11:23.455044
139.318488,162232,118781,13:11:23.455044
139.320346,162039,118767,13:11:23.455044
139.322202,161815,118843,13:11:23.455044
139.324059,162166,119012,13:11:23.455044
139.325915,162106,118827,13:11:23.455044
139.327774,162642,119197,13:11:23.455044
139.329632,162934,119586,13:11:23.455044
139.331495,163604,119848,13:11:23.455044
139.333353,164229,120623,13:11:23.455044
139.335209,164661,120801,13:11:23.455044
139.337067,165094,120756,13:11:23.455044
139.338924,165260,121398,13:11:23.455044
139.340782,165894,121435,13:11:23.455044
139.34264,166065,121492,13:11:23.455044
139.344497,165712,121355,13:11:23.455044
139.346355,166083,121626,13:11:23.455044
139.348212,165869,121293,13:11:23.455044
139.350072,165867,121123,13:11:23.455044
139.351928,165872,121416,13:11:23.455044
139.353785,165690,121182,13:11:23.455044
139.355649,165431,121115,13:11:23.509004
139.357513,165100,120616,13:11:23.509004
139.359379,164777,120743,13:11:23.509004
139.36131,164000,120439,13:11:23.509004
139.363166,164315,120432,13:11:23.509004
139.365024,163923,119783,13:11:23.509004
139.366881,163705,119690,13:11:23.509004
139.368737,163338,119575,13:11:23.509004
139.370596,163213,119346,13:11:23.509004
139.372454,162619,119402,13:11:23.509004
139.374312,162508,118967,13:11:23.509004
139.376169,162085,118719,13:11:23.509004
139.378027,161941,118855,13:11:23.509004
139.379883,162004,118817,13:11:23.509004
139.38174,161901,118774,13:11:23.509004
139.383598,161855,118935,13:11:23.509004
139.385454,161940,118827,13:11:23.509004
139.387311,162154,118989,13:11:23.509004
139.389167,162468,119067,13:11:23.509004
139.391032,162497,119390,13:11:23.509004
139.392888,162820,119759,13:11:23.509004
139.394744,163194,119921,13:11:23.509004
139.396603,163604,120138,13:11:23.509004
139.398459,163883,120171,13:11:23.509004
139.400317,164779,120903,13:11:23.509004
139.402174,165196,121089,13:11:23.509004
139.40403,165163,121310,13:11:23.509004
139.405899,165282,121502,13:11:23.557076
139.407761,165815,121322,13:11:23.557076
139.409623,165868,121736,13:11:23.557076
139.411525,165582,121918,13:11:23.557076
139.413382,166254,122104,13:11:23.558077
139.415262,164583,122418,13:11:23.558077
139.417124,167193,122703,13:11:23.558077
139.418983,167562,122761,13:11:23.558077
139.420839,167760,123201,13:11:23.558077
139.422695,167679,123093,13:11:23.558077
139.424554,167668,123215,13:11:23.558077
139.42641,167823,123141,13:11:23.558077
139.428267,167974,122854,13:11:23.558077
139.430123,167906,123166,13:11:23.558077
139.431985,167741,123095,13:11:23.558077
139.433844,167888,123098,13:11:23.558077
139.4357,167853,123023,13:11:23.558077
139.437558,167876,123354,13:11:23.558077
139.439415,167983,123205,13:11:23.558077
139.441273,168096,123582,13:11:23.558077
139.443129,168208,123616,13:11:23.558077
139.444986,168873,123900,13:11:23.558077
139.446844,168779,123940,13:11:23.558077
139.448701,168949,124158,13:11:23.558077
139.450561,169641,124456,13:11:23.558077
139.452417,169748,124819,13:11:23.558077
139.454276,170428,124973,13:11:23.558077
139.456146,170745,125686,13:11:23.612938
139.458006,171419,126070,13:11:23.612938
139.459875,172012,126180,13:11:23.612938
139.461773,172160,126842,13:11:23.612938
139.463639,172574,127089,13:11:23.612938
139.465525,173576,127546,13:11:23.612938
139.467384,174163,127810,13:11:23.612938
139.469242,175094,128820,13:11:23.612938
139.471099,175987,129317,13:11:23.612938
139.472959,177015,130125,13:11:23.612938
139.474815,178085,130545,13:11:23.612938
139.476672,178919,131247,13:11:23.612938
139.478534,179250,131441,13:11:23.612938
139.48039,179888,131769,13:11:23.612938
139.482249,180244,131939,13:11:23.612938
139.484105,179654,132207,13:11:23.613917
139.485961,180004,131931,13:11:23.613917
139.48782,179855,131608,13:11:23.613917
139.489679,179359,131199,13:11:23.613917
139.491536,178831,130847,13:11:23.613917
139.493393,178581,130673,13:11:23.613917
139.495255,178030,130021,13:11:23.613917
139.497112,177295,129745,13:11:23.613917
139.498968,176746,129094,13:11:23.613917
139.500828,175268,127207,13:11:23.613917
139.502685,172652,126200,13:11:23.613917
139.504541,172137,126174,13:11:23.613917
139.506403,171979,125622,13:11:23.660781
139.508264,170706,124552,13:11:23.660781
139.510144,169274,123581,13:11:23.660781
139.512026,168267,123024,13:11:23.660781
139.513887,168011,122839,13:11:23.660781
139.515747,167171,122686,13:11:23.660781
139.517624,167462,122763,13:11:23.660781
139.519482,166466,123313,13:11:23.660781
139.521342,168645,123645,13:11:23.660781
139.5232,169455,124210,13:11:23.660781
139.525057,170174,125039,13:11:23.660781
139.526913,171432,125701,13:11:23.660781
139.528771,172253,126624,13:11:23.660781
139.530629,173583,127193,13:11:23.660781
139.532486,174539,128169,13:11:23.660781
139.534342,175801,128982,13:11:23.660781
139.536201,176319,129716,13:11:23.660781
139.538057,177348,129849,13:11:23.660781
139.539913,177859,129878,13:11:23.660781
139.541772,178205,130409,13:11:23.660781
139.543628,178267,130575,13:11:23.660781
139.545487,178734,130663,13:11:23.660781
139.547343,178906,130892,13:11:23.660781
139.549207,178904,131137,13:11:23.660781
139.551064,178841,130917,13:11:23.660781
139.55292,179147,130929,13:11:23.660781
139.554778,178653,130473,13:11:23.713775
139.556647,178128,130237,13:11:23.713775
139.558507,177556,129807,13:11:23.713775
139.560411,176967,129195,13:11:23.713775
139.562273,176019,128507,13:11:23.713775
139.564132,175061,127855,13:11:23.713775
139.565994,174220,127619,13:11:23.713775
139.56786,173206,126725,13:11:23.713775
139.569719,172827,126392,13:11:23.713775
139.571588,172030,125996,13:11:23.713775
139.57345,171719,125437,13:11:23.713775
139.575328,171136,125343,13:11:23.713775
139.577188,171185,125376,13:11:23.713775
139.579044,171085,125084,13:11:23.713775
139.580901,171172,125246,13:11:23.713775
139.582763,171579,125796,13:11:23.713775
139.584619,171861,125985,13:11:23.713775
139.586478,172453,126249,13:11:23.713775
139.588334,172961,126760,13:11:23.713775
139.590191,173582,127323,13:11:23.713775
139.592049,174178,127868,13:11:23.713775
139.593908,174686,128090,13:11:23.713775
139.595766,175557,128592,13:11:23.713775
139.597622,176066,129160,13:11:23.713775
139.599484,176689,129208,13:11:23.713775
139.601341,177255,130166,13:11:23.713775
139.603197,177782,130120,13:11:23.713775
139.605057,177815,130217,13:11:23.763932
139.606932,178108,130099,13:11:23.763932
139.608794,178049,129911,13:11:23.763932
139.61072,177563,130063,13:11:23.763932
139.612614,177459,130075,13:11:23.763932
139.614473,177194,130057,13:11:23.763932
139.616331,177527,129878,13:11:23.763932
139.618187,177661,129926,13:11:23.763932
139.620046,175651,130108,13:11:23.763932
139.62193,178106,130422,13:11:23.763932
139.623792,178509,130572,13:11:23.763932
139.625649,178711,130696,13:11:23.763932
139.627505,178783,131010,13:11:23.763932
139.629363,179081,131170,13:11:23.763932
139.63122,179260,130917,13:11:23.763932
139.633078,179427,131406,13:11:23.763932
139.634934,179316,131216,13:11:23.763932
139.636795,179362,131139,13:11:23.764938
139.638653,179490,131021,13:11:23.764938
139.640519,179192,130963,13:11:23.764938
139.642378,179168,130977,13:11:23.764938
139.644234,178838,130629,13:11:23.764938
139.646092,178622,130594,13:11:23.764938
139.647949,178506,130545,13:11:23.764938
139.649805,178134,130307,13:11:23.764938
139.651661,177965,129930,13:11:23.764938
139.653518,177816,129602,13:11:23.764938
139.655378,177456,129435,13:11:23.815822
139.657244,176856,129211,13:11:23.815822
139.659105,176360,128889,13:11:23.815822
139.661011,175671,128263,13:11:23.815822
139.662871,175351,127946,13:11:23.815822
139.66473,175017,127888,13:11:23.815822
139.666587,174481,127407,13:11:23.815822
139.668444,173957,127042,13:11:23.815822
139.670305,171198,126983,13:11:23.815822
139.672163,173560,126812,13:11:23.815822
139.674021,173413,126767,13:11:23.815822
139.675878,173387,126846,13:11:23.815822
139.677738,173540,126731,13:11:23.815822
139.679594,173359,126959,13:11:23.815822
139.681451,173771,127212,13:11:23.815822
139.683309,174032,127501,13:11:23.815822
139.685165,174351,127686,13:11:23.815822
139.687024,174983,128316,13:11:23.815822
139.68888,175661,128620,13:11:23.815822
139.690741,176006,128967,13:11:23.815822
139.692599,176652,129300,13:11:23.815822
139.694456,176927,129586,13:11:23.815822
139.696316,177240,129931,13:11:23.815822
139.698172,177748,130232,13:11:23.815822
139.70003,178055,130098,13:11:23.815822
139.701887,177937,130312,13:11:23.815822
139.703743,178129,130201,13:11:23.815822
139.705615,178193,130079,13:11:23.867794
139.707486,177835,129867,13:11:23.867794
139.709345,177945,129827,13:11:23.867794
139.711248,177304,129937,13:11:23.867794
139.713113,177354,129567,13:11:23.867794
139.714971,177288,129626,13:11:23.867794
139.716831,176560,129682,13:11:23.867794
139.718695,177403,129691,13:11:23.867794
139.720552,177297,129582,13:11:23.867794
139.72241,175127,130247,13:11:23.867794
139.724304,178140,130650,13:11:23.867794
139.726161,178792,131079,13:11:23.867794
139.728027,179294,131514,13:11:23.867794
139.729883,180082,131832,13:11:23.867794
139.73174,180826,132340,13:11:23.867794
139.733598,181459,132788,13:11:23.867794
139.735455,181960,133269,13:11:23.867794
139.737313,183003,134054,13:11:23.867794
139.739169,182972,133689,13:11:23.867794
139.741026,183408,134242,13:11:23.867794
139.742884,183390,134352,13:11:23.867794
139.744748,183657,134294,13:11:23.867794
139.746605,183675,134461,13:11:23.867794
139.748461,183623,134582,13:11:23.867794
139.750319,183562,134061,13:11:23.867794
139.752176,183465,134222,13:11:23.867794
139.754032,183577,134037,13:11:23.867794
139.755898,183585,133827,13:11:23.921179
139.757759,183337,133792,13:11:23.921179
139.759621,183373,134040,13:11:23.921179
139.761523,183134,133972,13:11:23.921179
139.763383,183200,133952,13:11:23.921179
139.765244,182879,134056,13:11:23.921179
139.7671,182957,134018,13:11:23.921179
139.768959,183088,133947,13:11:23.921179
139.770821,183702,134328,13:11:23.921179
139.772677,181868,134074,13:11:23.921179
139.774536,183460,134485,13:11:23.921179
139.776392,183769,134624,13:11:23.921179
139.77825,184134,134545,13:11:23.921179
139.780107,184356,135011,13:11:23.921179
139.781967,184171,134913,13:11:23.921179
139.783825,184627,134980,13:11:23.921179
139.785682,184573,135064,13:11:23.921179
139.78754,184745,134942,13:11:23.921179
139.789396,184714,134889,13:11:23.921179
139.791255,184529,134940,13:11:23.921179
139.793111,184337,134747,13:11:23.921179
139.794969,184169,134564,13:11:23.921179
139.796828,183965,134601,13:11:23.921179
139.798694,183467,133965,13:11:23.921179
139.80055,183160,133606,13:11:23.921179
139.802407,182734,133624,13:11:23.921179
139.804265,182281,133181,13:11:23.921179
139.806141,181753,133086,13:11:23.968674
139.808001,181070,132375,13:11:23.968674
139.809869,180543,132191,13:11:23.968674
139.811756,179834,131862,13:11:23.968674
139.813617,180020,131389,13:11:23.968674
139.815473,179697,131602,13:11:23.968674
139.817329,179254,131348,13:11:23.968674
139.81919,178647,130975,13:11:23.968674
139.821046,178704,130913,13:11:23.968674
139.822911,178665,130873,13:11:23.968674
139.824778,176980,130976,13:11:23.968674
139.826647,179176,131286,13:11:23.968674
139.828505,179289,131256,13:11:23.968674
139.830362,179729,131679,13:11:23.968674
139.83222,180627,132800,13:11:23.968674
139.834076,182249,133705,13:11:23.968674
139.835933,182787,134275,13:11:23.968674
139.837791,183856,134745,13:11:23.968674
139.839653,184650,135142,13:11:23.968674
139.84151,185187,135816,13:11:23.968674
139.843366,185757,136308,13:11:23.968674
139.845225,185993,136341,13:11:23.969680
139.847081,186207,136585,13:11:23.969680
139.848937,186488,136242,13:11:23.969680
139.850796,186324,136388,13:11:23.969680
139.852652,185912,136368,13:11:23.969680
139.85451,186018,135828,13:11:23.969680
139.856377,185460,135647,13:11:24.019886
139.858239,184874,135610,13:11:24.019886
139.860111,185002,135297,13:11:24.020888
139.862,185052,135169,13:11:24.020888
139.863858,184801,135462,13:11:24.020888
139.865718,184903,135521,13:11:24.020888
139.867575,185143,135701,13:11:24.020888
139.869433,185103,136116,13:11:24.020888
139.871289,186086,136325,13:11:24.020888
139.873148,186539,136823,13:11:24.020888
139.875025,184444,137132,13:11:24.020888
139.876888,187801,137354,13:11:24.020888
139.878749,188462,138059,13:11:24.020888
139.880612,188776,138137,13:11:24.020888
139.882469,189477,138752,13:11:24.020888
139.884326,189963,138953,13:11:24.020888
139.886184,190633,139565,13:11:24.020888
139.88804,191702,140171,13:11:24.020888
139.889897,191899,140396,13:11:24.020888
139.891755,192241,140767,13:11:24.020888
139.893611,192494,140971,13:11:24.020888
139.895468,192923,141053,13:11:24.020888
139.897324,193042,140739,13:11:24.020888
139.899191,192839,141025,13:11:24.020888
139.901047,192799,140807,13:11:24.020888
139.902903,192307,140581,13:11:24.020888
139.904762,192059,140428,13:11:24.078059
139.906626,191558,140166,13:11:24.078059
139.908486,191355,139794,13:11:24.078059
139.910394,191051,139583,13:11:24.078059
139.912257,190428,139145,13:11:24.079053
139.914115,190046,139021,13:11:24.079053
139.915972,189807,138608,13:11:24.079053
139.917838,189257,138148,13:11:24.079053
139.919694,188624,137765,13:11:24.079053
139.921551,188143,137657,13:11:24.079053
139.923409,187387,136922,13:11:24.079053
139.925265,187519,137099,13:11:24.079053
139.927131,184895,136718,13:11:24.079053
139.929026,186571,136238,13:11:24.079053
139.930882,186263,136330,13:11:24.079053
139.932745,186141,136075,13:11:24.079053
139.934601,185704,136101,13:11:24.079053
139.936459,185672,135962,13:11:24.079053
139.938316,185520,135628,13:11:24.079053
139.940172,185773,135943,13:11:24.079053
139.94203,185890,136047,13:11:24.079053
139.943891,186033,136105,13:11:24.079053
139.945749,186111,136188,13:11:24.079053
139.947605,186073,136034,13:11:24.079053
139.949466,186161,136035,13:11:24.079053
139.951322,186094,135823,13:11:24.079053
139.953179,186072,136209,13:11:24.079053
139.955037,186169,135905,13:11:24.123033
139.956909,185907,136026,13:11:24.123033
139.95877,186087,136164,13:11:24.123033
139.960672,186331,136472,13:11:24.123033
139.962531,186834,136577,13:11:24.123033
139.964388,186770,136839,13:11:24.123033
139.966247,187090,137037,13:11:24.123033
139.968103,186681,136840,13:11:24.123033
139.96996,187071,136696,13:11:24.123033
139.971816,186805,136999,13:11:24.123033
139.973675,187204,137373,13:11:24.123033
139.975535,187494,137202,13:11:24.123033
139.977393,187931,137698,13:11:24.123033
139.979249,188070,137775,13:11:24.123033
139.981132,188817,137987,13:11:24.123033
139.98299,188571,137872,13:11:24.123033
139.984854,186146,138079,13:11:24.123033
139.986715,188759,138073,13:11:24.123033
139.988571,188823,138122,13:11:24.123033
139.990431,188889,138108,13:11:24.123033
139.992288,189342,138521,13:11:24.123033
139.994144,189535,138287,13:11:24.123033
139.996002,189537,138551,13:11:24.123033
139.997859,189623,138549,13:11:24.123033
139.999717,189489,138810,13:11:24.123033
140.001573,189639,138703,13:11:24.123033
140.00343,189770,138933,13:11:24.123033
140.005288,190061,138991,13:11:24.173160
140.00716,190489,139163,13:11:24.173160
140.009019,190676,139758,13:11:24.173160
140.010927,191006,140114,13:11:24.173160
140.012787,191195,140233,13:11:24.173160
140.014646,192068,140548,13:11:24.173160
140.016502,192174,140862,13:11:24.173160
140.01836,192946,141111,13:11:24.173160
140.020217,193687,141653,13:11:24.173160
140.022075,194146,141913,13:11:24.173160
140.023934,194003,142488,13:11:24.174153
140.0258,194855,142398,13:11:24.174153
140.027656,194834,142489,13:11:24.174153
140.029514,192779,142627,13:11:24.174153
140.031415,195122,142771,13:11:24.174153
140.033273,194969,143083,13:11:24.174153
140.035133,195243,142709,13:11:24.174153
140.036992,195412,142779,13:11:24.174153
140.038848,195284,142891,13:11:24.174153
140.040715,195403,143087,13:11:24.174153
140.042571,195827,143045,13:11:24.174153
140.044427,195909,143270,13:11:24.174153
140.046286,196328,143539,13:11:24.174153
140.048142,196733,143658,13:11:24.174153
140.05,196902,144198,13:11:24.174153
140.051857,197179,143829,13:11:24.174153
140.053713,197320,144158,13:11:24.174153
140.055575,197503,144350,13:11:24.227943
140.057444,197656,144603,13:11:24.227943
140.059308,197671,144330,13:11:24.227943
140.06123,197672,144752,13:11:24.227943
140.063096,198142,144762,13:11:24.227943
140.064953,197955,144639,13:11:24.227943
140.066809,198264,145006,13:11:24.227943
140.068668,198200,144743,13:11:24.227943
140.070524,198147,144389,13:11:24.227943
140.07238,197285,144460,13:11:24.227943
140.074239,197008,144200,13:11:24.227943
140.076096,197191,144126,13:11:24.227943
140.077957,196852,143871,13:11:24.227943
140.079822,195792,143977,13:11:24.227943
140.081682,196840,143905,13:11:24.227943
140.08354,196794,143924,13:11:24.227943
140.085397,196798,143814,13:11:24.227943
140.087257,196886,143509,13:11:24.227943
140.089113,197350,144013,13:11:24.227943
140.090972,197537,144393,13:11:24.227943
140.092828,197717,144478,13:11:24.227943
140.094684,197809,144327,13:11:24.227943
140.096543,197995,144714,13:11:24.227943
140.098403,198376,145042,13:11:24.227943
140.100261,198399,144887,13:11:24.227943
140.102118,198488,144745,13:11:24.227943
140.103984,198148,144788,13:11:24.227943
140.105851,198279,144661,13:11:24.276724
140.107717,198087,144835,13:11:24.276724
140.109581,197940,144511,13:11:24.276724
140.111485,197455,144428,13:11:24.276724
140.113342,197579,144017,13:11:24.276724
140.115204,196439,143597,13:11:24.276724
140.11706,196896,143278,13:11:24.276724
140.118917,195661,143256,13:11:24.276724
140.120773,195873,143004,13:11:24.276724
140.122633,195258,143030,13:11:24.276724
140.124492,195401,142696,13:11:24.276724
140.126353,194881,142633,13:11:24.276724
140.128214,194803,142314,13:11:24.276724
140.130077,194117,142199,13:11:24.276724
140.131955,194224,142119,13:11:24.276724
140.133819,192581,142313,13:11:24.276724
140.135678,194555,142429,13:11:24.276724
140.13754,194583,142269,13:11:24.276724
140.139396,194722,142424,13:11:24.276724
140.141255,195038,142502,13:11:24.276724
140.143111,195253,142893,13:11:24.276724
140.144967,195246,142877,13:11:24.276724
140.146826,195388,142666,13:11:24.276724
140.148686,195656,143016,13:11:24.276724
140.150544,195353,142880,13:11:24.276724
140.152401,195725,142954,13:11:24.276724
140.154267,195833,143177,13:11:24.276724
140.156135,195929,143165,13:11:24.327385
140.158,196197,143210,13:11:24.327385
140.159864,196491,143371,13:11:24.327385
140.161752,196171,143570,13:11:24.327385
140.163609,196336,143248,13:11:24.327385
140.165465,196298,143461,13:11:24.327385
140.167325,196262,143526,13:11:24.327385
140.169182,195362,143284,13:11:24.327385
140.171038,195742,143198,13:11:24.327385
140.172896,195298,143075,13:11:24.327385
140.174753,194973,142979,13:11:24.327385
140.176609,195822,142733,13:11:24.327385
140.178467,195348,142825,13:11:24.327385
140.180332,194961,142729,13:11:24.327385
140.18219,193774,142679,13:11:24.327385
140.18405,194966,142612,13:11:24.327385
140.185907,194868,142177,13:11:24.327385
140.187763,194922,142048,13:11:24.327385
140.189625,194698,142229,13:11:24.327385
140.19151,194969,142610,13:11:24.327385
140.193366,194930,142540,13:11:24.327385
140.195226,195143,142859,13:11:24.327385
140.197083,195452,142802,13:11:24.327385
140.198939,195760,142953,13:11:24.327385
140.200798,195827,143287,13:11:24.327385
140.202654,195948,143029,13:11:24.328394
140.204512,195802,142835,13:11:24.328394
140.206375,196014,142999,13:11:24.378410
140.208235,195774,143469,13:11:24.378410
140.210124,196414,143486,13:11:24.378410
140.212007,196613,143673,13:11:24.378410
140.213868,196672,143511,13:11:24.378410
140.215724,196966,143841,13:11:24.378410
140.217582,196880,143677,13:11:24.378410
140.219441,196168,143029,13:11:24.378410
140.221297,196323,143429,13:11:24.379413
140.223155,196433,143628,13:11:24.379413
140.225012,196167,143075,13:11:24.379413
140.226874,195388,142206,13:11:24.379413
140.22873,194184,141498,13:11:24.379413
140.230595,193035,141873,13:11:24.379413
140.232451,193757,141784,13:11:24.379413
140.234309,192243,141257,13:11:24.379413
140.236168,192768,140328,13:11:24.379413
140.238024,191513,139538,13:11:24.379413
140.23988,190519,138955,13:11:24.379413
140.241739,189539,138139,13:11:24.379413
140.243595,188947,137840,13:11:24.379413
140.245452,188456,137784,13:11:24.379413
140.247308,188475,138066,13:11:24.379413
140.249172,188774,137755,13:11:24.379413
140.251029,189157,138247,13:11:24.379413
140.252885,189684,138437,13:11:24.379413
140.254743,189741,138471,13:11:24.430178
140.25661,190126,139049,13:11:24.430178
140.25847,190691,139162,13:11:24.430178
140.26038,190963,139486,13:11:24.430178
140.262244,191639,139974,13:11:24.430178
140.264103,191982,140363,13:11:24.430178
140.265959,192005,140331,13:11:24.430178
140.267821,192233,140572,13:11:24.430178
140.26968,192865,140881,13:11:24.430178
140.271536,192879,140712,13:11:24.430178
140.273394,192442,140679,13:11:24.430178
140.275251,192691,140795,13:11:24.430178
140.277109,192658,140603,13:11:24.430178
140.278965,192719,140761,13:11:24.430178
140.280822,192066,140257,13:11:24.430178
140.282682,191789,140042,13:11:24.430178
140.284566,190100,139874,13:11:24.430178
140.286427,191212,139312,13:11:24.430178
140.288283,190768,138827,13:11:24.430178
140.290141,189618,138249,13:11:24.430178
140.291998,189299,138176,13:11:24.430178
140.293865,188683,137507,13:11:24.430178
140.295724,187733,137325,13:11:24.430178
140.297581,187142,136884,13:11:24.430178
140.299439,187020,136775,13:11:24.430178
140.301295,187123,136547,13:11:24.430178
140.303152,186847,136492,13:11:24.430178
140.30501,186950,136601,13:11:24.486021
140.306874,187130,136661,13:11:24.486021
140.308735,186964,135857,13:11:24.487024
140.310655,184608,134585,13:11:24.487024
140.312513,184088,134694,13:11:24.487024
140.31437,184747,135540,13:11:24.487024
140.316226,186333,136058,13:11:24.487024
140.318084,184147,133790,13:11:24.487024
140.319941,182964,133283,13:11:24.487024
140.321799,182975,134519,13:11:24.487024
140.323657,185193,135618,13:11:24.487024
140.325514,185754,136108,13:11:24.487024
140.32737,186998,137589,13:11:24.487024
140.329226,188979,138778,13:11:24.487024
140.331091,190459,140081,13:11:24.487024
140.332947,192705,141025,13:11:24.487024
140.334816,192111,141003,13:11:24.487024
140.336688,192250,141596,13:11:24.487024
140.338556,193783,141936,13:11:24.487024
140.340414,195315,142715,13:11:24.487024
140.342271,194614,142013,13:11:24.487024
140.344127,194103,141561,13:11:24.487024
140.345985,192813,140547,13:11:24.487024
140.347844,192528,140066,13:11:24.487024
140.349702,190793,138549,13:11:24.487024
140.351559,188846,137345,13:11:24.487024
140.353415,187887,136783,13:11:24.487024
140.355271,186999,136208,13:11:24.531904
140.357143,186271,135279,13:11:24.531904
140.359002,184458,134802,13:11:24.531904
140.360896,183855,134255,13:11:24.531904
140.362756,183752,134495,13:11:24.531904
140.364613,183998,134256,13:11:24.531904
140.366469,183405,134399,13:11:24.531904
140.368325,184434,135008,13:11:24.531904
140.370182,185332,135865,13:11:24.531904
140.372044,186662,136391,13:11:24.531904
140.373901,187068,136805,13:11:24.531904
140.375757,187677,137433,13:11:24.531904
140.377617,188710,137988,13:11:24.531904
140.379474,189692,138814,13:11:24.531904
140.381332,190588,139211,13:11:24.531904
140.383189,190285,139688,13:11:24.531904
140.385053,190704,140430,13:11:24.531904
140.386911,192329,140897,13:11:24.531904
140.388771,192834,140724,13:11:24.531904
140.390628,192749,140479,13:11:24.531904
140.392484,192667,140472,13:11:24.531904
140.394368,192444,140374,13:11:24.531904
140.396225,192052,139967,13:11:24.531904
140.398081,190941,139415,13:11:24.531904
140.399943,190420,138681,13:11:24.531904
140.401804,189819,138433,13:11:24.534000
140.403662,189048,137490,13:11:24.534000
140.405522,187790,136731,13:11:24.583136
140.407389,186838,136206,13:11:24.583136
140.409251,186071,135622,13:11:24.583136
140.411163,185293,135083,13:11:24.583136
140.413022,184600,134603,13:11:24.583136
140.414884,184273,134280,13:11:24.583136
140.416742,184087,134606,13:11:24.583136
140.418599,184077,134390,13:11:24.583136
140.420455,184177,134458,13:11:24.583136
140.422313,184008,134803,13:11:24.583136
140.42417,184788,135537,13:11:24.583136
140.426026,186140,136172,13:11:24.583136
140.427882,186289,136387,13:11:24.583136
140.429739,186221,137223,13:11:24.583136
140.431597,188108,138083,13:11:24.583136
140.433454,188428,138406,13:11:24.583136
140.43532,189868,138906,13:11:24.583136
140.437176,189939,139124,13:11:24.583136
140.43904,190925,139538,13:11:24.583136
140.440901,191214,139532,13:11:24.583136
140.442757,190973,139035,13:11:24.583136
140.444616,190488,139221,13:11:24.583136
140.446472,190217,138721,13:11:24.583136
140.448328,189851,138251,13:11:24.583136
140.450187,189013,137384,13:11:24.583136
140.452049,187963,137000,13:11:24.583136
140.453907,187777,136953,13:11:24.583136
140.455772,187563,136816,13:11:24.634673
140.457638,186947,136339,13:11:24.634673
140.459502,186426,135952,13:11:24.634673
140.461397,185927,135768,13:11:24.634673
140.463255,186149,135823,13:11:24.634673
140.465111,186323,136313,13:11:24.634673
140.466972,186471,136605,13:11:24.634673
140.468828,187560,137093,13:11:24.634673
140.470684,188277,137658,13:11:24.634673
140.472545,188310,138022,13:11:24.634673
140.474401,188859,138389,13:11:24.634673
140.47626,189506,138791,13:11:24.634673
140.478116,190935,139407,13:11:24.634673
140.479972,191315,139855,13:11:24.634673
140.481829,191656,140002,13:11:24.634673
140.483685,191742,140071,13:11:24.634673
140.485544,191993,140020,13:11:24.634673
140.487407,191421,139865,13:11:24.634673
140.489286,189520,139935,13:11:24.634673
140.491154,191795,139463,13:11:24.634673
140.493011,190922,139112,13:11:24.634673
140.494869,190655,138691,13:11:24.634673
140.496725,189962,138598,13:11:24.634673
140.49859,189923,138439,13:11:24.634673
140.500449,189502,138263,13:11:24.634673
140.50231,189136,137778,13:11:24.634673
140.504171,188882,137749,13:11:24.634673
140.506039,188779,137567,13:11:24.685903
140.507899,188428,137403,13:11:24.685903
140.509765,188457,137340,13:11:24.685903
140.51166,188220,137384,13:11:24.685903
140.513516,188452,138123,13:11:24.685903
140.515373,188743,137787,13:11:24.685903
140.517237,188763,137975,13:11:24.685903
140.519093,188793,138360,13:11:24.685903
140.52095,189848,138410,13:11:24.685903
140.522808,190216,138585,13:11:24.685903
140.524664,190185,138647,13:11:24.685903
140.526523,189867,139215,13:11:24.685903
140.528379,190038,139112,13:11:24.685903
140.530243,190241,139189,13:11:24.685903
140.532102,190370,139215,13:11:24.685903
140.533958,190324,139238,13:11:24.685903
140.535817,190100,138715,13:11:24.685903
140.537673,190652,138639,13:11:24.685903
140.539534,190133,138767,13:11:24.685903
140.541417,189261,138547,13:11:24.685903
140.543282,189785,138235,13:11:24.685903
140.545138,189409,138058,13:11:24.686478
140.546994,188929,137752,13:11:24.686478
140.548853,188899,137583,13:11:24.686478
140.550709,188634,137536,13:11:24.686478
140.552566,188331,137559,13:11:24.686478
140.554424,188369,137435,13:11:24.686478
140.55629,188081,137109,13:11:24.738693
140.558151,188008,137207,13:11:24.738693
140.560025,187886,136991,13:11:24.738693
140.561905,187971,137303,13:11:24.738693
140.563763,188341,137251,13:11:24.738693
140.56562,188433,137569,13:11:24.738693
140.567478,189144,137589,13:11:24.738693
140.569335,188823,138132,13:11:24.738693
140.571193,189437,138429,13:11:24.738693
140.573049,190257,138479,13:11:24.738693
140.574906,190112,139228,13:11:24.738693
140.576768,190683,139226,13:11:24.738693
140.578624,190786,139106,13:11:24.738693
140.580483,191467,139074,13:11:24.738693
140.582339,191274,139659,13:11:24.738693
140.584195,191246,139552,13:11:24.738693
140.586054,191420,139532,13:11:24.738693
140.587915,190834,139463,13:11:24.738693
140.589782,191010,139144,13:11:24.738693
140.591639,189466,139095,13:11:24.738693
140.593503,190568,139113,13:11:24.738693
140.595361,190299,138485,13:11:24.738693
140.597228,189567,138126,13:11:24.738693
140.59911,189573,137724,13:11:24.738693
140.600966,189058,137416,13:11:24.738693
140.602829,188446,137257,13:11:24.738693
140.604685,188451,137072,13:11:24.754087
140.606553,188110,136874,13:11:24.754087
140.608412,187876,137101,13:11:24.754087
140.610306,187827,137012,13:11:24.754087
140.612176,188065,137139,13:11:24.754087
140.61404,188380,137197,13:11:24.754087
140.615897,188170,137165,13:11:24.754087
140.617755,188666,137754,13:11:24.754087
140.619611,189132,138222,13:11:24.754087
140.621468,189555,138042,13:11:24.754087
140.623324,189952,138632,13:11:24.754087
140.625181,190686,138990,13:11:24.754087
140.627039,190089,139138,13:11:24.754087
140.628895,191127,139099,13:11:24.754087
140.630754,190897,139515,13:11:24.754087
140.63261,190816,139704,13:11:24.754087
140.634466,191704,139709,13:11:24.754087
140.636325,191390,139785,13:11:24.754087
140.638183,191832,139781,13:11:24.754087
140.640041,191290,139785,13:11:24.754087
140.641898,191351,139142,13:11:24.754087
140.643756,190740,139254,13:11:24.754087
140.645616,190882,139182,13:11:24.754087
140.647473,190244,138300,13:11:24.754087
140.649331,189975,137828,13:11:24.754087
140.651187,189546,137966,13:11:24.754087
140.653046,189389,138109,13:11:24.754087
140.654902,189132,137778,13:11:24.805935
140.656768,188825,137503,13:11:24.805935
140.658629,188777,137678,13:11:24.805935
140.660542,188681,137528,13:11:24.805935
140.662439,188830,137527,13:11:24.805935
140.664295,188670,137395,13:11:24.805935
140.666159,189049,137686,13:11:24.805935
140.668016,189190,137916,13:11:24.805935
140.669874,189525,138064,13:11:24.805935
140.671733,189321,138223,13:11:24.805935
140.673589,189919,138125,13:11:24.805935
140.675449,190055,138528,13:11:24.805935
140.677306,190256,138848,13:11:24.805935
140.679162,190398,139062,13:11:24.805935
140.681021,190529,138939,13:11:24.805935
140.682877,190688,138963,13:11:24.805935
140.684737,190839,138910,13:11:24.805935
140.686594,190967,139023,13:11:24.805935
140.688452,190888,138936,13:11:24.805935
140.690311,190839,139005,13:11:24.805935
140.692171,190716,138783,13:11:24.805935
140.694031,190485,138626,13:11:24.805935
140.695887,190251,138567,13:11:24.805935
140.697744,190292,138284,13:11:24.805935
140.699602,190000,138047,13:11:24.805935
140.701459,189738,138164,13:11:24.805935
140.703317,189589,137989,13:11:24.805935
140.705173,189748,137954,13:11:24.854119
140.707049,189491,138004,13:11:24.854119
140.70891,189391,137759,13:11:24.854119
140.710808,189146,137931,13:11:24.854119
140.712666,189333,137992,13:11:24.854119
140.714523,189060,137939,13:11:24.857621
140.716383,189284,138103,13:11:24.857621
140.718241,189227,138034,13:11:24.857621
140.720105,189796,138162,13:11:24.857621
140.721962,189645,138229,13:11:24.857621
140.723818,189944,138236,13:11:24.857621
140.725677,190394,138339,13:11:24.857621
140.727533,190371,138640,13:11:24.857621
140.72939,190362,138466,13:11:24.857621
140.731246,190474,138899,13:11:24.857621
140.733102,190849,139067,13:11:24.857621
140.734959,190826,138724,13:11:24.857621
140.736815,190487,138732,13:11:24.857621
140.738677,190608,138742,13:11:24.857621
140.740534,190326,138415,13:11:24.857621
140.74239,190178,138127,13:11:24.857621
140.74425,189990,137974,13:11:24.857621
140.746107,189564,138116,13:11:24.857621
140.747963,189690,138036,13:11:24.862712
140.749819,189181,137930,13:11:24.862712
140.751678,189445,137731,13:11:24.862712
140.753536,189260,137627,13:11:24.862712
140.755392,189129,137851,13:11:24.903890
140.757259,189170,137855,13:11:24.903890
140.759119,189316,137837,13:11:24.903890
140.761017,189084,138096,13:11:24.903890
140.762947,189258,137751,13:11:24.903890
140.764804,189608,138377,13:11:24.903890
140.766664,189739,138261,13:11:24.905391
140.768522,190240,138368,13:11:24.905391
140.770388,190258,138460,13:11:24.905391
140.772245,190442,138819,13:11:24.905391
140.774101,190492,138901,13:11:24.905391
140.77596,190800,139005,13:11:24.905391
140.777816,190605,138874,13:11:24.905391
140.779673,190589,138730,13:11:24.905391
140.781531,190609,138811,13:11:24.905391
140.783387,190469,138490,13:11:24.905391
140.785244,190279,138397,13:11:24.905391
140.7871,190304,138265,13:11:24.905391
140.788966,189866,138146,13:11:24.905391
140.790825,189513,137936,13:11:24.905391
140.792681,189565,138101,13:11:24.905391
140.794539,189209,138040,13:11:24.905391
140.796396,189395,138040,13:11:24.905391
140.798254,189293,137782,13:11:24.905391
140.800112,189427,137808,13:11:24.905391
140.801969,189280,138148,13:11:24.905391
140.803827,189634,138042,13:11:24.905391
140.805687,189500,138079,13:11:24.953961
140.807552,189660,137937,13:11:24.953961
140.809415,189588,138088,13:11:24.953961
140.811337,189799,138178,13:11:24.953961
140.813223,189910,138391,13:11:24.953961
140.815079,190134,138754,13:11:24.953961
140.816937,190088,138693,13:11:24.953961
140.818796,190140,138569,13:11:24.953961
140.820652,190421,138629,13:11:24.953961
140.82251,190379,138698,13:11:24.953961
140.824367,190475,138443,13:11:24.953961
140.826225,190213,138695,13:11:24.953961
140.828081,190227,138391,13:11:24.953961
140.829938,190184,138630,13:11:24.953961
140.831796,190099,138419,13:11:24.953961
140.833658,189976,137869,13:11:24.953961
140.835515,189785,138055,13:11:24.954885
140.837373,189772,138135,13:11:24.954885
140.839231,189677,137787,13:11:24.954885
140.841088,189370,138015,13:11:24.954885
140.842944,189301,138157,13:11:24.954885
140.844805,189415,138035,13:11:24.954885
140.846661,189265,137879,13:11:24.954885
140.848519,189408,137888,13:11:24.954885
140.850378,189467,138031,13:11:24.954885
140.852236,189749,138027,13:11:24.954885
140.854092,189749,137977,13:11:24.954885
140.855962,189491,137865,13:11:25.005239
140.857825,189550,138319,13:11:25.005239
140.859687,189875,138230,13:11:25.005239
140.861576,189661,138455,13:11:25.005239
140.863434,190178,138931,13:11:25.005239
140.865293,190437,138580,13:11:25.005239
140.867151,190586,138446,13:11:25.005239
140.869007,190378,138679,13:11:25.005239
140.870865,190597,138622,13:11:25.005239
140.872722,190592,138422,13:11:25.005239
140.874578,190445,138756,13:11:25.005239
140.876434,190381,138734,13:11:25.005239
140.878291,190440,138353,13:11:25.005239
140.880147,190418,138323,13:11:25.005239
140.882003,190266,138485,13:11:25.005239
140.883866,189910,138274,13:11:25.005239
140.885722,189871,137984,13:11:25.005239
140.887578,189868,138188,13:11:25.005239
140.889437,189690,137849,13:11:25.005239
140.891293,189840,137904,13:11:25.005239
140.893151,189509,137810,13:11:25.005239
140.895008,189538,138062,13:11:25.005239
140.896866,189404,137815,13:11:25.005239
140.898725,189490,137870,13:11:25.005239
140.900591,189643,137903,13:11:25.005239
140.902449,189645,138061,13:11:25.005239
140.904306,189706,137953,13:11:25.005239
140.906176,189777,138332,13:11:25.054308
140.90804,189837,138272,13:11:25.054308
140.909905,190213,138204,13:11:25.054308
140.911823,189898,138493,13:11:25.054308
140.913679,190483,138595,13:11:25.054308
140.915535,190388,138613,13:11:25.054308
140.917394,190604,138707,13:11:25.054308
140.91925,190557,138597,13:11:25.054308
140.921106,190503,138558,13:11:25.054308
140.922963,190451,138778,13:11:25.054308
140.924829,190173,138292,13:11:25.054308
140.926685,190185,138495,13:11:25.054308
140.928542,189886,138348,13:11:25.054308
140.9304,190018,138173,13:11:25.054308
140.932257,189981,138287,13:11:25.054308
140.934115,189737,137945,13:11:25.054308
140.935971,189776,137864,13:11:25.054308
140.937828,189854,138068,13:11:25.054308
140.939686,189869,138128,13:11:25.054308
140.94155,189622,138070,13:11:25.054308
140.943407,189773,138090,13:11:25.054308
140.945263,189572,138251,13:11:25.054308
140.947121,189674,138173,13:11:25.054308
140.948978,189909,138574,13:11:25.054308
140.950836,190179,138364,13:11:25.054308
140.952694,190165,138510,13:11:25.054308
140.954551,190021,138302,13:11:25.106188
140.956421,190514,138489,13:11:25.106188
140.958281,190217,138695,13:11:25.106188
140.960187,190347,138727,13:11:25.106188
140.962082,190675,138550,13:11:25.106188
140.963938,190341,138712,13:11:25.106188
140.965798,190537,138906,13:11:25.106188
140.967655,190476,138772,13:11:25.106188
140.969512,190267,138589,13:11:25.106188
140.971378,190382,138426,13:11:25.106188
140.973234,190027,138403,13:11:25.106188
140.975092,190194,138433,13:11:25.106188
140.976949,190068,138214,13:11:25.106188
140.978805,189994,138102,13:11:25.107188
140.980663,189935,138230,13:11:25.107188
140.98252,189791,138126,13:11:25.107188
140.984384,189697,138134,13:11:25.107188
140.98624,189528,138086,13:11:25.107188
140.988101,189959,138109,13:11:25.107188
140.989957,189681,138136,13:11:25.107188
140.991813,189959,138365,13:11:25.107188
140.993672,190162,138169,13:11:25.107188
140.995528,189982,138507,13:11:25.107188
140.997387,189985,138561,13:11:25.107188
140.999247,190130,138584,13:11:25.107188
141.001103,190326,138713,13:11:25.107188
141.002962,190165,138676,13:11:25.107188
141.004819,190361,138639,13:11:25.160099
141.006682,190369,138721,13:11:25.160099
141.008543,190255,138625,13:11:25.160099
141.010459,190432,138573,13:11:25.160099
141.012317,190414,138627,13:11:25.160099
141.014173,190487,138686,13:11:25.160099
141.016032,190504,138671,13:11:25.160099
141.017888,190393,138712,13:11:25.160099
141.019744,190410,138518,13:11:25.160099
141.021601,190323,138593,13:11:25.160099
141.023459,190280,138408,13:11:25.160099
141.025319,190229,138762,13:11:25.160099
141.027176,190088,138491,13:11:25.160099
141.029036,190131,138409,13:11:25.160099
141.030893,190138,138394,13:11:25.160099
141.032751,190193,138518,13:11:25.160099
141.034609,189857,138517,13:11:25.160099
141.036465,189824,138281,13:11:25.160099
141.038322,190008,138197,13:11:25.160099
141.040178,190345,138301,13:11:25.160099
141.042039,189864,138320,13:11:25.160099
141.043895,190079,138111,13:11:25.160099
141.045753,190154,138670,13:11:25.160099
141.047612,190250,138592,13:11:25.160099
141.049468,190377,138528,13:11:25.160099
141.051326,190381,138621,13:11:25.160099
141.053183,190557,138874,13:11:25.160099
141.055041,190747,138679,13:11:25.205600
141.056908,190589,138734,13:11:25.205600
141.058773,190407,138932,13:11:25.205600
141.06069,190267,138765,13:11:25.205600
141.062562,190396,138681,13:11:25.205600
141.064427,190437,138729,13:11:25.205600
141.066283,190486,138870,13:11:25.205600
141.068139,190597,138658,13:11:25.205600
141.069998,190648,138849,13:11:25.205600
141.071856,190452,138679,13:11:25.205600
141.073712,190332,138712,13:11:25.205600
141.075571,190236,138274,13:11:25.205600
141.077427,189963,138274,13:11:25.205600
141.079283,190059,138247,13:11:25.205600
141.08114,189807,138447,13:11:25.205600
141.083004,189828,138347,13:11:25.205600
141.08486,189999,138471,13:11:25.205600
141.086717,189840,138827,13:11:25.205600
141.088575,190254,138794,13:11:25.205600
141.090432,190212,138375,13:11:25.205600
141.09229,190236,138439,13:11:25.205600
141.094146,190385,138709,13:11:25.205600
141.096003,190387,139023,13:11:25.205600
141.097861,190490,138688,13:11:25.205600
141.099725,190450,138893,13:11:25.205600
141.10159,190489,138915,13:11:25.205600
141.103449,190367,138770,13:11:25.205600
141.105316,190532,138846,13:11:25.253954
141.107222,190640,138570,13:11:25.253954
141.109087,190633,139055,13:11:25.253954
141.110979,190520,138949,13:11:25.253954
141.112867,190710,138861,13:11:25.253954
141.114724,190653,138966,13:11:25.253954
141.116582,190361,139008,13:11:25.253954
141.118438,190471,138392,13:11:25.253954
141.120301,190424,138673,13:11:25.253954
141.122157,190212,138557,13:11:25.254952
141.124013,190115,138658,13:11:25.254952
141.125876,190146,138523,13:11:25.254952
141.127732,190480,138525,13:11:25.254952
141.12959,189968,138405,13:11:25.254952
141.131449,190224,138778,13:11:25.254952
141.133307,190319,138395,13:11:25.254952
141.135165,190331,138547,13:11:25.254952
141.137022,190218,138800,13:11:25.254952
141.138878,190461,138700,13:11:25.254952
141.140734,190563,138731,13:11:25.254952
141.142593,190478,138614,13:11:25.254952
141.144449,190359,138990,13:11:25.254952
141.146306,190460,138581,13:11:25.254952
141.148162,190385,138808,13:11:25.254952
141.150018,190570,138891,13:11:25.254952
141.151875,190542,138928,13:11:25.254952
141.153733,190394,138884,13:11:25.254952
141.155615,190735,139077,13:11:25.305477
141.157482,190550,138808,13:11:25.305477
141.159343,190682,138723,13:11:25.305477
141.16126,190272,138816,13:11:25.305477
141.163116,190501,138811,13:11:25.305477
141.164973,190646,138762,13:11:25.305477
141.166833,190468,138726,13:11:25.305477
141.168689,190379,138741,13:11:25.305477
141.170548,190461,138733,13:11:25.305477
141.172406,190512,138744,13:11:25.305477
141.174263,190234,138699,13:11:25.305477
141.176121,190298,138610,13:11:25.305477
141.177982,190321,138577,13:11:25.305477
141.17984,190247,138523,13:11:25.305477
141.181696,190143,138677,13:11:25.305477
141.183554,190667,138662,13:11:25.305477
141.185411,190446,138840,13:11:25.305477
141.187267,190669,138617,13:11:25.305477
141.189125,190602,138854,13:11:25.305477
141.190982,190467,138711,13:11:25.305477
141.19284,190463,138721,13:11:25.305477
141.194696,190624,138755,13:11:25.305477
141.196557,190418,138770,13:11:25.305477
141.198413,190768,139053,13:11:25.305477
141.20027,190586,138930,13:11:25.305477
141.202128,190712,138777,13:11:25.305477
141.20399,190843,138810,13:11:25.305477
141.205857,190699,139187,13:11:25.355157
141.207719,190654,138852,13:11:25.355157
141.209583,190678,138830,13:11:25.355157
141.211483,190438,138751,13:11:25.355157
141.213368,190369,138899,13:11:25.355157
141.215224,190342,138697,13:11:25.355157
141.217082,190236,138710,13:11:25.355157
141.218939,190212,138766,13:11:25.355157
141.220795,190442,138664,13:11:25.355157
141.222651,190331,138864,13:11:25.355157
141.22451,190384,138772,13:11:25.355157
141.226366,190125,138498,13:11:25.355157
141.228222,190323,138549,13:11:25.355157
141.230081,190359,138466,13:11:25.355157
141.231937,190437,138554,13:11:25.355157
141.233796,190243,138895,13:11:25.355157
141.235652,190267,138709,13:11:25.355157
141.237516,190474,138952,13:11:25.355157
141.239373,190473,138732,13:11:25.355157
141.241229,190621,138927,13:11:25.356157
141.243087,190477,138817,13:11:25.356157
141.244944,190398,138871,13:11:25.356157
141.246806,190442,139001,13:11:25.356157
141.248662,190413,138813,13:11:25.356157
141.250519,190707,138845,13:11:25.356157
141.252379,190620,138968,13:11:25.356157
141.254237,190449,139191,13:11:25.356157
141.256104,190824,138678,13:11:25.409050
141.257964,190413,138795,13:11:25.412037
141.25983,190561,138894,13:11:25.412037
141.261719,190420,138416,13:11:25.412037
141.263575,190236,138917,13:11:25.412037
141.265431,190484,138550,13:11:25.412037
141.267288,190361,138467,13:11:25.412037
141.269152,190634,138782,13:11:25.412037
141.271008,190317,138810,13:11:25.412037
141.272867,190337,138690,13:11:25.412037
141.274725,190530,138775,13:11:25.412037
141.276581,190586,138751,13:11:25.412037
141.27844,190465,138661,13:11:25.413040
141.280296,190520,138903,13:11:25.413040
141.282152,190756,138843,13:11:25.413040
141.284011,190353,138594,13:11:25.413040
141.285872,190449,138901,13:11:25.413040
141.287729,190585,138739,13:11:25.413040
141.289586,190476,138749,13:11:25.413040
141.291444,190605,139018,13:11:25.413040
141.293301,190384,139073,13:11:25.413040
141.295157,190536,138646,13:11:25.413040
141.297013,190598,138737,13:11:25.413040
141.298872,190772,138692,13:11:25.413040
141.30073,190379,138814,13:11:25.413040
141.302586,190354,138772,13:11:25.413040
141.304451,190367,138905,13:11:25.413040
141.306311,190420,138828,13:11:25.454495
141.308172,190247,138707,13:11:25.454495
141.310065,190382,138810,13:11:25.454495
141.311942,190269,138850,13:11:25.454495
141.313802,190275,138838,13:11:25.454495
141.315684,190109,138867,13:11:25.454495
141.317541,190546,138580,13:11:25.454495
141.319399,190329,138554,13:11:25.455495
141.321255,190592,138580,13:11:25.455495
141.323112,190192,138600,13:11:25.455495
141.32497,190089,138693,13:11:25.455495
141.326831,190313,138801,13:11:25.455495
141.328689,190436,138669,13:11:25.455495
141.330545,190579,138795,13:11:25.455495
141.332404,190459,138662,13:11:25.455495
141.33426,190422,138746,13:11:25.455495
141.336116,190564,138683,13:11:25.455495
141.337975,190416,138412,13:11:25.455495
141.339833,190526,139023,13:11:25.455495
141.341691,190500,139003,13:11:25.455495
141.343548,190404,138723,13:11:25.455495
141.345408,190361,138805,13:11:25.455495
141.347264,190478,138646,13:11:25.455495
141.349121,190355,138713,13:11:25.455495
141.350979,190366,138869,13:11:25.455495
141.352836,190510,138749,13:11:25.455495
141.354694,190020,138767,13:11:25.510790
141.356564,190320,138743,13:11:25.510790
141.358425,190122,138545,13:11:25.511808
141.360316,190152,138818,13:11:25.511808
141.362225,190376,138671,13:11:25.511808
141.364081,189982,138653,13:11:25.511808
141.36594,190471,138675,13:11:25.511808
141.367799,190179,138659,13:11:25.511808
141.369658,190002,138716,13:11:25.511808
141.371515,190222,138482,13:11:25.511808
141.373375,190222,138901,13:11:25.511808
141.375231,190264,138260,13:11:25.511808
141.377088,190245,138818,13:11:25.511808
141.378946,190120,138952,13:11:25.511808
141.380804,190348,138737,13:11:25.511808
141.382663,190245,138651,13:11:25.511808
141.384519,190073,138650,13:11:25.511808
141.386377,190410,139164,13:11:25.511808
141.388234,190582,138893,13:11:25.511808
141.390091,190317,138722,13:11:25.511808
141.391953,190531,138813,13:11:25.511808
141.393809,189971,138715,13:11:25.511808
141.395667,190359,138629,13:11:25.511808
141.397524,190130,138898,13:11:25.511808
141.39938,189926,138534,13:11:25.511808
141.401238,190000,138624,13:11:25.511808
141.403097,190185,138693,13:11:25.511808
141.404955,190173,138488,13:11:25.556464
141.406821,190024,138425,13:11:25.556464
141.408688,190229,138866,13:11:25.556464
141.410608,190077,138689,13:11:25.556464
141.412484,190216,138600,13:11:25.556464
141.414342,190157,138646,13:11:25.556464
141.416199,190047,138510,13:11:25.556464
141.41806,189992,138719,13:11:25.556464
141.419921,190154,138414,13:11:25.556464
141.421778,190181,138761,13:11:25.556464
141.423636,190125,138724,13:11:25.556464
141.425493,190188,139028,13:11:25.556464
141.427349,190237,138676,13:11:25.556464
141.429207,190154,138795,13:11:25.556464
141.431069,190101,138875,13:11:25.556464
141.432928,190340,138634,13:11:25.556464
141.434784,190280,138647,13:11:25.556464
141.436651,190360,138760,13:11:25.556464
141.438507,190213,138712,13:11:25.556464
141.440363,190105,138750,13:11:25.556464
141.442222,190094,138635,13:11:25.556464
141.444078,190220,138749,13:11:25.556464
141.445934,190197,138289,13:11:25.556464
141.447793,189928,138723,13:11:25.556464
141.449649,190263,138746,13:11:25.556464
141.451505,190187,138587,13:11:25.556464
141.453371,190033,138553,13:11:25.556464
141.455228,189860,138714,13:11:25.606361
141.457094,189940,138573,13:11:25.607371
141.458961,190372,138610,13:11:25.607371
141.460861,189906,138579,13:11:25.607371
141.462717,190060,138489,13:11:25.607371
141.464604,190159,139079,13:11:25.607371
141.466462,190290,138444,13:11:25.607371
141.468318,189981,138553,13:11:25.607371
141.470177,189911,138441,13:11:25.607371
141.472033,189946,138664,13:11:25.607371
141.473889,190168,138627,13:11:25.607371
141.475746,189864,138531,13:11:25.607371
141.47761,190068,138622,13:11:25.607371
141.479466,190106,138530,13:11:25.607371
141.481323,190060,138767,13:11:25.607371
141.483181,190265,138731,13:11:25.607371
141.485037,189986,138598,13:11:25.607371
141.486896,190287,138862,13:11:25.607371
141.488752,190138,138674,13:11:25.607371
141.490609,190036,138684,13:11:25.607371
141.492465,190145,138571,13:11:25.607371
141.49433,189853,138747,13:11:25.607371
141.496188,190128,138494,13:11:25.607371
141.498044,189906,138538,13:11:25.607371
141.499902,189965,138407,13:11:25.607371
141.501761,189938,138692,13:11:25.607371
141.503617,190025,138575,13:11:25.607371
141.505477,189887,138415,13:11:25.660244
141.507344,189803,138398,13:11:25.660244
141.509205,189709,138385,13:11:25.660244
141.511112,189516,138463,13:11:25.660244
141.512982,189453,138566,13:11:25.660244
141.514841,190089,138701,13:11:25.660244
141.516697,189930,138530,13:11:25.660244
141.51856,189909,138891,13:11:25.660244
141.520416,190176,138534,13:11:25.660244
141.522272,190028,138908,13:11:25.660244
141.524131,190205,138820,13:11:25.660244
141.525987,190144,138719,13:11:25.660244
141.527845,190096,138818,13:11:25.660244
141.529702,189931,138807,13:11:25.660244
141.531564,189731,138692,13:11:25.660244
141.533422,189686,138646,13:11:25.660244
141.535279,189940,138520,13:11:25.660244
141.537139,189846,138518,13:11:25.660244
141.538996,189922,138331,13:11:25.660244
141.540854,189985,138777,13:11:25.660244
141.54271,189981,138823,13:11:25.660244
141.544567,190022,138707,13:11:25.660244
141.546425,190079,138495,13:11:25.660244
141.548285,189733,138579,13:11:25.660244
141.550144,189591,138394,13:11:25.660244
141.552,189656,138163,13:11:25.660244
141.553866,189505,138237,13:11:25.660244
141.555729,189671,138737,13:11:25.709084
141.557589,189762,138495,13:11:25.709084
141.559457,189768,138473,13:11:25.709084
141.561375,189674,138607,13:11:25.709084
141.563234,189817,138672,13:11:25.709084
141.565126,189121,138381,13:11:25.709084
141.566982,189956,138397,13:11:25.709084
141.568843,189985,138505,13:11:25.709084
141.570699,190179,138491,13:11:25.709084
141.572555,189797,138654,13:11:25.709084
141.574414,190075,138217,13:11:25.709084
141.57627,189512,138674,13:11:25.709084
141.578128,189838,138554,13:11:25.709084
141.579985,189956,138625,13:11:25.709084
141.581847,190116,138563,13:11:25.709084
141.583705,189793,138655,13:11:25.709084
141.585562,189775,138597,13:11:25.709084
141.587422,189709,138582,13:11:25.709084
141.589279,189825,138484,13:11:25.709084
141.591137,189782,138435,13:11:25.709084
141.592993,189856,138600,13:11:25.709084
141.59485,189741,138661,13:11:25.709084
141.596708,189701,138712,13:11:25.709084
141.598568,189922,138380,13:11:25.709084
141.600427,189609,138460,13:11:25.709084
141.602283,189679,138422,13:11:25.709084
141.604149,189832,138244,13:11:25.709084
141.606016,189725,138589,13:11:25.761647
141.607881,189503,138520,13:11:25.761647
141.609745,189754,138476,13:11:25.761647
141.611639,189690,138573,13:11:25.761647
141.613501,189694,138492,13:11:25.761647
141.615359,189773,138481,13:11:25.762653
141.61722,189901,138602,13:11:25.762653
141.619078,189861,138598,13:11:25.762653
141.620934,189823,138451,13:11:25.762653
141.622811,189825,138420,13:11:25.762653
141.624669,189822,138543,13:11:25.762653
141.626531,189543,138381,13:11:25.762653
141.628388,189688,138213,13:11:25.762653
141.630244,189620,138533,13:11:25.762653
141.632102,189868,138557,13:11:25.762653
141.633959,189934,138483,13:11:25.762653
141.635815,189858,138623,13:11:25.762653
141.637673,189771,138277,13:11:25.762653
141.63953,189597,138545,13:11:25.762653
141.641388,189750,138365,13:11:25.762653
141.643245,189460,138692,13:11:25.762653
141.645109,189730,138660,13:11:25.762653
141.646965,189457,138548,13:11:25.762653
141.648822,189759,138429,13:11:25.762653
141.65068,189786,138358,13:11:25.762653
141.652536,189732,138420,13:11:25.762653
141.654393,189673,138566,13:11:25.762653
141.656261,189798,138428,13:11:25.810776
141.658121,189559,138611,13:11:25.810776
141.660003,189738,138564,13:11:25.810776
141.661884,189914,138398,13:11:25.810776
141.663748,189582,138456,13:11:25.810776
141.665605,189577,138548,13:11:25.810776
141.667461,189465,138547,13:11:25.810776
141.669323,189703,138484,13:11:25.810776
141.67118,189922,138357,13:11:25.810776
141.673038,189794,138588,13:11:25.810776
141.674894,189902,138513,13:11:25.810776
141.676753,189499,138434,13:11:25.810776
141.678611,189524,138471,13:11:25.810776
141.680467,189694,138215,13:11:25.810776
141.68233,189827,138598,13:11:25.810776
141.684186,189993,138514,13:11:25.810776
141.686044,189772,138365,13:11:25.810776
141.687901,189843,138336,13:11:25.810776
141.689757,189734,138563,13:11:25.810776
141.691615,189560,138499,13:11:25.810776
141.693473,189720,138449,13:11:25.810776
141.69533,189553,138524,13:11:25.810776
141.697187,189627,138512,13:11:25.810776
141.699049,189559,138414,13:11:25.810776
141.700905,189836,138461,13:11:25.810776
141.702764,189728,138548,13:11:25.810776
141.704622,189881,138617,13:11:25.862892
141.706486,189896,138705,13:11:25.862892
141.708347,189983,138340,13:11:25.862892
141.710257,189599,138537,13:11:25.862892
141.712127,189396,138175,13:11:25.862892
141.713985,189684,138360,13:11:25.862892
141.715846,189715,138418,13:11:25.862892
141.717752,187583,138466,13:11:25.862892
141.71961,189848,138355,13:11:25.862892
141.721469,189720,138505,13:11:25.862892
141.723327,189975,138616,13:11:25.862892
141.725183,189958,138469,13:11:25.862892
141.72704,189811,138428,13:11:25.862892
141.728898,189607,138525,13:11:25.862892
141.73076,189704,138288,13:11:25.862892
141.732617,189459,138356,13:11:25.862892
141.734473,189734,138628,13:11:25.862892
141.736331,189521,138236,13:11:25.862892
141.738188,189662,138452,13:11:25.862892
141.740044,189801,138147,13:11:25.862892
141.7419,189569,138606,13:11:25.862892
141.743757,189892,138560,13:11:25.862892
141.745613,189765,138296,13:11:25.862892
141.74747,190035,138722,13:11:25.862892
141.749332,189942,138334,13:11:25.862892
141.751188,189379,138442,13:11:25.862892
141.753045,189789,138506,13:11:25.862892
141.754903,190039,138447,13:11:25.913771
141.756767,189799,138378,13:11:25.913771
141.758628,189819,138479,13:11:25.913771
141.760538,189891,138333,13:11:25.913771
141.762404,189595,138590,13:11:25.913771
141.764262,189599,138474,13:11:25.913771
141.766119,189649,138755,13:11:25.913771
141.767989,189609,138527,13:11:25.913771
141.769885,188849,138438,13:11:25.913771
141.771742,189860,138526,13:11:25.914770
141.7736,189985,138376,13:11:25.914770
141.775456,189617,138278,13:11:25.914770
141.777319,189871,138503,13:11:25.914770
141.779177,189717,138596,13:11:25.914770
141.781043,189703,138360,13:11:25.914770
141.7829,190026,138608,13:11:25.914770
141.784756,189738,138388,13:11:25.914770
141.786614,189722,138674,13:11:25.914770
141.788471,189690,138339,13:11:25.914770
141.790327,189705,138129,13:11:25.914770
141.792186,189957,138529,13:11:25.914770
141.794042,189691,138459,13:11:25.914770
141.795898,190038,138617,13:11:25.914770
141.797755,189865,138670,13:11:25.914770
141.799621,190130,138665,13:11:25.914770
141.801477,190052,138496,13:11:25.914770
141.803334,189991,138506,13:11:25.914770
141.805192,189883,138395,13:11:25.970019
141.80706,189911,138544,13:11:25.970019
141.808923,189785,138318,13:11:25.970019
141.810819,189422,138709,13:11:25.970019
141.812678,189836,138336,13:11:25.970019
141.814536,189751,138566,13:11:25.970019
141.816392,189755,138501,13:11:25.970019
141.81826,189962,138444,13:11:25.970019
141.820119,187961,138536,13:11:25.970019
141.821977,189575,138585,13:11:25.970019
141.823837,189848,138658,13:11:25.970019
141.825694,190027,138507,13:11:25.970019
141.827574,189856,138514,13:11:25.970019
141.82943,189711,138435,13:11:25.970019
141.831287,189653,138446,13:11:25.970019
141.833143,189666,138480,13:11:25.970019
141.834999,190001,138662,13:11:25.970019
141.836856,190078,138556,13:11:25.970019
141.838712,190126,138797,13:11:25.970019
141.840574,189759,138485,13:11:25.970019
141.842431,189777,138580,13:11:25.970019
141.844287,189946,138545,13:11:25.970019
141.846145,189868,138564,13:11:25.970019
141.848002,190014,138522,13:11:25.970019
141.84986,190053,138589,13:11:25.970019
141.851717,189899,138516,13:11:25.970019
141.853575,189830,138622,13:11:25.970019
141.855433,189963,138437,13:11:26.015960
141.857299,189889,138706,13:11:26.015960
141.859158,189863,138475,13:11:26.015960
141.861077,189650,138574,13:11:26.015960
141.862968,190058,138498,13:11:26.015960
141.864825,190069,138650,13:11:26.015960
141.866683,189771,138751,13:11:26.015960
141.868545,189841,138603,13:11:26.015960
141.870404,189423,138524,13:11:26.015960
141.87226,190015,138796,13:11:26.015960
141.874118,189839,138684,13:11:26.015960
141.875979,189474,138507,13:11:26.015960
141.877867,189851,138437,13:11:26.015960
141.879723,189821,138323,13:11:26.015960
141.88158,190114,138674,13:11:26.015960
141.883438,189842,138664,13:11:26.015960
141.885294,189864,138735,13:11:26.015960
141.887153,190052,138746,13:11:26.015960
141.889009,189914,138578,13:11:26.015960
141.890873,190047,138849,13:11:26.015960
141.89273,189976,138681,13:11:26.016965
141.894596,190187,138553,13:11:26.016965
141.896452,189908,138522,13:11:26.016965
141.898309,189934,138518,13:11:26.016965
141.900167,189853,138484,13:11:26.016965
141.902024,190166,138871,13:11:26.016965
141.90388,190053,138735,13:11:26.016965
141.905742,189838,138750,13:11:26.068363
141.907603,189977,138698,13:11:26.068363
141.909466,190037,138752,13:11:26.068363
141.911382,189850,138578,13:11:26.068363
141.913244,190059,138485,13:11:26.068363
141.915102,189945,138493,13:11:26.068363
141.916958,189990,138670,13:11:26.068363
141.918816,189039,138740,13:11:26.069204
141.920673,189895,138701,13:11:26.069204
141.922536,187935,138656,13:11:26.069204
141.924397,189886,138769,13:11:26.069204
141.926254,190085,138587,13:11:26.069204
141.928112,190092,138833,13:11:26.069204
141.929969,189835,138827,13:11:26.069204
141.931831,189942,138633,13:11:26.069204
141.933687,190049,138890,13:11:26.069204
141.935544,189926,138817,13:11:26.069204
141.937406,190119,138815,13:11:26.069204
141.939262,190078,138399,13:11:26.069204
141.941121,189948,138576,13:11:26.069204
141.942977,189923,138612,13:11:26.069204
141.944835,189905,138765,13:11:26.069204
141.946694,189903,138921,13:11:26.069204
141.948551,190059,138826,13:11:26.069204
141.950408,189947,138820,13:11:26.069204
141.952265,190209,138999,13:11:26.069204
141.954127,190114,138808,13:11:26.069204
141.956007,189961,138847,13:11:26.118764
141.957873,189978,138923,13:11:26.118764
141.959739,189963,138774,13:11:26.118764
141.961648,189748,138851,13:11:26.118764
141.963509,189973,138714,13:11:26.118764
141.965367,189973,138891,13:11:26.118764
141.967225,189994,138657,13:11:26.118764
141.969084,190335,138963,13:11:26.118764
141.97094,189916,138675,13:11:26.118764
141.972798,189693,138650,13:11:26.118764
141.974655,187758,138765,13:11:26.118764
141.976516,189629,138968,13:11:26.118764
141.978399,190045,138736,13:11:26.118764
141.980256,190108,138849,13:11:26.118764
141.982114,189717,138578,13:11:26.118764
141.983976,190023,138491,13:11:26.118764
141.985838,189762,138700,13:11:26.118764
141.987695,190207,138224,13:11:26.118764
141.989551,190062,138639,13:11:26.118764
141.99141,190030,139001,13:11:26.118764
141.993266,190002,138808,13:11:26.118764
141.995122,190176,138862,13:11:26.118764
141.996979,190223,138984,13:11:26.118764
141.998835,190273,138758,13:11:26.118764
142.000691,190193,138735,13:11:26.118764
142.002548,190152,138948,13:11:26.118764
142.00441,190207,138861,13:11:26.118764
142.006274,190064,138568,13:11:26.171784
142.008137,190146,139011,13:11:26.171784
142.010017,190108,138882,13:11:26.171784
142.011895,189730,139102,13:11:26.171784
142.013754,190190,138772,13:11:26.171784
142.015612,190297,139126,13:11:26.171784
142.017477,190056,138770,13:11:26.171784
142.019335,189892,138848,13:11:26.171784
142.021191,190283,138752,13:11:26.171784
142.023057,190209,138937,13:11:26.171784
142.024914,188103,138846,13:11:26.171784
142.026776,190253,138728,13:11:26.171784
142.028636,190072,138846,13:11:26.171784
142.030493,190170,138573,13:11:26.171784
142.032351,190177,138827,13:11:26.171784
142.034207,190018,138797,13:11:26.171784
142.036064,190052,138919,13:11:26.171784
142.03792,190276,139015,13:11:26.171784
142.039784,190101,138980,13:11:26.171784
142.041641,190196,138950,13:11:26.171784
142.043497,190221,139233,13:11:26.171784
142.045356,190417,138602,13:11:26.171784
142.047212,190191,139198,13:11:26.171784
142.049068,190201,138757,13:11:26.171784
142.050925,190058,138777,13:11:26.171784
142.052783,190205,138909,13:11:26.171784
142.054641,190109,138801,13:11:26.221072
142.056514,190265,138942,13:11:26.221072
142.058374,190111,138922,13:11:26.221072
142.060277,190144,138980,13:11:26.221072
142.062146,189859,138720,13:11:26.221072
142.064015,190129,138859,13:11:26.221072
142.065875,190215,138954,13:11:26.221072
142.067732,190037,138961,13:11:26.221072
142.06959,189681,138940,13:11:26.221072
142.071449,189964,138873,13:11:26.221072
142.073308,190295,139082,13:11:26.221072
142.075166,190108,138766,13:11:26.221072
142.077047,190283,138784,13:11:26.221072
142.078917,189366,139036,13:11:26.221072
142.080774,190198,138991,13:11:26.221072
142.082632,190084,139123,13:11:26.221072
142.084488,190234,138845,13:11:26.221072
142.086345,190132,138947,13:11:26.221072
142.088203,190274,138901,13:11:26.221072
142.090067,190268,139172,13:11:26.221072
142.091924,190383,138976,13:11:26.221072
142.093782,190359,138849,13:11:26.221072
142.09564,190303,138900,13:11:26.221072
142.097497,190199,138967,13:11:26.221072
142.099353,190311,138814,13:11:26.221072
142.10121,190295,138779,13:11:26.221072
142.103066,190206,138825,13:11:26.221072
142.104922,190236,138935,13:11:26.272999
142.106787,190401,138984,13:11:26.272999
142.108645,190271,138828,13:11:26.272999
142.110551,190146,138907,13:11:26.272999
142.112411,190034,139105,13:11:26.272999
142.11427,190163,139090,13:11:26.272999
142.116126,190031,139046,13:11:26.272999
142.117983,190208,138889,13:11:26.272999
142.119843,189871,138934,13:11:26.272999
142.121702,190272,138865,13:11:26.272999
142.12356,189860,139025,13:11:26.272999
142.12542,190257,139050,13:11:26.272999
142.127284,187665,138706,13:11:26.272999
142.129143,190227,139030,13:11:26.272999
142.130999,190098,139059,13:11:26.272999
142.132857,190235,138998,13:11:26.272999
142.134748,190442,139182,13:11:26.272999
142.13661,190358,138975,13:11:26.272999
142.138466,190304,138908,13:11:26.272999
142.140323,190323,139171,13:11:26.272999
142.142181,190090,139051,13:11:26.272999
142.144037,190086,139054,13:11:26.272999
142.145896,190267,138783,13:11:26.272999
142.147752,190154,139054,13:11:26.272999
142.149612,190257,138850,13:11:26.272999
142.151471,190231,138806,13:11:26.272999
142.153337,189973,139070,13:11:26.272999
142.155194,190263,138965,13:11:26.324364
142.157058,190342,139100,13:11:26.324364
142.15892,190422,138864,13:11:26.324364
142.16082,190037,138715,13:11:26.324364
142.162679,189799,138827,13:11:26.324364
142.164535,190091,139060,13:11:26.324364
142.166391,189859,138679,13:11:26.324364
142.168252,190057,138863,13:11:26.324364
142.170108,190195,139002,13:11:26.324364
142.171964,189812,139105,13:11:26.324364
142.173825,189670,139018,13:11:26.324364
142.175681,190312,139109,13:11:26.324364
142.17754,190208,138891,13:11:26.324364
142.179396,187712,138933,13:11:26.324364
142.181252,190096,138874,13:11:26.324364
142.183111,190211,138921,13:11:26.324364
142.184976,190260,138784,13:11:26.324364
142.186835,190076,138916,13:11:26.324364
142.188692,190280,139020,13:11:26.324364
142.190554,190400,138989,13:11:26.324364
142.19241,190167,139082,13:11:26.324364
142.194267,189988,139310,13:11:26.324364
142.196125,190026,138857,13:11:26.328365
142.197981,190238,139193,13:11:26.328365
142.19984,190305,138905,13:11:26.328365
142.201696,190400,139010,13:11:26.328365
142.203558,190194,138799,13:11:26.328365
142.205417,190148,139054,13:11:26.378276
142.20729,190288,138768,13:11:26.378276
142.209153,190263,139130,13:11:26.378276
142.211052,190090,139072,13:11:26.378276
142.21291,189930,138955,13:11:26.378276
142.214768,190308,138826,13:11:26.378276
142.216631,190279,138975,13:11:26.378276
142.218489,190067,138953,13:11:26.378276
142.220345,189998,139003,13:11:26.378276
142.222206,190279,138909,13:11:26.378276
142.224064,190253,138706,13:11:26.378276
142.22592,190246,139131,13:11:26.378276
142.227786,190402,138922,13:11:26.378276
142.229681,190296,139107,13:11:26.378276
142.231543,189335,139083,13:11:26.378276
142.233402,190336,139031,13:11:26.378276
142.235284,190242,138965,13:11:26.378276
142.237142,190351,139002,13:11:26.378276
142.238999,190351,139088,13:11:26.378276
142.240857,190253,139157,13:11:26.378276
142.242715,190309,139123,13:11:26.378276
142.244579,190444,139089,13:11:26.378276
142.246436,190270,138900,13:11:26.378276
142.248292,190126,138922,13:11:26.378276
142.250151,190250,139013,13:11:26.378276
142.252007,190035,138883,13:11:26.379265
142.253865,190179,138615,13:11:26.379265
142.255728,190061,138688,13:11:26.427182
142.257592,189993,138921,13:11:26.427182
142.259454,190091,139064,13:11:26.427182
142.261364,189824,139028,13:11:26.427182
142.263227,189946,138942,13:11:26.427182
142.265085,190151,138724,13:11:26.427182
142.266942,190212,139121,13:11:26.427182
142.26881,190139,138914,13:11:26.427182
142.270666,189621,138874,13:11:26.427182
142.272523,190419,139030,13:11:26.427182
142.274381,190215,138895,13:11:26.427182
142.276237,189746,139050,13:11:26.427182
142.278096,189974,138880,13:11:26.427182
142.279955,189444,138743,13:11:26.427182
142.281832,190194,138838,13:11:26.427182
142.283691,187994,139014,13:11:26.427182
142.285557,190074,139005,13:11:26.427182
142.287415,189990,139086,13:11:26.427182
142.289272,190231,138793,13:11:26.427182
142.291128,190307,138954,13:11:26.428193
142.292984,190108,138904,13:11:26.428193
142.294841,189972,138988,13:11:26.428193
142.296699,189927,138968,13:11:26.428193
142.298555,189842,138819,13:11:26.428193
142.300414,189886,138859,13:11:26.428193
142.30227,190275,139005,13:11:26.428193
142.304126,190146,138972,13:11:26.428193
142.305993,190060,138870,13:11:26.478790
142.307858,190042,138853,13:11:26.478790
142.309719,189947,138801,13:11:26.478790
142.311604,189780,138890,13:11:26.478790
142.31346,190056,138745,13:11:26.478790
142.315316,190381,139032,13:11:26.479791
142.317173,190177,139097,13:11:26.479791
142.319029,189502,138940,13:11:26.479791
142.320885,190175,138872,13:11:26.479791
142.322744,189907,138890,13:11:26.479791
142.3246,189736,138850,13:11:26.479791
142.326456,190061,138845,13:11:26.480793
142.328315,189825,138914,13:11:26.480793
142.330178,190082,138773,13:11:26.480793
142.332038,190247,138908,13:11:26.480793
142.333898,188698,138874,13:11:26.480793
142.33576,190278,138949,13:11:26.480793
142.337619,190257,139196,13:11:26.480793
142.339477,190171,138922,13:11:26.480793
142.341363,190059,138819,13:11:26.480793
142.343219,190229,138922,13:11:26.480793
142.345076,190121,138917,13:11:26.480793
142.346932,189988,138999,13:11:26.480793
142.348789,190145,138782,13:11:26.480793
142.350647,189936,138761,13:11:26.480793
142.352503,189967,138847,13:11:26.481792
142.354362,190085,138825,13:11:26.481792
142.356226,190010,138784,13:11:26.528404
142.358086,190083,138790,13:11:26.528404
142.359956,190146,138916,13:11:26.528404
142.361843,189981,138664,13:11:26.528404
142.363705,189933,138758,13:11:26.528404
142.365562,189888,138688,13:11:26.528404
142.367418,189872,138973,13:11:26.528404
142.369276,190204,139018,13:11:26.528404
142.371133,189779,138719,13:11:26.528404
142.372991,190133,139204,13:11:26.528404
142.374847,190064,138828,13:11:26.528404
142.37671,189989,138886,13:11:26.528404
142.378566,189712,138881,13:11:26.528404
142.380425,189655,138757,13:11:26.528404
142.382283,189724,138894,13:11:26.528404
142.384139,189505,138958,13:11:26.528404
142.385997,190003,138790,13:11:26.528404
142.387856,189996,138929,13:11:26.528404
142.389712,189998,138927,13:11:26.528404
142.391568,190094,138444,13:11:26.528404
142.39343,190034,138584,13:11:26.528404
142.395287,189923,138873,13:11:26.528404
142.397144,189851,138671,13:11:26.528404
142.399002,189876,138779,13:11:26.528404
142.400858,190013,138922,13:11:26.528404
142.402715,190033,138771,13:11:26.529410
142.404571,189924,138876,13:11:26.582747
142.406439,189930,138708,13:11:26.582747
142.4083,189913,138663,13:11:26.582747
142.410196,190012,138685,13:11:26.582747
142.412078,189859,138775,13:11:26.582747
142.413934,189650,138854,13:11:26.582747
142.415793,189681,138717,13:11:26.582747
142.417651,189559,138806,13:11:26.582747
142.419508,190027,138634,13:11:26.582747
142.421364,190117,139049,13:11:26.582747
142.423222,190098,138898,13:11:26.582747
142.425079,190133,138716,13:11:26.582747
142.426935,189396,138600,13:11:26.582747
142.428793,189910,138843,13:11:26.582747
142.430656,190119,138890,13:11:26.582747
142.432517,189875,138653,13:11:26.582747
142.434379,188301,138599,13:11:26.582747
142.436241,189833,138694,13:11:26.582747
142.438097,190169,138726,13:11:26.582747
142.439959,189742,138801,13:11:26.582747
142.441846,190063,138898,13:11:26.582747
142.443702,189817,138854,13:11:26.582747
142.445564,189894,138617,13:11:26.582747
142.447421,189911,138996,13:11:26.582747
142.449279,190091,138809,13:11:26.582747
142.451135,189840,138804,13:11:26.582747
142.452992,189914,138805,13:11:26.582747
142.45485,189903,138804,13:11:26.630891
142.456712,189971,138641,13:11:26.630891
142.458573,190108,138874,13:11:26.630891
142.460491,189812,138598,13:11:26.630891
142.462351,189654,138744,13:11:26.630891
142.464211,189838,138824,13:11:26.630891
142.466068,190026,138526,13:11:26.631891
142.467926,189720,138677,13:11:26.631891
142.469785,189824,138706,13:11:26.631891
142.471641,189794,138862,13:11:26.631891
142.473499,189220,138680,13:11:26.631891
142.475357,189098,138818,13:11:26.631891
142.477214,189379,138743,13:11:26.631891
142.47907,189653,138839,13:11:26.631891
142.480939,189697,138575,13:11:26.631891
142.482797,189673,138566,13:11:26.631891
142.484653,189695,138696,13:11:26.631891
142.486536,189736,138638,13:11:26.631891
142.488392,188047,138817,13:11:26.631891
142.490262,189672,138752,13:11:26.631891
142.492119,190021,138522,13:11:26.631891
142.493975,189732,138655,13:11:26.631891
142.495835,189876,138722,13:11:26.631891
142.497692,189964,138749,13:11:26.631891
142.49955,190141,138751,13:11:26.631891
142.501406,189857,138452,13:11:26.631891
142.503263,189931,138461,13:11:26.631891
142.505119,189659,138447,13:11:26.686929
142.506991,189822,138638,13:11:26.686929
142.50885,189794,138671,13:11:26.686929
142.51075,189361,138847,13:11:26.686929
142.512608,189597,138636,13:11:26.686929
142.514467,189941,138932,13:11:26.686929
142.516332,190092,138677,13:11:26.686929
142.518191,190057,138574,13:11:26.686929
142.520048,189495,138599,13:11:26.686929
142.521906,189353,138732,13:11:26.686929
142.523764,189722,138604,13:11:26.686929
142.525621,189843,138462,13:11:26.686929
142.527481,189541,138678,13:11:26.686929
142.529342,189161,138626,13:11:26.686929
142.5312,189204,138592,13:11:26.686929
142.533056,189689,138539,13:11:26.686929
142.534919,189872,138699,13:11:26.686929
142.536777,189139,139032,13:11:26.686929
142.538635,189748,138596,13:11:26.686929
142.540494,189730,138770,13:11:26.686929
142.542382,189925,138728,13:11:26.686929
142.544238,189764,138565,13:11:26.686929
142.546097,189898,138482,13:11:26.686929
142.547953,189883,138611,13:11:26.686929
142.549809,189749,138525,13:11:26.686929
142.551666,189929,138586,13:11:26.686929
142.553532,189743,138780,13:11:26.686929
142.555389,189759,138656,13:11:26.733117
142.557253,189542,138640,13:11:26.733117
142.559115,189732,138735,13:11:26.733117
142.561013,189652,138668,13:11:26.733117
142.562874,189742,138375,13:11:26.733117
142.56473,189665,138400,13:11:26.733117
142.56659,189499,138795,13:11:26.733117
142.568449,189426,138762,13:11:26.733117
142.570307,189551,138619,13:11:26.733117
142.572174,189341,138769,13:11:26.733117
142.57403,188966,138662,13:11:26.733117
142.575886,189739,138812,13:11:26.733117
142.577745,189432,138687,13:11:26.733117
142.579601,189692,138519,13:11:26.733117
142.581459,189489,138690,13:11:26.733117
142.583316,189715,138631,13:11:26.733117
142.585176,189314,138844,13:11:26.733117
142.587034,189658,138678,13:11:26.733117
142.588891,189738,138457,13:11:26.733117
142.590751,187617,138485,13:11:26.733117
142.592609,189673,138441,13:11:26.733117
142.594468,189506,138427,13:11:26.733117
142.596324,189635,138563,13:11:26.733117
142.598181,189647,138783,13:11:26.733117
142.600039,189610,138626,13:11:26.733117
142.601897,189711,138737,13:11:26.734135
142.603756,189890,138706,13:11:26.734135
142.605614,189707,138759,13:11:26.786564
142.607478,189942,138688,13:11:26.786564
142.609342,189727,138926,13:11:26.786564
142.611259,189442,138344,13:11:26.786564
142.613117,189625,138876,13:11:26.786564
142.614973,189890,138894,13:11:26.786564
142.61683,189741,138686,13:11:26.786564
142.618688,189755,138699,13:11:26.786564
142.620545,189264,138405,13:11:26.786564
142.622403,189309,138894,13:11:26.786564
142.624259,189179,138743,13:11:26.786564
142.626122,189242,138581,13:11:26.786564
142.627978,189313,138547,13:11:26.786564
142.629834,189579,138497,13:11:26.786564
142.631693,189767,138518,13:11:26.786564
142.633553,189103,138618,13:11:26.786564
142.635412,189089,138590,13:11:26.786564
142.637284,189638,138895,13:11:26.786564
142.639171,187840,138814,13:11:26.786564
142.641036,189492,138553,13:11:26.786564
142.642895,189663,138672,13:11:26.786564
142.644755,189788,139027,13:11:26.786564
142.646611,189657,138635,13:11:26.786564
142.648468,189893,138547,13:11:26.786564
142.650326,190019,138614,13:11:26.786564
142.652182,189857,138972,13:11:26.786564
142.654041,189964,138784,13:11:26.786564
142.655901,190139,138881,13:11:26.834918
142.657763,189936,138816,13:11:26.834918
142.659627,189884,138629,13:11:26.834918
142.661524,189432,138614,13:11:26.835917
142.66338,189531,138650,13:11:26.835917
142.665237,189705,138615,13:11:26.835917
142.667095,189558,138483,13:11:26.835917
142.668953,189710,138521,13:11:26.835917
142.670819,189746,138483,13:11:26.837919
142.672676,189887,138843,13:11:26.837919
142.674532,189311,138800,13:11:26.837919
142.676391,189682,138611,13:11:26.837919
142.678247,189414,138721,13:11:26.837919
142.680105,189250,138806,13:11:26.837919
142.681964,189889,139085,13:11:26.837919
142.68382,189202,138412,13:11:26.837919
142.685678,189548,138711,13:11:26.837919
142.687535,189233,138342,13:11:26.837919
142.689401,189818,138607,13:11:26.837919
142.691259,189782,138835,13:11:26.837919
142.69312,188781,138744,13:11:26.837919
142.69501,189983,138778,13:11:26.837919
142.696866,190058,138718,13:11:26.837919
142.698729,189672,138648,13:11:26.837919
142.700587,189608,138819,13:11:26.837919
142.702445,189882,138507,13:11:26.837919
142.704304,189874,138651,13:11:26.837919
142.706172,189651,138830,13:11:26.854427
142.708036,189705,138505,13:11:26.854427
142.709911,189845,138800,13:11:26.854427
142.711795,189278,138855,13:11:26.854427
142.713653,189875,138769,13:11:26.854427
142.71551,189732,138843,13:11:26.854427
142.717368,189824,138783,13:11:26.854427
142.719224,189961,138861,13:11:26.854427
142.721081,189708,138715,13:11:26.854427
142.722939,188886,138819,13:11:26.854427
142.724797,189867,138799,13:11:26.854427
142.726656,189738,138468,13:11:26.854427
142.728512,189972,138773,13:11:26.854427
142.730369,189935,138644,13:11:26.854427
142.732229,189025,138661,13:11:26.854427
142.734089,189847,138862,13:11:26.854427
142.735946,189151,138739,13:11:26.854427
142.737804,189718,138535,13:11:26.854427
142.739672,188920,138709,13:11:26.854427
142.741529,188052,138867,13:11:26.854427
142.743389,189872,138691,13:11:26.856427
142.745247,189886,138650,13:11:26.856427
142.747104,190180,138821,13:11:26.856427
142.74896,189908,138871,13:11:26.856427
142.750816,189866,138824,13:11:26.856427
142.752675,190069,138601,13:11:26.856427
142.754533,189797,138776,13:11:26.905321
142.756408,189851,138709,13:11:26.905321
142.758268,189887,138813,13:11:26.905321
142.760148,189827,138670,13:11:26.905321
142.762024,189716,138901,13:11:26.905321
142.763883,190024,138596,13:11:26.905321
142.765739,190055,138904,13:11:26.905321
142.767597,190028,138977,13:11:26.905321
142.769454,189796,138824,13:11:26.905321
142.771314,189900,138718,13:11:26.905321
142.77317,190008,138862,13:11:26.905321
142.775027,189797,138880,13:11:26.905321
142.776885,189814,138678,13:11:26.905321
142.778742,189663,138623,13:11:26.905321
142.7806,189872,138894,13:11:26.905321
142.782456,190098,138770,13:11:26.905321
142.784313,189985,138806,13:11:26.905321
142.786171,189920,138912,13:11:26.905321
142.788035,190392,139005,13:11:26.905321
142.789892,190199,138972,13:11:26.905321
142.791748,190026,138738,13:11:26.905321
142.79363,189921,138902,13:11:26.905321
142.795489,190249,138793,13:11:26.905321
142.797346,189908,138784,13:11:26.905321
142.799207,190035,138860,13:11:26.905321
142.801064,189815,138774,13:11:26.905321
142.802922,190054,138743,13:11:26.905321
142.80478,189863,138905,13:11:26.955803
142.806655,190050,138766,13:11:26.955803
142.808515,190033,138892,13:11:26.955803
142.810421,189673,138491,13:11:26.955803
142.812284,190036,138825,13:11:26.955803
142.81414,189634,138629,13:11:26.955803
142.815997,189629,139036,13:11:26.955803
142.817859,189828,138908,13:11:26.955803
142.819715,190018,138879,13:11:26.955803
142.821573,190057,138950,13:11:26.955803
142.82343,190141,139121,13:11:26.955803
142.825286,190096,139174,13:11:26.955803
142.827144,190164,139193,13:11:26.955803
142.829003,190273,138942,13:11:26.955803
142.830861,190520,138939,13:11:26.955803
142.832718,190229,138859,13:11:26.955803
142.834578,190089,138909,13:11:26.955803
142.836434,190039,138848,13:11:26.955803
142.838291,190319,139053,13:11:26.955803
142.840149,190110,138880,13:11:26.958801
142.842009,190081,139122,13:11:26.958801
142.843868,189879,138979,13:11:26.958801
142.845724,190089,138923,13:11:26.958801
142.84758,190103,138861,13:11:26.958801
142.849439,190069,139031,13:11:26.958801
142.851305,190279,139221,13:11:26.958801
142.853161,190094,139125,13:11:26.958801
142.855018,190110,138929,13:11:27.004217
142.856886,190229,139070,13:11:27.004217
142.858746,190096,139017,13:11:27.004217
142.860655,190142,139233,13:11:27.004217
142.862535,190153,139064,13:11:27.004217
142.864391,189955,138738,13:11:27.004217
142.866248,190069,139139,13:11:27.004217
142.868104,190175,138803,13:11:27.004217
142.86996,190029,139167,13:11:27.004217
142.871819,190233,138845,13:11:27.004217
142.873675,190102,139153,13:11:27.004217
142.875537,190135,139195,13:11:27.004217
142.877394,190453,139243,13:11:27.004217
142.87925,190076,139260,13:11:27.004217
142.881108,190060,139108,13:11:27.004217
142.882965,190169,138907,13:11:27.004217
142.884823,190095,139088,13:11:27.004217
142.886679,190207,138833,13:11:27.004217
142.88854,190219,139063,13:11:27.004217
142.890398,189934,139169,13:11:27.004217
142.892264,190038,139079,13:11:27.005133
142.894121,190375,139169,13:11:27.005133
142.895977,190204,139228,13:11:27.005133
142.897836,190122,139029,13:11:27.005133
142.899692,190133,138878,13:11:27.005133
142.901548,190152,139165,13:11:27.005133
142.903407,189895,138974,13:11:27.007127
142.905263,189898,139013,13:11:27.054920
142.907129,190084,139310,13:11:27.054920
142.908988,190332,138891,13:11:27.054920
142.910894,190132,139073,13:11:27.054920
142.912752,190056,139112,13:11:27.054920
142.914609,190088,139348,13:11:27.054920
142.916467,190064,139133,13:11:27.054920
142.918323,190042,139243,13:11:27.054920
142.92018,190242,139118,13:11:27.054920
142.922038,190288,139112,13:11:27.054920
142.923899,190361,139371,13:11:27.054920
142.925757,190511,139463,13:11:27.054920
142.927613,190261,139013,13:11:27.054920
142.929471,190094,139189,13:11:27.054920
142.931328,190413,138974,13:11:27.054920
142.933184,190256,139070,13:11:27.054920
142.93504,190399,139254,13:11:27.054920
142.936897,190025,139289,13:11:27.054920
142.938753,190113,139119,13:11:27.054920
142.94061,190464,139277,13:11:27.054920
142.94247,190214,139183,13:11:27.054920
142.94433,189959,139186,13:11:27.054920
142.946187,190015,139050,13:11:27.054920
142.948045,190176,139104,13:11:27.055921
142.949901,190404,139159,13:11:27.055921
142.951764,190369,139181,13:11:27.055921
142.95362,190131,138910,13:11:27.055921
142.955478,190017,138926,13:11:27.104243
142.957343,190517,138975,13:11:27.104243
142.959213,190021,138896,13:11:27.104243
142.961129,190173,138956,13:11:27.104243
142.963039,189985,139340,13:11:27.104243
142.964909,190128,139169,13:11:27.104243
142.966768,190283,139201,13:11:27.104243
142.968624,190178,139056,13:11:27.104243
142.970481,190516,139492,13:11:27.104243
142.972339,190393,139158,13:11:27.104243
142.974195,190505,138924,13:11:27.104243
142.976052,190163,139235,13:11:27.104243
142.977908,190178,139086,13:11:27.104243
142.979772,190117,139289,13:11:27.104243
142.981629,190618,139107,13:11:27.104243
142.983488,190372,139157,13:11:27.104243
142.985347,190469,139464,13:11:27.104243
142.987204,190521,139316,13:11:27.104243
142.989062,190349,139157,13:11:27.104243
142.990918,190167,138853,13:11:27.105248
142.992775,190029,139163,13:11:27.105248
142.994633,190116,138915,13:11:27.105248
142.996493,190348,139257,13:11:27.105248
142.99835,190485,139228,13:11:27.105248
143.000206,190456,139258,13:11:27.105248
143.002064,190484,139260,13:11:27.105248
143.003921,190407,139303,13:11:27.105248
143.005787,190258,139131,13:11:27.155461
143.00765,190366,139361,13:11:27.155461
143.009514,190433,139089,13:11:27.155461
143.011428,190044,139218,13:11:27.155461
143.013286,190328,139398,13:11:27.155461
143.015143,190219,139116,13:11:27.155461
143.016999,190295,139260,13:11:27.155461
143.018855,190366,139302,13:11:27.155461
143.020714,190292,139345,13:11:27.155461
143.02257,190249,139074,13:11:27.155461
143.024426,190285,139145,13:11:27.155461
143.026285,190360,139253,13:11:27.155461
143.028141,190289,139065,13:11:27.155461
143.029998,190309,139046,13:11:27.155461
143.031856,190042,139333,13:11:27.155461
143.033718,190415,139218,13:11:27.155461
143.035575,190426,139327,13:11:27.155461
143.037431,190423,139299,13:11:27.155461
143.039289,190333,139161,13:11:27.155461
143.041146,190107,139166,13:11:27.155461
143.043004,190196,139110,13:11:27.155461
143.04486,190314,139032,13:11:27.155461
143.046723,190354,139209,13:11:27.155461
143.048581,190410,139342,13:11:27.155461
143.050439,190105,139421,13:11:27.155461
143.052296,190151,139033,13:11:27.155461
143.054152,190578,139056,13:11:27.155461
143.056026,190195,139180,13:11:27.205098
143.057895,190669,139039,13:11:27.205098
143.059757,190468,139153,13:11:27.205098
143.061679,190057,139116,13:11:27.205098
143.063535,190380,138867,13:11:27.206098
143.065392,190191,139451,13:11:27.206098
143.06725,190190,139117,13:11:27.206098
143.069107,190384,139320,13:11:27.206098
143.070965,190294,138944,13:11:27.206098
143.072823,190239,139285,13:11:27.206098
143.07468,190477,139144,13:11:27.206098
143.076536,190331,139430,13:11:27.206098
143.078393,190175,139319,13:11:27.206098
143.080251,190177,139264,13:11:27.206098
143.082107,190256,139212,13:11:27.206098
143.083965,190365,139210,13:11:27.206098
143.085822,190200,139150,13:11:27.206098
143.087678,190253,139344,13:11:27.206098
143.089536,190224,139261,13:11:27.206098
143.091398,190479,139106,13:11:27.208097
143.093255,190124,139113,13:11:27.208097
143.095112,190318,139233,13:11:27.208097
143.09697,190023,139122,13:11:27.208097
143.098826,190238,139483,13:11:27.208097
143.100683,190316,139116,13:11:27.209118
143.102539,190204,139330,13:11:27.209118
143.104395,190234,139112,13:11:27.255921
143.106262,190362,139201,13:11:27.255921
143.108122,190185,139576,13:11:27.255921
143.110002,190364,139186,13:11:27.255921
143.11189,190319,139513,13:11:27.255921
143.113765,190244,139076,13:11:27.255921
143.115629,190356,139380,13:11:27.255921
143.117485,190266,139128,13:11:27.255921
143.119342,190390,139096,13:11:27.255921
143.1212,190391,139222,13:11:27.255921
143.123057,190292,139277,13:11:27.255921
143.124915,190470,139133,13:11:27.255921
143.126773,190437,139142,13:11:27.255921
143.128632,190305,139227,13:11:27.255921
143.130488,190083,139429,13:11:27.255921
143.132344,190286,139082,13:11:27.255921
143.134205,190225,139123,13:11:27.255921
143.136061,190063,139134,13:11:27.255921
143.137919,190176,138837,13:11:27.256919
143.139776,190285,139158,13:11:27.256919
143.141632,190269,139204,13:11:27.256919
143.14349,190418,139123,13:11:27.256919
143.145353,190386,139134,13:11:27.256919
143.147211,190217,139248,13:11:27.256919
143.149077,190446,139167,13:11:27.256919
143.150936,190341,139210,13:11:27.256919
143.152794,190179,139066,13:11:27.256919
143.154651,190220,139092,13:11:27.304965
143.156515,190368,138961,13:11:27.304965
143.158373,190551,139116,13:11:27.304965
143.160291,190343,139316,13:11:27.304965
143.162158,190103,139358,13:11:27.304965
143.164014,190594,139496,13:11:27.304965
143.165874,190303,139167,13:11:27.304965
143.167731,190364,139273,13:11:27.304965
143.169591,190566,139260,13:11:27.304965
143.171449,190711,139685,13:11:27.304965
143.173306,190982,139540,13:11:27.304965
143.175166,190837,139505,13:11:27.304965
143.177022,190899,139894,13:11:27.304965
143.178883,190904,139731,13:11:27.304965
143.180739,190849,139628,13:11:27.304965
143.182595,190942,139577,13:11:27.304965
143.184454,191029,139475,13:11:27.304965
143.186312,190958,139735,13:11:27.304965
143.18817,190879,139623,13:11:27.304965
143.190027,190496,139464,13:11:27.304965
143.191891,190311,139415,13:11:27.304965
143.193747,190430,139490,13:11:27.304965
143.195604,190552,139524,13:11:27.304965
143.197462,190490,139212,13:11:27.304965
143.199319,190473,139333,13:11:27.304965
143.201175,190271,139506,13:11:27.304965
143.203031,190256,139159,13:11:27.304965
143.204888,190288,139222,13:11:27.354026
143.20676,190320,139190,13:11:27.354026
143.208624,190388,139281,13:11:27.354026
143.210515,190338,139437,13:11:27.354026
143.212401,190460,139436,13:11:27.354026
143.214257,190795,139319,13:11:27.354026
143.216117,191021,139864,13:11:27.354026
143.217974,190787,139461,13:11:27.354026
143.219832,191168,139490,13:11:27.354026
143.221689,191085,139621,13:11:27.354026
143.223545,190846,139796,13:11:27.354026
143.225403,191008,139516,13:11:27.354026
143.227262,190831,139312,13:11:27.354026
143.22912,191031,139545,13:11:27.354026
143.230976,190848,139566,13:11:27.354026
143.232835,190613,139617,13:11:27.354026
143.234691,191019,139528,13:11:27.354026
143.236547,190811,139352,13:11:27.354026
143.238406,190427,139601,13:11:27.354026
143.240262,190333,139318,13:11:27.354026
143.24212,190196,139129,13:11:27.354026
143.243977,190071,139009,13:11:27.354026
143.245839,190142,139050,13:11:27.354026
143.247695,189947,139185,13:11:27.354026
143.249552,190188,139069,13:11:27.354026
143.251412,190168,139083,13:11:27.354026
143.253269,190107,139056,13:11:27.354026
143.255149,189978,139153,13:11:27.403854
143.257015,190273,139074,13:11:27.403854
143.258876,190020,139055,13:11:27.403854
143.260776,189872,139261,13:11:27.403854
143.262632,190156,139179,13:11:27.403854
143.264488,190325,139218,13:11:27.403854
143.266345,190181,139474,13:11:27.403854
143.268201,190580,139165,13:11:27.403854
143.270059,190469,139455,13:11:27.403854
143.271916,190467,139606,13:11:27.403854
143.273776,190493,139450,13:11:27.403854
143.275633,190632,139154,13:11:27.403854
143.277489,190614,139383,13:11:27.403854
143.279347,190400,139073,13:11:27.403854
143.281208,190168,139124,13:11:27.403854
143.283066,190476,139493,13:11:27.403854
143.284922,190325,139180,13:11:27.403854
143.286781,190263,139237,13:11:27.403854
143.288637,190266,139021,13:11:27.403854
143.290493,190363,139187,13:11:27.403854
143.292352,190281,138877,13:11:27.403854
143.294208,189974,138749,13:11:27.403854
143.296066,189709,138901,13:11:27.403854
143.297923,189793,138848,13:11:27.403854
143.299785,189901,138821,13:11:27.403854
143.301641,189762,138867,13:11:27.404853
143.303498,190006,138938,13:11:27.404853
143.305356,189930,138906,13:11:27.455420
143.307217,190135,139039,13:11:27.455420
143.309077,190178,139119,13:11:27.455420
143.310973,190093,139107,13:11:27.455420
143.312845,190341,139414,13:11:27.455420
143.314702,190264,139030,13:11:27.455420
143.316558,190428,139097,13:11:27.455420
143.318416,190228,138906,13:11:27.455420
143.320273,190391,139058,13:11:27.455420
143.322129,190154,139153,13:11:27.455420
143.323988,190373,139055,13:11:27.455420
143.325846,190438,139258,13:11:27.455420
143.327704,190252,139189,13:11:27.455420
143.329561,190268,139016,13:11:27.455420
143.331421,190343,138918,13:11:27.455420
143.333277,190306,138810,13:11:27.455420
143.335134,190000,138724,13:11:27.455420
143.336992,189868,138824,13:11:27.455420
143.338848,189911,138674,13:11:27.455420
143.340707,189648,138754,13:11:27.455420
143.342563,189617,139034,13:11:27.455420
143.344419,189941,138842,13:11:27.455420
143.346276,189836,138864,13:11:27.455420
143.348141,189855,138923,13:11:27.455420
143.349998,189822,138731,13:11:27.455420
143.351857,189928,138889,13:11:27.455420
143.353719,189937,138648,13:11:27.455420
143.355584,190169,138969,13:11:27.504666
143.357444,190082,139028,13:11:27.504666
143.359308,190121,139051,13:11:27.504666
143.361246,190065,138916,13:11:27.504666
143.363107,190215,138868,13:11:27.504666
143.364965,190188,139255,13:11:27.504666
143.366823,190192,139179,13:11:27.504666
143.368682,190218,139295,13:11:27.504666
143.370538,190255,139062,13:11:27.504666
143.372394,190185,139054,13:11:27.504666
143.374253,190165,139039,13:11:27.504666
143.376113,190176,139022,13:11:27.505667
143.377969,189966,139059,13:11:27.505667
143.379826,190080,138798,13:11:27.505667
143.381684,189943,139070,13:11:27.505667
143.38354,190055,138706,13:11:27.505667
143.385397,189827,138881,13:11:27.505667
143.387255,190078,138863,13:11:27.505667
143.389112,189637,138728,13:11:27.505667
143.39097,189773,138644,13:11:27.505667
143.392826,189706,138802,13:11:27.505667
143.394691,189692,139130,13:11:27.505667
143.396547,190165,139101,13:11:27.505667
143.398403,190103,139151,13:11:27.505667
143.400262,189995,139187,13:11:27.505667
143.402118,190312,138792,13:11:27.505667
143.403976,190067,139035,13:11:27.505667
143.405839,190157,138965,13:11:27.558366
143.407699,189765,138765,13:11:27.558366
143.40956,190219,138877,13:11:27.558366
143.411501,189951,139065,13:11:27.558366
143.413358,190024,139115,13:11:27.558366
143.415216,190215,139227,13:11:27.558366
143.417073,190190,138982,13:11:27.558366
143.418931,190256,138938,13:11:27.558366
143.420787,190151,138789,13:11:27.558366
143.422646,189740,139079,13:11:27.558366
143.424502,189873,138653,13:11:27.558366
143.426358,190093,138781,13:11:27.558366
143.428217,190101,138802,13:11:27.558366
143.430073,189756,138889,13:11:27.558366
143.431931,189836,138812,13:11:27.558366
143.433788,190015,138759,13:11:27.558366
143.43565,190057,138708,13:11:27.558366
143.437506,189850,138960,13:11:27.558366
143.439363,190098,138849,13:11:27.558366
143.441221,190021,139059,13:11:27.558366
143.443078,189919,138751,13:11:27.558366
143.444934,190032,139034,13:11:27.558366
143.446792,189917,138777,13:11:27.558366
143.448649,190203,138812,13:11:27.558366
143.450507,190188,138919,13:11:27.558366
143.45237,190029,138996,13:11:27.558366
143.454228,190359,139209,13:11:27.558366
143.456092,190551,138974,13:11:27.604163
143.457976,189901,139037,13:11:27.604163
143.45984,190463,139096,13:11:27.604163
143.461749,190141,139007,13:11:27.604163
143.463613,190355,139106,13:11:27.604163
143.465477,189803,138986,13:11:27.604163
143.467336,190272,139096,13:11:27.604163
143.469194,190108,138898,13:11:27.604163
143.47105,190226,138846,13:11:27.604163
143.472909,189808,138800,13:11:27.604163
143.474765,189696,138566,13:11:27.604163
143.476622,189657,138743,13:11:27.604163
143.478478,189654,138582,13:11:27.604163
143.480342,189906,138628,13:11:27.604163
143.482199,189811,138718,13:11:27.604163
143.484055,189883,138723,13:11:27.604163
143.485913,189942,138958,13:11:27.604163
143.487772,189812,139048,13:11:27.604163
143.489628,190152,138908,13:11:27.604163
143.491484,190127,138992,13:11:27.604163
143.493341,190192,139150,13:11:27.604163
143.495199,190467,139296,13:11:27.604163
143.497055,190445,139107,13:11:27.604163
143.49892,190632,139381,13:11:27.604163
143.500776,190716,139316,13:11:27.604163
143.502632,190784,139534,13:11:27.604163
143.504491,190858,139331,13:11:27.604163
143.506357,190727,139331,13:11:27.654529
143.508217,190917,139270,13:11:27.654529
143.510098,190786,139134,13:11:27.654529
143.511982,190619,139233,13:11:27.654529
143.513856,190349,139262,13:11:27.654529
143.515713,190330,139289,13:11:27.654529
143.517569,190479,139127,13:11:27.654529
143.519425,190217,139034,13:11:27.654529
143.521282,190293,139011,13:11:27.654529
143.52314,190301,139125,13:11:27.654529
143.524996,189978,138872,13:11:27.654529
143.526855,190084,138931,13:11:27.654529
143.528711,190061,138715,13:11:27.654529
143.530567,190189,139053,13:11:27.654529
143.532424,190034,138790,13:11:27.654529
143.534288,190256,138972,13:11:27.654529
143.536144,190103,139047,13:11:27.654529
143.538001,189991,138862,13:11:27.654529
143.539859,190134,139128,13:11:27.654529
143.541716,189905,138958,13:11:27.654529
143.543572,189900,138869,13:11:27.654529
143.54543,190130,138856,13:11:27.654529
143.547287,189900,138691,13:11:27.654529
143.549145,189609,138462,13:11:27.654529
143.551001,189714,138487,13:11:27.654529
143.552866,189610,138376,13:11:27.654529
143.554722,189810,138573,13:11:27.706121
143.556597,189555,138725,13:11:27.706121
143.558461,189705,138643,13:11:27.706121
143.560377,189728,138675,13:11:27.706121
143.562239,190144,138865,13:11:27.706121
143.564097,189854,138701,13:11:27.706121
143.565954,189870,138643,13:11:27.706121
143.567812,189742,138718,13:11:27.706121
143.569669,190056,138699,13:11:27.706121
143.571525,189842,138766,13:11:27.706121
143.573383,190159,138614,13:11:27.706121
143.575247,190234,138860,13:11:27.706121
143.577104,190079,139201,13:11:27.706121
143.57896,190111,139044,13:11:27.706121
143.580819,190344,139180,13:11:27.706121
143.582675,190375,138675,13:11:27.706121
143.584531,190189,138840,13:11:27.706121
143.58639,190258,138557,13:11:27.706121
143.588246,190291,138715,13:11:27.706121
143.590104,190015,138741,13:11:27.706121
143.591961,189913,138732,13:11:27.706121
143.593825,189807,138743,13:11:27.706121
143.595682,190073,138667,13:11:27.706121
143.597538,189769,138670,13:11:27.706121
143.599396,190056,138820,13:11:27.706121
143.601253,190044,138704,13:11:27.706121
143.603109,190052,138623,13:11:27.706121
143.604965,190013,138711,13:11:27.758195
143.606842,189706,138572,13:11:27.758195
143.608702,189489,138654,13:11:27.758195
143.6106,189591,138400,13:11:27.758195
143.612488,189508,138806,13:11:27.758195
143.614355,189706,138663,13:11:27.758195
143.616215,190017,138677,13:11:27.758195
143.618073,189935,138628,13:11:27.758195
143.61993,190011,138747,13:11:27.758195
143.621796,189960,138922,13:11:27.758195
143.623653,190182,138600,13:11:27.758195
143.625509,190068,138709,13:11:27.758195
143.627367,190481,138706,13:11:27.758195
143.629224,190128,138952,13:11:27.758195
143.631082,190454,139118,13:11:27.758195
143.632938,190359,138791,13:11:27.758195
143.634795,190553,138815,13:11:27.758195
143.636653,190451,138869,13:11:27.758195
143.638517,190264,139044,13:11:27.758195
143.640378,190355,139059,13:11:27.758195
143.642234,190387,138783,13:11:27.758195
143.64409,190222,138789,13:11:27.758195
143.645947,190354,138930,13:11:27.758195
143.647805,190094,138639,13:11:27.758195
143.649664,190199,138749,13:11:27.758195
143.65152,190130,138696,13:11:27.758195
143.653378,190005,138894,13:11:27.758195
143.655235,189639,138430,13:11:27.809236
143.657111,189577,138433,13:11:27.809236
143.658971,189358,138273,13:11:27.809236
143.660871,189290,138402,13:11:27.809236
143.662753,189050,138111,13:11:27.809236
143.66462,189189,138133,13:11:27.809236
143.666476,189176,138072,13:11:27.809236
143.668337,189150,137918,13:11:27.809236
143.670193,189286,138072,13:11:27.809236
143.672051,188729,138072,13:11:27.809236
143.673908,189082,137757,13:11:27.809236
143.675764,189066,137975,13:11:27.809236
143.677622,188840,138089,13:11:27.809236
143.679479,188996,138384,13:11:27.809236
143.681335,189556,138153,13:11:27.809236
143.683192,189334,138246,13:11:27.809236
143.68505,189764,138656,13:11:27.809236
143.686906,189910,138753,13:11:27.809236
143.688763,189769,138704,13:11:27.809236
143.690621,190529,138978,13:11:27.809236
143.692477,190576,139107,13:11:27.809236
143.694336,190471,139310,13:11:27.809236
143.696192,190921,139233,13:11:27.809236
143.698054,190725,139440,13:11:27.809236
143.699911,190962,139386,13:11:27.809236
143.701767,191393,139645,13:11:27.809236
143.703626,191315,139773,13:11:27.809236
143.705484,191215,139822,13:11:27.859129
143.70735,191403,139737,13:11:27.859129
143.709212,191369,139917,13:11:27.859129
143.711111,191096,139545,13:11:27.859129
143.712975,191152,139506,13:11:27.859129
143.714853,190854,139259,13:11:27.859129
143.716726,190892,139557,13:11:27.859129
143.718584,190729,139213,13:11:27.859129
143.720444,190635,139103,13:11:27.859129
143.722303,190378,139012,13:11:27.859129
143.724159,190154,138862,13:11:27.859129
143.726025,190075,138940,13:11:27.859129
143.727882,190086,138664,13:11:27.859129
143.729738,190184,138719,13:11:27.859129
143.731596,190116,138709,13:11:27.859129
143.733453,189994,138757,13:11:27.859129
143.735311,190371,139060,13:11:27.859129
143.737168,190238,139163,13:11:27.859129
143.739024,190434,139134,13:11:27.859129
143.740882,190626,139259,13:11:27.859129
143.742746,190706,139237,13:11:27.859129
143.744603,190726,139367,13:11:27.859129
143.746459,190730,139559,13:11:27.859129
143.748318,190843,139340,13:11:27.859129
143.750174,191014,139554,13:11:27.859129
143.75203,191220,139706,13:11:27.859129
143.753887,191207,139622,13:11:27.859129
143.755747,191363,139462,13:11:27.911231
143.757613,191068,139527,13:11:27.911231
143.759477,190994,139462,13:11:27.911231
143.761394,190810,139396,13:11:27.911231
143.763258,190698,139428,13:11:27.911231
143.765116,189518,139180,13:11:27.911231
143.766997,190146,139158,13:11:27.911231
143.768853,190364,138920,13:11:27.911231
143.770718,190419,138916,13:11:27.911231
143.772576,190526,139040,13:11:27.911231
143.774432,190332,138967,13:11:27.911231
143.77629,189957,138802,13:11:27.911231
143.778147,190228,138716,13:11:27.911231
143.780003,190005,139006,13:11:27.911231
143.781864,189934,138597,13:11:27.911231
143.78372,189848,138650,13:11:27.911231
143.785578,190052,138717,13:11:27.911231
143.787435,189839,138636,13:11:27.911231
143.789295,190002,138605,13:11:27.911231
143.791151,189508,138577,13:11:27.911231
143.793008,189663,138434,13:11:27.911231
143.794866,189639,138641,13:11:27.911231
143.796722,189814,138698,13:11:27.911231
143.798581,189467,138065,13:11:27.911231
143.800437,189642,138501,13:11:27.911231
143.802293,189564,138474,13:11:27.911231
143.804152,189306,138192,13:11:27.911231
143.806024,189233,138186,13:11:27.961634
143.807884,189134,137904,13:11:27.961634
143.809748,188953,138273,13:11:27.961634
143.811655,188841,137954,13:11:27.961634
143.813513,188583,137890,13:11:27.961634
143.81537,188526,137973,13:11:27.961634
143.817228,186202,137643,13:11:27.961634
143.819122,188598,137690,13:11:27.961634
143.820979,188579,137599,13:11:27.961634
143.822837,188640,137431,13:11:27.961634
143.824693,188434,137783,13:11:27.961634
143.826552,188532,137800,13:11:27.961634
143.828408,188704,137642,13:11:27.961634
143.830264,189001,137873,13:11:27.961634
143.832121,188846,138041,13:11:27.961634
143.833977,188935,138056,13:11:27.961634
143.835839,189151,137856,13:11:27.961634
143.837696,189060,137940,13:11:27.961634
143.839556,189221,138012,13:11:27.961634
143.841412,189385,138387,13:11:27.961634
143.843269,189241,138114,13:11:27.961634
143.845127,189401,138356,13:11:27.961634
143.846985,189229,138306,13:11:27.961634
143.848844,189201,138151,13:11:27.961634
143.8507,189269,138051,13:11:27.961634
143.852566,189179,137954,13:11:27.961634
143.854423,188994,138008,13:11:27.961634
143.856287,189306,138262,13:11:28.013778
143.858148,189010,137886,13:11:28.013778
143.860029,189070,138198,13:11:28.013778
143.861914,189101,138229,13:11:28.013778
143.863772,189614,138238,13:11:28.013778
143.865632,189710,138526,13:11:28.013778
143.867489,187929,139044,13:11:28.013778
143.869377,190450,139227,13:11:28.013778
143.871234,191005,139214,13:11:28.013778
143.873092,191242,139790,13:11:28.013778
143.874948,191541,140147,13:11:28.013778
143.876811,191951,140199,13:11:28.013778
143.878667,192317,140571,13:11:28.013778
143.880529,192906,141106,13:11:28.013778
143.882386,193257,141172,13:11:28.013778
143.884242,193575,141669,13:11:28.013778
143.886101,194005,141669,13:11:28.013778
143.887957,194113,141688,13:11:28.013778
143.889815,194355,141995,13:11:28.013778
143.891672,194241,142064,13:11:28.013778
143.893534,194488,141756,13:11:28.013778
143.89539,194460,141988,13:11:28.013778
143.897247,194247,141998,13:11:28.013778
143.899109,194231,142037,13:11:28.013778
143.900965,194138,141815,13:11:28.013778
143.902824,194039,141723,13:11:28.013778
143.90468,194058,141552,13:11:28.064861
143.906542,193712,141445,13:11:28.064861
143.908403,193404,141215,13:11:28.064861
143.910307,193414,141131,13:11:28.064861
143.912173,193447,141141,13:11:28.064861
143.91403,193509,141286,13:11:28.064861
143.915893,193249,141019,13:11:28.064861
143.917754,193370,141557,13:11:28.064861
143.919611,193396,141280,13:11:28.064861
143.921499,193041,141192,13:11:28.064861
143.923357,193287,141358,13:11:28.065874
143.925217,193286,141307,13:11:28.065874
143.927078,193422,141149,13:11:28.065874
143.928934,193283,141210,13:11:28.065874
143.930795,193360,141173,13:11:28.065874
143.932651,193100,140864,13:11:28.065874
143.934507,193169,140731,13:11:28.065874
143.936366,192666,140636,13:11:28.065874
143.938226,192348,140129,13:11:28.065874
143.940084,191904,139985,13:11:28.065874
143.941941,191321,139626,13:11:28.065874
143.943807,190653,139097,13:11:28.065874
143.945663,190331,138603,13:11:28.066871
143.94752,189599,138091,13:11:28.066871
143.949378,188799,137937,13:11:28.066871
143.951235,188494,137291,13:11:28.066871
143.953093,188481,137331,13:11:28.066871
143.954949,187964,137306,13:11:28.116622
143.956818,188027,136744,13:11:28.116622
143.958678,187225,136489,13:11:28.116622
143.960586,186411,136015,13:11:28.116622
143.962449,186362,135660,13:11:28.116622
143.964307,185926,135538,13:11:28.116622
143.966163,185321,135381,13:11:28.116622
143.968023,185006,134921,13:11:28.116622
143.969882,184484,134651,13:11:28.116622
143.971784,184287,134389,13:11:28.116622
143.973642,183907,134311,13:11:28.116622
143.9755,183769,134136,13:11:28.116622
143.977361,183629,134050,13:11:28.116622
143.979217,183284,133985,13:11:28.116622
143.981076,183142,133428,13:11:28.116622
143.982932,182834,133601,13:11:28.116622
143.984792,182767,133499,13:11:28.116622
143.986651,182339,133189,13:11:28.116622
143.988509,182223,132825,13:11:28.117627
143.990367,182171,132971,13:11:28.117627
143.992224,181512,132157,13:11:28.117627
143.99409,180978,132097,13:11:28.117627
143.995947,180610,131495,13:11:28.117627
143.997803,179702,130913,13:11:28.117627
143.999661,178261,130183,13:11:28.117627
144.001518,177519,129037,13:11:28.117627
144.003378,176099,128151,13:11:28.117627
144.005234,174780,126819,13:11:28.167654
144.007103,172951,125864,13:11:28.167654
144.008965,171392,124669,13:11:28.167654
144.010881,169503,123326,13:11:28.167654
144.012742,167919,122367,13:11:28.167654
144.014598,166544,121420,13:11:28.167654
144.016454,164996,120527,13:11:28.167654
144.018313,164114,119907,13:11:28.167654
144.020169,163565,119222,13:11:28.167654
144.022047,163007,119067,13:11:28.169652
144.023912,161972,118570,13:11:28.169652
144.025768,162413,118542,13:11:28.169652
144.027626,162191,118925,13:11:28.169652
144.029483,162932,119297,13:11:28.169652
144.031341,163164,119394,13:11:28.169652
144.033197,163551,119633,13:11:28.169652
144.035058,163892,119828,13:11:28.169652
144.036916,163913,120054,13:11:28.169652
144.038772,164381,119979,13:11:28.169652
144.040633,164313,120032,13:11:28.169652
144.042491,164212,119803,13:11:28.169652
144.04435,163601,119113,13:11:28.169652
144.046206,163235,118564,13:11:28.169652
144.048062,162115,118121,13:11:28.169652
144.049921,160993,116929,13:11:28.169652
144.051779,159622,115789,13:11:28.169652
144.053637,158114,114707,13:11:28.169652
144.055496,156247,113533,13:11:28.218321
144.057362,154579,112705,13:11:28.218321
144.059226,153287,111371,13:11:28.218882
144.061127,151825,110654,13:11:28.218882
144.062989,150845,110125,13:11:28.218882
144.064845,149925,109217,13:11:28.218882
144.066702,148884,108549,13:11:28.218882
144.068558,148201,108241,13:11:28.218882
144.070427,147986,107959,13:11:28.218882
144.072287,147812,108318,13:11:28.218882
144.074147,146501,107964,13:11:28.218882
144.076009,148605,108477,13:11:28.218882
144.077868,148671,108887,13:11:28.218882
144.079726,149264,109374,13:11:28.218882
144.081596,150032,109809,13:11:28.218882
144.083453,150532,110215,13:11:28.218882
144.085311,151182,110569,13:11:28.218882
144.087167,151765,110727,13:11:28.218882
144.089024,152255,111184,13:11:28.218882
144.09088,152416,110987,13:11:28.218882
144.092738,152469,111244,13:11:28.218882
144.094597,152496,111015,13:11:28.218882
144.096453,152375,110923,13:11:28.218882
144.09832,151616,110173,13:11:28.218882
144.100176,150916,109738,13:11:28.218882
144.102032,149808,108807,13:11:28.218882
144.103891,149072,108040,13:11:28.218882
144.105761,147769,106840,13:11:28.269399
144.107625,145905,105980,13:11:28.269399
144.109487,144416,105164,13:11:28.269399
144.111408,142691,103950,13:11:28.269399
144.113298,141704,102797,13:11:28.269399
144.115154,140226,101902,13:11:28.269399
144.117013,138759,101008,13:11:28.269399
144.118873,137142,99915,13:11:28.269399
144.120729,136242,98788,13:11:28.269399
144.122588,134741,98152,13:11:28.269399
144.124444,132721,97389,13:11:28.269399
144.12633,133233,96836,13:11:28.269399
144.128191,132146,96399,13:11:28.269399
144.130047,131237,95293,13:11:28.269399
144.131905,130750,95109,13:11:28.269399
144.133764,129838,94428,13:11:28.269399
144.135624,129208,94101,13:11:28.269399
144.137482,128777,93795,13:11:28.269399
144.139339,127937,93155,13:11:28.269399
144.141199,126916,92952,13:11:28.269399
144.143055,126626,92293,13:11:28.269399
144.144914,126017,92368,13:11:28.269399
144.146772,125639,91660,13:11:28.269399
144.148629,125342,91389,13:11:28.269399
144.150487,125207,91224,13:11:28.269399
144.152345,124876,91290,13:11:28.269399
144.154204,125013,91029,13:11:28.269399
144.156072,124678,91089,13:11:28.323187
144.157936,124763,91039,13:11:28.323187
144.1598,124996,91613,13:11:28.325617
144.161687,125254,91338,13:11:28.325617
144.163549,125328,91653,13:11:28.325617
144.165406,125870,91817,13:11:28.325617
144.167262,125816,92226,13:11:28.325617
144.16912,125827,92094,13:11:28.325617
144.170984,126288,92753,13:11:28.325617
144.172843,126657,92700,13:11:28.325617
144.174701,126331,92984,13:11:28.325617
144.176568,127277,93113,13:11:28.325617
144.178424,127260,92759,13:11:28.325617
144.18028,127008,92644,13:11:28.325617
144.182139,126852,92222,13:11:28.325617
144.183995,126130,91934,13:11:28.325617
144.185853,125573,91436,13:11:28.325617
144.18771,124774,90807,13:11:28.325617
144.18957,123945,90482,13:11:28.325617
144.191428,123205,89608,13:11:28.325617
144.193285,121958,88979,13:11:28.325617
144.195145,121359,88288,13:11:28.325617
144.197002,120452,87575,13:11:28.325617
144.19886,119634,86992,13:11:28.325617
144.200716,118800,86474,13:11:28.325617
144.202573,117865,85879,13:11:28.325617
144.204431,117421,85612,13:11:28.325617
144.206305,116363,84725,13:11:28.379875
144.208166,115774,84103,13:11:28.379875
144.210048,114699,83773,13:11:28.379875
144.211922,114319,83362,13:11:28.379875
144.21378,113797,82905,13:11:28.379875
144.215637,112935,82583,13:11:28.379875
144.217499,112808,82051,13:11:28.379875
144.219356,112183,81540,13:11:28.379875
144.221212,111036,81244,13:11:28.379875
144.223068,110185,80678,13:11:28.379875
144.22493,109760,80115,13:11:28.379875
144.226811,108577,79043,13:11:28.379875
144.228669,105061,78096,13:11:28.379875
144.230531,105970,76625,13:11:28.379875
144.232388,104383,75846,13:11:28.379875
144.234254,102881,74666,13:11:28.379875
144.236111,101169,73544,13:11:28.379875
144.237967,99822,72655,13:11:28.379875
144.239825,98487,71482,13:11:28.379875
144.241682,96994,70149,13:11:28.379875
144.243538,95703,69560,13:11:28.379875
144.245396,94337,68968,13:11:28.379875
144.247253,93326,67759,13:11:28.380876
144.249111,92372,67285,13:11:28.380876
144.250967,91192,66374,13:11:28.380876
144.252832,90457,65919,13:11:28.380876
144.254688,89459,65522,13:11:28.423292
144.256564,88943,64941,13:11:28.423292
144.258423,88430,64930,13:11:28.423292
144.26032,88339,64597,13:11:28.423292
144.262189,88042,64602,13:11:28.423292
144.264048,88077,64760,13:11:28.423292
144.265904,87670,64502,13:11:28.423292
144.267762,87819,64245,13:11:28.423292
144.269619,87636,64328,13:11:28.423292
144.271479,87374,64210,13:11:28.423292
144.273335,87381,63988,13:11:28.423292
144.275195,87203,63438,13:11:28.423292
144.277054,86812,63497,13:11:28.423292
144.27891,86379,62891,13:11:28.423292
144.280769,86007,62902,13:11:28.423292
144.282625,85656,62428,13:11:28.423292
144.284481,85152,61937,13:11:28.423292
144.286346,84113,61551,13:11:28.423292
144.288232,83422,61048,13:11:28.423292
144.29009,82794,60666,13:11:28.423292
144.291947,82376,59983,13:11:28.423292
144.293803,81270,59278,13:11:28.423292
144.295659,80752,58907,13:11:28.423292
144.297524,80240,58366,13:11:28.423292
144.29938,78962,57268,13:11:28.423292
144.301237,77897,56974,13:11:28.423292
144.303095,77776,56560,13:11:28.423292
144.304951,76900,55831,13:11:28.475288
144.306816,75667,54830,13:11:28.475288
144.308678,73902,54017,13:11:28.475288
144.310588,74553,54369,13:11:28.475288
144.312449,73090,52831,13:11:28.475288
144.314307,70945,51822,13:11:28.475288
144.316172,70441,51344,13:11:28.475288
144.318029,68250,49925,13:11:28.475288
144.319886,67639,49107,13:11:28.475288
144.321744,66457,48482,13:11:28.475288
144.323601,65817,47530,13:11:28.475288
144.325457,64248,47250,13:11:28.475288
144.327313,64843,47187,13:11:28.475288
144.329193,62383,46691,13:11:28.475288
144.331058,62973,45519,13:11:28.475288
144.332914,62011,45671,13:11:28.475288
144.334773,62144,44771,13:11:28.475288
144.336631,59281,42376,13:11:28.475288
144.338492,57677,42186,13:11:28.475288
144.34035,57305,41084,13:11:28.475288
144.342206,55502,39922,13:11:28.475288
144.344068,53877,38843,13:11:28.475288
144.345925,51143,37389,13:11:28.475288
144.347781,50921,37787,13:11:28.475288
144.349639,51554,36939,13:11:28.475288
144.351496,47890,33861,13:11:28.475288
144.353354,46125,35463,13:11:28.475288
144.355211,50218,35308,13:11:28.526993
144.357079,44890,31231,13:11:28.526993
144.358939,42561,32973,13:11:28.526993
144.360847,46695,34044,13:11:28.526993
144.362706,44707,31179,13:11:28.526993
144.364562,41281,31253,13:11:28.526993
144.366418,44366,32837,13:11:28.526993
144.368277,43412,30184,13:11:28.526993
144.370133,38118,27832,13:11:28.526993
144.371992,37373,27711,13:11:28.526993
144.373848,37302,27868,13:11:28.526993
144.375708,38719,28533,13:11:28.526993
144.377569,36423,25996,13:11:28.526993
144.379453,34820,27684,13:11:28.526993
144.381316,37196,28223,13:11:28.526993
144.383181,36252,26188,13:11:28.526993
144.385042,34824,26322,13:11:28.526993
144.3869,36084,26128,13:11:28.526993
144.388766,34124,24662,13:11:28.526993
144.390623,34648,27882,13:11:28.526993
144.392479,40389,28887,13:11:28.526993
144.394338,37714,27228,13:11:28.526993
144.396194,37465,29118,13:11:28.526993
144.39805,42610,31883,13:11:28.526993
144.399907,43195,30517,13:11:28.526993
144.401763,40474,29961,13:11:28.526993
144.403619,42456,30591,13:11:28.526993
144.405478,39867,28917,13:11:28.577880
144.407344,40661,30668,13:11:28.577880
144.409205,40796,27600,13:11:28.577880
144.411119,34607,25159,13:11:28.577880
144.412981,34466,27047,13:11:28.577880
144.414839,37630,26618,13:11:28.577880
144.416696,32908,22300,13:11:28.577880
144.418552,30137,23783,13:11:28.577880
144.42041,34452,25304,13:11:28.577880
144.422269,31296,22779,13:11:28.577880
144.424125,29799,23894,13:11:28.577880
144.425991,34107,25200,13:11:28.577880
144.427848,32714,23586,13:11:28.577880
144.429704,32011,24839,13:11:28.577880
144.431563,34071,24142,13:11:28.577880
144.433419,28924,22845,13:11:28.577880
144.435311,32222,25346,13:11:28.577880
144.437167,35002,24715,13:11:28.577880
144.439024,32016,22051,13:11:28.577880
144.440882,29263,22511,13:11:28.577880
144.442739,31872,23488,13:11:28.577880
144.444597,30425,21100,13:11:28.577880
144.446453,28050,21993,13:11:28.577880
144.448312,31781,23485,13:11:28.577880
144.45017,30820,21229,13:11:28.577880
144.452036,27267,20929,13:11:28.577880
144.453893,30865,23761,13:11:28.577880
144.455755,32503,22481,13:11:28.628394
144.457619,28750,20905,13:11:28.628394
144.459482,30129,23880,13:11:28.628394
144.461388,34193,24979,13:11:28.628394
144.463244,32669,22135,13:11:28.628394
144.465101,28502,21852,13:11:28.628394
144.466959,31728,25160,13:11:28.628394
144.468817,35869,24963,13:11:28.628394
144.470674,31711,21810,13:11:28.628394
144.472534,28947,23068,13:11:28.628394
144.47439,32471,23249,13:11:28.628394
144.476249,30331,21203,13:11:28.628394
144.478105,27387,21330,13:11:28.628394
144.479963,31116,23104,13:11:28.628394
144.481824,30514,21337,13:11:28.628394
144.483684,26676,19999,13:11:28.628394
144.485541,27726,20253,13:11:28.628394
144.487441,27334,19713,13:11:28.628394
144.489297,26846,19278,13:11:28.628394
144.491155,25674,17724,13:11:28.628394
144.493012,22648,16910,13:11:28.628394
144.49487,23816,18468,13:11:28.629394
144.496727,25110,18239,13:11:28.629394
144.498585,23553,16673,13:11:28.629394
144.500441,22079,16969,13:11:28.629394
144.502298,24870,17726,13:11:28.629394
144.504156,22573,15581,13:11:28.629394
144.506022,20435,15592,13:11:28.689415
144.507885,20602,14932,13:11:28.689415
144.509746,20513,16141,13:11:28.689415
144.511653,22316,15662,13:11:28.689415
144.513509,19322,13819,13:11:28.689415
144.515366,18991,15511,13:11:28.689415
144.517228,23509,17144,13:11:28.689415
144.519085,21377,14196,13:11:28.689415
144.520941,17073,13153,13:11:28.689415
144.522799,19110,15536,13:11:28.689415
144.524656,21283,14718,13:11:28.689415
144.526514,17551,13011,13:11:28.689415
144.52837,18508,15587,13:11:28.689415
144.530231,22732,15966,13:11:28.689415
144.532087,16214,8536,13:11:28.689415
144.533943,6935,10597,13:11:28.689415
144.535832,20222,16314,13:11:28.689415
144.537688,19499,10038,13:11:28.689415
144.539546,8291,8120,13:11:28.689415
144.541403,16604,16430,13:11:28.689415
144.543259,23667,13833,13:11:28.689415
144.545117,12713,7933,13:11:28.689415
144.546974,11583,13116,13:11:28.689415
144.548832,22955,16592,13:11:28.689415
144.550688,17605,8277,13:11:28.689415
144.552545,6494,7818,13:11:28.690405
144.554403,16212,14680,13:11:28.690405
144.556275,18979,9796,13:11:28.732732
144.558136,7413,6046,13:11:28.732732
144.560006,10993,12267,13:11:28.732732
144.561888,18792,12162,13:11:28.732732
144.563747,12185,7309,13:11:28.732732
144.565603,9748,10290,13:11:28.732732
144.567459,18254,13633,13:11:28.732732
144.569316,16046,9239,13:11:28.732732
144.57118,9410,7869,13:11:28.732732
144.573036,12017,10631,13:11:28.732732
144.574893,14266,9645,13:11:28.732732
144.576751,11097,8743,13:11:28.732732
144.578607,12120,10143,13:11:28.732732
144.580464,14802,10683,13:11:28.732732
144.582325,13211,9216,13:11:28.732732
144.584204,11984,9421,13:11:28.732732
144.586069,13790,10485,13:11:28.732732
144.587925,13317,8567,13:11:28.732732
144.589785,9807,7495,13:11:28.732732
144.591642,10007,9267,13:11:28.732732
144.59351,13171,9557,13:11:28.732732
144.595368,11286,7930,13:11:28.732732
144.597225,9734,8446,13:11:28.732732
144.599081,13202,10025,13:11:28.732732
144.600937,11955,7373,13:11:28.732732
144.602798,8603,7690,13:11:28.732732
144.604654,12133,9428,13:11:28.780165
144.606518,10835,6780,13:11:28.780165
144.608381,7237,7068,13:11:28.780165
144.610293,11005,9475,13:11:28.780165
144.612161,11905,7446,13:11:28.780165
144.61402,7918,6468,13:11:28.780165
144.615881,9673,8575,13:11:28.780165
144.61774,11402,7576,13:11:28.780165
144.619597,7900,5936,13:11:28.781160
144.621463,7690,7239,13:11:28.781160
144.623321,10089,8056,13:11:28.781160
144.625183,9793,5946,13:11:28.781160
144.627044,6326,5696,13:11:28.781160
144.6289,8725,8509,13:11:28.781160
144.630759,10920,6842,13:11:28.781160
144.632615,5810,3272,13:11:28.781160
144.634471,4392,6464,13:11:28.781160
144.63633,11567,8740,13:11:28.781160
144.63822,8408,4462,13:11:28.781160
144.640088,2890,4247,13:11:28.781160
144.641945,8423,8450,13:11:28.781160
144.643803,10938,6553,13:11:28.781160
144.645661,5520,4053,13:11:28.781160
144.647518,6276,6740,13:11:28.781160
144.649378,10521,7218,13:11:28.781160
144.651234,7580,4629,13:11:28.781160
144.653099,5031,5157,13:11:28.781160
144.654955,8532,7234,13:11:28.833094
144.65683,8477,5244,13:11:28.833094
144.65869,5155,4866,13:11:28.833094
144.660576,7268,6749,13:11:28.833094
144.662434,9608,6608,13:11:28.833094
144.664292,7311,5313,13:11:28.833094
144.666155,7091,6401,13:11:28.833094
144.668011,9661,7218,13:11:28.833094
144.669868,8810,5892,13:11:28.833094
144.671726,6892,5822,13:11:28.833094
144.673582,8165,7105,13:11:28.833094
144.675439,8774,6241,13:11:28.833094
144.677297,7435,5984,13:11:28.833094
144.679153,8053,6973,13:11:28.833094
144.68101,9496,6961,13:11:28.833094
144.682868,8101,6670,13:11:28.833094
144.684742,7467,7193,13:11:28.833094
144.686601,8501,7086,13:11:28.833094
144.688458,8558,6814,13:11:28.833094
144.690315,9177,7679,13:11:28.833094
144.692172,10199,6629,13:11:28.833094
144.694062,7538,5621,13:11:28.833094
144.69592,8748,8066,13:11:28.833094
144.697777,11516,7902,13:11:28.833094
144.699639,8337,5288,13:11:28.833094
144.701495,6573,6590,13:11:28.833094
144.703354,10247,7791,13:11:28.833094
144.70521,9538,6438,13:11:28.884327
144.707076,6956,5879,13:11:28.884327
144.708937,9043,7278,13:11:28.884327
144.710861,9978,6897,13:11:28.884327
144.712721,8291,6464,13:11:28.884327
144.714579,9178,7513,13:11:28.884327
144.716438,10347,7306,13:11:28.884327
144.718294,7775,5460,13:11:28.884327
144.72015,6562,6498,13:11:28.884327
144.722009,9056,6875,13:11:28.884327
144.723867,7565,5221,13:11:28.884327
144.725724,6422,5933,13:11:28.884327
144.727582,8958,7010,13:11:28.884327
144.729438,7495,4715,13:11:28.884327
144.731297,4404,5339,13:11:28.884327
144.733153,8658,7319,13:11:28.884327
144.735015,8456,4868,13:11:28.884327
144.736876,4287,4180,13:11:28.884327
144.738758,6456,7105,13:11:28.884327
144.740622,10002,6171,13:11:28.884327
144.742479,5163,3089,13:11:28.884327
144.744339,4556,5587,13:11:28.884327
144.746195,9894,7469,13:11:28.884327
144.748052,8570,4319,13:11:28.884327
144.74991,3637,3889,13:11:28.884327
144.751766,7132,7010,13:11:28.884327
144.753625,10499,6339,13:11:28.884327
144.755483,5560,3525,13:11:28.937107
144.757351,4902,5905,13:11:28.937107
144.759214,10356,7959,13:11:28.937107
144.761116,8955,4471,13:11:28.937107
144.76298,3825,4083,13:11:28.937107
144.764837,7211,7456,13:11:28.937107
144.766693,10154,6503,13:11:28.937107
144.768551,4392,2707,13:11:28.937107
144.770408,4313,6025,13:11:28.937107
144.772266,10849,8182,13:11:28.937107
144.774122,8380,4740,13:11:28.937107
144.775983,3860,4039,13:11:28.937107
144.777843,7228,7879,13:11:28.937107
144.779708,10818,6400,13:11:28.937107
144.781566,5477,3752,13:11:28.937107
144.783422,5222,6508,13:11:28.937107
144.78528,10788,7742,13:11:28.937107
144.787143,6702,3660,13:11:28.937107
144.788999,3187,4490,13:11:28.937107
144.790861,7302,8089,13:11:28.937107
144.792718,10020,4996,13:11:28.937107
144.794576,4117,3576,13:11:28.937107
144.796434,6517,6659,13:11:28.937107
144.798321,10115,6202,13:11:28.937107
144.800179,5426,3639,13:11:28.937107
144.802035,4810,5486,13:11:28.937107
144.803894,9206,6824,13:11:28.937107
144.805754,7518,4343,13:11:28.987259
144.807618,4670,4591,13:11:28.987259
144.809481,7564,6688,13:11:28.987259
144.811386,8737,5487,13:11:28.987259
144.813245,5563,4146,13:11:28.987259
144.815102,6293,6259,13:11:28.987259
144.816964,8879,6418,13:11:28.987259
144.818824,6985,4892,13:11:28.987259
144.820681,6042,5054,13:11:28.987259
144.822537,8022,6399,13:11:28.987259
144.824393,8034,5293,13:11:28.987259
144.826258,5666,5213,13:11:28.987259
144.828116,7245,6262,13:11:28.987259
144.829973,8139,6016,13:11:28.987259
144.831833,6542,4603,13:11:28.987259
144.833689,6147,5628,13:11:28.987259
144.835548,8021,6085,13:11:28.987259
144.837404,6773,4912,13:11:28.987259
144.83926,6041,5384,13:11:28.987259
144.841117,7527,6376,13:11:28.987259
144.842982,6103,5176,13:11:28.987259
144.844841,6237,4823,13:11:28.987259
144.846698,6486,5496,13:11:28.987259
144.84856,8165,5956,13:11:28.987259
144.850416,6619,4484,13:11:28.987259
144.852273,5734,4523,13:11:28.987259
144.854131,6972,5692,13:11:28.987259
144.856007,7428,4842,13:11:29.007264
144.857868,5748,4440,13:11:29.007264
144.85973,6063,4840,13:11:29.007264
144.861642,7011,5388,13:11:29.007264
144.863499,6490,4305,13:11:29.007264
144.865355,5171,4350,13:11:29.007264
144.867217,6342,5390,13:11:29.007264
144.869074,6912,4681,13:11:29.007264
144.87093,5266,3954,13:11:29.007264
144.872788,5723,4945,13:11:29.008265
144.874649,6935,5211,13:11:29.008265
144.876507,5998,3882,13:11:29.008265
144.878363,4790,4156,13:11:29.008265
144.88022,5452,4394,13:11:29.008265
144.882078,5233,4360,13:11:29.008265
144.883937,4887,3776,13:11:29.009265
144.885795,5051,4259,13:11:29.009265
144.887651,5201,4634,13:11:29.009265
144.889511,5140,4006,13:11:29.009265
144.891372,4206,3924,13:11:29.009265
144.893248,3948,4750,13:11:29.009265
144.895118,5732,3830,13:11:29.009265
144.896975,4650,3734,13:11:29.009265
144.898843,4628,4321,13:11:29.009265
144.900699,5811,3914,13:11:29.009265
144.902556,4734,3408,13:11:29.009265
144.904414,4253,3837,13:11:29.009265
144.906276,5570,4526,13:11:29.053938
144.908137,5579,3789,13:11:29.053938
144.910017,3997,3428,13:11:29.053938
144.911909,4827,4117,13:11:29.053938
144.913766,5160,4059,13:11:29.053938
144.915622,4380,3350,13:11:29.053938
144.91748,4485,3851,13:11:29.053938
144.919337,5126,4138,13:11:29.053938
144.921193,4735,3852,13:11:29.053938
144.923051,4378,3795,13:11:29.053938
144.924908,4759,4198,13:11:29.053938
144.926766,4842,3909,13:11:29.053938
144.928622,3911,3360,13:11:29.053938
144.930487,4470,3990,13:11:29.053938
144.932343,5171,3883,13:11:29.053938
144.934199,4239,3364,13:11:29.053938
144.936058,4127,4038,13:11:29.053938
144.937914,5070,4095,13:11:29.053938
144.939774,4907,3635,13:11:29.053938
144.941631,4220,3439,13:11:29.053938
144.943499,4114,4075,13:11:29.053938
144.945357,4804,3910,13:11:29.053938
144.947216,4424,3193,13:11:29.053938
144.949074,3978,3663,13:11:29.053938
144.950931,4615,3978,13:11:29.053938
144.952791,4543,3603,13:11:29.053938
144.954647,3936,3575,13:11:29.104868
144.956515,4770,4154,13:11:29.104868
144.958374,4767,3864,13:11:29.104868
144.960289,4346,3305,13:11:29.104868
144.96215,4236,3666,13:11:29.104868
144.964009,4912,3861,13:11:29.104868
144.965867,4179,3337,13:11:29.104868
144.967723,3902,3355,13:11:29.104868
144.96958,4478,3768,13:11:29.104868
144.971449,4803,3427,13:11:29.104868
144.973306,3959,3497,13:11:29.104868
144.975166,4376,3624,13:11:29.104868
144.977027,4525,3707,13:11:29.104868
144.978884,3958,3363,13:11:29.104868
144.980742,4017,3478,13:11:29.104868
144.982598,4354,3940,13:11:29.104868
144.984457,4305,3430,13:11:29.104868
144.986315,4004,3515,13:11:29.104868
144.988175,4297,3944,13:11:29.104868
144.990034,4608,3714,13:11:29.104868
144.991902,3991,3200,13:11:29.104868
144.993758,4295,3552,13:11:29.104868
144.995615,4296,3816,13:11:29.104868
144.997471,4149,3326,13:11:29.104868
144.999329,3818,3432,13:11:29.104868
145.001186,4267,3872,13:11:29.104868
145.003044,4317,3383,13:11:29.104868
145.0049,3951,3537,13:11:29.154920
145.006771,4089,3804,13:11:29.154920
145.008631,4961,3734,13:11:29.154920
145.010531,4166,3528,13:11:29.154920
145.012431,4131,3422,13:11:29.154920
145.01429,4462,3851,13:11:29.154920
145.016147,4034,3646,13:11:29.154920
145.018004,3796,3411,13:11:29.154920
145.019863,4224,3679,13:11:29.154920
145.021729,4381,3573,13:11:29.154920
145.023585,4303,3537,13:11:29.154920
145.025442,4122,3558,13:11:29.154920
145.0273,4282,3749,13:11:29.154920
145.029157,3973,3442,13:11:29.154920
145.031013,3843,3680,13:11:29.155915
145.032871,4445,3854,13:11:29.155915
145.034728,4246,3737,13:11:29.155915
145.036586,3982,3470,13:11:29.155915
145.038449,4339,3617,13:11:29.155915
145.040307,4462,3684,13:11:29.155915
145.042163,4214,3384,13:11:29.155915
145.044021,4076,3547,13:11:29.155915
145.045878,4153,3783,13:11:29.155915
145.047734,4288,3486,13:11:29.155915
145.04959,4115,3580,13:11:29.155915
145.051447,4242,3854,13:11:29.155915
145.053307,4377,3529,13:11:29.155915
145.055164,4280,3377,13:11:29.205213
145.05703,4218,3838,13:11:29.205213
145.05889,4410,3935,13:11:29.205213
145.0608,4212,3470,13:11:29.205213
145.062683,3986,3497,13:11:29.205213
145.064539,4119,3732,13:11:29.205213
145.066395,4459,3467,13:11:29.205213
145.068254,3900,3412,13:11:29.205213
145.07011,4131,3597,13:11:29.205213
145.071968,4292,3920,13:11:29.205213
145.073825,4407,3565,13:11:29.205213
145.075683,3989,3612,13:11:29.205213
145.077541,4215,3811,13:11:29.205213
145.079398,4235,3421,13:11:29.205213
145.081258,3880,3694,13:11:29.205213
145.083114,4502,3741,13:11:29.206219
145.084973,4420,3763,13:11:29.206219
145.086829,4048,3530,13:11:29.206219
145.088685,4365,3586,13:11:29.206219
145.090544,4294,3916,13:11:29.206219
145.092404,4194,3528,13:11:29.206219
145.094264,4159,3734,13:11:29.206219
145.096121,4221,3806,13:11:29.206219
145.097985,4211,3504,13:11:29.206219
145.099843,4292,3480,13:11:29.206219
145.1017,4149,3552,13:11:29.206219
145.103558,4533,3787,13:11:29.206219
145.105415,4147,3624,13:11:29.256924
145.107291,4349,3639,13:11:29.256924
145.109153,4180,3869,13:11:29.256924
145.111055,4086,3580,13:11:29.256924
145.112928,4222,3855,13:11:29.256924
145.114784,4146,3642,13:11:29.256924
145.116642,4474,3815,13:11:29.256924
145.118501,4135,3516,13:11:29.256924
145.120367,4229,3683,13:11:29.256924
145.122223,4217,3608,13:11:29.256924
145.12408,4170,3575,13:11:29.256924
145.125938,4044,3509,13:11:29.256924
145.127796,4079,3712,13:11:29.256924
145.129653,4427,3231,13:11:29.256924
145.131511,4248,3732,13:11:29.256924
145.133367,4244,3599,13:11:29.256924
145.135224,4466,3734,13:11:29.256924
145.13708,4397,3680,13:11:29.256924
145.138944,4390,3736,13:11:29.256924
145.140803,4298,3696,13:11:29.256924
145.142659,4273,3712,13:11:29.257924
145.144517,4154,3595,13:11:29.257924
145.146378,4099,3696,13:11:29.257924
145.148236,4547,3443,13:11:29.257924
145.150092,4257,3547,13:11:29.257924
145.151949,4041,3726,13:11:29.257924
145.153805,4585,3512,13:11:29.257924
145.155674,4173,3956,13:11:29.303922
145.157536,4094,3536,13:11:29.303922
145.159398,4431,3756,13:11:29.303922
145.161308,4032,3553,13:11:29.303922
145.163167,4159,3444,13:11:29.303922
145.165023,4089,3720,13:11:29.303922
145.166881,4338,3696,13:11:29.303922
145.168738,4183,3463,13:11:29.303922
145.170594,3965,3722,13:11:29.303922
145.172452,4549,3738,13:11:29.303922
145.174313,4458,3740,13:11:29.304957
145.176169,4116,3554,13:11:29.304957
145.178025,4269,3778,13:11:29.304957
145.179884,4149,3641,13:11:29.304957
145.18174,4085,3392,13:11:29.307962
145.183596,4156,3431,13:11:29.307962
145.185455,4396,3843,13:11:29.307962
145.187311,4221,3654,13:11:29.307962
145.189168,4216,3543,13:11:29.307962
145.191024,4236,3887,13:11:29.307962
145.192892,4470,3958,13:11:29.307962
145.194749,4187,3651,13:11:29.307962
145.196611,4192,3694,13:11:29.307962
145.198473,4349,3503,13:11:29.307962
145.20033,4231,3709,13:11:29.307962
145.202188,4146,3624,13:11:29.307962
145.204044,4433,3862,13:11:29.307962
145.205907,4324,3722,13:11:29.354913
145.207767,4245,3635,13:11:29.354913
145.209631,4129,3560,13:11:29.354913
145.211561,4228,3736,13:11:29.354913
145.213501,4165,3777,13:11:29.354913
145.215362,4250,3687,13:11:29.354913
145.217222,4446,3801,13:11:29.354913
145.21908,4185,3808,13:11:29.354913
145.220942,4266,3689,13:11:29.354913
145.222803,4101,3844,13:11:29.354913
145.224659,4171,3647,13:11:29.354913
145.226524,4291,3607,13:11:29.354913
145.22838,4033,3831,13:11:29.354913
145.230237,4257,3746,13:11:29.354913
145.232095,4325,3447,13:11:29.354913
145.233951,4177,3741,13:11:29.354913
145.235808,3958,3788,13:11:29.354913
145.237664,4294,3797,13:11:29.354913
145.23952,4229,3722,13:11:29.354913
145.241379,4032,3859,13:11:29.354913
145.243244,4422,3488,13:11:29.354913
145.245101,3789,3810,13:11:29.354913
145.246958,4320,3436,13:11:29.354913
145.248816,4408,3864,13:11:29.354913
145.250672,4264,3554,13:11:29.354913
145.252529,4359,3701,13:11:29.354913
145.254385,4116,3928,13:11:29.354913
145.25625,4107,3774,13:11:29.404473
145.25811,4098,3773,13:11:29.404473
145.259994,4336,3835,13:11:29.404473
145.261879,3764,3808,13:11:29.404473
145.263741,4386,3894,13:11:29.404473
145.265597,4192,3766,13:11:29.404473
145.267455,4248,3806,13:11:29.404473
145.269312,4213,3777,13:11:29.404473
145.271168,4248,3625,13:11:29.404473
145.273027,4334,3889,13:11:29.404473
145.274888,4125,3917,13:11:29.404473
145.276745,4281,3606,13:11:29.404473
145.278602,4151,3756,13:11:29.404473
145.280464,4424,3702,13:11:29.404473
145.28232,4239,3615,13:11:29.404473
145.284177,4281,3576,13:11:29.404473
145.286035,4208,3559,13:11:29.404473
145.287891,4326,3679,13:11:29.404473
145.28975,4290,3776,13:11:29.404473
145.291606,4035,3799,13:11:29.404473
145.293466,4170,3782,13:11:29.404473
145.295323,4090,3782,13:11:29.404473
145.29718,4601,3623,13:11:29.404473
145.299045,4047,3544,13:11:29.404473
145.300902,4017,3637,13:11:29.404473
145.30276,4203,3903,13:11:29.404473
145.304617,4251,3698,13:11:29.454061
145.306485,4260,3730,13:11:29.454061
145.308353,3944,3519,13:11:29.454061
145.310231,4242,3647,13:11:29.454061
145.312146,4381,3854,13:11:29.454061
145.314004,4218,3839,13:11:29.454061
145.31586,4215,3604,13:11:29.454061
145.317719,4364,3961,13:11:29.454061
145.319575,4256,3787,13:11:29.454061
145.321437,4344,3595,13:11:29.454061
145.323296,4154,3597,13:11:29.454061
145.325162,4333,3664,13:11:29.454061
145.327018,4208,3732,13:11:29.454061
145.328875,3975,3553,13:11:29.454061
145.330733,4321,3922,13:11:29.454061
145.332589,4324,3778,13:11:29.454061
145.334449,4198,3701,13:11:29.454061
145.336306,4251,3856,13:11:29.454061
145.338162,4224,3599,13:11:29.454061
145.340021,4250,3673,13:11:29.454061
145.341877,3986,3610,13:11:29.454061
145.343739,4436,3868,13:11:29.454061
145.345596,4162,3766,13:11:29.454061
145.347454,4193,3593,13:11:29.454061
145.34931,4215,3817,13:11:29.454061
145.351167,4132,3578,13:11:29.454061
145.353045,4167,3700,13:11:29.455068
145.354901,4296,3805,13:11:29.507089
145.356772,4360,3435,13:11:29.507089
145.358632,4421,3693,13:11:29.507089
145.360536,4162,3769,13:11:29.507089
145.362397,4043,3675,13:11:29.507089
145.364255,4186,3754,13:11:29.507089
145.366121,4375,3674,13:11:29.507089
145.367978,4306,3594,13:11:29.507089
145.369834,4538,3676,13:11:29.507089
145.371692,4290,3752,13:11:29.507089
145.373549,4299,3846,13:11:29.507089
145.375405,4378,3782,13:11:29.507089
145.377263,4049,3697,13:11:29.507089
145.37912,4116,3716,13:11:29.507089
145.380978,4297,3633,13:11:29.507089
145.382835,4327,3892,13:11:29.507089
145.384699,4101,3708,13:11:29.507089
145.386555,4178,3569,13:11:29.507089
145.388412,4228,3771,13:11:29.507089
145.39027,4313,3756,13:11:29.507089
145.392126,4252,3751,13:11:29.507089
145.393983,4244,3772,13:11:29.507089
145.395839,4115,3579,13:11:29.507089
145.397695,4349,3727,13:11:29.507089
145.399552,4130,3452,13:11:29.507089
145.401419,4195,3777,13:11:29.507089
145.403278,4234,3688,13:11:29.507089
145.405135,4129,3435,13:11:29.553923
145.407001,4288,3848,13:11:29.553923
145.408863,4215,3684,13:11:29.553923
145.410784,3836,3831,13:11:29.553923
145.41267,4123,3722,13:11:29.553923
145.414526,3868,3466,13:11:29.553923
145.416383,4089,3626,13:11:29.553923
145.418241,4130,3803,13:11:29.553923
145.420097,4191,3849,13:11:29.553923
145.421956,4214,3926,13:11:29.553923
145.423812,3977,3776,13:11:29.553923
145.425668,3935,3891,13:11:29.553923
145.427525,4280,3540,13:11:29.553923
145.429391,4168,3430,13:11:29.553923
145.431247,4100,3635,13:11:29.553923
145.433104,4196,3625,13:11:29.554930
145.434962,4176,3780,13:11:29.554930
145.436818,4107,3751,13:11:29.554930
145.438675,4266,3836,13:11:29.554930
145.440533,4001,3990,13:11:29.554930
145.442389,4181,3773,13:11:29.554930
145.444248,4304,3943,13:11:29.554930
145.446104,4356,3674,13:11:29.554930
145.447968,3972,3661,13:11:29.554930
145.449825,4293,3670,13:11:29.554930
145.451681,4047,3787,13:11:29.554930
145.45354,4181,3835,13:11:29.554930
145.455396,4084,3680,13:11:29.606142
145.457264,4088,3571,13:11:29.606142
145.459125,4229,4125,13:11:29.606142
145.461026,3712,3796,13:11:29.606142
145.462883,4072,3782,13:11:29.606142
145.464739,4000,3877,13:11:29.606142
145.466598,4041,3799,13:11:29.606142
145.468454,4108,3854,13:11:29.606142
145.470311,4147,3757,13:11:29.606142
145.472167,4253,3890,13:11:29.606142
145.474023,4305,3570,13:11:29.606142
145.47588,3988,3637,13:11:29.606142
145.477736,4068,3789,13:11:29.606142
145.479598,3963,3821,13:11:29.607142
145.481455,4113,3760,13:11:29.607142
145.483311,4162,3615,13:11:29.607142
145.485171,4153,3680,13:11:29.607142
145.487028,3958,3698,13:11:29.607142
145.488886,4361,4013,13:11:29.607142
145.490742,4324,3621,13:11:29.607142
145.492599,4170,3710,13:11:29.607142
145.494457,4074,3691,13:11:29.607142
145.496314,4041,3770,13:11:29.607142
145.498174,4383,3549,13:11:29.607142
145.50003,4205,3634,13:11:29.607142
145.501889,4132,3610,13:11:29.607142
145.503751,4079,3792,13:11:29.607142
145.505617,4339,3485,13:11:29.654491
145.50749,4245,3735,13:11:29.654491
145.50935,4046,3699,13:11:29.654491
145.511272,4054,3738,13:11:29.655498
145.513136,4131,3608,13:11:29.655498
145.514993,4072,3831,13:11:29.655498
145.516849,4282,3708,13:11:29.655498
145.518705,4452,3628,13:11:29.655498
145.520562,4084,3615,13:11:29.655498
145.522418,3889,3670,13:11:29.655498
145.524275,4217,3766,13:11:29.655498
145.526133,3836,3596,13:11:29.655498
145.527989,4013,3515,13:11:29.655498
145.529848,3995,3748,13:11:29.655498
145.531704,4167,3596,13:11:29.655498
145.53356,3969,3788,13:11:29.655498
145.535417,3932,3635,13:11:29.655498
145.537283,4078,3772,13:11:29.655498
145.539139,4127,3665,13:11:29.655498
145.540996,4452,3718,13:11:29.655498
145.542854,3957,3773,13:11:29.655498
145.54471,4018,3551,13:11:29.655498
145.546567,4228,3864,13:11:29.655498
145.548425,3913,3439,13:11:29.655498
145.550281,4000,3861,13:11:29.655498
145.55214,4172,3747,13:11:29.655498
145.553996,4237,3615,13:11:29.655498
145.555863,4210,3996,13:11:29.710165
145.557723,4127,3795,13:11:29.710165
145.559585,4328,3644,13:11:29.710165
145.561497,3941,3875,13:11:29.710165
145.563368,3942,3509,13:11:29.710165
145.565224,4056,3672,13:11:29.710165
145.567084,4269,3665,13:11:29.710165
145.568941,4204,3814,13:11:29.710165
145.570801,4219,3908,13:11:29.710165
145.572657,4351,3834,13:11:29.710165
145.574518,4132,3751,13:11:29.710165
145.576378,3868,3637,13:11:29.710165
145.578242,4253,3725,13:11:29.710165
145.580099,3969,3763,13:11:29.710165
145.581955,4153,3893,13:11:29.710165
145.583813,4136,3767,13:11:29.710165
145.58567,4255,3640,13:11:29.710165
145.587526,4171,3903,13:11:29.710165
145.589384,4203,4059,13:11:29.710165
145.591241,4274,3963,13:11:29.710165
145.593099,4213,3588,13:11:29.710165
145.594956,3864,3870,13:11:29.710165
145.59682,4306,3769,13:11:29.710165
145.598676,3991,3742,13:11:29.710165
145.600533,3939,3760,13:11:29.710165
145.602391,4177,3813,13:11:29.710165
145.604247,4033,3651,13:11:29.710165
145.606126,3941,3926,13:11:29.754135
145.607986,3910,3887,13:11:29.754135
145.609848,3955,3809,13:11:29.754135
145.611729,4038,3808,13:11:29.754135
145.613609,4226,3625,13:11:29.754135
145.615473,3911,3594,13:11:29.754135
145.617331,4243,3732,13:11:29.754135
145.619188,4239,3449,13:11:29.754135
145.62105,4301,3938,13:11:29.754135
145.622907,4079,3602,13:11:29.755143
145.624765,4087,3762,13:11:29.755143
145.626621,3994,3894,13:11:29.755143
145.628478,3987,3803,13:11:29.755143
145.630336,4227,3708,13:11:29.755143
145.632197,4016,3874,13:11:29.755143
145.634055,4174,3579,13:11:29.755143
145.635911,4166,3709,13:11:29.755143
145.637773,4098,3760,13:11:29.755143
145.63963,4039,3906,13:11:29.755143
145.641486,4412,3958,13:11:29.755143
145.643346,4142,3687,13:11:29.755143
145.645203,4327,3881,13:11:29.756141
145.647061,3909,3561,13:11:29.756141
145.648917,3863,3583,13:11:29.757141
145.650774,4100,3692,13:11:29.757141
145.652632,4136,3714,13:11:29.757141
145.654489,3980,3873,13:11:29.804811
145.656365,4126,3707,13:11:29.804811
145.658225,3849,3638,13:11:29.804811
145.660103,3978,3629,13:11:29.806818
145.661998,3941,3853,13:11:29.806818
145.663856,3991,3897,13:11:29.806818
145.665714,4077,3911,13:11:29.806818
145.667571,3909,3755,13:11:29.806818
145.669427,4053,3808,13:11:29.806818
145.671283,3891,3784,13:11:29.806818
145.673147,3995,4001,13:11:29.806818
145.675004,4254,3823,13:11:29.806818
145.676861,4108,3721,13:11:29.806818
145.678719,4040,3751,13:11:29.806818
145.680575,3938,3584,13:11:29.806818
145.682432,4189,3523,13:11:29.806818
145.684288,3854,3908,13:11:29.806818
145.686144,4396,3694,13:11:29.806818
145.688001,3988,3809,13:11:29.806818
145.689857,4129,3818,13:11:29.806818
145.691719,4143,3900,13:11:29.806818
145.693576,4124,3897,13:11:29.806818
145.695432,4281,3710,13:11:29.806818
145.69729,3862,3914,13:11:29.806818
145.699147,4003,3428,13:11:29.806818
145.701005,4290,3660,13:11:29.806818
145.702863,4065,3748,13:11:29.806818
145.70472,4069,3983,13:11:29.856563
145.706592,3900,3967,13:11:29.856563
145.708463,3908,3830,13:11:29.856563
145.710374,3985,3583,13:11:29.856563
145.712275,4042,3677,13:11:29.856563
145.714132,4041,3839,13:11:29.856563
145.715995,4035,3873,13:11:29.856563
145.717854,3904,3749,13:11:29.856563
145.71971,4296,3564,13:11:29.856563
145.721567,4021,3721,13:11:29.856563
145.72343,4308,3725,13:11:29.856563
145.725287,3980,3757,13:11:29.856563
145.727144,4124,3845,13:11:29.856563
145.729002,3922,3647,13:11:29.856563
145.730858,4111,3512,13:11:29.856563
145.732715,3962,3861,13:11:29.856563
145.734571,3804,3591,13:11:29.856563
145.736427,3898,3536,13:11:29.856563
145.738284,4045,3849,13:11:29.856563
145.74014,4102,3618,13:11:29.856563
145.742002,4196,3834,13:11:29.856563
145.743859,4189,3676,13:11:29.856563
145.745715,4192,3747,13:11:29.856563
145.747574,4061,3727,13:11:29.856563
145.74943,4058,3739,13:11:29.856563
145.751288,4007,3780,13:11:29.856563
145.753145,3957,3728,13:11:29.856563
145.755003,3997,3750,13:11:29.914721
145.756879,4020,3692,13:11:29.914721
145.75874,4030,3655,13:11:29.914721
145.760648,3950,3812,13:11:29.914721
145.762536,4112,3551,13:11:29.914721
145.7644,4015,3811,13:11:29.914721
145.766259,4051,3899,13:11:29.914721
145.768115,4128,3811,13:11:29.914721
145.769979,4166,3638,13:11:29.914721
145.771836,3992,3784,13:11:29.914721
145.773692,3918,3607,13:11:29.914721
145.775551,4141,3699,13:11:29.914721
145.777407,3927,3862,13:11:29.914721
145.779265,4178,3852,13:11:29.914721
145.781122,4160,3766,13:11:29.914721
145.782978,3907,3466,13:11:29.914721
145.784836,4069,3617,13:11:29.914721
145.7867,3952,3559,13:11:29.914721
145.788557,3913,3860,13:11:29.914721
145.790413,3875,3556,13:11:29.914721
145.792272,4178,3799,13:11:29.914721
145.794128,4014,3825,13:11:29.914721
145.795984,4015,3857,13:11:29.914721
145.797843,4070,3762,13:11:29.914721
145.799699,4172,3784,13:11:29.914721
145.801555,4004,3626,13:11:29.914721
145.803412,4026,3748,13:11:29.914721
145.805278,4071,3833,13:11:29.958880
145.807146,4216,3541,13:11:29.961873
145.809011,4031,3546,13:11:29.961873
145.810933,3885,3748,13:11:29.961873
145.812791,3952,3862,13:11:29.961873
145.814652,4376,3617,13:11:29.961873
145.81651,4244,3898,13:11:29.961873
145.818366,3999,3611,13:11:29.961873
145.820232,3839,3838,13:11:29.961873
145.822111,4030,3608,13:11:29.961873
145.823967,4092,3652,13:11:29.961873
145.825826,4054,3667,13:11:29.961873
145.827682,4068,3699,13:11:29.961873
145.82954,4212,3555,13:11:29.961873
145.831397,4078,3691,13:11:29.961873
145.833259,3967,4037,13:11:29.961873
145.835115,3903,3549,13:11:29.961873
145.836972,4131,3700,13:11:29.961873
145.838834,3995,3552,13:11:29.961873
145.84069,4046,3708,13:11:29.961873
145.842549,4087,3535,13:11:29.961873
145.844405,3792,3618,13:11:29.961873
145.846261,3953,3663,13:11:29.961873
145.84812,4325,3758,13:11:29.961873
145.849976,4173,3853,13:11:29.961873
145.851833,3861,3587,13:11:29.961873
145.853689,4070,3827,13:11:29.961873
145.855551,4207,3932,13:11:30.010911
145.857418,4303,3555,13:11:30.010911
145.859281,4135,3711,13:11:30.010911
145.86119,3677,3567,13:11:30.010911
145.86305,3674,3654,13:11:30.010911
145.864953,3940,3804,13:11:30.010911
145.866823,4100,3625,13:11:30.010911
145.868679,3966,3759,13:11:30.010911
145.870545,4082,3719,13:11:30.010911
145.872402,4022,3446,13:11:30.010911
145.874258,4346,3789,13:11:30.010911
145.876117,3779,3365,13:11:30.010911
145.877973,4193,3558,13:11:30.010911
145.879831,4014,3521,13:11:30.010911
145.881688,3743,3622,13:11:30.010911
145.883544,4199,3583,13:11:30.010911
145.885402,4157,3777,13:11:30.010911
145.887266,4148,3595,13:11:30.010911
145.889123,4485,3610,13:11:30.010911
145.890979,4039,3788,13:11:30.010911
145.892838,4385,3921,13:11:30.010911
145.894694,4090,3667,13:11:30.010911
145.89655,3922,3689,13:11:30.010911
145.898407,4067,3715,13:11:30.010911
145.900263,4079,3637,13:11:30.010911
145.90212,4363,3730,13:11:30.010911
145.903976,4290,3730,13:11:30.010911
145.90584,3999,3718,13:11:30.063071
145.907705,4065,3537,13:11:30.063071
145.909567,4131,3502,13:11:30.063071
145.911477,3938,3733,13:11:30.063071
145.913343,3957,3686,13:11:30.063071
145.91521,3982,3520,13:11:30.063071
145.91709,2079,3629,13:11:30.063071
145.918946,4051,3624,13:11:30.063071
145.920809,4082,3574,13:11:30.063071
145.922665,4000,3678,13:11:30.063071
145.924521,4208,3725,13:11:30.063071
145.92638,3883,3821,13:11:30.063071
145.928236,4098,3639,13:11:30.063071
145.930092,4047,3584,13:11:30.063071
145.931949,3979,3909,13:11:30.063071
145.933815,4031,3416,13:11:30.063071
145.935672,3882,3779,13:11:30.063071
145.937528,4118,3850,13:11:30.063071
145.939386,4037,3564,13:11:30.063071
145.941243,4477,3708,13:11:30.063071
145.943101,4202,3812,13:11:30.063071
145.944957,4199,3802,13:11:30.063071
145.946814,4157,3742,13:11:30.063071
145.948672,4109,3682,13:11:30.063071
145.950536,3992,3676,13:11:30.063071
145.952393,4240,3819,13:11:30.063071
145.954249,3860,3665,13:11:30.063071
145.956111,4213,3682,13:11:30.120090
145.957972,4138,3714,13:11:30.120090
145.95984,4199,3801,13:11:30.120090
145.96173,3765,3653,13:11:30.120090
145.963587,4089,3406,13:11:30.120090
145.965451,3821,3601,13:11:30.120090
145.967335,3902,3791,13:11:30.120090
145.969195,2837,3425,13:11:30.120090
145.971062,4060,3711,13:11:30.120090
145.972918,4322,3678,13:11:30.120090
145.974776,4051,3640,13:11:30.120090
145.976633,4161,3608,13:11:30.120090
145.97849,3879,3702,13:11:30.120090
145.980348,4036,3449,13:11:30.120090
145.982204,3997,3775,13:11:30.120090
145.984064,3908,3664,13:11:30.120090
145.985921,4080,3689,13:11:30.120090
145.987777,4152,3932,13:11:30.120090
145.989635,4108,3449,13:11:30.120090
145.991495,4220,3677,13:11:30.120090
145.993352,4031,3478,13:11:30.120090
145.995208,4178,3797,13:11:30.120090
145.997067,4079,3524,13:11:30.120090
145.998923,3890,3367,13:11:30.120090
146.000781,4204,3679,13:11:30.120090
146.00264,4456,3526,13:11:30.120090
146.004496,4185,3748,13:11:30.163574
146.006364,4415,3636,13:11:30.163574
146.008225,4042,3527,13:11:30.163574
146.01011,3981,3654,13:11:30.163574
146.011987,3922,3597,13:11:30.163574
146.013846,3970,3768,13:11:30.163574
146.015714,3903,3811,13:11:30.163574
146.017572,3300,3496,13:11:30.163574
146.019429,4147,3796,13:11:30.163574
146.021287,3960,3740,13:11:30.163574
146.023145,4186,3800,13:11:30.163574
146.025008,3926,3618,13:11:30.163574
146.026898,2141,3694,13:11:30.163574
146.028754,4175,3595,13:11:30.163574
146.030613,4119,3724,13:11:30.163574
146.03247,4334,3650,13:11:30.163574
146.034329,3855,3731,13:11:30.163574
146.036186,4018,3643,13:11:30.163574
146.038044,4207,3709,13:11:30.163574
146.0399,3959,3652,13:11:30.163574
146.041757,4073,3748,13:11:30.163574
146.043615,3914,3639,13:11:30.163574
146.045471,4031,3574,13:11:30.163574
146.04733,4116,3577,13:11:30.163574
146.049186,4130,3574,13:11:30.164568
146.051042,4090,3703,13:11:30.164568
146.052899,4208,3715,13:11:30.164568
146.054755,3953,3706,13:11:30.214104
146.056621,4231,3516,13:11:30.214104
146.058482,4229,3374,13:11:30.214104
146.060391,4110,3760,13:11:30.214104
146.062254,4181,3561,13:11:30.214104
146.064111,4019,3413,13:11:30.214104
146.065969,4104,3681,13:11:30.214104
146.067825,3835,3655,13:11:30.214104
146.069688,3903,3697,13:11:30.214104
146.07158,3894,3755,13:11:30.214104
146.073436,4130,3578,13:11:30.214104
146.075295,4089,3791,13:11:30.214104
146.077151,4107,3624,13:11:30.214104
146.079013,3891,3702,13:11:30.214104
146.080874,4245,3591,13:11:30.214104
146.082737,3827,3498,13:11:30.214104
146.084594,4040,3551,13:11:30.214104
146.086451,4100,3737,13:11:30.214104
146.088309,3889,3575,13:11:30.214104
146.090165,3883,3565,13:11:30.214104
146.092022,3978,3582,13:11:30.214104
146.093878,4145,3838,13:11:30.214104
146.095735,4051,3649,13:11:30.214104
146.097591,3948,3587,13:11:30.214104
146.099449,4039,3670,13:11:30.214104
146.101316,3974,3811,13:11:30.214104
146.103172,4278,3783,13:11:30.214104
146.105028,4182,3800,13:11:30.272377
146.106895,3862,3544,13:11:30.272377
146.108755,4176,3689,13:11:30.272377
146.110651,3989,3596,13:11:30.272377
146.112509,3799,3527,13:11:30.272377
146.114372,4034,3775,13:11:30.272377
146.116228,3468,3645,13:11:30.272377
146.118085,4194,3608,13:11:30.272377
146.119945,3894,3668,13:11:30.272377
146.121805,4022,3538,13:11:30.272377
146.123661,4140,3811,13:11:30.272377
146.12552,3987,3502,13:11:30.272377
146.127378,4380,3793,13:11:30.272377
146.129237,4150,3617,13:11:30.272377
146.131093,4048,3669,13:11:30.272377
146.132951,4091,3604,13:11:30.272377
146.134808,3890,3692,13:11:30.272377
146.136664,4090,3651,13:11:30.272377
146.138522,4079,3589,13:11:30.272377
146.140379,3967,3913,13:11:30.272377
146.142237,4056,3721,13:11:30.272377
146.144093,4124,3744,13:11:30.272377
146.14595,3962,3804,13:11:30.272377
146.147808,3959,3599,13:11:30.272377
146.14967,4181,3622,13:11:30.272377
146.151527,4007,3693,13:11:30.272377
146.153383,4162,3680,13:11:30.272377
146.155241,4145,4012,13:11:30.319663
146.15712,4057,3518,13:11:30.319663
146.15898,3904,3708,13:11:30.319663
146.16087,3882,3520,13:11:30.319663
146.162727,3908,3562,13:11:30.319663
146.164585,4117,3761,13:11:30.319663
146.166441,4102,3604,13:11:30.319663
146.168298,3962,3780,13:11:30.319663
146.170156,4095,3478,13:11:30.319663
146.172012,3662,3575,13:11:30.319663
146.173871,4339,3627,13:11:30.320663
146.175739,3715,3637,13:11:30.320663
146.177621,4294,3913,13:11:30.320663
146.17948,3972,3666,13:11:30.320663
146.181336,3706,3530,13:11:30.320663
146.183194,4172,3647,13:11:30.320663
146.185051,4020,3762,13:11:30.320663
146.186909,4225,4024,13:11:30.320663
146.188767,4143,3705,13:11:30.320663
146.190629,4346,3685,13:11:30.320663
146.192486,4222,3625,13:11:30.320663
146.194342,4035,3672,13:11:30.320663
146.196201,4149,3769,13:11:30.320663
146.198057,4091,3573,13:11:30.320663
146.199913,4232,3922,13:11:30.320663
146.201772,4048,3555,13:11:30.320663
146.203628,4082,3792,13:11:30.320663
146.205487,3996,3811,13:11:30.369363
146.207355,4159,3797,13:11:30.369363
146.209215,4163,3470,13:11:30.369363
146.211117,3836,3651,13:11:30.369363
146.21298,3977,3886,13:11:30.369363
146.21484,4144,3744,13:11:30.369363
146.216698,3866,3686,13:11:30.369363
146.218555,3817,3850,13:11:30.369363
146.220421,4000,3805,13:11:30.369363
146.222283,3903,3658,13:11:30.369363
146.22417,2829,3566,13:11:30.369363
146.226026,4354,3574,13:11:30.369363
146.227884,4282,3620,13:11:30.369363
146.229743,3814,3401,13:11:30.369363
146.231599,4277,3694,13:11:30.369363
146.233455,4198,3747,13:11:30.369363
146.235312,3990,3515,13:11:30.369363
146.237178,4362,3902,13:11:30.369363
146.239034,4130,3588,13:11:30.369363
146.240891,4009,3500,13:11:30.369363
146.242749,4264,3589,13:11:30.369363
146.244605,3950,3647,13:11:30.369363
146.246464,4047,3724,13:11:30.369363
146.24832,3993,3577,13:11:30.369363
146.250177,4259,3853,13:11:30.369363
146.252035,4177,3824,13:11:30.369363
146.253899,4252,3736,13:11:30.369363
146.255758,4083,3638,13:11:30.427070
146.25762,3958,3955,13:11:30.427070
146.259484,4193,3711,13:11:30.427070
146.261384,3612,3615,13:11:30.427070
146.263241,4338,3719,13:11:30.427070
146.265101,4350,3898,13:11:30.427070
146.266957,3822,3551,13:11:30.427070
146.268814,4079,3545,13:11:30.427070
146.270674,3618,3537,13:11:30.427070
146.272534,4290,3704,13:11:30.427070
146.274415,4105,3745,13:11:30.427070
146.276285,2605,3798,13:11:30.427070
146.278147,3898,3721,13:11:30.427070
146.280004,4085,3803,13:11:30.427070
146.28186,4181,3733,13:11:30.427070
146.283722,3950,3615,13:11:30.427070
146.285579,4260,3705,13:11:30.427070
146.287439,4024,3524,13:11:30.427070
146.289295,4071,3878,13:11:30.427070
146.291152,4022,3868,13:11:30.427070
146.29301,4054,3739,13:11:30.427070
146.294868,3948,3928,13:11:30.427070
146.296725,4088,3669,13:11:30.427070
146.298581,4037,3628,13:11:30.427070
146.300442,3909,3847,13:11:30.427070
146.302298,4220,3664,13:11:30.427070
146.304154,4292,3924,13:11:30.427070
146.306023,4344,3836,13:11:30.471881
146.307883,4151,3570,13:11:30.471881
146.309747,4077,3703,13:11:30.471881
146.311665,3863,3593,13:11:30.471881
146.31354,3973,3781,13:11:30.471881
146.315398,4096,3650,13:11:30.471881
146.317254,4064,3777,13:11:30.471881
146.319111,3973,3557,13:11:30.471881
146.320969,4049,3885,13:11:30.471881
146.32283,4038,3729,13:11:30.471881
146.324688,3960,3690,13:11:30.471881
146.326544,4181,3651,13:11:30.471881
146.328402,4068,3836,13:11:30.471881
146.330261,4310,3842,13:11:30.471881
146.332131,3855,3958,13:11:30.471881
146.33402,2678,3699,13:11:30.471881
146.335898,4315,3647,13:11:30.471881
146.337754,4140,3794,13:11:30.471881
146.33961,4438,3781,13:11:30.471881
146.341467,4264,3862,13:11:30.471881
146.343327,4071,3867,13:11:30.471881
146.345183,3941,3587,13:11:30.471881
146.347042,4359,3900,13:11:30.471881
146.348898,4359,3589,13:11:30.471881
146.350755,4263,3688,13:11:30.471881
146.352613,4180,3719,13:11:30.471881
146.354474,4119,3426,13:11:30.522164
146.356336,4172,3549,13:11:30.522164
146.358196,4171,4034,13:11:30.522164
146.360084,4220,3967,13:11:30.522164
146.361966,3949,3670,13:11:30.522164
146.363825,4198,3745,13:11:30.522164
146.365683,4126,3770,13:11:30.522164
146.36754,4181,3567,13:11:30.522164
146.369396,4243,4014,13:11:30.522164
146.371254,4250,3893,13:11:30.522164
146.373113,3747,3974,13:11:30.522164
146.374971,3681,3581,13:11:30.522164
146.376827,4159,3903,13:11:30.522164
146.378686,1954,3585,13:11:30.522164
146.380544,4413,4157,13:11:30.522164
146.3824,4135,3846,13:11:30.522164
146.384259,4157,3710,13:11:30.522164
146.386115,4195,3830,13:11:30.522164
146.387974,4133,3805,13:11:30.522164
146.38983,4277,3846,13:11:30.522164
146.39169,4243,3577,13:11:30.522164
146.393547,4308,3759,13:11:30.522164
146.395403,4282,3794,13:11:30.522164
146.397261,4204,3741,13:11:30.522164
146.399118,4244,3639,13:11:30.522164
146.400976,4142,3552,13:11:30.522164
146.402832,4308,3519,13:11:30.522164
146.404689,3964,3694,13:11:30.580014
146.406559,4387,3697,13:11:30.580014
146.408419,4203,3811,13:11:30.580014
146.410332,4037,3883,13:11:30.580014
146.412196,4330,3735,13:11:30.580014
146.414052,4365,3591,13:11:30.580014
146.415911,4238,3572,13:11:30.580014
146.417769,3833,3764,13:11:30.580014
146.419625,4339,3961,13:11:30.580014
146.421482,3979,3811,13:11:30.580014
146.423338,3681,3788,13:11:30.580014
146.4252,3577,3783,13:11:30.580014
146.427069,4282,3909,13:11:30.580014
146.428955,3186,3808,13:11:30.580014
146.430811,3999,3989,13:11:30.580014
146.43267,3965,3711,13:11:30.580014
146.434528,4256,3577,13:11:30.580014
146.436384,4303,3690,13:11:30.580014
146.438241,4024,3788,13:11:30.580014
146.440097,4075,3585,13:11:30.580014
146.441955,4393,3625,13:11:30.580014
146.443812,4255,3710,13:11:30.580014
146.445668,4195,3549,13:11:30.580014
146.447525,4199,3724,13:11:30.580014
146.449381,4131,3774,13:11:30.580014
146.451237,4256,3690,13:11:30.580014
146.453094,4133,3540,13:11:30.580014
146.454954,4128,3703,13:11:30.626042
146.456818,4208,3672,13:11:30.626042
146.458679,4295,3681,13:11:30.626042
146.460583,4414,3878,13:11:30.626042
146.462449,4165,3970,13:11:30.626042
146.464306,4059,3807,13:11:30.626042
146.466162,4120,3736,13:11:30.626042
146.468021,4205,3966,13:11:30.626042
146.469881,4159,3971,13:11:30.626042
146.471741,4204,3651,13:11:30.626042
146.473603,4232,3729,13:11:30.626042
146.475462,3269,3749,13:11:30.626042
146.477318,3841,3756,13:11:30.626042
146.479176,3615,3712,13:11:30.626042
146.481037,3780,3918,13:11:30.626042
146.482911,1708,3783,13:11:30.626042
146.484779,3971,3938,13:11:30.626042
146.486636,4247,3985,13:11:30.626042
146.488494,4317,3948,13:11:30.626042
146.49035,4385,3647,13:11:30.626042
146.492207,4475,3836,13:11:30.626042
146.494063,4016,3913,13:11:30.626042
146.495921,4273,3717,13:11:30.626042
146.497778,4281,3939,13:11:30.626042
146.499635,4174,3721,13:11:30.626042
146.501493,3907,3822,13:11:30.626042
146.503349,4240,3761,13:11:30.626042
146.505205,4223,3926,13:11:30.678290
146.507074,4215,3817,13:11:30.678290
146.508934,4229,3756,13:11:30.678290
146.510818,4085,3911,13:11:30.678290
146.512674,4171,3950,13:11:30.678290
146.514533,4428,3820,13:11:30.678290
146.516391,4206,3834,13:11:30.678290
146.518248,4153,3703,13:11:30.678290
146.520104,3986,3886,13:11:30.678290
146.52197,3904,3602,13:11:30.678290
146.523829,4252,4184,13:11:30.678290
146.525685,3978,3925,13:11:30.678290
146.527547,4111,3788,13:11:30.678290
146.529416,3845,3972,13:11:30.678290
146.531272,3497,3669,13:11:30.678290
146.53313,4287,3746,13:11:30.678290
146.534987,4272,3933,13:11:30.678290
146.536845,4540,3709,13:11:30.678290
146.538723,4057,3787,13:11:30.678290
146.54058,4075,3886,13:11:30.678290
146.542438,4101,3572,13:11:30.678290
146.544294,4196,3752,13:11:30.678290
146.546153,4072,3736,13:11:30.678290
146.548009,3997,3898,13:11:30.678290
146.549867,4361,3949,13:11:30.678290
146.551724,3803,3594,13:11:30.678290
146.55358,4058,3785,13:11:30.678290
146.55544,4506,3804,13:11:30.727711
146.557311,4123,3826,13:11:30.727711
146.559171,4054,3765,13:11:30.727711
146.561069,3962,3847,13:11:30.727711
146.562932,4206,3696,13:11:30.727711
146.56479,4069,3790,13:11:30.727711
146.566646,4031,3735,13:11:30.727711
146.568507,4137,3691,13:11:30.727711
146.570363,4433,3741,13:11:30.727711
146.572219,4504,3868,13:11:30.727711
146.574078,3828,3867,13:11:30.727711
146.575934,4118,3638,13:11:30.727711
146.577795,4253,3831,13:11:30.727711
146.579651,3553,3902,13:11:30.727711
146.581509,4377,3821,13:11:30.727711
146.583368,4370,3758,13:11:30.727711
146.585234,2750,3706,13:11:30.727711
146.58709,4465,3625,13:11:30.727711
146.588947,4039,3690,13:11:30.727711
146.590805,4368,3988,13:11:30.727711
146.592661,4099,3728,13:11:30.727711
146.594518,4367,3914,13:11:30.727711
146.596378,4189,3740,13:11:30.727711
146.598234,3972,3889,13:11:30.727711
146.600093,4169,3799,13:11:30.727711
146.601949,4457,3783,13:11:30.727711
146.603811,4141,3779,13:11:30.727711
146.605674,4478,3754,13:11:30.779075
146.607543,4424,3670,13:11:30.779075
146.609407,4092,3950,13:11:30.779075
146.611321,4179,3865,13:11:30.779075
146.613179,3954,3860,13:11:30.779075
146.615037,4063,3889,13:11:30.779075
146.616894,3983,3696,13:11:30.779075
146.618754,4119,3695,13:11:30.779075
146.62061,3847,3705,13:11:30.779075
146.622469,4328,3842,13:11:30.779075
146.624327,4053,3887,13:11:30.779075
146.626193,3906,3902,13:11:30.779075
146.62805,4210,3962,13:11:30.779075
146.629907,4163,3865,13:11:30.779075
146.631776,4241,3988,13:11:30.779075
146.633662,3432,3893,13:11:30.779075
146.635529,3955,3977,13:11:30.779075
146.637385,4335,3848,13:11:30.779075
146.639242,4245,3779,13:11:30.779075
146.641108,4149,4026,13:11:30.779075
146.642964,4172,3827,13:11:30.779075
146.644823,4296,3947,13:11:30.779075
146.646681,4203,3756,13:11:30.779075
146.648537,4643,3869,13:11:30.779075
146.650396,4208,3850,13:11:30.779075
146.652252,4352,3704,13:11:30.779075
146.654109,4401,3586,13:11:30.779075
146.655971,4373,3556,13:11:30.829251
146.657835,4060,3969,13:11:30.829251
146.659697,4220,3898,13:11:30.829251
146.661586,3964,3815,13:11:30.829251
146.663442,4181,3896,13:11:30.829251
146.665298,4099,3816,13:11:30.829251
146.667161,4484,3756,13:11:30.829251
146.669019,4013,3948,13:11:30.829251
146.670876,3764,3660,13:11:30.829251
146.672736,4218,3785,13:11:30.829251
146.674592,3910,3801,13:11:30.829251
146.676451,4352,3847,13:11:30.829251
146.678309,3869,3796,13:11:30.829251
146.680165,3406,3686,13:11:30.829251
146.682024,4392,3943,13:11:30.829251
146.68388,4301,4044,13:11:30.829251
146.685742,2796,3901,13:11:30.829251
146.687623,4425,3755,13:11:30.829251
146.689479,4483,3791,13:11:30.829251
146.691337,3963,3661,13:11:30.829251
146.693194,4262,3519,13:11:30.829251
146.695054,4202,4206,13:11:30.829251
146.69691,4167,3822,13:11:30.829251
146.698767,4295,3906,13:11:30.829251
146.700625,4156,4001,13:11:30.829251
146.702481,4355,3709,13:11:30.829251
146.704338,4341,3784,13:11:30.829251
146.706202,4134,3750,13:11:30.882114
146.708063,4253,3860,13:11:30.882114
146.709929,3988,4030,13:11:30.882114
146.711827,3959,3936,13:11:30.882114
146.713685,4421,3811,13:11:30.882114
146.715542,4198,3912,13:11:30.882114
146.717398,4293,3879,13:11:30.882114
146.719256,4249,3803,13:11:30.882114
146.721113,4229,3995,13:11:30.882114
146.722971,3892,4086,13:11:30.882114
146.724828,3724,3822,13:11:30.882114
146.726688,3727,3845,13:11:30.882114
146.728544,3587,3863,13:11:30.882114
146.730401,3828,3680,13:11:30.882114
146.73226,4429,3923,13:11:30.882114
146.734117,3566,3898,13:11:30.882114
146.73598,2662,4111,13:11:30.882114
146.737836,4345,3902,13:11:30.882114
146.73972,4243,3734,13:11:30.882114
146.741579,4267,3750,13:11:30.882114
146.743435,4038,3938,13:11:30.882114
146.745293,4206,3758,13:11:30.882114
146.74715,4207,3791,13:11:30.882114
146.749008,4215,3944,13:11:30.882114
146.750868,4428,3796,13:11:30.882114
146.752733,4548,4126,13:11:30.882114
146.754589,4479,3833,13:11:30.931586
146.756455,4351,4074,13:11:30.931586
146.758322,4132,3673,13:11:30.931586
146.760208,4377,4041,13:11:30.931586
146.762082,4145,3865,13:11:30.931586
146.763943,4340,3806,13:11:30.931586
146.765803,4322,3800,13:11:30.931586
146.767659,4263,3864,13:11:30.931586
146.769516,4260,3988,13:11:30.931586
146.771381,3905,4014,13:11:30.931586
146.773238,3984,3932,13:11:30.931586
146.775095,3866,3877,13:11:30.931586
146.776953,4230,4081,13:11:30.931586
146.778809,4359,4043,13:11:30.931586
146.780666,4215,3597,13:11:30.931586
146.782522,4006,3799,13:11:30.931586
146.784378,4156,4001,13:11:30.931586
146.786249,4166,4185,13:11:30.931586
146.788117,2953,3998,13:11:30.931586
146.789985,4409,3739,13:11:30.931586
146.791846,4120,3907,13:11:30.931586
146.793702,4477,4008,13:11:30.933592
146.79556,3982,3740,13:11:30.933592
146.797417,4192,3761,13:11:30.933592
146.799283,4197,3838,13:11:30.933592
146.801139,4090,3663,13:11:30.933592
146.802996,4176,3751,13:11:30.933592
146.804856,4187,3954,13:11:30.984014
146.80672,4270,3817,13:11:30.984014
146.808581,4238,3689,13:11:30.984014
146.810491,4236,3910,13:11:30.984014
146.812349,4139,3804,13:11:30.984014
146.814208,4245,3750,13:11:30.984014
146.816064,4423,3835,13:11:30.984014
146.81793,3944,4047,13:11:30.984014
146.819787,4281,3972,13:11:30.984014
146.821643,4321,3772,13:11:30.984014
146.823501,3975,4204,13:11:30.984014
146.825358,4087,3677,13:11:30.984014
146.827216,4015,4043,13:11:30.984014
146.829072,4295,3725,13:11:30.984014
146.830929,4046,3939,13:11:30.984014
146.832787,3897,3724,13:11:30.984014
146.834651,3476,3847,13:11:30.984014
146.836516,4352,4058,13:11:30.984014
146.838377,2464,3848,13:11:30.984014
146.840242,4448,3656,13:11:30.984014
146.842099,4297,3922,13:11:30.984014
146.843956,4290,4022,13:11:30.984014
146.845835,4396,4046,13:11:30.984014
146.847692,4372,3640,13:11:30.984014
146.849548,4307,3928,13:11:30.984014
146.851404,4201,3776,13:11:30.984014
146.853261,4376,4073,13:11:30.984014
146.855119,4123,3814,13:11:31.032882
146.856987,4239,4081,13:11:31.032882
146.858848,4424,3972,13:11:31.032882
146.860738,4016,3554,13:11:31.032882
146.862596,4174,3970,13:11:31.032882
146.864455,4447,3757,13:11:31.032882
146.866311,4296,3965,13:11:31.032882
146.868169,4312,3960,13:11:31.032882
146.870026,3726,3776,13:11:31.032882
146.871886,3700,4042,13:11:31.032882
146.873742,3419,3889,13:11:31.032882
146.875599,3901,3802,13:11:31.032882
146.877461,4158,3878,13:11:31.032882
146.879317,4152,4180,13:11:31.032882
146.881178,4374,3971,13:11:31.032882
146.883034,4207,3938,13:11:31.032882
146.88489,3963,3828,13:11:31.032882
146.886749,4347,4049,13:11:31.032882
146.888606,4136,3872,13:11:31.032882
146.890465,2032,3779,13:11:31.032882
146.892324,4216,4021,13:11:31.032882
146.894188,4418,3810,13:11:31.032882
146.896044,4226,3876,13:11:31.033972
146.897901,4327,3889,13:11:31.033972
146.899759,4239,3705,13:11:31.033972
146.901615,4154,3830,13:11:31.033972
146.903472,4294,3967,13:11:31.033972
146.905328,4457,3941,13:11:31.085628
146.907195,4292,4038,13:11:31.085628
146.909055,4228,3751,13:11:31.085628
146.910963,4111,3709,13:11:31.085628
146.912827,4130,3918,13:11:31.085628
146.914684,4223,3827,13:11:31.085628
146.91654,4229,3935,13:11:31.085628
146.918398,4103,4164,13:11:31.085628
146.920255,4079,3887,13:11:31.085628
146.922113,3705,3637,13:11:31.085628
146.923971,3838,3892,13:11:31.085628
146.925832,3881,3614,13:11:31.085628
146.927688,4281,3842,13:11:31.085628
146.929544,4220,3544,13:11:31.085628
146.931407,3891,3922,13:11:31.085628
146.933263,4130,3888,13:11:31.086640
146.935122,4512,4001,13:11:31.086640
146.936978,4354,3994,13:11:31.086640
146.938838,4208,3834,13:11:31.086640
146.940714,3942,3805,13:11:31.086640
146.942593,4383,3735,13:11:31.086640
146.944451,4422,3994,13:11:31.086640
146.946308,4068,3949,13:11:31.086640
146.948164,4173,4015,13:11:31.086640
146.950022,4269,4131,13:11:31.086640
146.951879,4335,4009,13:11:31.086640
146.953737,4531,3858,13:11:31.086640
146.955595,4306,4033,13:11:31.135462
146.957458,4558,3852,13:11:31.135462
146.959319,4384,3882,13:11:31.137868
146.961236,4040,3783,13:11:31.137868
146.963098,4186,3730,13:11:31.137868
146.964955,4067,3856,13:11:31.140104
146.966813,4174,3914,13:11:31.142109
146.968669,4760,3680,13:11:31.142109
146.970526,4400,3938,13:11:31.142109
146.972382,3693,3951,13:11:31.142109
146.974239,3865,4100,13:11:31.142109
146.976099,3891,3636,13:11:31.142109
146.977957,3832,3874,13:11:31.142109
146.979814,4195,3879,13:11:31.142109
146.981672,4173,3878,13:11:31.142109
146.983528,4408,3918,13:11:31.142109
146.985389,3959,3900,13:11:31.142109
146.987245,3825,3748,13:11:31.142109
146.989101,4117,4033,13:11:31.142109
146.990967,4359,3948,13:11:31.142109
146.992846,1956,3800,13:11:31.142109
146.994708,4154,3710,13:11:31.142109
146.996565,4180,3822,13:11:31.142109
146.998425,4599,4048,13:11:31.142109
147.000283,4245,3920,13:11:31.142109
147.00214,4321,3774,13:11:31.142109
147.004,4104,3757,13:11:31.142109
147.00586,4511,3763,13:11:31.154253
147.007721,4312,3732,13:11:31.154253
147.009585,4242,4009,13:11:31.154253
147.011489,4322,3849,13:11:31.154253
147.013345,3984,4028,13:11:31.154253
147.015204,4333,3927,13:11:31.154253
147.017064,4087,3862,13:11:31.154253
147.018922,4193,4068,13:11:31.154253
147.020785,4083,3730,13:11:31.154253
147.022647,3668,4087,13:11:31.154253
147.024503,3762,3630,13:11:31.154253
147.026362,4243,3966,13:11:31.154253
147.028218,4172,3753,13:11:31.154253
147.030074,4039,3977,13:11:31.154253
147.031933,3773,3682,13:11:31.154253
147.033794,3972,3797,13:11:31.154253
147.035653,3449,4003,13:11:31.154253
147.03751,4204,3912,13:11:31.154253
147.039377,3840,3914,13:11:31.154253
147.041234,4431,3928,13:11:31.154253
147.043101,3644,3809,13:11:31.154253
147.044983,4647,3905,13:11:31.154253
147.046839,4326,3759,13:11:31.154253
147.0487,4093,3636,13:11:31.154253
147.050556,4209,3995,13:11:31.154253
147.052412,4247,4013,13:11:31.155253
147.054271,4298,3758,13:11:31.155253
147.056133,4465,3903,13:11:31.205541
147.057995,4256,3996,13:11:31.205541
147.059875,4499,3870,13:11:31.205541
147.061766,4480,3929,13:11:31.205541
147.063624,4280,3897,13:11:31.205541
147.065481,4329,3832,13:11:31.205541
147.067341,4366,3874,13:11:31.205541
147.069197,4404,3634,13:11:31.205541
147.071054,4477,3370,13:11:31.205541
147.072912,4117,4006,13:11:31.205541
147.074768,4421,3927,13:11:31.205541
147.076627,4440,3793,13:11:31.205541
147.078483,4359,3901,13:11:31.205541
147.080343,4292,3656,13:11:31.205541
147.082202,4338,3991,13:11:31.205541
147.084068,4229,3801,13:11:31.205541
147.085924,4262,3721,13:11:31.205541
147.087783,4325,4110,13:11:31.205541
147.089641,4525,3885,13:11:31.205541
147.091497,4605,3732,13:11:31.205541
147.093354,4301,3639,13:11:31.205541
147.095212,4496,4006,13:11:31.205541
147.097068,4272,3758,13:11:31.205541
147.098927,4018,3835,13:11:31.205541
147.100785,4307,3867,13:11:31.205541
147.102645,4220,3708,13:11:31.205541
147.104502,4012,3637,13:11:31.254965
147.10636,4236,3742,13:11:31.254965
147.108227,4071,3914,13:11:31.254965
147.110094,4377,3514,13:11:31.254965
147.111995,4019,3859,13:11:31.254965
147.113855,4551,3955,13:11:31.254965
147.115712,4444,3737,13:11:31.254965
147.11757,4137,3618,13:11:31.254965
147.119426,4407,3912,13:11:31.254965
147.121287,4266,4002,13:11:31.254965
147.123143,4100,3996,13:11:31.254965
147.124999,4096,3768,13:11:31.254965
147.126858,4377,3764,13:11:31.254965
147.128714,4135,3856,13:11:31.254965
147.130572,4350,3979,13:11:31.254965
147.132429,4197,4074,13:11:31.254965
147.134289,4390,3828,13:11:31.254965
147.136147,4469,3806,13:11:31.254965
147.138004,4256,3903,13:11:31.254965
147.139866,4290,3739,13:11:31.254965
147.141723,4126,3481,13:11:31.254965
147.143583,4158,4072,13:11:31.254965
147.145439,4345,3589,13:11:31.254965
147.147296,4410,3759,13:11:31.254965
147.149154,4447,3934,13:11:31.254965
147.15101,4250,3630,13:11:31.254965
147.152869,4299,3779,13:11:31.254965
147.154768,4350,3778,13:11:31.304092
147.156635,4237,3778,13:11:31.304092
147.158496,4504,3682,13:11:31.304092
147.160409,4179,4011,13:11:31.304092
147.16227,4219,3835,13:11:31.304092
147.164126,4459,4054,13:11:31.304092
147.165986,4265,4104,13:11:31.304092
147.167845,4324,3847,13:11:31.304092
147.169701,4378,3810,13:11:31.304092
147.17156,4051,3588,13:11:31.304092
147.173416,4297,3765,13:11:31.304092
147.175272,4529,3824,13:11:31.304092
147.177131,4270,3837,13:11:31.304092
147.178987,4215,4022,13:11:31.304092
147.180845,4317,4006,13:11:31.304092
147.182702,4321,3749,13:11:31.304092
147.184564,4235,3645,13:11:31.304092
147.186423,4258,3896,13:11:31.304092
147.188279,4067,3633,13:11:31.304092
147.190137,4256,3618,13:11:31.304092
147.191994,4325,3773,13:11:31.304092
147.193852,4338,4279,13:11:31.304092
147.195708,3944,3666,13:11:31.304092
147.197565,4160,3890,13:11:31.304092
147.199423,4407,3906,13:11:31.304092
147.201284,4237,3848,13:11:31.304092
147.203142,4281,3895,13:11:31.304092
147.204998,4482,3917,13:11:31.353757
147.206878,4401,3769,13:11:31.353757
147.208739,4361,3702,13:11:31.353757
147.210637,3878,3897,13:11:31.353757
147.212523,4499,4068,13:11:31.353757
147.214379,4191,3889,13:11:31.353757
147.216238,4261,3888,13:11:31.353757
147.218098,4499,3881,13:11:31.353757
147.219954,4404,3675,13:11:31.353757
147.221813,4076,3818,13:11:31.353757
147.223669,4564,3915,13:11:31.353757
147.225531,4508,3598,13:11:31.353757
147.22739,4380,3911,13:11:31.353757
147.229256,4315,4025,13:11:31.353757
147.231112,4192,3933,13:11:31.353757
147.232969,4343,3743,13:11:31.353757
147.234827,4374,3762,13:11:31.353757
147.236684,4395,3821,13:11:31.353757
147.23854,4419,3760,13:11:31.353757
147.240398,4524,3636,13:11:31.353757
147.242255,4153,3813,13:11:31.353757
147.244113,4347,3969,13:11:31.353757
147.245975,4414,3649,13:11:31.353757
147.247834,4126,3814,13:11:31.353757
147.24969,4302,3868,13:11:31.353757
147.251549,4312,3806,13:11:31.353757
147.253407,4703,3799,13:11:31.353757
147.255263,4215,3777,13:11:31.404054
147.257135,4335,3843,13:11:31.404054
147.258996,4398,3786,13:11:31.404054
147.2609,4021,3868,13:11:31.404054
147.262758,4345,3814,13:11:31.404054
147.264615,4203,3823,13:11:31.404054
147.266475,4611,3664,13:11:31.404054
147.268331,4123,3758,13:11:31.404054
147.270188,4305,3870,13:11:31.404054
147.272046,4654,3793,13:11:31.404054
147.273902,4022,3907,13:11:31.404054
147.275763,4501,4052,13:11:31.404054
147.277619,4479,4057,13:11:31.404054
147.279477,4323,3852,13:11:31.404054
147.281336,4123,3758,13:11:31.404054
147.283202,4635,4292,13:11:31.404054
147.285058,4743,3728,13:11:31.404054
147.286915,4291,4044,13:11:31.404054
147.288775,4414,3809,13:11:31.404054
147.290631,4354,3844,13:11:31.404054
147.292488,4440,3710,13:11:31.404054
147.294346,4260,3907,13:11:31.404054
147.296202,4307,3774,13:11:31.404054
147.298059,4341,3765,13:11:31.404054
147.299915,4369,3676,13:11:31.404054
147.30178,4084,3522,13:11:31.404054
147.303636,4388,4021,13:11:31.404054
147.305494,4443,3669,13:11:31.456857
147.307355,4157,3615,13:11:31.456857
147.309215,4276,3852,13:11:31.456857
147.311164,4101,3629,13:11:31.456857
147.313027,4331,3843,13:11:31.456857
147.314884,4323,3841,13:11:31.456857
147.316742,4251,4074,13:11:31.456857
147.318598,4540,4005,13:11:31.456857
147.320455,4094,3635,13:11:31.456857
147.322313,4310,3635,13:11:31.456857
147.32417,4508,3880,13:11:31.456857
147.326028,3983,3777,13:11:31.456857
147.327884,3858,3675,13:11:31.456857
147.329744,4765,4119,13:11:31.456857
147.331601,4353,3864,13:11:31.456857
147.333457,4021,3639,13:11:31.456857
147.335315,4527,3933,13:11:31.456857
147.337172,4690,3819,13:11:31.456857
147.33903,3766,3589,13:11:31.456857
147.340887,4668,4103,13:11:31.456857
147.342747,4659,3665,13:11:31.456857
147.344605,3578,3922,13:11:31.456857
147.346465,4542,4230,13:11:31.456857
147.34833,4389,3608,13:11:31.456857
147.350186,4001,3705,13:11:31.456857
147.352045,4463,4007,13:11:31.456857
147.353903,4361,3849,13:11:31.456857
147.355773,4148,3624,13:11:31.504118
147.35766,4238,3891,13:11:31.504118
147.359521,4418,3722,13:11:31.504118
147.361432,3947,3971,13:11:31.504118
147.36329,4209,3805,13:11:31.504118
147.365147,4120,3980,13:11:31.504118
147.367005,4995,3996,13:11:31.504118
147.368861,4255,3628,13:11:31.504118
147.37072,4418,3816,13:11:31.506123
147.372578,4565,4034,13:11:31.506123
147.374444,4193,3779,13:11:31.507122
147.376301,3860,3887,13:11:31.507122
147.378157,4565,3980,13:11:31.507122
147.380015,4357,3636,13:11:31.507122
147.381876,4314,3572,13:11:31.510126
147.383732,4149,3594,13:11:31.510126
147.385591,4532,3857,13:11:31.510126
147.387449,4699,3913,13:11:31.510126
147.389309,4369,3774,13:11:31.510126
147.391166,4619,3665,13:11:31.510126
147.393022,4606,4122,13:11:31.510126
147.394878,4959,3933,13:11:31.510126
147.396735,4087,3388,13:11:31.510126
147.398593,4425,3615,13:11:31.510126
147.400449,4119,3495,13:11:31.510126
147.402308,3804,3362,13:11:31.510126
147.404164,3232,3577,13:11:31.510126
147.406024,4264,4052,13:11:31.554255
147.407885,4692,4103,13:11:31.554255
147.409752,4585,3948,13:11:31.554255
147.411673,4527,4063,13:11:31.554255
147.413551,4311,3860,13:11:31.554255
147.415412,4427,3716,13:11:31.555260
147.41727,3982,3686,13:11:31.555260
147.419127,4509,3935,13:11:31.555260
147.420987,4408,3636,13:11:31.556260
147.422845,3459,3417,13:11:31.556260
147.424702,4486,4163,13:11:31.556260
147.42656,5264,4261,13:11:31.556260
147.428416,4290,3827,13:11:31.556260
147.430275,4296,4138,13:11:31.556260
147.432131,4831,3924,13:11:31.556260
147.433989,4016,3451,13:11:31.556260
147.435848,3497,3662,13:11:31.556260
147.437714,4383,4030,13:11:31.556260
147.43957,4586,3813,13:11:31.556260
147.441427,3905,3898,13:11:31.556260
147.443285,4847,4307,13:11:31.556260
147.445141,4770,3892,13:11:31.557260
147.446998,3827,3645,13:11:31.557260
147.448856,3959,3731,13:11:31.557260
147.450722,4175,3882,13:11:31.557260
147.452579,3887,3612,13:11:31.557260
147.454435,4157,3748,13:11:31.604107
147.456298,4546,4017,13:11:31.604107
147.458158,4642,4287,13:11:31.604107
147.460038,4221,3671,13:11:31.604107
147.461978,4434,4134,13:11:31.604107
147.463856,4363,3734,13:11:31.604107
147.465713,3691,3542,13:11:31.604107
147.467575,3753,3767,13:11:31.604107
147.469432,4119,3745,13:11:31.604107
147.471288,4391,3726,13:11:31.604107
147.473146,4312,3835,13:11:31.604107
147.47501,4571,3976,13:11:31.604107
147.476867,4880,4049,13:11:31.604107
147.478723,4252,3534,13:11:31.604107
147.480582,4192,4017,13:11:31.604107
147.482438,4307,3856,13:11:31.604107
147.484294,3839,3492,13:11:31.604107
147.486153,3777,3850,13:11:31.604107
147.488009,4568,4363,13:11:31.604107
147.489867,4639,3792,13:11:31.604107
147.491724,4017,3448,13:11:31.604107
147.493588,4321,4100,13:11:31.604107
147.495444,4673,3734,13:11:31.604107
147.497301,4150,3579,13:11:31.604107
147.499159,4015,3835,13:11:31.604107
147.501016,4505,3735,13:11:31.605109
147.502876,4492,3771,13:11:31.605109
147.504732,3851,3643,13:11:31.654091
147.506605,4382,4214,13:11:31.654091
147.508465,4526,3917,13:11:31.654091
147.510357,4159,3429,13:11:31.654091
147.512235,4188,4024,13:11:31.654091
147.514092,4804,3959,13:11:31.654091
147.515948,4600,3585,13:11:31.654091
147.517806,3629,3646,13:11:31.654091
147.519663,4530,4167,13:11:31.654091
147.521521,4774,3783,13:11:31.654091
147.523378,3916,3670,13:11:31.654091
147.525234,4277,3920,13:11:31.654091
147.527092,4689,3767,13:11:31.654091
147.528954,4470,3833,13:11:31.654091
147.530815,4125,4069,13:11:31.654091
147.532671,4322,4177,13:11:31.654091
147.53453,4471,3742,13:11:31.655048
147.536386,3921,3561,13:11:31.655048
147.538243,4061,3902,13:11:31.655048
147.540101,4554,3909,13:11:31.655048
147.541957,4356,3812,13:11:31.655048
147.543816,4028,3807,13:11:31.655048
147.545672,4565,3885,13:11:31.655048
147.547534,4334,3783,13:11:31.655048
147.549391,4021,3859,13:11:31.655048
147.551247,4085,3909,13:11:31.655048
147.553105,4480,3932,13:11:31.655048
147.554998,4210,3748,13:11:31.705218
147.55686,4136,4006,13:11:31.705218
147.55872,4619,3927,13:11:31.705218
147.560629,4175,3934,13:11:31.705218
147.562491,4000,4060,13:11:31.705218
147.564347,4791,4237,13:11:31.705218
147.566204,4579,4084,13:11:31.705218
147.568062,4113,3768,13:11:31.705218
147.569924,4336,4296,13:11:31.705218
147.571783,4344,3787,13:11:31.705218
147.573639,4186,3492,13:11:31.705218
147.575505,4172,3578,13:11:31.705218
147.577362,4622,3817,13:11:31.705218
147.579218,4455,3668,13:11:31.705218
147.581076,4161,3785,13:11:31.705218
147.582933,4462,3925,13:11:31.705218
147.584791,4357,4035,13:11:31.705218
147.586648,4128,3723,13:11:31.705218
147.588504,3886,3980,13:11:31.705218
147.590362,4500,3957,13:11:31.705218
147.592226,4247,3558,13:11:31.705218
147.594083,4114,3823,13:11:31.705218
147.595939,4386,3933,13:11:31.705218
147.597798,4377,3769,13:11:31.705218
147.599654,3830,3895,13:11:31.705218
147.60151,4412,4122,13:11:31.705218
147.603367,4543,3820,13:11:31.705218
147.605223,4530,3917,13:11:31.757436
147.607086,4302,4060,13:11:31.757436
147.608946,4456,3954,13:11:31.757436
147.610866,4262,3976,13:11:31.757436
147.612736,4014,3828,13:11:31.757436
147.614593,3873,4022,13:11:31.758446
147.616457,4432,4109,13:11:31.758446
147.618313,3868,3634,13:11:31.758446
147.62017,4216,3884,13:11:31.758446
147.622028,4491,4009,13:11:31.758446
147.623884,4101,3695,13:11:31.758446
147.625743,3794,3888,13:11:31.758446
147.627599,4365,3771,13:11:31.758446
147.62946,4351,3817,13:11:31.758446
147.631318,4182,3488,13:11:31.758446
147.633175,4149,3961,13:11:31.758446
147.635037,4555,3780,13:11:31.758446
147.636893,4338,3834,13:11:31.758446
147.638755,4323,4141,13:11:31.758446
147.640612,4402,4097,13:11:31.758446
147.642468,4391,3558,13:11:31.758446
147.644326,4456,3592,13:11:31.758446
147.646183,4229,4052,13:11:31.758446
147.648039,4358,3776,13:11:31.758446
147.649896,4547,3652,13:11:31.758446
147.651756,4454,3741,13:11:31.758446
147.653614,4410,3787,13:11:31.758446
147.655485,4515,3791,13:11:31.805463
147.657351,4186,3773,13:11:31.805463
147.659211,4253,4138,13:11:31.805463
147.661111,4452,3559,13:11:31.805463
147.66297,4199,3815,13:11:31.805463
147.664832,4175,4151,13:11:31.805463
147.666691,4368,4016,13:11:31.805463
147.668547,4318,3647,13:11:31.805463
147.670411,4159,3866,13:11:31.805463
147.67227,4411,3890,13:11:31.805463
147.674126,4289,3743,13:11:31.805463
147.675984,4280,3612,13:11:31.805463
147.677841,4219,4070,13:11:31.805463
147.679699,4564,3901,13:11:31.805463
147.681555,4261,3703,13:11:31.805463
147.683412,4212,3800,13:11:31.805463
147.68527,4368,3674,13:11:31.805463
147.687131,4351,3978,13:11:31.805463
147.688991,4288,3774,13:11:31.805463
147.690847,4326,3968,13:11:31.805463
147.692705,4483,3886,13:11:31.805463
147.694562,4335,3955,13:11:31.805463
147.696418,4294,3761,13:11:31.805463
147.698277,4308,3719,13:11:31.805463
147.700133,4368,3694,13:11:31.805463
147.701991,4564,3969,13:11:31.805463
147.703848,4505,3831,13:11:31.805463
147.705718,4148,3967,13:11:31.859148
147.707584,4152,3662,13:11:31.859148
147.709448,4304,3915,13:11:31.859148
147.711369,4253,4079,13:11:31.859148
147.713225,4142,3911,13:11:31.859148
147.715081,4388,3756,13:11:31.859148
147.71694,4520,3937,13:11:31.859148
147.718798,4187,3623,13:11:31.859148
147.720657,4313,3945,13:11:31.859148
147.722513,4448,3797,13:11:31.859148
147.724369,4285,3869,13:11:31.859148
147.726228,4193,3761,13:11:31.859148
147.72809,4308,3834,13:11:31.859148
147.729946,4463,3953,13:11:31.859148
147.731803,4302,3824,13:11:31.859148
147.733661,4226,3822,13:11:31.859148
147.735517,4592,3689,13:11:31.859148
147.737378,4146,3864,13:11:31.859148
147.739236,3890,3724,13:11:31.859148
147.741092,4401,3905,13:11:31.859148
147.742951,4235,3874,13:11:31.859148
147.744807,4201,3888,13:11:31.859148
147.746668,4284,3598,13:11:31.859148
147.748524,4368,3950,13:11:31.859148
147.75038,4246,3801,13:11:31.860154
147.752239,4274,3910,13:11:31.860154
147.754095,4344,3900,13:11:31.860154
147.755953,4369,3782,13:11:31.904292
147.75782,4206,3748,13:11:31.904292
147.759694,4357,4133,13:11:31.904292
147.761604,4334,3627,13:11:31.904292
147.763463,4365,3849,13:11:31.904292
147.765325,4379,3784,13:11:31.904292
147.767185,4287,3895,13:11:31.904292
147.769049,4381,3945,13:11:31.904292
147.770906,4216,4053,13:11:31.904292
147.772764,4156,4017,13:11:31.904292
147.774623,4117,3723,13:11:31.904292
147.776479,4373,4081,13:11:31.904292
147.778335,4276,3950,13:11:31.904292
147.780194,4287,3943,13:11:31.904292
147.78205,4274,3850,13:11:31.904292
147.783909,4512,3645,13:11:31.904292
147.785765,4212,3665,13:11:31.904292
147.787627,4447,3863,13:11:31.904292
147.789484,4220,3638,13:11:31.904292
147.79134,4174,3716,13:11:31.904292
147.793198,4173,3658,13:11:31.904292
147.795055,4104,3939,13:11:31.904292
147.796911,4216,3728,13:11:31.904292
147.798767,4420,3852,13:11:31.904292
147.800624,4554,4041,13:11:31.904292
147.80248,4405,3780,13:11:31.904292
147.804337,4282,3919,13:11:31.904292
147.806205,4431,3752,13:11:31.954148
147.808065,4211,3942,13:11:31.954148
147.809939,4351,3699,13:11:31.954148
147.811842,4202,3844,13:11:31.954148
147.813698,4206,3848,13:11:31.954148
147.815556,4363,4019,13:11:31.954148
147.817413,4152,3871,13:11:31.954148
147.819271,4223,3845,13:11:31.954148
147.821129,4268,3818,13:11:31.954148
147.822995,4240,3982,13:11:31.954148
147.824854,4121,3947,13:11:31.954148
147.826711,4178,3611,13:11:31.954148
147.828569,4179,3751,13:11:31.954148
147.830425,4403,3833,13:11:31.954148
147.832282,4495,3876,13:11:31.954148
147.83414,4105,3748,13:11:31.954148
147.835996,4237,3786,13:11:31.954148
147.837855,4106,3724,13:11:31.954148
147.839711,4118,3866,13:11:31.954148
147.841573,4221,3984,13:11:31.954148
147.84343,4096,3645,13:11:31.954148
147.845286,4301,3750,13:11:31.954148
147.847145,4234,3849,13:11:31.954148
147.849001,4479,4060,13:11:31.954148
147.850859,4169,3729,13:11:31.954148
147.852716,4241,3813,13:11:31.954148
147.854572,4315,3906,13:11:31.954148
147.85644,4254,3603,13:11:32.012918
147.858301,4216,3739,13:11:32.012918
147.860187,4105,3897,13:11:32.012918
147.862065,4236,3973,13:11:32.012918
147.863922,4220,3879,13:11:32.012918
147.865818,4413,3989,13:11:32.012918
147.867676,4109,3868,13:11:32.012918
147.869538,4129,3937,13:11:32.012918
147.871395,4135,3836,13:11:32.012918
147.873251,4509,3974,13:11:32.012918
147.87511,4613,3740,13:11:32.012918
147.876966,4253,3911,13:11:32.012918
147.878824,4207,4093,13:11:32.012918
147.880681,4438,3557,13:11:32.012918
147.882541,4087,3754,13:11:32.012918
147.884397,4458,3692,13:11:32.012918
147.886254,4340,3974,13:11:32.012918
147.888116,4457,4003,13:11:32.012918
147.889972,4313,3912,13:11:32.012918
147.891831,4272,4042,13:11:32.012918
147.893687,4244,3522,13:11:32.012918
147.895544,4122,3887,13:11:32.012918
147.897402,4148,3512,13:11:32.012918
147.899261,4376,3727,13:11:32.012918
147.901119,4237,3881,13:11:32.012918
147.902975,4336,4003,13:11:32.012918
147.904837,4618,4002,13:11:32.056477
147.906704,4149,3670,13:11:32.056477
147.908565,4440,3734,13:11:32.056477
147.910476,4035,3753,13:11:32.056477
147.912344,4026,3908,13:11:32.056477
147.914217,4082,3860,13:11:32.056477
147.916081,4463,3887,13:11:32.056477
147.917945,2823,3962,13:11:32.056477
147.919806,4238,4049,13:11:32.056477
147.921662,4053,4154,13:11:32.056477
147.923519,4245,3953,13:11:32.056477
147.925379,4438,3740,13:11:32.056477
147.927235,4191,3912,13:11:32.056477
147.929092,4201,3901,13:11:32.056477
147.930948,4176,3908,13:11:32.056477
147.932814,4160,3874,13:11:32.056477
147.934671,4050,3943,13:11:32.056477
147.936527,4298,4142,13:11:32.056477
147.938385,4169,3942,13:11:32.056477
147.940242,4379,3728,13:11:32.056477
147.9421,4253,3691,13:11:32.056477
147.943956,4100,3657,13:11:32.056477
147.945813,4437,4001,13:11:32.056477
147.947671,4220,3903,13:11:32.056477
147.949535,4437,3888,13:11:32.056477
147.951392,4212,4017,13:11:32.056477
147.953248,4280,3772,13:11:32.057484
147.955107,4122,3724,13:11:32.109232
147.956979,4464,3421,13:11:32.109232
147.958839,4345,3771,13:11:32.109232
147.960726,4361,3708,13:11:32.109232
147.962592,4232,3773,13:11:32.109232
147.964478,4406,4097,13:11:32.109232
147.966336,4371,3782,13:11:32.109232
147.968197,4207,3763,13:11:32.109232
147.970053,4459,3732,13:11:32.109232
147.971909,4173,3715,13:11:32.109232
147.973774,3981,3830,13:11:32.109232
147.97563,4376,3793,13:11:32.109232
147.977486,4558,3735,13:11:32.109232
147.979345,4278,3728,13:11:32.109232
147.981201,4200,3629,13:11:32.109232
147.983058,4573,3800,13:11:32.109232
147.984916,4320,3696,13:11:32.109232
147.986774,4258,3700,13:11:32.109232
147.988631,4358,3746,13:11:32.109232
147.990494,4377,3988,13:11:32.109232
147.992351,4201,3774,13:11:32.109232
147.994208,4214,3945,13:11:32.109232
147.996066,4360,3976,13:11:32.109232
147.997922,4265,3879,13:11:32.109232
147.999779,4165,3818,13:11:32.109232
148.001635,4562,4082,13:11:32.109232
148.003491,4457,3819,13:11:32.109232
148.005348,4231,3744,13:11:32.159661
148.007214,4349,4102,13:11:32.159661
148.009081,4488,3985,13:11:32.159661
148.010983,4085,3737,13:11:32.159661
148.012841,4769,3988,13:11:32.159661
148.014699,4429,3967,13:11:32.159661
148.01656,4284,3879,13:11:32.159661
148.018416,4405,3688,13:11:32.159661
148.020272,4323,3791,13:11:32.159661
148.022129,4242,3750,13:11:32.159661
148.023985,4325,3933,13:11:32.159661
148.025844,4425,3786,13:11:32.159661
148.027702,4461,3708,13:11:32.159661
148.029558,4246,4016,13:11:32.159661
148.031415,4362,3736,13:11:32.159661
148.033273,4253,3695,13:11:32.159661
148.035129,4395,3850,13:11:32.159661
148.036986,4451,3681,13:11:32.159661
148.038844,4291,3714,13:11:32.159661
148.040706,4306,3884,13:11:32.159661
148.042563,4170,3794,13:11:32.159661
148.044419,4043,3921,13:11:32.159661
148.046277,4324,3685,13:11:32.159661
148.048134,4380,3943,13:11:32.159661
148.049992,4395,4087,13:11:32.159661
148.051849,4230,3954,13:11:32.159661
148.053705,4504,3945,13:11:32.160664
148.055565,4502,3835,13:11:32.211840
148.057436,4052,3917,13:11:32.211840
148.059298,4393,4058,13:11:32.211840
148.061214,4085,3747,13:11:32.211840
148.063075,4278,3782,13:11:32.211840
148.064941,4346,3755,13:11:32.211840
148.066813,4251,4081,13:11:32.212851
148.068687,4335,3647,13:11:32.212851
148.07055,4301,3703,13:11:32.212851
148.072412,4322,3700,13:11:32.212851
148.074268,4357,3791,13:11:32.212851
148.076125,4274,3729,13:11:32.212851
148.077983,4064,3823,13:11:32.212851
148.079839,4341,3983,13:11:32.212851
148.081696,4578,3968,13:11:32.212851
148.083554,4126,3797,13:11:32.212851
148.08541,4386,4023,13:11:32.212851
148.087269,4315,3825,13:11:32.212851
148.089125,4357,3860,13:11:32.212851
148.090989,4272,3835,13:11:32.212851
148.092846,4451,3873,13:11:32.212851
148.094702,4287,3738,13:11:32.212851
148.09656,4292,3797,13:11:32.212851
148.098417,4002,3715,13:11:32.212851
148.100275,4325,3704,13:11:32.212851
148.102131,4004,3810,13:11:32.212851
148.103988,4367,3851,13:11:32.212851
148.105858,4431,3746,13:11:32.262370
148.107718,4384,3958,13:11:32.262370
148.109582,4324,3895,13:11:32.262370
148.111493,4298,3734,13:11:32.262370
148.113349,4203,3631,13:11:32.262370
148.115208,3854,3759,13:11:32.262370
148.117066,4102,4030,13:11:32.262370
148.11895,2521,3792,13:11:32.262370
148.120807,4519,4124,13:11:32.262370
148.122663,4303,3877,13:11:32.262370
148.124521,4407,3809,13:11:32.262370
148.126378,4211,3780,13:11:32.262370
148.128236,4466,3769,13:11:32.262370
148.130092,4289,3873,13:11:32.262370
148.131951,4348,3630,13:11:32.262370
148.133807,4443,4040,13:11:32.262370
148.135664,4441,4021,13:11:32.262370
148.137522,4229,3800,13:11:32.262370
148.139378,4433,3774,13:11:32.262370
148.141236,4416,3743,13:11:32.262370
148.143093,4327,3868,13:11:32.262370
148.144949,4115,3566,13:11:32.262370
148.146807,4440,3774,13:11:32.262370
148.148669,4220,3548,13:11:32.262370
148.150526,4237,3871,13:11:32.262370
148.152382,4265,3905,13:11:32.262370
148.154241,4156,3926,13:11:32.262370
148.156107,4468,3981,13:11:32.314531
148.157967,4226,4085,13:11:32.314531
148.159836,4271,3807,13:11:32.314531
148.16172,4223,3634,13:11:32.314531
148.163584,4433,4054,13:11:32.314531
148.165444,4261,3680,13:11:32.314531
148.167306,4277,3891,13:11:32.314531
148.169197,2669,3835,13:11:32.314531
148.171054,4465,3903,13:11:32.314531
148.172914,4489,3992,13:11:32.314531
148.174772,4441,3974,13:11:32.314531
148.176629,4354,4111,13:11:32.314531
148.178491,4369,3966,13:11:32.314531
148.180347,4357,4105,13:11:32.314531
148.182206,4429,3979,13:11:32.314531
148.184062,4318,3767,13:11:32.314531
148.185918,4476,3837,13:11:32.314531
148.187777,4386,3978,13:11:32.314531
148.189637,4263,3820,13:11:32.314531
148.191495,4290,3832,13:11:32.314531
148.193352,4618,3880,13:11:32.314531
148.195218,4279,3788,13:11:32.314531
148.197074,4303,3951,13:11:32.314531
148.198931,4408,4076,13:11:32.314531
148.200789,4177,3629,13:11:32.314531
148.202646,4445,4022,13:11:32.314531
148.204504,4360,3997,13:11:32.314531
148.206366,4360,3793,13:11:32.365659
148.208227,4048,4057,13:11:32.365659
148.210105,4433,4063,13:11:32.365659
148.211989,4122,3832,13:11:32.365659
148.213847,4349,4048,13:11:32.365659
148.215704,4371,3968,13:11:32.365659
148.217562,4217,3671,13:11:32.365659
148.219421,4440,3746,13:11:32.365659
148.221279,2443,3792,13:11:32.365659
148.223159,4177,3985,13:11:32.365659
148.225015,4125,3888,13:11:32.365659
148.226876,4375,3866,13:11:32.365659
148.228734,4312,3774,13:11:32.365659
148.230596,4282,3994,13:11:32.365659
148.232455,4179,4233,13:11:32.365659
148.234311,4316,4018,13:11:32.365659
148.236178,4146,4103,13:11:32.365659
148.238034,4183,3836,13:11:32.365659
148.23989,4485,4042,13:11:32.365659
148.241749,4126,4018,13:11:32.365659
148.243605,4356,3899,13:11:32.365659
148.245463,4370,3760,13:11:32.365659
148.24732,4521,3782,13:11:32.365659
148.249176,4348,3853,13:11:32.365659
148.251032,4310,3835,13:11:32.365659
148.252898,4162,3891,13:11:32.365659
148.254755,4107,3854,13:11:32.417304
148.256624,4335,3952,13:11:32.417304
148.258488,4457,3939,13:11:32.417304
148.260392,4235,3942,13:11:32.417304
148.262254,4283,3884,13:11:32.417304
148.264113,4119,3984,13:11:32.417304
148.265969,4426,3859,13:11:32.417304
148.267826,4583,4059,13:11:32.417304
148.269688,4302,4123,13:11:32.417304
148.271545,3646,3979,13:11:32.417304
148.273412,4333,3717,13:11:32.417304
148.275269,4214,3738,13:11:32.417304
148.277131,4306,3758,13:11:32.417304
148.278988,4132,4039,13:11:32.417304
148.280846,4148,3843,13:11:32.417304
148.282704,4749,3730,13:11:32.417304
148.284561,4301,4043,13:11:32.417304
148.286419,4337,3868,13:11:32.417304
148.288275,4340,4000,13:11:32.417304
148.290132,4193,3940,13:11:32.417304
148.291988,4499,3884,13:11:32.417304
148.293844,4281,3945,13:11:32.417304
148.295705,4045,4185,13:11:32.417304
148.297561,4576,4118,13:11:32.417304
148.299419,4092,4044,13:11:32.417304
148.301276,4273,3652,13:11:32.417304
148.303132,4282,3844,13:11:32.417304
148.304991,4407,3723,13:11:32.467966
148.306865,4199,3765,13:11:32.467966
148.308725,4420,3899,13:11:32.467966
148.310629,4208,4049,13:11:32.467966
148.312492,4085,4159,13:11:32.467966
148.314354,4450,3942,13:11:32.467966
148.31621,3954,4110,13:11:32.467966
148.318069,4358,3791,13:11:32.467966
148.319925,3854,3757,13:11:32.467966
148.321783,4005,3891,13:11:32.467966
148.32366,2664,3756,13:11:32.467966
148.325524,4426,4055,13:11:32.468820
148.32738,4351,4022,13:11:32.468820
148.329237,4231,3965,13:11:32.468820
148.331093,4270,3895,13:11:32.468820
148.332949,4303,4026,13:11:32.468820
148.334806,4360,3942,13:11:32.468820
148.336666,4525,4068,13:11:32.468820
148.338522,4248,3822,13:11:32.468820
148.340381,4060,3848,13:11:32.468820
148.342237,4372,3943,13:11:32.468820
148.344094,4306,3744,13:11:32.468820
148.345952,4303,4041,13:11:32.468820
148.347812,4261,4081,13:11:32.468820
148.349671,4280,3900,13:11:32.468820
148.351527,4390,3735,13:11:32.468820
148.353387,4374,4006,13:11:32.468820
148.355244,4414,3863,13:11:32.518681
148.357115,4333,4132,13:11:32.518681
148.358976,4293,3780,13:11:32.518681
148.360867,4188,3964,13:11:32.518681
148.362727,4250,4026,13:11:32.518681
148.364583,4104,3806,13:11:32.518681
148.36644,4439,3995,13:11:32.518681
148.3683,3774,3763,13:11:32.518681
148.370156,4541,3942,13:11:32.518681
148.372019,4369,3899,13:11:32.518681
148.373876,2130,3843,13:11:32.518681
148.375737,4345,4094,13:11:32.518681
148.377596,4214,3941,13:11:32.518681
148.379452,4303,4211,13:11:32.518681
148.381334,4383,3907,13:11:32.518681
148.383191,4456,3947,13:11:32.518681
148.385047,4512,3865,13:11:32.518681
148.386906,4362,3772,13:11:32.518681
148.388764,4393,4046,13:11:32.518681
148.39062,4258,3722,13:11:32.518681
148.392477,4322,3991,13:11:32.518681
148.394335,4327,3863,13:11:32.518681
148.396191,4071,3838,13:11:32.518681
148.398048,4167,3976,13:11:32.518681
148.399906,4317,3878,13:11:32.518681
148.401762,4328,4066,13:11:32.518681
148.403621,4425,3915,13:11:32.518681
148.405479,4079,4054,13:11:32.571757
148.40735,4169,3994,13:11:32.571757
148.40921,4064,4066,13:11:32.571757
148.41111,4047,4008,13:11:32.571757
148.412968,4218,4150,13:11:32.571757
148.414831,4221,3986,13:11:32.571757
148.416687,4214,3937,13:11:32.571757
148.418545,4262,4037,13:11:32.571757
148.420406,3927,3924,13:11:32.571757
148.422264,4471,3984,13:11:32.571757
148.424122,4194,4023,13:11:32.571757
148.425991,3537,4070,13:11:32.571757
148.427847,4474,4024,13:11:32.571757
148.429703,4488,3912,13:11:32.571757
148.431562,4488,3962,13:11:32.571757
148.433418,4483,4014,13:11:32.571757
148.435277,4179,3954,13:11:32.571757
148.437133,4242,4021,13:11:32.571757
148.438989,4454,4238,13:11:32.571757
148.440848,4487,3862,13:11:32.571757
148.442708,4213,3903,13:11:32.571757
148.444564,4386,4162,13:11:32.571757
148.446421,4674,4148,13:11:32.571757
148.448279,4242,3920,13:11:32.571757
148.450135,4033,3918,13:11:32.571757
148.451992,4437,3912,13:11:32.571757
148.45385,4225,3930,13:11:32.572758
148.455712,4364,3799,13:11:32.621607
148.457575,4199,4015,13:11:32.621607
148.459439,4368,4097,13:11:32.621607
148.461356,4054,4003,13:11:32.621607
148.463218,4243,4018,13:11:32.621607
148.465074,4501,3916,13:11:32.621607
148.466938,4330,3764,13:11:32.621607
148.468797,4095,3918,13:11:32.621607
148.470653,4242,3963,13:11:32.621607
148.472512,4441,3936,13:11:32.621607
148.474373,4156,3939,13:11:32.621607
148.476266,2006,4047,13:11:32.621607
148.478126,4324,3883,13:11:32.621607
148.479983,4316,4001,13:11:32.621607
148.481843,4470,3966,13:11:32.621607
148.483699,4480,4127,13:11:32.621607
148.485558,4320,3821,13:11:32.621607
148.487414,4186,4042,13:11:32.621607
148.48927,4357,4196,13:11:32.621607
148.491127,4555,4039,13:11:32.621607
148.492991,4208,3755,13:11:32.621607
148.494847,4190,3855,13:11:32.621607
148.496704,4796,4090,13:11:32.621607
148.498562,4369,3631,13:11:32.621607
148.500418,4248,3988,13:11:32.621607
148.502275,4384,3909,13:11:32.621607
148.504133,4424,3972,13:11:32.621607
148.506005,4162,3873,13:11:32.680038
148.507868,4417,4007,13:11:32.680038
148.50973,4401,3868,13:11:32.680038
148.511639,4080,3913,13:11:32.680038
148.513499,4375,4027,13:11:32.680038
148.515355,4116,4103,13:11:32.680038
148.517213,4370,3987,13:11:32.680038
148.51907,4103,3869,13:11:32.680038
148.520926,4037,4112,13:11:32.680038
148.522784,4317,3791,13:11:32.680038
148.524641,4120,3603,13:11:32.680038
148.526502,4089,4062,13:11:32.680038
148.528381,1841,4114,13:11:32.680038
148.530248,4362,3849,13:11:32.681040
148.532104,4232,3794,13:11:32.681040
148.53396,4652,4092,13:11:32.681040
148.535817,4205,3709,13:11:32.681040
148.537673,4309,4062,13:11:32.681040
148.539535,4305,4122,13:11:32.681040
148.541392,4400,3779,13:11:32.681040
148.543248,4327,3926,13:11:32.681040
148.545106,4118,3836,13:11:32.681040
148.546963,4309,3992,13:11:32.681040
148.548821,4315,3936,13:11:32.681040
148.550677,4231,3899,13:11:32.681040
148.552536,4460,3866,13:11:32.681040
148.554394,4519,4075,13:11:32.681040
148.556262,4066,4078,13:11:32.723671
148.558123,4581,3997,13:11:32.723671
148.55999,4142,3667,13:11:32.723671
148.561934,3970,4034,13:11:32.723671
148.563795,4402,4119,13:11:32.723671
148.565652,4373,3807,13:11:32.723671
148.567512,4276,3711,13:11:32.723671
148.569368,4241,4169,13:11:32.723671
148.571225,4575,4100,13:11:32.723671
148.573083,4223,3890,13:11:32.723671
148.574942,4204,3757,13:11:32.723671
148.576808,4458,4059,13:11:32.723671
148.578664,3928,3877,13:11:32.723671
148.580521,4266,3814,13:11:32.723671
148.582379,4260,4085,13:11:32.723671
148.584239,4475,3881,13:11:32.723671
148.586139,3780,4098,13:11:32.723671
148.588032,4196,3950,13:11:32.723671
148.589894,4373,3889,13:11:32.723671
148.59175,4427,3913,13:11:32.723671
148.593607,4053,3879,13:11:32.723671
148.595465,4216,3818,13:11:32.723671
148.597321,4269,3917,13:11:32.723671
148.599178,4304,3922,13:11:32.723671
148.601036,4543,4001,13:11:32.723671
148.602892,4509,4022,13:11:32.723671
148.604753,4462,3821,13:11:32.778423
148.606617,4100,4155,13:11:32.778423
148.608479,4128,3818,13:11:32.778423
148.6104,4355,4063,13:11:32.778423
148.612264,4442,3830,13:11:32.778423
148.614126,4056,3797,13:11:32.778423
148.615983,4407,3981,13:11:32.778423
148.617839,4324,3862,13:11:32.778423
148.619697,3983,4059,13:11:32.778423
148.621554,3826,4142,13:11:32.778423
148.623412,4472,4152,13:11:32.778423
148.62527,4229,3833,13:11:32.778423
148.627129,4221,4100,13:11:32.778423
148.628987,4176,3776,13:11:32.778423
148.630853,3655,3772,13:11:32.778423
148.63271,4142,4175,13:11:32.778423
148.634566,4530,3865,13:11:32.778423
148.636424,4210,3830,13:11:32.778423
148.638281,4192,3975,13:11:32.778423
148.640137,4375,3925,13:11:32.778423
148.641993,4430,3928,13:11:32.778423
148.64385,4214,4128,13:11:32.778423
148.645708,4036,4025,13:11:32.778423
148.647565,4518,3992,13:11:32.778423
148.649431,4269,3681,13:11:32.778423
148.651287,4342,3745,13:11:32.778423
148.653144,4307,3769,13:11:32.778423
148.655002,4657,3984,13:11:32.828085
148.656872,4353,4051,13:11:32.828085
148.658735,4478,3941,13:11:32.828085
148.660625,4344,3956,13:11:32.828085
148.662488,4199,3801,13:11:32.828085
148.664349,4045,3814,13:11:32.828085
148.666206,4235,3950,13:11:32.828085
148.66807,4400,4003,13:11:32.828085
148.669926,4498,3949,13:11:32.828085
148.671785,4539,3900,13:11:32.828085
148.673643,4179,3780,13:11:32.828085
148.6755,4103,3838,13:11:32.830087
148.677359,4288,3897,13:11:32.831088
148.679218,4044,4032,13:11:32.831088
148.681075,4445,3894,13:11:32.831088
148.682935,2417,3792,13:11:32.831088
148.684799,4514,3882,13:11:32.831088
148.686656,4388,4005,13:11:32.831088
148.688514,4397,3799,13:11:32.831088
148.6904,4399,3996,13:11:32.831088
148.692257,4519,4108,13:11:32.831088
148.694123,4161,3888,13:11:32.831088
148.695979,4047,4002,13:11:32.831088
148.697836,4305,3794,13:11:32.831088
148.699694,4466,3925,13:11:32.831088
148.70155,4435,3894,13:11:32.831088
148.703407,4342,4053,13:11:32.831088
148.705265,4252,3605,13:11:32.876575
148.707129,4335,3839,13:11:32.876575
148.70899,4285,3903,13:11:32.877590
148.710894,4210,4076,13:11:32.877590
148.71275,4328,3828,13:11:32.877590
148.71461,4119,3808,13:11:32.877590
148.716469,4067,3891,13:11:32.877590
148.718327,4273,3918,13:11:32.877590
148.720184,4636,3773,13:11:32.877590
148.72204,4461,3848,13:11:32.877590
148.723898,4454,3817,13:11:32.877590
148.725758,4193,4005,13:11:32.877590
148.727617,3974,4114,13:11:32.878581
148.729473,4472,3900,13:11:32.878581
148.731332,4109,3897,13:11:32.878581
148.73319,3174,3962,13:11:32.878581
148.735052,4206,3777,13:11:32.878581
148.736929,4621,3869,13:11:32.878581
148.738785,4432,3568,13:11:32.878581
148.740645,4349,3984,13:11:32.878581
148.742502,4254,4105,13:11:32.878581
148.744358,4235,3641,13:11:32.878581
148.746216,4086,4054,13:11:32.878581
148.748078,4282,3886,13:11:32.878581
148.749935,4174,3889,13:11:32.878581
148.751793,4371,3742,13:11:32.878581
148.75366,4498,3954,13:11:32.878581
148.75552,4585,139,13:11:32.929072
148.757391,4494,-175,13:11:32.929072
148.759252,4299,-173,13:11:32.929072
148.761165,3982,-158,13:11:32.929072
148.763025,4414,29,13:11:32.929072
148.764884,4408,206,13:11:32.929072
148.76674,4096,-199,13:11:32.929072
148.768598,4219,289,13:11:32.929072
148.770455,4467,-19,13:11:32.929072
148.772317,4159,-39,13:11:32.929072
148.774173,4468,0,13:11:32.929072
148.77603,4588,58,13:11:32.929072
148.777894,3745,-118,13:11:32.929072
148.779751,4362,-122,13:11:32.929072
148.781613,4227,-90,13:11:32.929072
148.783469,1848,-29,13:11:32.929072
148.785331,4376,-101,13:11:32.929072
148.787192,4357,40,13:11:32.929072
148.789048,4545,-119,13:11:32.929072
148.790906,4418,-11,13:11:32.931079
148.792763,4368,106,13:11:32.931079
148.794619,4357,132,13:11:32.931079
148.796478,4363,3,13:11:32.931079
148.798334,4456,-46,13:11:32.931079
148.800192,4522,-140,13:11:32.931079
148.802049,4285,99,13:11:32.931079
148.803907,4195,131,13:11:32.931079
148.805771,4420,-91,13:11:32.979573
148.807632,4527,10,13:11:32.979573
148.809494,4418,-203,13:11:32.979573
148.8114,3940,260,13:11:32.979573
148.813266,4327,55,13:11:32.979573
148.815123,4290,-11,13:11:32.979573
148.816979,4371,-303,13:11:32.979573
148.818838,3936,-137,13:11:32.979573
148.820694,4385,114,13:11:32.979573
148.822554,4370,126,13:11:32.979573
148.824411,4428,-54,13:11:32.981589
148.826269,4164,41,13:11:32.981589
148.828127,4524,58,13:11:32.981589
148.829987,4545,-21,13:11:32.981589
148.831846,4571,-96,13:11:32.981589
148.833705,4372,-154,13:11:32.981589
148.835587,1850,-150,13:11:32.981589
148.837451,4538,5,13:11:32.981589
148.839311,4294,-198,13:11:32.981589
148.841168,4510,-84,13:11:32.981589
148.843024,4169,-129,13:11:32.981589
148.844882,4405,140,13:11:32.981589
148.846739,4353,74,13:11:32.981589
148.848595,4371,-150,13:11:32.981589
148.850453,4543,-97,13:11:32.981589
148.85231,4559,139,13:11:32.981589
148.854168,4434,80,13:11:32.981589
148.856037,4420,-44,13:11:33.030911
148.857897,4535,32,13:11:33.030911
148.859763,4392,170,13:11:33.030911
148.861651,4360,-56,13:11:33.030911
148.86351,4162,-37,13:11:33.030911
148.865366,4512,206,13:11:33.030911
148.867222,4145,112,13:11:33.030911
148.869079,4383,-117,13:11:33.030911
148.870936,4092,-187,13:11:33.030911
148.872798,4226,108,13:11:33.030911
148.874654,4212,95,13:11:33.030911
148.876512,4088,33,13:11:33.030911
148.878369,4481,216,13:11:33.030911
148.880225,4468,116,13:11:33.030911
148.882083,4636,51,13:11:33.030911
148.883944,4385,-103,13:11:33.030911
148.885806,2637,-298,13:11:33.030911
148.887664,4370,99,13:11:33.030911
148.889523,4359,-214,13:11:33.030911
148.891379,4394,-154,13:11:33.030911
148.89324,4324,-177,13:11:33.030911
148.89513,4612,309,13:11:33.030911
148.896986,4409,-14,13:11:33.030911
148.898848,4476,-377,13:11:33.030911
148.900707,4431,-82,13:11:33.030911
148.902563,4400,-25,13:11:33.030911
148.904421,4377,-58,13:11:33.030911
148.906284,4342,147,13:11:33.083926
148.908144,4228,-121,13:11:33.083926
148.910024,4311,-24,13:11:33.083926
148.911914,4407,79,13:11:33.083926
148.913773,4245,136,13:11:33.083926
148.915629,4155,-133,13:11:33.083926
148.917496,4211,-160,13:11:33.083926
148.919352,58,-182,13:11:33.083926
148.921208,-319,-7,13:11:33.083926
148.923067,-78,51,13:11:33.083926
148.924923,65,168,13:11:33.083926
148.926783,201,87,13:11:33.083926
148.92864,10,-94,13:11:33.083926
148.930496,-230,-69,13:11:33.083926
148.932353,186,127,13:11:33.083926
148.934216,74,68,13:11:33.083926
148.936073,28,169,13:11:33.083926
148.93793,-1420,21,13:11:33.083926
148.939788,99,-108,13:11:33.083926
148.941644,-28,-389,13:11:33.083926
148.943501,-89,31,13:11:33.083926
148.945357,82,-61,13:11:33.083926
148.947213,143,-72,13:11:33.083926
148.94907,56,-168,13:11:33.083926
148.950926,291,-48,13:11:33.083926
148.952794,80,-216,13:11:33.083926
148.954651,-36,-382,13:11:33.136037
148.956525,175,79,13:11:33.136037
148.958386,341,-150,13:11:33.136037
148.960299,188,115,13:11:33.136037
148.962166,150,-86,13:11:33.136037
148.964024,85,-55,13:11:33.136037
148.965885,68,-61,13:11:33.136037
148.967743,-93,-57,13:11:33.136037
148.969599,98,-79,13:11:33.136037
148.971456,-710,-137,13:11:33.136037
148.973314,125,-33,13:11:33.136037
148.975175,-209,-254,13:11:33.136037
148.977033,-3,-119,13:11:33.136037
148.978889,-178,109,13:11:33.136037
148.980748,368,-41,13:11:33.136037
148.982606,141,-136,13:11:33.136037
148.984469,-313,-183,13:11:33.136037
148.986333,141,-288,13:11:33.137027
148.988225,282,136,13:11:33.137027
148.990097,-536,62,13:11:33.137027
148.991954,306,-102,13:11:33.137027
148.993833,98,165,13:11:33.137027
148.99569,264,-170,13:11:33.137027
148.997547,131,-92,13:11:33.137027
148.999407,28,-221,13:11:33.137027
149.001263,175,-185,13:11:33.137027
149.00312,267,133,13:11:33.137027
149.004978,225,167,13:11:33.184048
149.006844,187,84,13:11:33.184048
149.008705,118,-112,13:11:33.184048
149.010609,4,-23,13:11:33.184048
149.012475,-202,137,13:11:33.184048
149.014335,-19,-110,13:11:33.184048
149.016192,41,263,13:11:33.184048
149.018054,449,157,13:11:33.184048
149.019911,-85,-100,13:11:33.184048
149.021767,98,157,13:11:33.184048
149.023625,250,-357,13:11:33.184048
149.025482,-94,106,13:11:33.184048
149.02734,37,-35,13:11:33.184048
149.029196,-505,-337,13:11:33.184048
149.031057,-69,67,13:11:33.184048
149.032915,-185,37,13:11:33.184048
149.034782,266,-53,13:11:33.184048
149.03664,-96,99,13:11:33.184048
149.0385,-110,-15,13:11:33.184048
149.040382,109,73,13:11:33.184048
149.042239,-2633,-278,13:11:33.184048
149.044107,-18,-300,13:11:33.184048
149.045963,73,17,13:11:33.184048
149.04782,63,27,13:11:33.184048
149.049678,-87,41,13:11:33.184048
149.051535,327,-198,13:11:33.184048
149.053391,46,-30,13:11:33.184048
149.055247,203,133,13:11:33.236115
149.057116,-116,181,13:11:33.236115
149.058976,400,418,13:11:33.236115
149.060896,95,154,13:11:33.236115
149.062754,-24,-63,13:11:33.236115
149.064611,-49,-31,13:11:33.236115
149.066467,160,-2,13:11:33.236115
149.068325,-78,85,13:11:33.236115
149.070182,65,106,13:11:33.236115
149.072038,-52,-31,13:11:33.236115
149.073897,-43,-136,13:11:33.236115
149.075753,-57,-115,13:11:33.236115
149.077609,-240,28,13:11:33.236115
149.079468,214,-118,13:11:33.236115
149.081332,-87,108,13:11:33.236115
149.083188,-383,66,13:11:33.236115
149.085045,61,-134,13:11:33.236115
149.086903,258,-123,13:11:33.236115
149.088767,-129,66,13:11:33.236115
149.090628,-1565,-282,13:11:33.236115
149.092484,327,-132,13:11:33.236115
149.094342,50,87,13:11:33.236115
149.096201,-65,-113,13:11:33.236115
149.098087,313,36,13:11:33.236115
149.099945,45,-35,13:11:33.236115
149.101804,-10,51,13:11:33.236115
149.10366,-13,41,13:11:33.236115
149.105518,-91,88,13:11:33.253574
149.107385,43,-147,13:11:33.253574
149.109245,63,-182,13:11:33.253574
149.111167,-195,281,13:11:33.253574
149.113024,240,-197,13:11:33.253574
149.114886,-104,-178,13:11:33.253574
149.116742,-76,-9,13:11:33.253574
149.118601,42,-13,13:11:33.253574
149.120457,146,-21,13:11:33.253574
149.122313,79,-71,13:11:33.253574
149.124172,150,12,13:11:33.253574
149.126033,114,169,13:11:33.253574
149.12789,-347,257,13:11:33.253574
149.129747,-247,26,13:11:33.253574
149.131609,-303,50,13:11:33.253574
149.133465,-122,-26,13:11:33.253574
149.135322,-427,-248,13:11:33.253574
149.13718,7,-202,13:11:33.253574
149.139036,136,155,13:11:33.253574
149.140895,-163,30,13:11:33.253574
149.142753,-2331,-176,13:11:33.253574
149.144612,13,-40,13:11:33.253574
149.146468,31,87,13:11:33.253574
149.148325,130,-33,13:11:33.253574
149.150185,-19,321,13:11:33.253574
149.152041,40,-267,13:11:33.253574
149.153899,60,190,13:11:33.253574
149.155764,130,-86,13:11:33.304093
149.157626,1,5,13:11:33.304093
149.159492,157,-234,13:11:33.304093
149.161395,-86,129,13:11:33.304093
149.163251,103,-156,13:11:33.304093
149.165107,362,145,13:11:33.304093
149.166964,79,90,13:11:33.304093
149.168822,127,24,13:11:33.304093
149.170678,159,108,13:11:33.304093
149.172537,76,-42,13:11:33.304093
149.174393,11,-16,13:11:33.304093
149.176249,-31,-21,13:11:33.304093
149.178108,80,-207,13:11:33.304093
149.179964,-74,8,13:11:33.304093
149.181826,-101,110,13:11:33.304093
149.183683,-199,-40,13:11:33.304093
149.185541,-34,-78,13:11:33.304093
149.187398,-50,18,13:11:33.304093
149.189255,127,336,13:11:33.304093
149.191114,77,-44,13:11:33.304093
149.193,-45,22,13:11:33.304093
149.194859,-37,69,13:11:33.304093
149.196719,94,-88,13:11:33.304093
149.198576,56,-102,13:11:33.304093
149.200432,-56,-61,13:11:33.304093
149.20229,91,227,13:11:33.304093
149.204149,-60,55,13:11:33.304093
149.206019,-103,254,13:11:33.353988
149.207881,-23,-100,13:11:33.353988
149.209747,-87,83,13:11:33.353988
149.211666,-105,100,13:11:33.353988
149.213532,178,169,13:11:33.353988
149.215388,7,-25,13:11:33.353988
149.217247,-206,145,13:11:33.353988
149.219105,28,140,13:11:33.353988
149.220961,250,226,13:11:33.353988
149.22282,53,111,13:11:33.353988
149.224676,-148,33,13:11:33.353988
149.226533,13,-368,13:11:33.353988
149.228389,175,-69,13:11:33.353988
149.230253,118,-75,13:11:33.353988
149.23211,53,-49,13:11:33.353988
149.233966,332,-94,13:11:33.353988
149.235824,278,33,13:11:33.353988
149.237681,308,-40,13:11:33.353988
149.239537,86,122,13:11:33.353988
149.241395,-17,-128,13:11:33.353988
149.243252,89,-168,13:11:33.353988
149.24511,365,-78,13:11:33.353988
149.246967,114,150,13:11:33.353988
149.248831,191,2,13:11:33.353988
149.250687,123,248,13:11:33.353988
149.252544,-113,-89,13:11:33.353988
149.254402,-214,135,13:11:33.353988
149.256264,169,55,13:11:33.403840
149.258127,124,-71,13:11:33.403840
149.260007,25,-32,13:11:33.403840
149.261899,198,-110,13:11:33.403840
149.263755,278,120,13:11:33.403840
149.265612,-85,65,13:11:33.403840
149.267478,147,23,13:11:33.403840
149.269335,276,-5,13:11:33.403840
149.271191,104,-175,13:11:33.403840
149.273049,-16,28,13:11:33.403840
149.274906,39,-288,13:11:33.403840
149.276764,7,215,13:11:33.403840
149.27862,183,50,13:11:33.403840
149.280477,232,-71,13:11:33.403840
149.282335,-25,-118,13:11:33.403840
149.284199,87,-92,13:11:33.403840
149.286056,34,-120,13:11:33.403840
149.287912,-147,-40,13:11:33.403840
149.28977,108,117,13:11:33.403840
149.291627,125,-90,13:11:33.404834
149.293499,111,-122,13:11:33.404834
149.295359,-333,147,13:11:33.404834
149.297216,66,-150,13:11:33.404834
149.299074,290,-216,13:11:33.404834
149.300931,96,79,13:11:33.404834
149.302787,38,-7,13:11:33.404834
149.304643,38,152,13:11:33.454541
149.306509,329,-93,13:11:33.454541
149.30837,191,-102,13:11:33.454541
149.310288,289,70,13:11:33.454541
149.312153,54,59,13:11:33.454541
149.314011,-283,-85,13:11:33.454541
149.315869,-67,-69,13:11:33.454541
149.317727,137,-28,13:11:33.454541
149.319584,199,-176,13:11:33.454541
149.32144,-289,-368,13:11:33.454541
149.323298,250,65,13:11:33.454541
149.325158,-72,-130,13:11:33.454541
149.327015,-23,-61,13:11:33.454541
149.328875,145,142,13:11:33.454541
149.33074,99,-433,13:11:33.454541
149.332596,248,-206,13:11:33.454541
149.334453,164,-97,13:11:33.454541
149.336311,204,-145,13:11:33.454541
149.338167,143,-164,13:11:33.454541
149.340026,264,140,13:11:33.454541
149.341882,104,-114,13:11:33.454541
149.343744,-39,18,13:11:33.454541
149.345603,82,127,13:11:33.454541
149.347459,220,-59,13:11:33.454541
149.349321,134,-117,13:11:33.454541
149.351178,256,-31,13:11:33.454541
149.353036,70,-36,13:11:33.454541
149.354892,81,148,13:11:33.503957
149.356781,178,246,13:11:33.503957
149.358643,122,-71,13:11:33.503957
149.360533,99,-229,13:11:33.503957
149.362419,117,-1,13:11:33.503957
149.364278,291,-38,13:11:33.503957
149.366134,286,-19,13:11:33.503957
149.367992,75,122,13:11:33.503957
149.369849,36,-10,13:11:33.503957
149.371709,31,-125,13:11:33.503957
149.373566,-86,48,13:11:33.503957
149.375422,254,-236,13:11:33.503957
149.37728,117,-211,13:11:33.503957
149.379137,247,34,13:11:33.503957
149.380995,205,-194,13:11:33.503957
149.382853,266,-32,13:11:33.503957
149.38471,133,195,13:11:33.503957
149.386566,78,7,13:11:33.503957
149.388428,458,-43,13:11:33.503957
149.390285,1,149,13:11:33.503957
149.392141,68,-222,13:11:33.503957
149.393999,259,-51,13:11:33.503957
149.395858,178,-133,13:11:33.503957
149.397714,130,-198,13:11:33.503957
149.399573,80,62,13:11:33.503957
149.401431,108,57,13:11:33.503957
149.403289,-93,38,13:11:33.503957
149.405172,193,-263,13:11:33.554129
149.407038,321,-87,13:11:33.554129
149.408898,72,-36,13:11:33.554129
149.41081,51,-46,13:11:33.554129
149.412669,89,-29,13:11:33.554129
149.414525,-138,-138,13:11:33.554129
149.416382,-18,-39,13:11:33.554129
149.41824,-63,74,13:11:33.554129
149.420096,108,-275,13:11:33.554129
149.421954,124,39,13:11:33.554129
149.423811,18,-102,13:11:33.554129
149.425667,-70,-261,13:11:33.554129
149.427525,123,-59,13:11:33.554129
149.429387,-98,-52,13:11:33.554129
149.431244,52,-158,13:11:33.554129
149.433101,112,-257,13:11:33.554129
149.434959,-54,261,13:11:33.554129
149.436815,-146,-28,13:11:33.554129
149.438672,124,-17,13:11:33.554129
149.440528,188,-70,13:11:33.554129
149.442384,96,0,13:11:33.554129
149.444241,47,-148,13:11:33.554129
149.446097,152,-191,13:11:33.555136
149.447959,206,-131,13:11:33.555136
149.449816,246,-187,13:11:33.555136
149.451672,285,-273,13:11:33.555136
149.453532,-50,-26,13:11:33.555136
149.455389,22,33,13:11:33.603943
149.457249,126,-327,13:11:33.603943
149.459109,206,-280,13:11:33.603943
149.461015,-33,-25,13:11:33.603943
149.462886,-23,-237,13:11:33.603943
149.464742,-110,139,13:11:33.603943
149.466607,67,-209,13:11:33.603943
149.468463,208,-142,13:11:33.603943
149.470319,146,-251,13:11:33.603943
149.472178,206,-239,13:11:33.603943
149.474034,-53,-195,13:11:33.603943
149.475892,-169,136,13:11:33.603943
149.477749,-12,-209,13:11:33.603943
149.479609,47,-84,13:11:33.603943
149.481467,212,116,13:11:33.603943
149.483333,103,-156,13:11:33.603943
149.48519,128,128,13:11:33.603943
149.487046,44,-125,13:11:33.603943
149.488905,99,-103,13:11:33.603943
149.490763,332,-144,13:11:33.603943
149.492619,43,-584,13:11:33.603943
149.494478,126,74,13:11:33.603943
149.496335,-60,60,13:11:33.604943
149.49821,83,-24,13:11:33.604943
149.500067,180,-148,13:11:33.604943
149.501923,-60,16,13:11:33.604943
149.503781,48,12,13:11:33.604943
149.505643,118,-126,13:11:33.654779
149.507504,95,-244,13:11:33.654779
149.509368,59,40,13:11:33.654779
149.511287,-35,94,13:11:33.654779
149.513145,31,82,13:11:33.654779
149.515001,-3,43,13:11:33.654779
149.51686,192,125,13:11:33.654779
149.518716,-89,-29,13:11:33.654779
149.520572,72,-202,13:11:33.654779
149.522429,85,-231,13:11:33.654779
149.524292,-28,-241,13:11:33.654779
149.526149,56,46,13:11:33.654779
149.528006,68,-13,13:11:33.654779
149.529864,-65,23,13:11:33.654779
149.53172,124,-23,13:11:33.654779
149.533577,-76,-107,13:11:33.654779
149.535433,-175,15,13:11:33.654779
149.537289,103,-123,13:11:33.654779
149.539146,62,-38,13:11:33.654779
149.541002,216,101,13:11:33.654779
149.542864,-145,80,13:11:33.654779
149.544721,70,-45,13:11:33.654779
149.546577,311,-158,13:11:33.654779
149.548435,17,-133,13:11:33.654779
149.550292,-40,-12,13:11:33.654779
149.55215,-38,112,13:11:33.654779
149.554007,356,81,13:11:33.654779
149.555871,183,-139,13:11:33.706880
149.557737,-81,-52,13:11:33.706880
149.559611,-6,-61,13:11:33.706880
149.561532,29,50,13:11:33.706880
149.56339,102,-42,13:11:33.706880
149.565251,40,-7,13:11:33.706880
149.567111,181,-319,13:11:33.706880
149.568967,316,-184,13:11:33.706880
149.570825,-133,144,13:11:33.706880
149.572682,118,72,13:11:33.706880
149.574538,57,-189,13:11:33.706880
149.576396,-137,68,13:11:33.706880
149.578253,184,34,13:11:33.706880
149.580111,116,63,13:11:33.706880
149.581967,-198,20,13:11:33.706880
149.583828,-9,46,13:11:33.706880
149.585684,117,28,13:11:33.706880
149.587541,2,-58,13:11:33.706880
149.589399,245,232,13:11:33.706880
149.591255,-116,-72,13:11:33.706880
149.593114,-222,-262,13:11:33.706880
149.59497,117,91,13:11:33.706880
149.596826,6,-135,13:11:33.706880
149.598683,21,79,13:11:33.706880
149.600549,-22,188,13:11:33.706880
149.602405,87,-52,13:11:33.706880
149.604262,276,-364,13:11:33.706880
149.606126,135,-53,13:11:33.753897
149.607988,215,-47,13:11:33.753897
149.609862,-35,-36,13:11:33.753897
149.611781,-149,-66,13:11:33.753897
149.613637,70,-48,13:11:33.753897
149.615493,-306,-31,13:11:33.753897
149.617352,-108,-354,13:11:33.753897
149.619208,126,-59,13:11:33.753897
149.621065,15,-72,13:11:33.753897
149.622921,253,-275,13:11:33.753897
149.624787,47,-269,13:11:33.753897
149.626644,74,-2,13:11:33.753897
149.6285,258,-16,13:11:33.753897
149.630358,127,22,13:11:33.753897
149.632215,-277,-132,13:11:33.753897
149.634073,311,114,13:11:33.753897
149.635929,116,32,13:11:33.753897
149.637786,65,-104,13:11:33.753897
149.639644,186,-318,13:11:33.753897
149.641508,79,-155,13:11:33.753897
149.643365,82,-54,13:11:33.753897
149.645221,98,-2,13:11:33.753897
149.64708,89,-329,13:11:33.753897
149.648936,-164,-202,13:11:33.758911
149.650794,176,-257,13:11:33.758911
149.652653,102,-160,13:11:33.758911
149.654509,253,-98,13:11:33.804674
149.656377,15,13,13:11:33.804674
149.658238,260,-362,13:11:33.804674
149.660112,157,-42,13:11:33.804674
149.662052,95,-440,13:11:33.804674
149.66392,-56,-54,13:11:33.804674
149.665777,355,-267,13:11:33.804674
149.667635,-277,-347,13:11:33.804674
149.669491,242,-140,13:11:33.804674
149.671348,160,-77,13:11:33.804674
149.673204,127,-103,13:11:33.804674
149.67507,79,-198,13:11:33.804674
149.676927,25,104,13:11:33.804674
149.678785,81,-145,13:11:33.804674
149.680643,235,-113,13:11:33.804674
149.6825,359,-372,13:11:33.804674
149.684358,160,-148,13:11:33.804674
149.686214,269,85,13:11:33.805905
149.688071,75,71,13:11:33.805905
149.689927,-102,-174,13:11:33.805905
149.691791,-11,-139,13:11:33.805905
149.693648,69,-374,13:11:33.805905
149.695504,-92,-279,13:11:33.807910
149.697362,331,-65,13:11:33.808909
149.699219,91,-145,13:11:33.808909
149.701075,-4,-6,13:11:33.808909
149.702938,108,-149,13:11:33.808909
149.704796,67,31,13:11:33.853976
149.706666,106,33,13:11:33.853976
149.708527,251,-87,13:11:33.853976
149.710445,236,-325,13:11:33.853976
149.712345,-91,-283,13:11:33.853976
149.714203,357,38,13:11:33.853976
149.716066,44,-16,13:11:33.854976
149.717924,12,-615,13:11:33.854976
149.719782,14,-107,13:11:33.854976
149.721641,50,-311,13:11:33.854976
149.723497,9,-325,13:11:33.854976
149.725355,48,-314,13:11:33.854976
149.727212,13,31,13:11:33.854976
149.729068,67,-288,13:11:33.854976
149.730926,143,144,13:11:33.854976
149.732783,352,31,13:11:33.854976
149.734641,458,-125,13:11:33.854976
149.736497,300,-205,13:11:33.854976
149.738354,399,39,13:11:33.854976
149.74021,64,-27,13:11:33.854976
149.742074,-9,-332,13:11:33.854976
149.743931,9,-385,13:11:33.854976
149.745787,-185,-473,13:11:33.854976
149.747646,-192,-159,13:11:33.854976
149.749502,74,-268,13:11:33.854976
149.751358,6,-196,13:11:33.854976
149.753215,102,129,13:11:33.854976
149.755071,-122,-354,13:11:33.906815
149.756935,-3,-71,13:11:33.906815
149.758796,-193,-215,13:11:33.906815
149.760731,-298,-232,13:11:33.906815
149.762588,165,-176,13:11:33.906815
149.764444,329,-45,13:11:33.906815
149.766307,144,-33,13:11:33.906815
149.768163,227,-90,13:11:33.906815
149.77002,-272,-342,13:11:33.906815
149.771878,78,-79,13:11:33.906815
149.773734,-61,-233,13:11:33.906815
149.775593,-156,-74,13:11:33.906815
149.777449,-3,-364,13:11:33.906815
149.779309,-105,-274,13:11:33.906815
149.781166,245,-20,13:11:33.906815
149.783022,316,-4,13:11:33.906815
149.784884,23,-87,13:11:33.906815
149.786741,-127,-140,13:11:33.906815
149.788601,51,-506,13:11:33.906815
149.790457,123,-342,13:11:33.906815
149.792314,52,-331,13:11:33.906815
149.794172,-110,-455,13:11:33.906815
149.796029,160,-492,13:11:33.906815
149.797887,16,-223,13:11:33.906815
149.799743,-300,-314,13:11:33.906815
149.801604,-11,-102,13:11:33.906815
149.80346,118,-202,13:11:33.906815
149.805318,44,-75,13:11:33.953904
149.807183,124,-131,13:11:33.953904
149.809053,363,-65,13:11:33.953904
149.810981,10,-241,13:11:33.953904
149.812839,113,-432,13:11:33.953904
149.814698,148,-249,13:11:33.953904
149.816556,-208,-65,13:11:33.953904
149.818412,69,-325,13:11:33.953904
149.820269,-5,-178,13:11:33.953904
149.822125,156,-306,13:11:33.953904
149.823982,23,-118,13:11:33.953904
149.825844,73,-133,13:11:33.953904
149.8277,132,-238,13:11:33.953904
149.829558,169,-13,13:11:33.953904
149.831415,306,-211,13:11:33.953904
149.833271,5,-339,13:11:33.953904
149.83513,61,16,13:11:33.953904
149.83699,122,83,13:11:33.953904
149.83885,-36,-282,13:11:33.954905
149.840707,23,39,13:11:33.954905
149.842569,-116,-130,13:11:33.954905
149.844425,95,-335,13:11:33.954905
149.846282,7,-331,13:11:33.954905
149.84814,-290,-132,13:11:33.954905
149.849996,121,-85,13:11:33.954905
149.851855,-212,-476,13:11:33.954905
149.853711,97,-125,13:11:33.954905
149.855571,6,-387,13:11:34.009274
149.857442,-176,-223,13:11:34.009274
149.859305,-113,-182,13:11:34.009274
149.861224,-360,-269,13:11:34.009274
149.863096,174,-301,13:11:34.009274
149.864956,163,-349,13:11:34.009274
149.866815,-20,-206,13:11:34.009274
149.868672,-83,-226,13:11:34.009274
149.870534,-79,-226,13:11:34.009274
149.87239,-69,-64,13:11:34.009274
149.874247,-159,-171,13:11:34.009274
149.876105,-160,-104,13:11:34.009274
149.877961,-128,-281,13:11:34.009274
149.87982,-6,-76,13:11:34.009274
149.881676,-129,-207,13:11:34.009274
149.883538,157,-240,13:11:34.009274
149.885395,-22,-214,13:11:34.009274
149.887252,-80,-531,13:11:34.009274
149.889113,-247,-208,13:11:34.009274
149.89097,136,-250,13:11:34.009274
149.89283,23,-140,13:11:34.009274
149.894686,-27,-160,13:11:34.009274
149.896543,20,-207,13:11:34.009274
149.898399,29,-289,13:11:34.009274
149.900258,-8,-137,13:11:34.009274
149.902116,93,-219,13:11:34.009274
149.903972,91,63,13:11:34.009274
149.905841,-47,15,13:11:34.053991
149.907705,-15,-87,13:11:34.053991
149.909569,-95,-343,13:11:34.053991
149.911465,-124,-161,13:11:34.053991
149.913322,-20,-213,13:11:34.053991
149.915182,-48,-160,13:11:34.053991
149.917042,-203,-88,13:11:34.053991
149.918899,-146,-305,13:11:34.053991
149.920755,18,43,13:11:34.053991
149.922612,-174,-144,13:11:34.053991
149.92447,74,-82,13:11:34.053991
149.926326,142,-66,13:11:34.053991
149.928183,259,-86,13:11:34.053991
149.930041,-111,-47,13:11:34.053991
149.931897,-41,-349,13:11:34.055008
149.933754,-198,-77,13:11:34.055008
149.93561,61,43,13:11:34.055008
149.937474,68,-218,13:11:34.055008
149.939331,85,-104,13:11:34.055008
149.941187,22,-164,13:11:34.055008
149.943045,-99,-261,13:11:34.055008
149.944902,306,-77,13:11:34.055008
149.94676,210,-70,13:11:34.055008
149.948617,-52,-36,13:11:34.055008
149.950473,-113,-173,13:11:34.055008
149.952331,113,-21,13:11:34.055008
149.954195,17,-179,13:11:34.056023
149.95606,-101,-24,13:11:34.105689
149.95792,86,-166,13:11:34.105689
149.959798,-95,-286,13:11:34.105689
149.961701,-364,-144,13:11:34.105689
149.963559,32,-109,13:11:34.105689
149.965419,-164,-199,13:11:34.105689
149.967276,-256,-59,13:11:34.105689
149.969132,-153,-30,13:11:34.105689
149.97099,-84,-6,13:11:34.105689
149.972852,14,-88,13:11:34.105689
149.974711,142,143,13:11:34.105689
149.976568,-22,-306,13:11:34.105689
149.978434,67,-67,13:11:34.105689
149.98029,125,-275,13:11:34.105689
149.982147,-256,-205,13:11:34.105689
149.984011,-365,51,13:11:34.105689
149.985869,-127,-44,13:11:34.105689
149.98773,-101,-477,13:11:34.105689
149.989586,-27,-29,13:11:34.105689
149.991442,275,30,13:11:34.105689
149.993299,9,62,13:11:34.105689
149.995155,25,-83,13:11:34.105689
149.997013,138,22,13:11:34.105689
149.998874,-208,-177,13:11:34.105689
150.000736,-127,-190,13:11:34.105689
150.002592,-82,-155,13:11:34.105689
150.004449,-63,-105,13:11:34.105689
150.006315,-146,-242,13:11:34.159399
150.008176,-214,-86,13:11:34.159399
150.01006,-10,64,13:11:34.159399
150.01194,-158,8,13:11:34.159399
150.013802,-99,-183,13:11:34.159399
150.015659,-115,-64,13:11:34.159399
150.017517,-29,122,13:11:34.159399
150.019373,-45,84,13:11:34.159399
150.02123,-72,-107,13:11:34.159399
150.023086,-177,122,13:11:34.159399
150.024943,30,25,13:11:34.159399
150.026801,-175,-4,13:11:34.159399
150.028657,25,-121,13:11:34.159399
150.030514,-163,-95,13:11:34.159399
150.03238,-170,-116,13:11:34.159399
150.034236,-98,144,13:11:34.159399
150.036093,-18,5,13:11:34.159399
150.037951,-41,-110,13:11:34.159399
150.039807,-158,158,13:11:34.159399
150.041664,124,-82,13:11:34.159399
150.04352,-30,2,13:11:34.159399
150.045379,-3,106,13:11:34.159399
150.047235,-21,-146,13:11:34.159399
150.0491,146,248,13:11:34.159399
150.050958,-215,-58,13:11:34.159399
150.052814,-60,36,13:11:34.159399
150.054672,24,58,13:11:34.214801
150.056539,94,115,13:11:34.214801
150.058399,-185,118,13:11:34.214801
150.060301,-6,159,13:11:34.214801
150.062176,70,4,13:11:34.214801
150.064066,-209,12,13:11:34.214801
150.065924,96,100,13:11:34.214801
150.067782,50,-7,13:11:34.214801
150.069641,43,101,13:11:34.214801
150.071497,-4,-213,13:11:34.214801
150.073353,-59,250,13:11:34.214801
150.075212,54,-39,13:11:34.214801
150.077072,-71,-102,13:11:34.215805
150.078929,242,40,13:11:34.215805
150.080785,-32,-17,13:11:34.215805
150.082643,254,34,13:11:34.215805
150.0845,-110,227,13:11:34.215805
150.086356,-82,142,13:11:34.215805
150.088214,-55,38,13:11:34.215805
150.090071,-274,-162,13:11:34.215805
150.091929,246,249,13:11:34.215805
150.093785,-58,141,13:11:34.215805
150.09565,-199,106,13:11:34.215805
150.097506,161,148,13:11:34.215805
150.099363,-58,109,13:11:34.215805
150.101221,-36,58,13:11:34.215805
150.103077,-115,237,13:11:34.215805
150.104934,36,187,13:11:34.259548
150.106798,3,8,13:11:34.259548
150.108658,-63,-121,13:11:34.259548
150.110554,-60,-8,13:11:34.259548
150.112419,-307,34,13:11:34.259548
150.114277,98,-48,13:11:34.259548
150.116133,-209,-13,13:11:34.259548
150.117992,221,34,13:11:34.259548
150.119882,72,404,13:11:34.259548
150.121756,-2011,-50,13:11:34.259548
150.123631,-52,162,13:11:34.259548
150.125489,-41,50,13:11:34.259548
150.127355,-210,5,13:11:34.259548
150.129212,-181,-304,13:11:34.259548
150.131068,71,-238,13:11:34.259548
150.132926,7,137,13:11:34.259548
150.134785,-36,-40,13:11:34.259548
150.136641,122,305,13:11:34.259548
150.138499,-16,120,13:11:34.259548
150.140356,-83,55,13:11:34.259548
150.142212,-190,152,13:11:34.260547
150.144068,-127,161,13:11:34.260547
150.145933,-122,41,13:11:34.260547
150.147791,-295,-12,13:11:34.260547
150.149648,84,304,13:11:34.260547
150.151506,14,127,13:11:34.260547
150.153362,-44,103,13:11:34.262671
150.155221,25,8,13:11:34.311456
150.157091,23,190,13:11:34.311456
150.158951,-83,90,13:11:34.311456
150.160839,-23,-44,13:11:34.311456
150.1627,-335,-44,13:11:34.311456
150.164558,-596,98,13:11:34.311456
150.166432,-1999,85,13:11:34.311456
150.168301,-89,162,13:11:34.311456
150.170163,134,94,13:11:34.311456
150.17202,79,172,13:11:34.311456
150.173878,-21,200,13:11:34.311456
150.175734,27,164,13:11:34.311456
150.177591,3,310,13:11:34.311456
150.179449,34,155,13:11:34.311456
150.18131,198,233,13:11:34.311456
150.183168,-32,309,13:11:34.311456
150.185024,7,408,13:11:34.311456
150.18688,-47,-77,13:11:34.311456
150.188737,274,247,13:11:34.311456
150.190593,166,221,13:11:34.311456
150.192451,79,291,13:11:34.311456
150.194308,112,293,13:11:34.311456
150.196166,228,96,13:11:34.311456
150.198023,107,139,13:11:34.311456
150.199883,-126,-60,13:11:34.311456
150.201741,-78,118,13:11:34.311456
150.203599,-147,377,13:11:34.312445
150.205462,-193,178,13:11:34.362477
150.20733,-67,331,13:11:34.362477
150.209195,72,307,13:11:34.362477
150.211085,-165,211,13:11:34.362477
150.212947,210,-3,13:11:34.362477
150.214818,-146,136,13:11:34.362477
150.216692,-70,301,13:11:34.362477
150.21856,-548,195,13:11:34.362477
150.220418,-75,-7,13:11:34.362477
150.222277,-58,42,13:11:34.362477
150.224135,-60,349,13:11:34.362477
150.225992,-134,-54,13:11:34.362477
150.22785,158,225,13:11:34.362477
150.229706,219,103,13:11:34.362477
150.231563,360,13,13:11:34.363487
150.233421,6,263,13:11:34.363487
150.235277,-13,71,13:11:34.363487
150.237136,-104,336,13:11:34.363487
150.238992,111,172,13:11:34.363487
150.240848,-43,232,13:11:34.363487
150.242705,-387,485,13:11:34.363487
150.244571,-34,240,13:11:34.363487
150.246428,75,371,13:11:34.363487
150.248284,37,361,13:11:34.363487
150.250142,25,432,13:11:34.363487
150.251999,157,300,13:11:34.363487
150.253857,-162,-46,13:11:34.363487
150.255719,16,70,13:11:34.414048
150.257582,160,158,13:11:34.414048
150.259444,99,75,13:11:34.414048
150.261356,-236,348,13:11:34.414048
150.263219,-76,441,13:11:34.414048
150.265077,-190,168,13:11:34.414048
150.266935,43,35,13:11:34.414048
150.268803,-1297,204,13:11:34.414048
150.270684,-164,174,13:11:34.414048
150.272543,138,245,13:11:34.414048
150.2744,72,368,13:11:34.414048
150.276257,82,-45,13:11:34.414048
150.278115,222,102,13:11:34.414048
150.279972,74,245,13:11:34.414048
150.281828,-24,149,13:11:34.414048
150.283684,-181,173,13:11:34.414048
150.285541,-68,-6,13:11:34.414048
150.287397,-22,239,13:11:34.414048
150.289253,-19,113,13:11:34.414048
150.291114,-45,247,13:11:34.414048
150.29297,228,107,13:11:34.414048
150.294826,107,130,13:11:34.414048
150.296685,284,85,13:11:34.414048
150.298541,214,291,13:11:34.414048
150.300399,144,274,13:11:34.414048
150.302256,276,182,13:11:34.414048
150.304116,51,224,13:11:34.414048
150.30599,94,-93,13:11:34.467846
150.307853,288,248,13:11:34.467846
150.309719,-223,275,13:11:34.467846
150.311635,-104,129,13:11:34.467846
150.313502,143,118,13:11:34.467846
150.31536,-187,344,13:11:34.467846
150.31722,-2,471,13:11:34.467846
150.319085,178,306,13:11:34.467846
150.320943,-1819,258,13:11:34.467846
150.322803,-193,335,13:11:34.467846
150.324662,-93,368,13:11:34.467846
150.326518,-3,189,13:11:34.467846
150.328378,129,215,13:11:34.467846
150.330235,179,146,13:11:34.467846
150.332091,39,66,13:11:34.467846
150.333949,193,387,13:11:34.467846
150.335813,85,112,13:11:34.468842
150.33767,355,166,13:11:34.468842
150.339526,174,146,13:11:34.468842
150.341385,13,23,13:11:34.468842
150.343241,101,460,13:11:34.468842
150.345097,89,205,13:11:34.468842
150.346954,264,124,13:11:34.468842
150.34881,206,128,13:11:34.468842
150.350666,-90,202,13:11:34.468842
150.352523,95,226,13:11:34.468842
150.354385,74,84,13:11:34.468842
150.356253,73,154,13:11:34.514898
150.358114,234,296,13:11:34.514898
150.36,-116,318,13:11:34.514898
150.36188,-58,802,13:11:34.514898
150.363737,-92,315,13:11:34.514898
150.365595,-221,212,13:11:34.514898
150.367457,-130,325,13:11:34.514898
150.369316,-23,229,13:11:34.514898
150.371194,143,335,13:11:34.514898
150.373074,-1523,198,13:11:34.514898
150.374933,112,153,13:11:34.514898
150.376789,-89,121,13:11:34.514898
150.378647,-42,-10,13:11:34.514898
150.380504,122,298,13:11:34.514898
150.382362,223,-19,13:11:34.514898
150.384218,154,-179,13:11:34.514898
150.386075,73,-39,13:11:34.514898
150.387933,-123,204,13:11:34.514898
150.389789,259,3,13:11:34.515897
150.391648,-67,9,13:11:34.515897
150.393504,54,84,13:11:34.515897
150.39536,-70,167,13:11:34.515897
150.397217,14,-51,13:11:34.515897
150.399083,-36,171,13:11:34.515897
150.40094,78,50,13:11:34.515897
150.402798,179,178,13:11:34.515897
150.404656,-19,-45,13:11:34.571330
150.406523,83,122,13:11:34.571330
150.408383,148,3,13:11:34.571330
150.410289,-155,72,13:11:34.571330
150.412159,-237,-66,13:11:34.571330
150.414016,-12,205,13:11:34.572681
150.415876,58,145,13:11:34.572681
150.417733,126,-119,13:11:34.572681
150.419593,178,28,13:11:34.572681
150.421452,-1215,99,13:11:34.572681
150.423353,117,289,13:11:34.572681
150.425212,299,52,13:11:34.572681
150.427068,231,58,13:11:34.572681
150.428926,-107,-56,13:11:34.572681
150.430783,89,-85,13:11:34.572681
150.432645,55,56,13:11:34.574106
150.434502,263,44,13:11:34.574106
150.436358,254,258,13:11:34.574106
150.438216,390,-10,13:11:34.574106
150.440073,-148,45,13:11:34.574106
150.441931,-1,67,13:11:34.574106
150.443787,214,18,13:11:34.574106
150.445644,73,321,13:11:34.574106
150.447502,68,29,13:11:34.574106
150.449366,-123,-116,13:11:34.574106
150.451223,180,96,13:11:34.574106
150.453079,-186,-2,13:11:34.574106
150.454937,134,-175,13:11:34.618615
150.456808,447,148,13:11:34.618615
150.458668,66,1,13:11:34.618615
150.46058,76,-47,13:11:34.618615
150.462437,-67,8,13:11:34.618615
150.464293,106,115,13:11:34.618615
150.466151,-7,123,13:11:34.618615
150.468014,-232,-125,13:11:34.618615
150.469876,301,376,13:11:34.618615
150.471732,-13,-57,13:11:34.618615
150.473597,-375,182,13:11:34.618615
150.475453,-733,104,13:11:34.618615
150.477315,-57,222,13:11:34.618615
150.479174,148,144,13:11:34.618615
150.48103,396,84,13:11:34.618615
150.482888,260,216,13:11:34.618615
150.484745,88,70,13:11:34.618615
150.486601,23,-59,13:11:34.618615
150.488459,206,48,13:11:34.618615
150.490325,210,-8,13:11:34.618615
150.492182,100,41,13:11:34.618615
150.494039,177,-70,13:11:34.618615
150.495897,-5,168,13:11:34.618615
150.497753,156,427,13:11:34.618615
150.49961,191,3,13:11:34.618615
150.501466,-20,71,13:11:34.618615
150.503322,215,153,13:11:34.618615
150.505179,114,-132,13:11:34.671919
150.507049,-102,-5,13:11:34.671919
150.508913,27,124,13:11:34.671919
150.510839,-59,91,13:11:34.671919
150.512696,282,223,13:11:34.671919
150.514558,267,54,13:11:34.671919
150.516415,240,74,13:11:34.671919
150.518271,-39,-184,13:11:34.671919
150.520131,-358,165,13:11:34.671919
150.52199,-181,261,13:11:34.671919
150.52385,-126,293,13:11:34.671919
150.525706,-584,52,13:11:34.671919
150.527563,14,-51,13:11:34.671919
150.529419,307,219,13:11:34.671919
150.531286,-7,84,13:11:34.671919
150.533167,255,125,13:11:34.671919
150.535024,173,-30,13:11:34.671919
150.536884,110,35,13:11:34.671919
150.538743,101,35,13:11:34.671919
150.540608,170,107,13:11:34.671919
150.542465,-111,41,13:11:34.671919
150.544322,101,-80,13:11:34.671919
150.54618,225,122,13:11:34.671919
150.548036,53,-37,13:11:34.671919
150.549893,-10,-17,13:11:34.671919
150.551751,38,-135,13:11:34.671919
150.553607,-9,-85,13:11:34.671919
150.555466,297,68,13:11:34.720061
150.55733,82,107,13:11:34.720061
150.559194,66,-184,13:11:34.720061
150.561098,-190,-1,13:11:34.720061
150.562955,69,-41,13:11:34.720061
150.564813,-95,98,13:11:34.720061
150.56667,159,-12,13:11:34.720061
150.568526,-405,130,13:11:34.720061
150.570384,236,-23,13:11:34.720061
150.572243,-420,-49,13:11:34.720061
150.574101,-122,118,13:11:34.720061
150.575985,-11,-238,13:11:34.720061
150.577844,-1712,-230,13:11:34.720061
150.579714,147,76,13:11:34.720061
150.581576,109,140,13:11:34.720061
150.583435,73,174,13:11:34.720061
150.585291,140,192,13:11:34.720061
150.587157,-54,-21,13:11:34.720061
150.589014,139,-235,13:11:34.720061
150.590873,65,10,13:11:34.720061
150.59273,175,208,13:11:34.720061
150.594587,77,358,13:11:34.720061
150.596444,90,-49,13:11:34.720061
150.598301,208,-77,13:11:34.720061
150.600158,252,200,13:11:34.720061
150.602014,191,7,13:11:34.720061
150.603878,98,17,13:11:34.720061
150.605737,141,-145,13:11:34.774394
150.607601,55,14,13:11:34.774394
150.609473,133,276,13:11:34.774394
150.611378,-220,415,13:11:34.774394
150.613234,109,259,13:11:34.774394
150.61509,126,187,13:11:34.774394
150.616947,242,138,13:11:34.774394
150.618805,174,-26,13:11:34.774394
150.620661,-2,179,13:11:34.774394
150.622526,62,-16,13:11:34.774394
150.624388,-402,177,13:11:34.774394
150.626244,-1463,-27,13:11:34.774394
150.628117,-212,-16,13:11:34.774394
150.629973,348,-61,13:11:34.774394
150.631829,-142,-154,13:11:34.774394
150.63371,-193,10,13:11:34.774394
150.635566,127,241,13:11:34.774394
150.637424,23,230,13:11:34.774394
150.639281,-167,147,13:11:34.774394
150.641137,57,-157,13:11:34.774394
150.642996,-10,60,13:11:34.774394
150.644854,390,-92,13:11:34.774394
150.646712,190,162,13:11:34.774394
150.648569,35,-88,13:11:34.774394
150.650427,102,152,13:11:34.774394
150.652283,47,-9,13:11:34.774394
150.65414,67,262,13:11:34.774394
150.656012,-111,24,13:11:34.824876
150.657872,68,-63,13:11:34.824876
150.659735,97,102,13:11:34.824876
150.661629,43,15,13:11:34.824876
150.663486,-102,-76,13:11:34.824876
150.665346,-123,46,13:11:34.824876
150.667202,-3,-16,13:11:34.824876
150.669064,-379,-149,13:11:34.824876
150.670921,277,415,13:11:34.824876
150.672777,-483,-217,13:11:34.824876
150.674635,-287,96,13:11:34.824876
150.676492,251,29,13:11:34.824876
150.67835,31,64,13:11:34.824876
150.680212,-1748,169,13:11:34.824876
150.682071,130,-20,13:11:34.824876
150.683929,-83,94,13:11:34.824876
150.685786,104,129,13:11:34.824876
150.687646,95,242,13:11:34.824876
150.689502,37,-40,13:11:34.824876
150.691361,-151,-35,13:11:34.824876
150.693217,135,-89,13:11:34.824876
150.695073,220,229,13:11:34.824876
150.696932,204,-86,13:11:34.824876
150.698791,-1,-30,13:11:34.824876
150.70065,-64,142,13:11:34.824876
150.702507,188,126,13:11:34.824876
150.704367,-32,-102,13:11:34.824876
150.706229,15,161,13:11:34.875116
150.708089,-17,-185,13:11:34.875116
150.709978,-96,91,13:11:34.875116
150.711864,-78,-23,13:11:34.875116
150.713721,184,-123,13:11:34.875116
150.715579,58,122,13:11:34.875116
150.717435,-186,53,13:11:34.875116
150.719294,-258,7,13:11:34.875116
150.72115,-122,-84,13:11:34.875116
150.723014,-455,64,13:11:34.875116
150.724873,-82,81,13:11:34.875116
150.726733,277,-16,13:11:34.875116
150.728591,-1984,134,13:11:34.877121
150.730484,-149,-70,13:11:34.877121
150.732346,-237,-95,13:11:34.877121
150.734202,-168,-70,13:11:34.877121
150.736059,185,-4,13:11:34.877121
150.737917,57,27,13:11:34.877121
150.739773,-244,136,13:11:34.877121
150.74163,-100,117,13:11:34.877121
150.743486,43,-114,13:11:34.877121
150.745342,-182,161,13:11:34.877121
150.747199,113,58,13:11:34.877121
150.749056,-56,-33,13:11:34.877121
150.750918,3,35,13:11:34.878121
150.752774,46,-32,13:11:34.878121
150.754632,-201,-128,13:11:34.925481
150.756505,-329,186,13:11:34.925481
150.758365,-119,294,13:11:34.925481
150.760259,-125,99,13:11:34.925481
150.76213,-274,141,13:11:34.925481
150.76399,-261,-20,13:11:34.925481
150.765846,-185,-43,13:11:34.925481
150.767703,-21,222,13:11:34.925481
150.769565,-38,117,13:11:34.925481
150.771421,-386,-8,13:11:34.925481
150.77328,-214,77,13:11:34.925481
150.775136,127,240,13:11:34.925481
150.776992,32,-35,13:11:34.925481
150.778851,-513,58,13:11:34.925481
150.780741,-754,-11,13:11:34.925481
150.782613,39,60,13:11:34.925481
150.78447,-54,153,13:11:34.925481
150.786326,-180,64,13:11:34.925481
150.788184,-7,12,13:11:34.925481
150.790041,85,-190,13:11:34.925481
150.791897,-160,74,13:11:34.925481
150.793753,-138,88,13:11:34.925481
150.795616,-371,161,13:11:34.925481
150.797472,-31,-125,13:11:34.925481
150.799329,23,-110,13:11:34.925481
150.801187,-127,56,13:11:34.925481
150.803043,81,212,13:11:34.925481
150.8049,111,74,13:11:34.977915
150.806762,9,80,13:11:34.977915
150.808622,51,82,13:11:34.977915
150.810536,-90,313,13:11:34.977915
150.812441,-306,59,13:11:34.977915
150.814297,-10,82,13:11:34.977915
150.816157,-346,-127,13:11:34.977915
150.818014,-15,-158,13:11:34.977915
150.819874,-741,177,13:11:34.977915
150.82173,-60,72,13:11:34.977915
150.823587,-290,100,13:11:34.977915
150.825444,-653,-112,13:11:34.977915
150.827302,-308,150,13:11:34.977915
150.829162,38,-150,13:11:34.977915
150.831018,-161,368,13:11:34.977915
150.832881,-342,7,13:11:34.977915
150.834737,-1,232,13:11:34.977915
150.836597,24,277,13:11:34.977915
150.838469,-365,3,13:11:34.977915
150.840342,127,-26,13:11:34.977915
150.8422,-268,163,13:11:34.977915
150.844057,-114,85,13:11:34.977915
150.845913,14,-14,13:11:34.977915
150.847771,-15,166,13:11:34.977915
150.849632,-129,-60,13:11:34.977915
150.851488,-140,199,13:11:34.977915
150.853344,35,45,13:11:34.977915
150.855203,-260,200,13:11:35.028723
150.857077,-316,233,13:11:35.028723
150.858937,-76,191,13:11:35.028723
150.860824,-273,2,13:11:35.028723
150.86268,-202,85,13:11:35.028723
150.864546,-104,153,13:11:35.028723
150.866403,-372,72,13:11:35.028723
150.868259,-181,-4,13:11:35.028723
150.870118,-191,-84,13:11:35.028723
150.871978,121,91,13:11:35.028723
150.873836,-237,130,13:11:35.028723
150.875693,-302,25,13:11:35.028723
150.877549,-304,-108,13:11:35.028723
150.879405,-74,78,13:11:35.028723
150.881262,-403,-88,13:11:35.028723
150.883144,-219,60,13:11:35.028723
150.885012,-295,-51,13:11:35.028723
150.886871,-244,163,13:11:35.028723
150.888727,-218,46,13:11:35.028723
150.890591,-175,-108,13:11:35.028723
150.892449,-58,317,13:11:35.028723
150.894306,-230,258,13:11:35.028723
150.896164,126,-7,13:11:35.028723
150.898021,9,-129,13:11:35.028723
150.899877,-279,-43,13:11:35.028723
150.901735,-123,-15,13:11:35.028723
150.903592,-336,-422,13:11:35.028723
150.905451,-435,-6,13:11:35.083698
150.907314,-49,25,13:11:35.083698
150.909177,-71,12,13:11:35.083698
150.911079,-314,-143,13:11:35.083698
150.912941,-95,107,13:11:35.083698
150.914806,-320,138,13:11:35.083698
150.916662,-188,-66,13:11:35.083698
150.918518,-325,166,13:11:35.083698
150.920379,-749,26,13:11:35.083698
150.922237,-87,185,13:11:35.083698
150.924093,-157,-163,13:11:35.083698
150.92595,-232,242,13:11:35.083698
150.927816,-329,-19,13:11:35.083698
150.929672,-317,138,13:11:35.083698
150.931531,-164,77,13:11:35.083698
150.933408,-1070,-10,13:11:35.083698
150.935275,-230,146,13:11:35.083698
150.937142,-6,47,13:11:35.083698
150.939002,-187,146,13:11:35.083698
150.940861,109,171,13:11:35.083698
150.942723,-166,-48,13:11:35.083698
150.944579,-31,-58,13:11:35.083698
150.946438,9,-6,13:11:35.083698
150.948294,-191,73,13:11:35.083698
150.95015,-179,-78,13:11:35.083698
150.952009,-6,24,13:11:35.083698
150.95387,-139,-264,13:11:35.083698
150.955731,-298,-62,13:11:35.130834
150.957596,-66,106,13:11:35.130834
150.959459,-308,-305,13:11:35.130834
150.961362,-221,-58,13:11:35.130834
150.963219,-167,-143,13:11:35.130834
150.965077,57,-135,13:11:35.130834
150.966933,-494,-181,13:11:35.130834
150.968792,-300,-235,13:11:35.130834
150.97065,-97,-37,13:11:35.130834
150.972509,-439,-57,13:11:35.130834
150.974367,-474,-42,13:11:35.130834
150.976223,-179,136,13:11:35.130834
150.978081,-133,60,13:11:35.130834
150.979938,-625,-42,13:11:35.130834
150.981796,-77,-200,13:11:35.130834
150.983654,-164,-101,13:11:35.130834
150.98552,-2212,41,13:11:35.130834
150.987417,-64,6,13:11:35.130834
150.989273,-231,-297,13:11:35.130834
150.99113,-172,-27,13:11:35.130834
150.992988,-368,141,13:11:35.130834
150.994844,-56,12,13:11:35.130834
150.996703,-97,-90,13:11:35.130834
150.998559,-331,52,13:11:35.130834
151.000419,-13,113,13:11:35.130834
151.002278,-5,181,13:11:35.130834
151.004144,-221,-186,13:11:35.130834
151.00601,15,-21,13:11:35.182006
151.007871,-119,-244,13:11:35.182006
151.009739,-292,21,13:11:35.182006
151.011661,-377,2,13:11:35.182006
151.01352,-178,-14,13:11:35.182006
151.015382,-46,-40,13:11:35.182006
151.017238,-99,-13,13:11:35.182006
151.019095,14,47,13:11:35.182006
151.020953,-29,-10,13:11:35.182006
151.022809,-723,227,13:11:35.182006
151.024668,-5,-15,13:11:35.182006
151.026524,-213,3,13:11:35.182006
151.028382,-618,-116,13:11:35.182006
151.030239,-479,144,13:11:35.182006
151.032097,-36,-101,13:11:35.182006
151.033959,-703,161,13:11:35.182006
151.035818,-1733,166,13:11:35.182006
151.037676,-62,-85,13:11:35.182006
151.039532,-111,187,13:11:35.182006
151.041389,-132,-11,13:11:35.182006
151.043247,33,76,13:11:35.182006
151.045104,19,139,13:11:35.182006
151.046962,-27,-134,13:11:35.182006
151.048818,-115,-38,13:11:35.182006
151.050677,-176,-88,13:11:35.182006
151.052533,-428,197,13:11:35.182006
151.054389,35,-28,13:11:35.182006
151.056268,-44,20,13:11:35.233110
151.058128,-163,71,13:11:35.233110
151.060004,-218,39,13:11:35.233110
151.061881,-175,126,13:11:35.233110
151.063739,-140,328,13:11:35.233110
151.065601,-269,111,13:11:35.233110
151.067458,-191,-65,13:11:35.233110
151.069316,103,274,13:11:35.233110
151.071172,-215,201,13:11:35.233110
151.073029,-77,114,13:11:35.233110
151.074887,-669,77,13:11:35.233110
151.076747,-74,140,13:11:35.233110
151.078606,-615,-20,13:11:35.233110
151.080462,-84,283,13:11:35.233110
151.082328,-531,-9,13:11:35.233110
151.084185,-208,26,13:11:35.233110
151.086041,113,-150,13:11:35.233110
151.087917,-408,-45,13:11:35.233110
151.089786,103,73,13:11:35.233110
151.091646,7,55,13:11:35.233110
151.093502,-45,11,13:11:35.233110
151.095359,-116,-97,13:11:35.233110
151.097217,-151,-71,13:11:35.233110
151.099073,-191,42,13:11:35.233110
151.100932,-192,-86,13:11:35.233110
151.102788,-71,-13,13:11:35.233110
151.104648,-209,-14,13:11:35.283094
151.106515,-172,272,13:11:35.283094
151.108373,-16,159,13:11:35.283094
151.110277,88,147,13:11:35.283094
151.112155,-15,92,13:11:35.283094
151.114012,-419,-7,13:11:35.283094
151.115874,3,70,13:11:35.283094
151.117731,-84,346,13:11:35.283094
151.119589,82,60,13:11:35.283094
151.121449,-429,-134,13:11:35.283094
151.123306,-581,131,13:11:35.283094
151.125162,-478,8,13:11:35.283094
151.127021,-676,-47,13:11:35.283094
151.128879,-135,52,13:11:35.283094
151.130735,-996,23,13:11:35.283094
151.132593,-339,205,13:11:35.283094
151.13445,-297,353,13:11:35.283094
151.136312,-423,-2,13:11:35.283094
151.138172,-116,-36,13:11:35.283094
151.140037,-1936,130,13:11:35.283094
151.141895,-126,-84,13:11:35.283094
151.143755,-207,-198,13:11:35.283094
151.145614,101,169,13:11:35.283094
151.14749,-140,-60,13:11:35.283094
151.149346,-29,74,13:11:35.283094
151.151205,-69,1,13:11:35.283094
151.153061,-6,-74,13:11:35.283094
151.154923,23,67,13:11:35.334667
151.156792,-186,-123,13:11:35.334667
151.158655,-212,81,13:11:35.334667
151.160558,-110,-24,13:11:35.334667
151.16242,-56,0,13:11:35.334667
151.164277,70,203,13:11:35.334667
151.166135,-56,363,13:11:35.334667
151.167992,-467,-136,13:11:35.334667
151.16985,-112,-119,13:11:35.334667
151.171706,-506,73,13:11:35.334667
151.173571,-252,310,13:11:35.334667
151.175427,-188,7,13:11:35.334667
151.177283,-314,43,13:11:35.334667
151.179142,-81,32,13:11:35.334667
151.180998,-679,32,13:11:35.334667
151.182856,-142,-4,13:11:35.334667
151.184713,-419,290,13:11:35.334667
151.186569,143,112,13:11:35.334667
151.188427,-92,-24,13:11:35.334667
151.190291,-2461,-38,13:11:35.334667
151.192148,164,-95,13:11:35.334667
151.194004,54,18,13:11:35.334667
151.195863,22,10,13:11:35.334667
151.197719,-88,136,13:11:35.334667
151.199575,107,-80,13:11:35.334667
151.201434,87,170,13:11:35.334667
151.20329,98,171,13:11:35.334667
151.205149,246,57,13:11:35.387858
151.207021,110,-63,13:11:35.387858
151.208881,-98,16,13:11:35.387858
151.210797,172,174,13:11:35.387858
151.212656,-23,83,13:11:35.387858
151.214514,137,-57,13:11:35.387858
151.21637,157,285,13:11:35.387858
151.218227,140,1,13:11:35.387858
151.220085,168,229,13:11:35.387858
151.221943,-460,-53,13:11:35.387858
151.223804,-516,5,13:11:35.387858
151.22566,-603,-101,13:11:35.387858
151.227518,10,98,13:11:35.387858
151.229379,-692,-18,13:11:35.387858
151.231237,-475,-50,13:11:35.387858
151.233099,-34,134,13:11:35.387858
151.234956,-575,46,13:11:35.387858
151.236814,81,257,13:11:35.387858
151.238677,-433,65,13:11:35.387858
151.240574,-329,102,13:11:35.387858
151.242439,-129,-27,13:11:35.387858
151.244297,245,-183,13:11:35.387858
151.246182,-209,77,13:11:35.387858
151.248038,-119,-114,13:11:35.387858
151.249898,-252,55,13:11:35.387858
151.251755,148,112,13:11:35.387858
151.253611,58,-5,13:11:35.387858
151.255469,97,143,13:11:35.403858
151.257338,-130,-85,13:11:35.403858
151.259199,144,-7,13:11:35.403858
151.26111,-199,51,13:11:35.403858
151.262969,-128,67,13:11:35.403858
151.264825,-174,-154,13:11:35.403858
151.266683,-47,171,13:11:35.403858
151.268546,-131,137,13:11:35.403858
151.270402,-435,48,13:11:35.403858
151.272258,-541,188,13:11:35.403858
151.274117,-725,-98,13:11:35.403858
151.275973,-39,-68,13:11:35.403858
151.277829,-819,-276,13:11:35.403858
151.279688,-18,54,13:11:35.403858
151.281544,-682,-128,13:11:35.403858
151.2834,-190,-11,13:11:35.403858
151.285257,-437,11,13:11:35.403858
151.287123,-370,-69,13:11:35.403858
151.28898,-44,-65,13:11:35.403858
151.290836,-169,-32,13:11:35.403858
151.292716,63,122,13:11:35.403858
151.294582,-1116,-10,13:11:35.403858
151.296449,-39,25,13:11:35.403858
151.298307,155,-109,13:11:35.403858
151.300163,-260,149,13:11:35.403858
151.302022,130,-189,13:11:35.403858
151.303878,93,-39,13:11:35.403858
151.305739,-22,-120,13:11:35.454501
151.307603,56,203,13:11:35.454501
151.309466,120,-113,13:11:35.454501
151.311375,47,21,13:11:35.454501
151.313232,-75,36,13:11:35.454501
151.315096,322,-310,13:11:35.454501
151.316952,157,56,13:11:35.454501
151.318809,139,-136,13:11:35.454501
151.320667,-103,-136,13:11:35.454501
151.322523,108,-59,13:11:35.454501
151.32438,177,-12,13:11:35.454501
151.326236,-50,-83,13:11:35.454501
151.328093,-1,-134,13:11:35.454501
151.329949,-10,-42,13:11:35.454501
151.331806,-122,-92,13:11:35.454501
151.333666,244,-19,13:11:35.454501
151.335522,-209,-145,13:11:35.454501
151.33738,128,83,13:11:35.454501
151.339237,-9,21,13:11:35.454501
151.341095,-25,-302,13:11:35.454501
151.342957,-343,87,13:11:35.454501
151.344834,-156,11,13:11:35.454501
151.346692,-37,-88,13:11:35.454501
151.348554,127,-30,13:11:35.454501
151.350411,-17,-132,13:11:35.454501
151.352269,-76,42,13:11:35.454501
151.354127,38,-32,13:11:35.454501
151.355994,42,-53,13:11:35.507683
151.357854,23,125,13:11:35.507683
151.359723,-220,-4,13:11:35.507683
151.361627,5,307,13:11:35.507683
151.363483,-113,-272,13:11:35.507683
151.365339,-43,-14,13:11:35.507683
151.367196,70,141,13:11:35.507683
151.369052,131,93,13:11:35.507683
151.370908,-84,175,13:11:35.507683
151.372765,-60,132,13:11:35.507683
151.374625,-12,95,13:11:35.507683
151.376482,-249,-210,13:11:35.507683
151.37834,-46,-152,13:11:35.507683
151.380196,59,12,13:11:35.507683
151.382053,182,-48,13:11:35.507683
151.383911,284,-29,13:11:35.507683
151.385771,3,-227,13:11:35.507683
151.38763,-37,-143,13:11:35.507683
151.389486,-8,-98,13:11:35.507683
151.391352,-13,-225,13:11:35.507683
151.393209,-193,18,13:11:35.507683
151.395065,-97,286,13:11:35.507683
151.396923,47,-60,13:11:35.508684
151.398782,112,2,13:11:35.508684
151.40064,-191,-152,13:11:35.508684
151.402496,-64,256,13:11:35.508684
151.404353,-121,-57,13:11:35.508684
151.406211,267,-175,13:11:35.553923
151.408073,107,-52,13:11:35.553923
151.409938,244,-131,13:11:35.553923
151.411866,-315,-12,13:11:35.553923
151.413722,-112,-182,13:11:35.553923
151.415584,-102,-243,13:11:35.553923
151.417441,17,-54,13:11:35.553923
151.419299,-40,-179,13:11:35.553923
151.421156,-190,-98,13:11:35.553923
151.423012,-104,190,13:11:35.553923
151.424874,-247,-24,13:11:35.553923
151.426731,-88,-109,13:11:35.553923
151.428587,101,-140,13:11:35.553923
151.430444,-216,-183,13:11:35.553923
151.432312,79,34,13:11:35.553923
151.434168,31,-163,13:11:35.553923
151.436024,161,-275,13:11:35.553923
151.437883,70,-279,13:11:35.553923
151.439739,107,-204,13:11:35.553923
151.441597,30,5,13:11:35.553923
151.443466,57,-400,13:11:35.553923
151.445322,136,-89,13:11:35.553923
151.44718,325,219,13:11:35.553923
151.449041,-14,-219,13:11:35.553923
151.450899,6,22,13:11:35.553923
151.452757,134,-125,13:11:35.553923
151.454648,-13,-19,13:11:35.603862
151.456514,312,5,13:11:35.603862
151.458374,51,49,13:11:35.603862
151.46028,-165,-107,13:11:35.603862
151.462149,-220,-64,13:11:35.603862
151.464005,8,100,13:11:35.603862
151.465869,2,-265,13:11:35.603862
151.467726,305,-266,13:11:35.603862
151.469584,-25,47,13:11:35.604849
151.47144,50,-62,13:11:35.604849
151.473297,274,210,13:11:35.604849
151.475155,252,-230,13:11:35.604849
151.477013,42,103,13:11:35.604849
151.478874,147,-235,13:11:35.604849
151.48073,-16,115,13:11:35.604849
151.482594,156,140,13:11:35.604849
151.484451,544,-126,13:11:35.604849
151.486307,21,-95,13:11:35.604849
151.488166,154,0,13:11:35.604849
151.490022,-47,18,13:11:35.604849
151.49188,44,-122,13:11:35.604849
151.493737,3,-142,13:11:35.604849
151.495593,-23,59,13:11:35.604849
151.497451,134,16,13:11:35.604849
151.499315,33,-46,13:11:35.604849
151.501172,234,-128,13:11:35.604849
151.503028,37,-38,13:11:35.604849
151.504887,198,-31,13:11:35.654300
151.506757,282,122,13:11:35.654300
151.508617,-55,58,13:11:35.654300
151.51053,11,-59,13:11:35.654300
151.512416,-15,-218,13:11:35.654300
151.514272,-48,133,13:11:35.654300
151.51613,-21,77,13:11:35.654300
151.517987,124,-171,13:11:35.654300
151.519845,68,226,13:11:35.654300
151.521701,211,-167,13:11:35.654300
151.523562,77,-22,13:11:35.654300
151.52542,71,-75,13:11:35.654300
151.527277,282,-229,13:11:35.654300
151.529137,-22,266,13:11:35.654300
151.530993,87,-68,13:11:35.654300
151.532852,-2,-314,13:11:35.654300
151.534708,-30,-332,13:11:35.654300
151.536564,106,-145,13:11:35.654300
151.538423,10,-21,13:11:35.654300
151.540283,78,-168,13:11:35.654300
151.542141,328,362,13:11:35.654300
151.543998,175,149,13:11:35.654300
151.545862,-87,11,13:11:35.654300
151.547718,301,-3,13:11:35.654300
151.549575,-91,-19,13:11:35.654300
151.551433,-91,32,13:11:35.654300
151.553291,-75,109,13:11:35.654300
151.55515,-156,1,13:11:35.704235
151.557016,-7,134,13:11:35.704235
151.558878,-80,-215,13:11:35.704235
151.560787,314,17,13:11:35.704235
151.562643,160,-243,13:11:35.704235
151.564505,91,-135,13:11:35.704235
151.566362,78,100,13:11:35.704235
151.568218,87,67,13:11:35.705234
151.570076,121,-100,13:11:35.705234
151.571933,249,-104,13:11:35.705234
151.573791,120,217,13:11:35.705234
151.575647,-40,162,13:11:35.705234
151.577508,156,60,13:11:35.705234
151.579366,169,140,13:11:35.705234
151.581223,-119,-89,13:11:35.705234
151.583083,43,69,13:11:35.705234
151.584939,208,46,13:11:35.705234
151.586799,26,39,13:11:35.705234
151.588656,47,-71,13:11:35.705234
151.590512,13,91,13:11:35.705234
151.592371,292,118,13:11:35.705234
151.594229,156,-73,13:11:35.705234
151.596087,65,128,13:11:35.705234
151.597944,134,74,13:11:35.705234
151.59981,266,98,13:11:35.705234
151.601666,226,-43,13:11:35.705234
151.603523,229,45,13:11:35.705234
151.605381,-16,-19,13:11:35.755228
151.607241,66,-111,13:11:35.755228
151.609106,-47,13,13:11:35.755228
151.611032,326,-86,13:11:35.755228
151.612892,224,-53,13:11:35.755228
151.61475,255,84,13:11:35.755228
151.616607,114,188,13:11:35.755228
151.618467,317,272,13:11:35.755228
151.620325,172,392,13:11:35.755228
151.622182,117,66,13:11:35.755228
151.624042,39,-39,13:11:35.755228
151.625898,123,-85,13:11:35.755228
151.627757,135,238,13:11:35.755228
151.629613,98,-39,13:11:35.755228
151.63147,259,-207,13:11:35.755228
151.633328,228,-48,13:11:35.755228
151.635188,111,-73,13:11:35.755228
151.637047,97,351,13:11:35.755228
151.638903,-16,-51,13:11:35.755228
151.640769,210,-185,13:11:35.755228
151.642626,57,81,13:11:35.755228
151.644482,173,50,13:11:35.755228
151.64634,64,191,13:11:35.755228
151.648203,11,-10,13:11:35.755228
151.650061,253,-19,13:11:35.755228
151.651917,133,18,13:11:35.755228
151.653774,153,240,13:11:35.755228
151.655642,359,-140,13:11:35.803951
151.657514,-79,21,13:11:35.803951
151.659375,66,-18,13:11:35.803951
151.661277,257,-61,13:11:35.803951
151.663139,282,-11,13:11:35.803951
151.665002,140,169,13:11:35.803951
151.666858,251,24,13:11:35.803951
151.668716,83,127,13:11:35.803951
151.670573,324,325,13:11:35.803951
151.672429,21,-17,13:11:35.803951
151.674287,86,-174,13:11:35.803951
151.676147,242,104,13:11:35.803951
151.678006,77,-180,13:11:35.803951
151.679864,112,-102,13:11:35.803951
151.681729,289,127,13:11:35.803951
151.683585,255,174,13:11:35.803951
151.685441,248,-11,13:11:35.803951
151.6873,76,146,13:11:35.803951
151.689156,31,-301,13:11:35.803951
151.691014,25,-95,13:11:35.803951
151.692873,65,-150,13:11:35.803951
151.694729,39,-35,13:11:35.803951
151.696585,41,-145,13:11:35.803951
151.698449,16,100,13:11:35.808346
151.700306,270,78,13:11:35.808346
151.702168,86,101,13:11:35.808346
151.704041,-2,406,13:11:35.808346
151.705905,139,97,13:11:35.854331
151.707771,71,67,13:11:35.854331
151.709634,130,2,13:11:35.854331
151.71154,-126,369,13:11:35.854331
151.713396,264,59,13:11:35.854331
151.715255,105,-71,13:11:35.854331
151.717111,128,109,13:11:35.854331
151.718967,304,131,13:11:35.854331
151.720824,115,161,13:11:35.854331
151.722688,372,-24,13:11:35.854331
151.724544,110,-196,13:11:35.854331
151.726401,119,288,13:11:35.854331
151.728259,19,93,13:11:35.854331
151.730115,210,-66,13:11:35.854331
151.731972,128,-80,13:11:35.854331
151.733828,283,324,13:11:35.854331
151.735684,-21,200,13:11:35.854331
151.737541,248,52,13:11:35.854331
151.739398,288,115,13:11:35.854331
151.74126,415,101,13:11:35.854331
151.743116,257,-137,13:11:35.854331
151.744976,248,142,13:11:35.854331
151.746835,206,55,13:11:35.854331
151.748691,342,92,13:11:35.854331
151.750551,141,160,13:11:35.854331
151.752408,74,139,13:11:35.854331
151.754266,66,233,13:11:35.854331
151.75613,22,67,13:11:35.904107
151.757993,168,9,13:11:35.904107
151.759859,60,96,13:11:35.904107
151.761761,274,112,13:11:35.904107
151.763629,67,221,13:11:35.904107
151.765486,134,93,13:11:35.904107
151.767342,372,-124,13:11:35.904107
151.7692,247,-1,13:11:35.904107
151.771057,303,54,13:11:35.904107
151.772915,310,167,13:11:35.904107
151.774773,337,-305,13:11:35.904107
151.776634,219,142,13:11:35.904107
151.77849,290,110,13:11:35.904107
151.780347,256,22,13:11:35.904107
151.782205,204,196,13:11:35.904107
151.784061,-42,-40,13:11:35.904107
151.785918,168,55,13:11:35.904107
151.787774,114,146,13:11:35.904107
151.78963,395,127,13:11:35.904107
151.791487,151,11,13:11:35.904107
151.793343,50,-23,13:11:35.904107
151.795205,159,251,13:11:35.904107
151.797062,374,47,13:11:35.904107
151.79892,98,18,13:11:35.904107
151.800776,123,-110,13:11:35.904107
151.802633,256,-1,13:11:35.904107
151.804491,-75,66,13:11:35.904107
151.806363,121,289,13:11:35.955566
151.808224,164,156,13:11:35.955566
151.8101,230,29,13:11:35.955566
151.811976,204,189,13:11:35.955566
151.813835,251,-217,13:11:35.955566
151.815691,398,156,13:11:35.955566
151.817549,405,-102,13:11:35.955566
151.819406,302,-262,13:11:35.955566
151.821264,45,-69,13:11:35.955566
151.823122,259,57,13:11:35.955566
151.824979,73,-54,13:11:35.955566
151.826839,236,-116,13:11:35.955566
151.828695,167,90,13:11:35.955566
151.830554,251,151,13:11:35.955566
151.83241,360,56,13:11:35.955566
151.834266,443,123,13:11:35.955566
151.836125,238,31,13:11:35.955566
151.837985,113,-15,13:11:35.955566
151.839845,214,-123,13:11:35.955566
151.841702,-67,-99,13:11:35.955566
151.843566,475,166,13:11:35.955566
151.845422,157,2,13:11:35.955566
151.847279,118,134,13:11:35.955566
151.849137,287,173,13:11:35.955566
151.850993,107,203,13:11:35.955566
151.852854,69,-70,13:11:35.955566
151.85471,242,13,13:11:36.007966
151.85659,-24,161,13:11:36.007966
151.858452,143,-24,13:11:36.007966
151.860338,337,35,13:11:36.007966
151.862243,124,272,13:11:36.007966
151.864099,172,23,13:11:36.007966
151.865957,73,26,13:11:36.007966
151.867816,350,139,13:11:36.007966
151.869673,341,140,13:11:36.007966
151.871539,439,-94,13:11:36.007966
151.873395,173,-42,13:11:36.007966
151.875252,-1,-48,13:11:36.007966
151.87711,252,-51,13:11:36.007966
151.878966,15,117,13:11:36.008966
151.880825,198,34,13:11:36.008966
151.882681,-6,-32,13:11:36.008966
151.884537,148,138,13:11:36.008966
151.886396,102,55,13:11:36.008966
151.888259,258,350,13:11:36.008966
151.890118,215,176,13:11:36.008966
151.891975,62,214,13:11:36.008966
151.893833,211,122,13:11:36.008966
151.895689,176,61,13:11:36.008966
151.897546,110,-163,13:11:36.008966
151.899404,103,-127,13:11:36.008966
151.901261,272,146,13:11:36.008966
151.903119,263,122,13:11:36.008966
151.904975,143,-208,13:11:36.059024
151.90684,388,157,13:11:36.059024
151.9087,108,-55,13:11:36.059024
151.910594,-38,60,13:11:36.059024
151.912534,43,-23,13:11:36.059024
151.914396,388,-108,13:11:36.059024
151.916253,381,39,13:11:36.059024
151.918111,248,6,13:11:36.059024
151.919968,394,-124,13:11:36.059024
151.92183,162,7,13:11:36.059024
151.923688,242,302,13:11:36.059024
151.925545,39,11,13:11:36.059024
151.927405,199,69,13:11:36.059024
151.929261,137,-81,13:11:36.059024
151.93112,79,129,13:11:36.059024
151.932976,354,26,13:11:36.059024
151.934832,156,169,13:11:36.059024
151.936691,156,-231,13:11:36.059024
151.938551,425,-54,13:11:36.059024
151.940409,284,2,13:11:36.059024
151.942266,175,195,13:11:36.059024
151.944132,120,196,13:11:36.059024
151.945988,306,15,13:11:36.059024
151.947845,483,133,13:11:36.059024
151.949703,130,223,13:11:36.059024
151.95156,199,155,13:11:36.059024
151.953418,322,-36,13:11:36.059024
151.955278,55,326,13:11:36.103913
151.957147,491,34,13:11:36.103913
151.959007,41,210,13:11:36.103913
151.960905,207,51,13:11:36.103913
151.962763,126,45,13:11:36.103913
151.96463,167,-2,13:11:36.103913
151.966514,160,15,13:11:36.103913
151.96837,327,178,13:11:36.103913
151.970227,-176,-145,13:11:36.103913
151.972085,14,-99,13:11:36.103913
151.973941,202,-34,13:11:36.103913
151.975802,-15,85,13:11:36.103913
151.97766,270,210,13:11:36.103913
151.979517,205,32,13:11:36.103913
151.981373,180,189,13:11:36.103913
151.983229,139,302,13:11:36.103913
151.985094,340,-133,13:11:36.103913
151.98695,106,-29,13:11:36.103913
151.988807,389,-36,13:11:36.103913
151.990665,76,-171,13:11:36.103913
151.992521,73,76,13:11:36.103913
151.994379,58,193,13:11:36.103913
151.996236,207,-161,13:11:36.103913
151.998092,98,-145,13:11:36.103913
151.99995,266,-221,13:11:36.103913
152.001812,271,27,13:11:36.103913
152.003669,329,21,13:11:36.103913
152.005531,322,-65,13:11:36.159373
152.007398,1,-218,13:11:36.159373
152.00926,227,45,13:11:36.159373
152.011191,-98,-142,13:11:36.159373
152.013072,-10,267,13:11:36.159373
152.014931,82,-29,13:11:36.159373
152.016797,394,82,13:11:36.160373
152.018653,111,-94,13:11:36.160373
152.02051,-33,149,13:11:36.160373
152.022368,31,-91,13:11:36.160373
152.024224,180,-16,13:11:36.160373
152.026081,120,14,13:11:36.160373
152.027939,-41,75,13:11:36.160373
152.029801,241,-223,13:11:36.160373
152.03166,65,-209,13:11:36.160373
152.033516,184,-165,13:11:36.160373
152.035374,59,90,13:11:36.160373
152.037231,76,-54,13:11:36.160373
152.039087,313,193,13:11:36.160373
152.040946,133,-124,13:11:36.160373
152.042804,-59,-57,13:11:36.160373
152.044662,317,-244,13:11:36.160373
152.046519,-31,93,13:11:36.160373
152.048379,122,201,13:11:36.160373
152.050235,194,214,13:11:36.160373
152.052095,-170,-15,13:11:36.160373
152.053952,-18,-186,13:11:36.160373
152.055812,103,-82,13:11:36.204636
152.057679,142,-25,13:11:36.204636
152.059557,17,106,13:11:36.204636
152.061465,451,-44,13:11:36.204636
152.063323,203,154,13:11:36.204636
152.065182,144,78,13:11:36.205619
152.067042,-80,-62,13:11:36.205619
152.0689,247,-1,13:11:36.205619
152.070757,31,213,13:11:36.205619
152.072615,139,162,13:11:36.205619
152.074471,38,-159,13:11:36.205619
152.076334,97,-80,13:11:36.205619
152.07819,253,79,13:11:36.205619
152.080047,155,192,13:11:36.205619
152.081905,226,-86,13:11:36.205619
152.083763,148,-123,13:11:36.205619
152.085622,68,-50,13:11:36.205619
152.087478,175,75,13:11:36.205619
152.089334,131,16,13:11:36.205619
152.091191,250,151,13:11:36.205619
152.093054,10,-163,13:11:36.205619
152.094911,29,-203,13:11:36.205619
152.096768,54,55,13:11:36.205619
152.098626,170,-271,13:11:36.205619
152.100482,271,160,13:11:36.205619
152.102339,8,306,13:11:36.205619
152.104195,43,-181,13:11:36.205619
152.106063,159,-283,13:11:36.259031
152.107924,50,-267,13:11:36.259031
152.109791,79,-211,13:11:36.259031
152.111706,-191,-175,13:11:36.259031
152.113592,-82,36,13:11:36.259031
152.115449,-188,-59,13:11:36.259031
152.117307,93,-137,13:11:36.259031
152.119165,16,-42,13:11:36.259031
152.121026,391,-129,13:11:36.259031
152.122882,155,165,13:11:36.259031
152.124738,-97,-54,13:11:36.259031
152.126597,58,-326,13:11:36.259031
152.128453,215,-35,13:11:36.259031
152.130309,359,-98,13:11:36.259031
152.132168,261,-18,13:11:36.259031
152.134024,358,-157,13:11:36.259031
152.135881,435,191,13:11:36.259031
152.137737,144,-197,13:11:36.259031
152.139603,277,106,13:11:36.259031
152.14146,-73,-56,13:11:36.259031
152.143316,81,-274,13:11:36.259031
152.145174,39,-121,13:11:36.259031
152.147031,66,36,13:11:36.259031
152.148889,140,-92,13:11:36.259031
152.150745,-52,-86,13:11:36.259031
152.152602,1,22,13:11:36.259031
152.15446,50,-49,13:11:36.259031
152.156324,233,-82,13:11:36.306816
152.158185,92,-122,13:11:36.306816
152.160069,-56,-40,13:11:36.306816
152.161951,-228,-22,13:11:36.306816
152.163812,20,-156,13:11:36.306816
152.165668,141,121,13:11:36.306816
152.167528,70,-169,13:11:36.306816
152.169385,243,-294,13:11:36.306816
152.171247,-61,-59,13:11:36.306816
152.173105,64,-116,13:11:36.306816
152.174964,347,-22,13:11:36.306816
152.176826,-19,-222,13:11:36.306816
152.178682,130,35,13:11:36.306816
152.180543,31,-80,13:11:36.306816
152.182399,159,-183,13:11:36.306816
152.184255,67,-106,13:11:36.306816
152.186114,-125,-134,13:11:36.306816
152.18797,222,-366,13:11:36.306816
152.189828,-17,-205,13:11:36.306816
152.191685,-257,-104,13:11:36.306816
152.193549,198,-134,13:11:36.306816
152.195405,36,157,13:11:36.306816
152.197262,111,-22,13:11:36.306816
152.19912,-159,-100,13:11:36.306816
152.200976,327,-159,13:11:36.306816
152.202835,17,-38,13:11:36.306816
152.204691,153,-300,13:11:36.358243
152.206557,-36,-163,13:11:36.358243
152.208418,-224,-86,13:11:36.358243
152.210334,-16,-91,13:11:36.358243
152.2122,-58,81,13:11:36.358243
152.214068,-84,-122,13:11:36.358243
152.215955,188,32,13:11:36.358243
152.217813,117,-173,13:11:36.358243
152.219669,52,18,13:11:36.358243
152.22153,105,12,13:11:36.358243
152.223386,-8,14,13:11:36.358243
152.225242,-22,-16,13:11:36.358243
152.227105,-149,-26,13:11:36.358243
152.228961,-86,-80,13:11:36.358243
152.230819,232,-87,13:11:36.358243
152.232676,64,-122,13:11:36.358243
152.234532,-21,-139,13:11:36.358243
152.23639,14,1,13:11:36.358243
152.238251,77,-307,13:11:36.358243
152.240109,9,-13,13:11:36.358243
152.241965,24,-96,13:11:36.358243
152.243826,-9,-101,13:11:36.358243
152.245682,66,-134,13:11:36.358243
152.247538,-111,-115,13:11:36.358243
152.249397,61,-57,13:11:36.358243
152.251253,-102,-237,13:11:36.358243
152.253111,264,-106,13:11:36.358243
152.254968,-12,-310,13:11:36.409986
152.25683,64,-159,13:11:36.409986
152.25869,118,-142,13:11:36.409986
152.260601,29,-168,13:11:36.409986
152.262463,51,-97,13:11:36.409986
152.264319,106,-152,13:11:36.409986
152.266176,151,1,13:11:36.409986
152.268034,92,-182,13:11:36.409986
152.26989,170,-61,13:11:36.409986
152.271749,73,-150,13:11:36.409986
152.273605,-56,-25,13:11:36.409986
152.275467,241,-251,13:11:36.409986
152.277324,-124,-378,13:11:36.409986
152.27918,59,-227,13:11:36.409986
152.281036,156,-50,13:11:36.409986
152.282893,212,-94,13:11:36.409986
152.284753,47,-110,13:11:36.409986
152.286609,-38,-287,13:11:36.409986
152.288466,-68,-85,13:11:36.409986
152.290324,-253,-314,13:11:36.409986
152.292188,-203,-79,13:11:36.409986
152.294045,357,-55,13:11:36.409986
152.295901,-44,31,13:11:36.409986
152.297759,-32,21,13:11:36.409986
152.299616,103,-232,13:11:36.409986
152.301472,104,-77,13:11:36.409986
152.303331,154,-209,13:11:36.409986
152.305187,-100,-296,13:11:36.460803
152.307065,-31,-167,13:11:36.460803
152.308926,0,-25,13:11:36.460803
152.310845,-306,-134,13:11:36.460803
152.312704,163,-81,13:11:36.460803
152.31456,85,131,13:11:36.460803
152.316428,-1984,-113,13:11:36.460803
152.318303,170,-131,13:11:36.460803
152.32016,83,-60,13:11:36.460803
152.32202,10,-477,13:11:36.460803
152.323878,46,-101,13:11:36.460803
152.325742,137,-151,13:11:36.460803
152.327599,17,-345,13:11:36.460803
152.329455,-31,-124,13:11:36.460803
152.331313,53,-318,13:11:36.460803
152.33317,144,-124,13:11:36.460803
152.335028,16,-172,13:11:36.460803
152.336884,159,83,13:11:36.460803
152.338747,182,-200,13:11:36.460803
152.340605,196,-209,13:11:36.460803
152.342463,-73,-57,13:11:36.460803
152.344324,-15,-229,13:11:36.460803
152.34618,-81,-54,13:11:36.460803
152.348038,-40,-76,13:11:36.460803
152.349895,-106,-201,13:11:36.460803
152.351753,-262,-46,13:11:36.460803
152.35361,105,-226,13:11:36.460803
152.355468,139,-122,13:11:36.513818
152.357338,-188,-154,13:11:36.513818
152.359199,20,-54,13:11:36.513818
152.361093,-385,-110,13:11:36.513818
152.362957,157,-128,13:11:36.513818
152.364819,104,-206,13:11:36.513818
152.36668,193,-59,13:11:36.513818
152.36854,230,-28,13:11:36.513818
152.370399,155,-112,13:11:36.513818
152.372289,30,326,13:11:36.513818
152.374169,-228,112,13:11:36.513818
152.376033,318,19,13:11:36.513818
152.377889,335,-120,13:11:36.513818
152.379746,-75,-49,13:11:36.513818
152.381604,120,145,13:11:36.514819
152.383461,-133,-154,13:11:36.514819
152.385319,-257,59,13:11:36.514819
152.387175,9,89,13:11:36.514819
152.389032,109,-83,13:11:36.514819
152.39089,83,-27,13:11:36.514819
152.392754,-256,-319,13:11:36.514819
152.394611,-46,310,13:11:36.514819
152.396467,77,-298,13:11:36.514819
152.398325,18,-65,13:11:36.514819
152.400182,-115,-300,13:11:36.514819
152.402038,-86,-17,13:11:36.514819
152.403896,338,-128,13:11:36.514819
152.405757,71,-102,13:11:36.564356
152.407617,306,-140,13:11:36.564356
152.409481,59,-83,13:11:36.564356
152.411376,-338,-132,13:11:36.564356
152.413234,-321,-207,13:11:36.564356
152.41509,124,-358,13:11:36.564356
152.416949,43,6,13:11:36.564356
152.418805,-35,-149,13:11:36.564356
152.420666,-1629,-312,13:11:36.564356
152.422526,74,-72,13:11:36.564356
152.424389,61,-119,13:11:36.564356
152.426246,53,-128,13:11:36.564356
152.428103,66,-89,13:11:36.564356
152.429961,-101,-30,13:11:36.564356
152.431817,-68,-69,13:11:36.564356
152.433674,-181,-103,13:11:36.564356
152.43553,-120,-359,13:11:36.564356
152.437386,134,-44,13:11:36.564356
152.439243,107,-66,13:11:36.564356
152.441099,-4,-148,13:11:36.564356
152.442961,-56,191,13:11:36.564356
152.444818,-75,-299,13:11:36.564356
152.446674,-97,-377,13:11:36.564356
152.448533,-148,-195,13:11:36.564356
152.450389,85,-304,13:11:36.564356
152.452247,10,139,13:11:36.564356
152.454104,33,61,13:11:36.564356
152.455976,204,17,13:11:36.616358
152.457836,-108,-204,13:11:36.616358
152.459706,-23,-51,13:11:36.616358
152.461617,55,28,13:11:36.616358
152.463475,66,-208,13:11:36.616358
152.46533,192,-72,13:11:36.616358
152.467192,-57,-168,13:11:36.616358
152.469082,-178,-231,13:11:36.616358
152.470948,-2049,-224,13:11:36.616358
152.47281,212,-90,13:11:36.616358
152.474672,-166,-380,13:11:36.616358
152.476529,-58,96,13:11:36.616358
152.478386,-205,-157,13:11:36.616358
152.480244,57,-261,13:11:36.616358
152.4821,207,38,13:11:36.616358
152.483957,72,-253,13:11:36.616358
152.485813,23,-276,13:11:36.616358
152.487669,-120,-240,13:11:36.616358
152.489526,12,-94,13:11:36.616358
152.491382,0,-276,13:11:36.616358
152.493244,-65,-304,13:11:36.616358
152.495101,4,134,13:11:36.616358
152.496957,-166,23,13:11:36.616358
152.498815,-191,-158,13:11:36.616358
152.500672,240,-238,13:11:36.616358
152.50253,86,-3,13:11:36.616358
152.504387,165,-242,13:11:36.616358
152.506253,-30,31,13:11:36.664851
152.508113,98,-176,13:11:36.664851
152.509995,276,-71,13:11:36.664851
152.511882,49,-48,13:11:36.664851
152.513738,-22,-177,13:11:36.664851
152.515594,-46,-25,13:11:36.664851
152.517453,-149,-234,13:11:36.664851
152.519309,-23,-321,13:11:36.664851
152.521167,164,-219,13:11:36.664851
152.523024,-2880,-31,13:11:36.664851
152.52492,-104,-185,13:11:36.664851
152.526778,-27,-412,13:11:36.664851
152.528635,-11,-303,13:11:36.664851
152.530493,98,80,13:11:36.664851
152.532349,-212,-130,13:11:36.664851
152.53421,92,-153,13:11:36.664851
152.536066,-102,-62,13:11:36.664851
152.537922,67,-243,13:11:36.665852
152.539781,206,-62,13:11:36.665852
152.541637,16,-269,13:11:36.665852
152.543495,93,-73,13:11:36.665852
152.545352,-299,-223,13:11:36.665852
152.547208,-35,-206,13:11:36.665852
152.549065,257,-43,13:11:36.665852
152.550929,304,-74,13:11:36.665852
152.552785,18,-255,13:11:36.665852
152.554642,-58,-214,13:11:36.717344
152.556508,-123,-127,13:11:36.717344
152.558368,-186,135,13:11:36.717344
152.560274,180,2,13:11:36.717344
152.562145,-249,-129,13:11:36.717344
152.564001,-298,-28,13:11:36.717344
152.565857,198,-294,13:11:36.717344
152.567714,232,-94,13:11:36.717344
152.569577,113,-453,13:11:36.717344
152.571434,-735,-35,13:11:36.717344
152.573299,98,-368,13:11:36.717344
152.575161,67,-8,13:11:36.717344
152.577017,-33,-192,13:11:36.717344
152.578876,-146,-81,13:11:36.717344
152.580734,186,211,13:11:36.717344
152.58259,-132,-35,13:11:36.717344
152.584449,212,-55,13:11:36.717344
152.586307,42,-57,13:11:36.717344
152.588163,407,-197,13:11:36.717344
152.590022,-38,-186,13:11:36.717344
152.591888,8,-152,13:11:36.717344
152.593745,70,-178,13:11:36.717344
152.595601,-151,114,13:11:36.717344
152.597459,-77,-147,13:11:36.718443
152.599316,-119,-19,13:11:36.718443
152.601172,-94,45,13:11:36.718443
152.60303,73,11,13:11:36.718443
152.604887,60,-8,13:11:36.771204
152.606757,54,-211,13:11:36.771204
152.608617,134,-221,13:11:36.771204
152.610526,72,-50,13:11:36.771204
152.612392,80,-173,13:11:36.771204
152.61425,15,-153,13:11:36.771204
152.61611,295,2,13:11:36.771204
152.617967,-170,-129,13:11:36.771204
152.619825,321,-143,13:11:36.771204
152.621683,-391,-119,13:11:36.772206
152.623568,-537,141,13:11:36.773203
152.625432,-318,134,13:11:36.773203
152.627288,-100,-15,13:11:36.775203
152.629145,138,-352,13:11:36.775203
152.631001,-50,-95,13:11:36.775203
152.632857,-79,-155,13:11:36.775203
152.634714,-105,-292,13:11:36.775203
152.63657,205,-84,13:11:36.775203
152.638431,64,-42,13:11:36.775203
152.640287,-175,-152,13:11:36.775203
152.642143,9,-87,13:11:36.775203
152.644002,-174,-160,13:11:36.775203
152.645858,5,12,13:11:36.775203
152.647716,38,-41,13:11:36.775203
152.649573,-108,-132,13:11:36.775203
152.651433,-317,-119,13:11:36.775203
152.653291,-180,-79,13:11:36.775203
152.655148,19,70,13:11:36.823685
152.657018,-95,74,13:11:36.823685
152.658878,-133,-134,13:11:36.823685
152.660793,-174,77,13:11:36.823685
152.662651,-196,-293,13:11:36.823685
152.664507,-162,27,13:11:36.823685
152.666366,-45,-292,13:11:36.823685
152.668222,-33,-153,13:11:36.824685
152.670082,-34,-179,13:11:36.824685
152.671943,87,-175,13:11:36.824685
152.673806,-208,-299,13:11:36.824685
152.675665,-1549,-163,13:11:36.824685
152.677524,193,-224,13:11:36.824685
152.67938,66,95,13:11:36.824685
152.68124,1,26,13:11:36.824685
152.683131,126,-377,13:11:36.824685
152.684987,-187,-188,13:11:36.824685
152.686845,56,125,13:11:36.824685
152.688704,17,-10,13:11:36.824685
152.69056,177,43,13:11:36.824685
152.692416,197,-83,13:11:36.824685
152.694275,-33,-49,13:11:36.824685
152.696131,-159,-244,13:11:36.824685
152.697987,267,120,13:11:36.824685
152.699846,-65,-108,13:11:36.824685
152.701708,-26,153,13:11:36.824685
152.703564,-40,-318,13:11:36.824685
152.705421,-56,-14,13:11:36.870363
152.707287,-152,-174,13:11:36.870363
152.709148,130,-14,13:11:36.870363
152.711046,-120,8,13:11:36.870363
152.712904,18,-107,13:11:36.871357
152.714765,24,93,13:11:36.871357
152.716625,-25,50,13:11:36.871357
152.718483,-475,-59,13:11:36.871357
152.720347,-114,56,13:11:36.871357
152.722204,-550,-330,13:11:36.871357
152.72406,-95,-112,13:11:36.871357
152.725918,-64,-191,13:11:36.871357
152.727775,-432,79,13:11:36.871357
152.729637,-63,190,13:11:36.871357
152.731494,-119,84,13:11:36.871357
152.733352,337,-139,13:11:36.871357
152.735208,-142,101,13:11:36.871357
152.737064,-70,21,13:11:36.871357
152.738927,6,-126,13:11:36.871357
152.740783,-100,28,13:11:36.871357
152.742642,-66,-92,13:11:36.871357
152.744498,110,-102,13:11:36.871357
152.746354,287,-283,13:11:36.871357
152.748213,212,29,13:11:36.871357
152.750072,-184,-243,13:11:36.871357
152.751931,-15,-95,13:11:36.871357
152.753788,74,-13,13:11:36.871357
152.755654,71,27,13:11:36.923003
152.757517,-158,8,13:11:36.923003
152.759383,-72,139,13:11:36.923003
152.761299,-215,-130,13:11:36.923003
152.763155,84,24,13:11:36.923003
152.765012,4,-155,13:11:36.923003
152.766876,-154,-118,13:11:36.923003
152.768732,-65,-2,13:11:36.923003
152.770591,-58,-51,13:11:36.923003
152.772449,2,-24,13:11:36.923003
152.774311,-117,-198,13:11:36.923003
152.776176,-317,-171,13:11:36.923003
152.778064,-1292,18,13:11:36.923003
152.779922,50,24,13:11:36.923003
152.781781,-17,-205,13:11:36.923003
152.783637,-42,-259,13:11:36.923003
152.785495,98,-209,13:11:36.923003
152.787359,-42,-141,13:11:36.923003
152.789216,-55,157,13:11:36.923003
152.791072,62,-295,13:11:36.923003
152.792931,-238,-99,13:11:36.923003
152.794787,190,-62,13:11:36.923003
152.796643,214,-187,13:11:36.923003
152.7985,111,-100,13:11:36.923003
152.800356,-97,-93,13:11:36.923003
152.802213,299,-223,13:11:36.923003
152.804069,-159,-31,13:11:36.923003
152.805931,-4,-59,13:11:36.974032
152.807798,49,-85,13:11:36.974032
152.809661,186,-52,13:11:36.974032
152.811562,-97,-165,13:11:36.974032
152.813418,-297,-30,13:11:36.974032
152.815275,40,-144,13:11:36.974032
152.817133,122,16,13:11:36.974032
152.818994,-43,-192,13:11:36.974032
152.820854,-265,-164,13:11:36.974032
152.82271,-574,-54,13:11:36.974032
152.824568,-63,-250,13:11:36.974032
152.826425,-537,-13,13:11:36.974032
152.828308,-186,90,13:11:36.974032
152.830177,-985,6,13:11:36.974032
152.832034,110,-233,13:11:36.974032
152.833892,-31,-126,13:11:36.974032
152.835748,-47,138,13:11:36.974032
152.837605,210,-124,13:11:36.974032
152.839463,-65,-219,13:11:36.974032
152.841319,90,-294,13:11:36.974032
152.843178,191,-135,13:11:36.974032
152.845034,-67,-276,13:11:36.974032
152.846895,-68,-71,13:11:36.974032
152.848753,95,-73,13:11:36.974032
152.850609,-33,-152,13:11:36.974032
152.852468,-80,-151,13:11:36.974032
152.854324,116,-90,13:11:36.974032
152.85619,56,69,13:11:37.025642
152.858051,92,-224,13:11:37.025642
152.859921,217,18,13:11:37.025642
152.861805,-155,110,13:11:37.025642
152.863662,-223,-230,13:11:37.025642
152.86552,68,-195,13:11:37.025642
152.867378,-269,119,13:11:37.025642
152.869235,-305,-84,13:11:37.025642
152.871093,-509,-287,13:11:37.025642
152.872949,-193,-18,13:11:37.025642
152.874808,-542,-173,13:11:37.025642
152.87667,-55,-177,13:11:37.025642
152.87853,-200,-84,13:11:37.025642
152.880387,-1497,-180,13:11:37.025642
152.882251,-93,-201,13:11:37.025642
152.884113,-208,52,13:11:37.025642
152.88597,94,-66,13:11:37.025642
152.887854,-23,-164,13:11:37.025642
152.88971,205,33,13:11:37.025642
152.891567,-13,-12,13:11:37.025642
152.893425,39,-159,13:11:37.025642
152.895281,-55,-103,13:11:37.025642
152.89714,40,-93,13:11:37.025642
152.898996,260,67,13:11:37.025642
152.900854,-106,28,13:11:37.025642
152.902713,-50,125,13:11:37.025642
152.904571,106,-20,13:11:37.083819
152.906439,242,-61,13:11:37.083819
152.9083,101,-130,13:11:37.083819
152.910194,218,187,13:11:37.083819
152.912064,-198,-153,13:11:37.083819
152.913925,-59,190,13:11:37.083819
152.915785,-405,3,13:11:37.083819
152.917641,162,-6,13:11:37.083819
152.919498,-68,-123,13:11:37.083819
152.921354,-114,-86,13:11:37.083819
152.92321,38,3,13:11:37.083819
152.925073,93,-17,13:11:37.083819
152.926929,91,-83,13:11:37.083819
152.928787,18,-25,13:11:37.083819
152.930672,4,-141,13:11:37.083819
152.932534,-1976,-151,13:11:37.083819
152.934404,2,110,13:11:37.083819
152.936261,45,-105,13:11:37.083819
152.938119,-17,-84,13:11:37.083819
152.939975,40,211,13:11:37.083819
152.941834,-20,-69,13:11:37.083819
152.943692,-149,-188,13:11:37.083819
152.945548,-158,74,13:11:37.083819
152.947407,-59,-35,13:11:37.083819
152.949263,35,-239,13:11:37.083819
152.951125,146,-37,13:11:37.083819
152.952982,29,-131,13:11:37.083819
152.954838,-135,-187,13:11:37.127982
152.956705,122,93,13:11:37.127982
152.958565,188,-138,13:11:37.127982
152.960465,-180,-128,13:11:37.127982
152.962327,88,83,13:11:37.127982
152.964184,-52,-69,13:11:37.127982
152.966042,-21,-67,13:11:37.127982
152.9679,-102,-232,13:11:37.127982
152.969765,-250,-17,13:11:37.127982
152.971621,252,-327,13:11:37.127982
152.973479,-363,-165,13:11:37.127982
152.975338,-333,6,13:11:37.127982
152.977194,-580,111,13:11:37.127982
152.979056,-345,-65,13:11:37.129392
152.980918,-386,-20,13:11:37.129392
152.982807,55,-67,13:11:37.129392
152.984673,139,55,13:11:37.129392
152.986532,56,-69,13:11:37.129392
152.98839,-139,51,13:11:37.129392
152.990248,-937,-181,13:11:37.129392
152.992105,-115,-252,13:11:37.129392
152.993961,171,-237,13:11:37.129392
152.995818,-284,-175,13:11:37.129392
152.997676,77,-335,13:11:37.129392
152.999532,-61,-123,13:11:37.129392
153.00139,-7,-64,13:11:37.129392
153.003247,-19,-65,13:11:37.129392
153.005103,138,8,13:11:37.177517
153.006976,34,-127,13:11:37.177517
153.008836,28,-174,13:11:37.177517
153.010749,-108,-72,13:11:37.177517
153.012658,-364,-477,13:11:37.177517
153.014515,21,-225,13:11:37.177517
153.016373,-384,-134,13:11:37.177517
153.018229,120,-31,13:11:37.178383
153.020086,106,-175,13:11:37.178383
153.021944,-7,-92,13:11:37.178383
153.023804,-256,-83,13:11:37.178383
153.025663,-257,-175,13:11:37.178383
153.027519,-410,297,13:11:37.178383
153.029379,-71,-82,13:11:37.178383
153.031236,-187,-43,13:11:37.178383
153.033092,153,-213,13:11:37.178383
153.034956,-1459,66,13:11:37.178383
153.036847,89,-105,13:11:37.178383
153.038707,-146,-218,13:11:37.178383
153.040563,221,13,13:11:37.178383
153.042419,-126,-224,13:11:37.178383
153.044276,78,29,13:11:37.178383
153.046132,-128,-39,13:11:37.178383
153.047991,-54,-125,13:11:37.178383
153.049847,-35,41,13:11:37.178383
153.051703,-1,-65,13:11:37.178383
153.05356,102,137,13:11:37.178383
153.055417,121,-23,13:11:37.229829
153.05728,157,-42,13:11:37.229829
153.059141,87,-122,13:11:37.229829
153.061041,-405,-219,13:11:37.229829
153.062899,-53,-13,13:11:37.229829
153.064762,-152,-190,13:11:37.229829
153.066618,-299,-336,13:11:37.230828
153.068474,-53,-124,13:11:37.230828
153.070339,-592,-130,13:11:37.230828
153.072195,-394,12,13:11:37.230828
153.074051,-54,-209,13:11:37.230828
153.07591,-25,-91,13:11:37.230828
153.077766,55,-189,13:11:37.230828
153.079624,-484,-57,13:11:37.230828
153.081482,154,-98,13:11:37.230828
153.083339,11,144,13:11:37.230828
153.0852,-72,-55,13:11:37.230828
153.087059,-117,97,13:11:37.230828
153.088918,92,-119,13:11:37.230828
153.090794,-245,-17,13:11:37.230828
153.092667,-215,-111,13:11:37.230828
153.094525,37,-24,13:11:37.230828
153.096383,104,-43,13:11:37.230828
153.09824,150,61,13:11:37.230828
153.100096,84,-26,13:11:37.230828
153.101955,-88,50,13:11:37.230828
153.103811,106,-315,13:11:37.230828
153.105669,-149,-193,13:11:37.279933
153.107534,-248,200,13:11:37.279933
153.109396,67,91,13:11:37.279933
153.111304,-121,276,13:11:37.279933
153.113162,-242,-160,13:11:37.279933
153.115019,-165,-79,13:11:37.279933
153.116881,-234,46,13:11:37.279933
153.118738,-37,35,13:11:37.279933
153.120596,-378,-257,13:11:37.279933
153.122452,-88,152,13:11:37.279933
153.124309,-412,21,13:11:37.279933
153.126167,-134,-263,13:11:37.279933
153.128027,-97,86,13:11:37.279933
153.129886,-378,55,13:11:37.279933
153.131742,-653,-28,13:11:37.279933
153.133608,-21,103,13:11:37.279933
153.135468,47,-4,13:11:37.279933
153.137351,-1875,-22,13:11:37.279933
153.139211,-149,-166,13:11:37.279933
153.141068,-25,76,13:11:37.279933
153.142932,222,262,13:11:37.279933
153.14479,136,-66,13:11:37.279933
153.146647,-58,-404,13:11:37.279933
153.148505,-68,-136,13:11:37.279933
153.150361,146,85,13:11:37.279933
153.15222,-147,87,13:11:37.279933
153.154076,47,-245,13:11:37.279933
153.155937,-49,-144,13:11:37.334515
153.157799,29,-41,13:11:37.334515
153.159667,-49,-35,13:11:37.334515
153.161573,-146,-212,13:11:37.334515
153.16343,-43,87,13:11:37.334515
153.165286,140,89,13:11:37.334515
153.167144,-106,-148,13:11:37.334515
153.169006,-470,78,13:11:37.334515
153.170865,56,-146,13:11:37.334515
153.172721,-47,-387,13:11:37.334515
153.174578,-652,-31,13:11:37.334515
153.176434,-493,36,13:11:37.334515
153.178301,-378,131,13:11:37.334515
153.180159,134,353,13:11:37.334515
153.182015,-256,-321,13:11:37.334515
153.183875,-261,-337,13:11:37.334515
153.185739,-152,171,13:11:37.334515
153.187625,-1359,-58,13:11:37.334515
153.189484,-59,42,13:11:37.334515
153.191345,-154,243,13:11:37.334515
153.193207,-116,103,13:11:37.334515
153.195063,157,87,13:11:37.334515
153.19692,33,39,13:11:37.334515
153.198778,98,336,13:11:37.334515
153.200634,-4,26,13:11:37.334515
153.202493,-88,16,13:11:37.334515
153.204349,-251,280,13:11:37.334515
153.206216,130,75,13:11:37.384900
153.208076,-208,167,13:11:37.384900
153.209958,-223,266,13:11:37.384900
153.211844,-139,-100,13:11:37.384900
153.213703,-9,1,13:11:37.384900
153.215559,-86,107,13:11:37.384900
153.217417,-106,22,13:11:37.384900
153.219274,-38,-79,13:11:37.384900
153.22113,-66,130,13:11:37.384900
153.222986,104,-130,13:11:37.384900
153.224851,-174,319,13:11:37.384900
153.226711,132,-121,13:11:37.384900
153.228571,-596,27,13:11:37.384900
153.230432,43,-14,13:11:37.384900
153.232288,-27,-46,13:11:37.384900
153.234147,31,228,13:11:37.384900
153.236003,-185,-11,13:11:37.384900
153.237859,51,146,13:11:37.384900
153.239721,-1704,217,13:11:37.384900
153.241606,-55,52,13:11:37.384900
153.243464,150,132,13:11:37.384900
153.245321,-68,203,13:11:37.384900
153.247177,149,145,13:11:37.384900
153.249035,68,175,13:11:37.384900
153.250895,-101,-3,13:11:37.384900
153.252752,360,-37,13:11:37.384900
153.254608,215,131,13:11:37.434193
153.256473,96,191,13:11:37.434193
153.258333,-33,5,13:11:37.434193
153.260231,-91,173,13:11:37.434193
153.262109,-142,198,13:11:37.434193
153.26397,-98,312,13:11:37.434193
153.265826,13,58,13:11:37.434193
153.267685,-588,-18,13:11:37.434193
153.26954,-79,243,13:11:37.434193
153.271399,4,330,13:11:37.434193
153.273256,-278,8,13:11:37.434193
153.275114,-21,135,13:11:37.434193
153.276972,-134,146,13:11:37.434193
153.278829,-433,116,13:11:37.434193
153.280687,132,63,13:11:37.434193
153.282545,24,265,13:11:37.434193
153.284404,-352,285,13:11:37.434193
153.286263,80,137,13:11:37.434193
153.288131,-27,24,13:11:37.434193
153.290013,-1318,137,13:11:37.434193
153.291871,-112,-123,13:11:37.434193
153.293729,-52,77,13:11:37.434193
153.295586,3,373,13:11:37.434193
153.297444,58,128,13:11:37.434193
153.299302,148,197,13:11:37.434193
153.301159,-72,93,13:11:37.434193
153.303017,54,136,13:11:37.435185
153.304875,-126,220,13:11:37.486149
153.306744,-19,93,13:11:37.486149
153.308604,-118,-63,13:11:37.486149
153.310524,-164,-129,13:11:37.486149
153.312382,-175,139,13:11:37.486149
153.314239,47,247,13:11:37.486149
153.316101,-632,378,13:11:37.486149
153.31796,-186,95,13:11:37.486149
153.319826,-47,-1,13:11:37.486149
153.321682,151,-55,13:11:37.486149
153.323539,-424,194,13:11:37.486149
153.325397,-520,287,13:11:37.486149
153.327253,-661,188,13:11:37.486149
153.32911,-585,69,13:11:37.486149
153.330968,-236,304,13:11:37.486149
153.332824,-333,261,13:11:37.486149
153.334683,-9,149,13:11:37.486149
153.336539,-598,-79,13:11:37.486149
153.338399,-340,204,13:11:37.486149
153.340286,-800,382,13:11:37.486149
153.342154,-159,372,13:11:37.486149
153.344012,-160,100,13:11:37.486149
153.345871,-102,60,13:11:37.486149
153.347729,-109,177,13:11:37.486149
153.349585,-41,121,13:11:37.486149
153.351442,-84,228,13:11:37.486149
153.3533,-143,318,13:11:37.486149
153.355156,-61,469,13:11:37.537619
153.357025,2,626,13:11:37.537619
153.358885,517,781,13:11:37.537619
153.360787,519,501,13:11:37.537619
153.362644,835,1028,13:11:37.537619
153.3645,1481,1630,13:11:37.537619
153.366358,1470,1564,13:11:37.537619
153.368215,1670,1735,13:11:37.537619
153.370071,2221,2059,13:11:37.537619
153.371927,2707,2343,13:11:37.537619
153.373784,2535,2169,13:11:37.537619
153.375646,1709,2428,13:11:37.537619
153.377502,3657,2998,13:11:37.537619
153.379363,3630,3189,13:11:37.537619
153.381219,3236,3487,13:11:37.537619
153.383075,4312,4174,13:11:37.537619
153.384934,5194,4255,13:11:37.537619
153.386792,5462,4553,13:11:37.537619
153.388664,5259,5043,13:11:37.537619
153.390523,7232,5435,13:11:37.537619
153.392379,5903,5588,13:11:37.537619
153.394237,7787,6144,13:11:37.537619
153.396094,8646,6761,13:11:37.537619
153.39795,9156,7045,13:11:37.537619
153.399836,9661,7413,13:11:37.537619
153.401693,10277,8263,13:11:37.537619
153.403551,10946,8478,13:11:37.537619
153.405407,11389,8658,13:11:37.553803
153.407272,12223,9227,13:11:37.553803
153.409132,12871,9646,13:11:37.553803
153.411044,12993,10003,13:11:37.553803
153.412907,13308,10395,13:11:37.553803
153.414763,14527,10769,13:11:37.553803
153.416619,14966,11162,13:11:37.553803
153.418476,14929,11687,13:11:37.553803
153.420332,15752,11775,13:11:37.553803
153.422188,16444,12332,13:11:37.553803
153.424045,16662,12393,13:11:37.553803
153.425905,17274,12826,13:11:37.553803
153.427763,17969,13159,13:11:37.553803
153.429624,18114,13261,13:11:37.553803
153.43148,18280,14054,13:11:37.553803
153.433336,18617,14135,13:11:37.553803
153.435195,19164,14654,13:11:37.553803
153.437054,19439,15193,13:11:37.553803
153.438917,20511,15156,13:11:37.553803
153.440774,20422,15081,13:11:37.553803
153.442632,21119,15833,13:11:37.553803
153.44449,20301,15942,13:11:37.553803
153.446347,21833,16286,13:11:37.553803
153.448205,22046,16332,13:11:37.553803
153.450061,22423,16547,13:11:37.553803
153.45192,22604,16707,13:11:37.553803
153.453776,22877,16901,13:11:37.553803
153.455636,23237,17076,13:11:37.604347
153.457503,23236,17162,13:11:37.604347
153.459367,23516,17360,13:11:37.604347
153.461297,23564,17454,13:11:37.604347
153.463171,23627,17661,13:11:37.604347
153.465028,23933,17739,13:11:37.604347
153.466888,24448,17885,13:11:37.604347
153.468744,24566,17812,13:11:37.604347
153.470605,24747,18128,13:11:37.604347
153.472461,25036,18381,13:11:37.604347
153.474318,25030,18221,13:11:37.604347
153.476176,25416,18491,13:11:37.604347
153.478032,25510,18851,13:11:37.604347
153.479889,25522,18668,13:11:37.604347
153.481745,26011,19116,13:11:37.604347
153.483601,26185,19128,13:11:37.604347
153.485458,26310,19441,13:11:37.604347
153.487314,26665,19937,13:11:37.604347
153.489176,27074,20049,13:11:37.604347
153.491041,27014,19950,13:11:37.604347
153.492899,27670,20531,13:11:37.604347
153.494755,28142,20520,13:11:37.604347
153.496612,28247,20753,13:11:37.604347
153.498494,28658,20960,13:11:37.604347
153.50035,28974,21135,13:11:37.604347
153.502209,29388,21309,13:11:37.604347
153.504065,29248,21357,13:11:37.604347
153.505927,29852,21812,13:11:37.656700
153.50779,29953,22248,13:11:37.656700
153.509654,30280,22339,13:11:37.656700
153.511558,30579,22492,13:11:37.656700
153.513415,30916,22542,13:11:37.656700
153.515271,30982,22843,13:11:37.656700
153.517131,31232,22905,13:11:37.656700
153.518988,31752,23277,13:11:37.656700
153.520846,31949,23397,13:11:37.656700
153.522702,32086,23466,13:11:37.656700
153.524559,32553,23676,13:11:37.656700
153.526417,32923,24074,13:11:37.656700
153.528274,32869,24084,13:11:37.656700
153.530134,33183,24633,13:11:37.656700
153.53199,33568,24662,13:11:37.656700
153.533848,33633,24642,13:11:37.656700
153.535705,33831,25060,13:11:37.656700
153.537561,34379,25104,13:11:37.656700
153.539419,34443,25592,13:11:37.656700
153.54128,34663,25585,13:11:37.656700
153.543138,35272,25793,13:11:37.656700
153.544995,35182,26384,13:11:37.656700
153.546855,35505,26154,13:11:37.656700
153.548711,36089,26578,13:11:37.656700
153.550568,36445,26677,13:11:37.656700
153.552428,36948,27150,13:11:37.656700
153.554306,37298,27779,13:11:37.656700
153.556181,37930,27850,13:11:37.708444
153.558041,38330,28369,13:11:37.709445
153.559914,38896,28905,13:11:37.709445
153.561795,39146,28989,13:11:37.709445
153.563652,39643,29314,13:11:37.709445
153.56551,40227,29806,13:11:37.709445
153.567366,41017,30007,13:11:37.709445
153.569223,41578,30436,13:11:37.709445
153.571081,42095,31067,13:11:37.709445
153.572938,42518,31551,13:11:37.709445
153.574798,43029,31803,13:11:37.709445
153.576654,43550,32126,13:11:37.709445
153.578511,44053,32469,13:11:37.709445
153.580369,44644,32832,13:11:37.709445
153.58223,45155,33069,13:11:37.709445
153.584088,45574,33842,13:11:37.709445
153.585944,46088,33903,13:11:37.709445
153.587812,46524,34298,13:11:37.709445
153.589669,47022,34420,13:11:37.709445
153.591525,47331,34936,13:11:37.709445
153.593387,48009,35333,13:11:37.709445
153.595244,48282,35737,13:11:37.709445
153.597102,48927,36072,13:11:37.709445
153.598958,49402,36213,13:11:37.709445
153.600819,49881,36665,13:11:37.709445
153.602677,50755,37044,13:11:37.709445
153.604541,50937,37432,13:11:37.753989
153.606404,51674,38056,13:11:37.753989
153.608264,52334,38112,13:11:37.753989
153.61016,52725,38649,13:11:37.753989
153.612053,53107,39001,13:11:37.753989
153.613909,53728,39461,13:11:37.753989
153.615767,54493,40081,13:11:37.753989
153.617624,54852,40528,13:11:37.753989
153.61948,55415,40587,13:11:37.753989
153.621338,55689,40919,13:11:37.753989
153.623198,56143,41183,13:11:37.753989
153.625057,56745,41405,13:11:37.755048
153.626913,57072,42057,13:11:37.755048
153.62878,57629,42465,13:11:37.755048
153.630636,58098,42488,13:11:37.755048
153.632492,58379,42991,13:11:37.755048
153.634351,58721,43347,13:11:37.755048
153.636207,59243,43595,13:11:37.755048
153.638063,59729,43563,13:11:37.755048
153.63992,60311,43861,13:11:37.755048
153.641776,60727,44545,13:11:37.755993
153.643634,61278,44829,13:11:37.755993
153.6455,61488,45053,13:11:37.755993
153.647357,61823,45325,13:11:37.755993
153.649214,62463,45643,13:11:37.757094
153.651072,62448,45894,13:11:37.757094
153.652928,63290,46107,13:11:37.757094
153.654785,63309,46463,13:11:37.804224
153.656649,63985,46834,13:11:37.804224
153.658509,64148,47048,13:11:37.804224
153.660418,64677,47278,13:11:37.804224
153.662278,65167,47768,13:11:37.804224
153.664135,65575,47780,13:11:37.804224
153.665996,65929,48169,13:11:37.804224
153.667855,66096,48233,13:11:37.804224
153.669713,66427,48525,13:11:37.804224
153.671569,66688,48737,13:11:37.804224
153.673426,67268,48964,13:11:37.804224
153.675284,67271,49202,13:11:37.804224
153.677144,67667,49440,13:11:37.804224
153.679003,67840,49790,13:11:37.804224
153.680859,68401,49947,13:11:37.804224
153.682726,68852,50345,13:11:37.804224
153.684582,69410,50559,13:11:37.804224
153.686438,69662,50838,13:11:37.804224
153.688297,69886,51251,13:11:37.804224
153.690153,70360,51743,13:11:37.804224
153.692011,70419,51835,13:11:37.804224
153.69387,71239,51887,13:11:37.804224
153.695732,71297,52489,13:11:37.804224
153.697592,72108,52892,13:11:37.804224
153.699448,72584,53013,13:11:37.804224
153.701305,73029,53784,13:11:37.804224
153.703161,73828,54276,13:11:37.804224
153.70502,74338,54677,13:11:37.853844
153.706892,75369,55137,13:11:37.853844
153.708768,75721,55739,13:11:37.853844
153.71067,76702,56454,13:11:37.853844
153.712551,77339,56843,13:11:37.853844
153.714407,78208,57187,13:11:37.853844
153.716274,78909,57677,13:11:37.853844
153.71813,79574,58320,13:11:37.853844
153.719988,80436,58876,13:11:37.853844
153.721847,81175,59531,13:11:37.853844
153.723703,81842,59722,13:11:37.853844
153.725561,82570,60393,13:11:37.853844
153.727418,83296,60881,13:11:37.853844
153.729274,83978,61315,13:11:37.853844
153.73113,84740,62121,13:11:37.853844
153.732989,85566,62692,13:11:37.853844
153.734845,86076,63160,13:11:37.853844
153.736701,86859,63475,13:11:37.853844
153.73856,87272,63778,13:11:37.853844
153.740416,88033,64146,13:11:37.853844
153.742272,88502,64322,13:11:37.853844
153.744129,89172,65068,13:11:37.853844
153.745995,89536,65250,13:11:37.853844
153.747854,90300,66093,13:11:37.853844
153.74971,90718,66357,13:11:37.853844
153.751568,91348,66632,13:11:37.853844
153.753425,91855,67271,13:11:37.853844
153.755297,92484,67848,13:11:37.904350
153.757173,92907,68096,13:11:37.904350
153.759033,93552,68644,13:11:37.904350
153.760922,93979,68956,13:11:37.904350
153.762778,95088,69192,13:11:37.904350
153.764644,95738,70006,13:11:37.904350
153.766503,96439,70019,13:11:37.904350
153.768359,96789,71090,13:11:37.904350
153.770217,97713,71424,13:11:37.904350
153.772074,98544,72114,13:11:37.904350
153.773932,99166,72662,13:11:37.904350
153.775788,100481,72952,13:11:37.904350
153.777645,100803,73839,13:11:37.904350
153.779503,101714,74399,13:11:37.904350
153.781364,102682,75262,13:11:37.904350
153.78322,103744,75972,13:11:37.904350
153.785076,104552,76543,13:11:37.904350
153.786935,105598,77353,13:11:37.904350
153.788793,107038,77827,13:11:37.904350
153.790649,107658,78672,13:11:37.904350
153.792508,108829,79681,13:11:37.904350
153.794364,110154,80551,13:11:37.904350
153.79622,111354,81263,13:11:37.904350
153.798077,112190,81983,13:11:37.904350
153.799941,113503,82881,13:11:37.904350
153.801799,114274,83379,13:11:37.904350
153.803656,115188,83812,13:11:37.904350
153.805516,116099,84660,13:11:37.954288
153.80738,116745,85305,13:11:37.954288
153.809243,117558,85582,13:11:37.954288
153.811147,118376,86135,13:11:37.954288
153.813021,119193,87018,13:11:37.954288
153.81488,119919,87488,13:11:37.954288
153.816736,120535,87891,13:11:37.954288
153.818598,121308,88450,13:11:37.954288
153.820457,121719,88612,13:11:37.954288
153.822323,122127,89256,13:11:37.954288
153.824179,122671,89325,13:11:37.954288
153.826036,122810,89484,13:11:37.954288
153.827894,123543,89855,13:11:37.954288
153.829752,123997,90121,13:11:37.954288
153.831609,124154,90734,13:11:37.954288
153.833467,124568,90890,13:11:37.954288
153.835323,125033,91386,13:11:37.954288
153.837182,125867,91482,13:11:37.954288
153.839038,126279,91952,13:11:37.954288
153.840905,126714,92190,13:11:37.954288
153.842761,127322,92580,13:11:37.954288
153.844616,127514,92723,13:11:37.954288
153.846474,128117,93361,13:11:37.954288
153.84833,128496,93630,13:11:37.954288
153.850188,128967,94164,13:11:37.954288
153.852045,129888,94796,13:11:37.954288
153.853901,129953,95016,13:11:37.954288
153.855761,131176,95738,13:11:38.004582
153.857628,131951,96042,13:11:38.004582
153.85949,132596,96703,13:11:38.004582
153.861392,133320,97568,13:11:38.004582
153.863249,134320,98322,13:11:38.004582
153.865109,135439,98829,13:11:38.005575
153.866965,136094,99602,13:11:38.005575
153.868824,137262,100011,13:11:38.005575
153.87068,137930,100773,13:11:38.005575
153.872536,138594,101626,13:11:38.005575
153.874393,139714,101848,13:11:38.005575
153.876249,140371,102334,13:11:38.005575
153.878107,141004,103039,13:11:38.005575
153.879964,141985,103623,13:11:38.005575
153.88182,142535,104156,13:11:38.005575
153.883676,143513,104892,13:11:38.005575
153.885533,144373,105370,13:11:38.005575
153.887389,145604,106145,13:11:38.005575
153.889246,146459,106800,13:11:38.005575
153.891106,147418,107757,13:11:38.005575
153.892962,148339,108324,13:11:38.005575
153.894821,149299,109235,13:11:38.005575
153.896677,150219,109751,13:11:38.005575
153.898533,151253,110555,13:11:38.005575
153.900392,152147,111204,13:11:38.005575
153.902252,153278,111925,13:11:38.005575
153.90411,154085,112486,13:11:38.005575
153.905983,154938,113481,13:11:38.054554
153.907843,156107,114074,13:11:38.054554
153.909707,156781,114623,13:11:38.054554
153.911633,157705,115339,13:11:38.054554
153.913494,158526,115713,13:11:38.054554
153.91535,159271,116220,13:11:38.054554
153.917207,160340,117077,13:11:38.054554
153.919065,161539,118188,13:11:38.054554
153.920921,163145,119409,13:11:38.054554
153.92278,164510,120332,13:11:38.054554
153.924636,165903,121285,13:11:38.054554
153.926492,167818,122570,13:11:38.054554
153.928349,169469,123958,13:11:38.054554
153.930215,171192,125311,13:11:38.054554
153.932071,173234,126712,13:11:38.054554
153.933928,175121,128008,13:11:38.054554
153.935786,176599,129018,13:11:38.054554
153.937642,177952,129820,13:11:38.054554
153.939499,179474,131130,13:11:38.054554
153.941357,181156,132214,13:11:38.054554
153.943213,182928,133288,13:11:38.054554
153.945072,183393,134157,13:11:38.054554
153.946928,185225,134727,13:11:38.054554
153.948792,186060,135505,13:11:38.054554
153.950649,186680,136079,13:11:38.054554
153.952505,187377,136436,13:11:38.054554
153.954363,187488,136739,13:11:38.054554
153.956242,187796,136707,13:11:38.105198
153.958102,187499,136316,13:11:38.105198
153.959966,187230,136048,13:11:38.105198
153.961888,186687,135728,13:11:38.105198
153.963747,186496,135342,13:11:38.105198
153.965603,185694,134807,13:11:38.105198
153.96746,184822,134266,13:11:38.105198
153.969318,184214,134009,13:11:38.105198
153.971175,183478,133082,13:11:38.105198
153.973033,182590,132603,13:11:38.105198
153.974889,181978,132123,13:11:38.105198
153.976747,181026,131717,13:11:38.105198
153.978604,180594,131233,13:11:38.105198
153.98046,180143,130911,13:11:38.106208
153.982316,179780,130416,13:11:38.106208
153.984175,179312,130312,13:11:38.106208
153.986031,178993,130084,13:11:38.106208
153.987888,178997,130013,13:11:38.106208
153.989752,178540,130204,13:11:38.106208
153.991608,178682,130105,13:11:38.106208
153.993465,179012,130542,13:11:38.106208
153.995323,179347,131055,13:11:38.106208
153.997179,179975,131253,13:11:38.106208
153.999036,180699,131926,13:11:38.106208
154.000892,181566,132346,13:11:38.106208
154.002749,182548,133133,13:11:38.106208
154.004617,183253,133954,13:11:38.153628
154.006485,184475,134819,13:11:38.153628
154.008345,185535,135455,13:11:38.153628
154.010234,186783,136584,13:11:38.153628
154.01211,187685,137414,13:11:38.153628
154.01399,189086,138232,13:11:38.153628
154.015846,190244,138924,13:11:38.153628
154.017705,191277,139479,13:11:38.153628
154.019561,191852,140062,13:11:38.153628
154.021418,192833,140830,13:11:38.153628
154.023274,193916,141498,13:11:38.153628
154.02513,194463,141854,13:11:38.153628
154.026987,195323,142410,13:11:38.153628
154.028843,196252,143127,13:11:38.153628
154.030705,197210,143742,13:11:38.153628
154.032562,197758,144140,13:11:38.153628
154.034418,198704,144674,13:11:38.154540
154.036278,199105,145140,13:11:38.154540
154.038135,199765,145595,13:11:38.154540
154.039991,200438,146167,13:11:38.154540
154.041847,201097,146331,13:11:38.154540
154.043706,201463,146732,13:11:38.154540
154.045564,202168,147155,13:11:38.154540
154.047421,202931,147715,13:11:38.154540
154.049281,203804,148492,13:11:38.154540
154.051137,204715,149005,13:11:38.154540
154.052995,205422,149796,13:11:38.154540
154.054854,206326,150445,13:11:38.209279
154.056722,207765,151171,13:11:38.209279
154.058584,208731,152134,13:11:38.209279
154.060501,209763,152835,13:11:38.209279
154.062359,210755,153357,13:11:38.209279
154.064215,211713,153957,13:11:38.209279
154.066079,212649,155384,13:11:38.209279
154.067936,213640,155801,13:11:38.209279
154.069794,214679,156024,13:11:38.209279
154.071653,215214,156584,13:11:38.209279
154.073509,215593,156984,13:11:38.209279
154.075365,216152,157395,13:11:38.209279
154.077224,216648,157729,13:11:38.209279
154.07908,217568,157946,13:11:38.209279
154.080936,217815,158354,13:11:38.209279
154.082795,217959,158706,13:11:38.209279
154.084657,218583,158884,13:11:38.209279
154.086513,219140,159391,13:11:38.209279
154.08837,219494,159606,13:11:38.209279
154.090228,219915,160090,13:11:38.209279
154.092085,220403,160423,13:11:38.209279
154.093941,221147,160759,13:11:38.209279
154.095799,221253,161205,13:11:38.209279
154.097656,221570,161213,13:11:38.209279
154.099512,222450,161848,13:11:38.209279
154.101377,223136,162103,13:11:38.209279
154.103235,223423,162521,13:11:38.209279
154.105092,224004,162916,13:11:38.255410
154.106967,224144,163374,13:11:38.255410
154.108828,224880,163440,13:11:38.255410
154.110716,225071,163470,13:11:38.255410
154.112574,225269,164001,13:11:38.255410
154.114432,225461,163904,13:11:38.255410
154.116315,225839,164276,13:11:38.255410
154.118173,226017,164323,13:11:38.256410
154.120034,226252,164897,13:11:38.256410
154.12189,226764,165201,13:11:38.256410
154.123746,226829,164983,13:11:38.256410
154.125607,227284,165662,13:11:38.256410
154.127463,227639,165777,13:11:38.256410
154.129319,228183,166006,13:11:38.256410
154.131178,228569,166445,13:11:38.256410
154.133034,229097,166884,13:11:38.256410
154.134892,229822,167381,13:11:38.256410
154.136749,230337,167450,13:11:38.256410
154.138611,230980,167691,13:11:38.256410
154.140469,231492,168736,13:11:38.256410
154.142326,232068,168927,13:11:38.256410
154.144186,232762,169427,13:11:38.256410
154.146042,233371,169724,13:11:38.256410
154.147901,233892,170430,13:11:38.256410
154.149757,234419,170885,13:11:38.256410
154.151613,235377,171088,13:11:38.256410
154.153472,235990,171797,13:11:38.256410
154.155333,237256,172541,13:11:38.304082
154.1572,237828,172951,13:11:38.304082
154.159065,238406,173869,13:11:38.304082
154.160994,239505,173996,13:11:38.304082
154.162918,239538,174787,13:11:38.304082
154.164789,240561,175046,13:11:38.304082
154.166646,241337,175500,13:11:38.304082
154.168502,241625,175732,13:11:38.304082
154.170358,242017,176168,13:11:38.304082
154.172217,242492,176366,13:11:38.304082
154.174073,242736,176597,13:11:38.304082
154.175929,242866,176759,13:11:38.304082
154.177788,243147,176865,13:11:38.304082
154.179644,242797,176448,13:11:38.304082
154.1815,242730,176131,13:11:38.304082
154.183357,242465,176315,13:11:38.304082
154.185223,242552,175887,13:11:38.304082
154.187079,241995,175831,13:11:38.304082
154.188936,241931,175749,13:11:38.304082
154.190794,241749,175414,13:11:38.304082
154.19265,241268,175530,13:11:38.304082
154.194507,241322,175320,13:11:38.304082
154.196363,241361,175465,13:11:38.304082
154.198219,241387,175711,13:11:38.304082
154.200076,241618,175862,13:11:38.304082
154.201933,241671,176061,13:11:38.304082
154.203794,241934,176012,13:11:38.304082
154.205659,242217,176333,13:11:38.354575
154.207524,242878,177069,13:11:38.354575
154.209391,243379,177275,13:11:38.354575
154.211312,244223,177900,13:11:38.354575
154.21317,245010,178604,13:11:38.354575
154.215026,245996,178916,13:11:38.354575
154.216887,247191,180094,13:11:38.354575
154.218745,247863,180653,13:11:38.354575
154.220601,248824,181339,13:11:38.355567
154.222458,249930,182201,13:11:38.355567
154.224314,251348,183174,13:11:38.355567
154.226176,252402,184037,13:11:38.355567
154.228033,254102,185331,13:11:38.355567
154.229889,255676,186529,13:11:38.355567
154.231749,257233,187567,13:11:38.355567
154.233606,258442,188425,13:11:38.355567
154.235462,259945,189486,13:11:38.355567
154.237318,261268,190226,13:11:38.355567
154.239177,261815,191010,13:11:38.355567
154.241035,263116,191700,13:11:38.355567
154.242892,263941,192293,13:11:38.355567
154.244752,264845,192927,13:11:38.355567
154.246608,265815,193749,13:11:38.355567
154.248466,266992,194533,13:11:38.355567
154.250323,268002,195379,13:11:38.355567
154.252179,268994,196271,13:11:38.355567
154.254038,270157,196750,13:11:38.355567
154.255904,270756,197391,13:11:38.406583
154.257766,271326,197751,13:11:38.406583
154.259628,271811,198034,13:11:38.406583
154.261529,272343,198439,13:11:38.406583
154.263403,272700,198573,13:11:38.406583
154.265259,272498,198296,13:11:38.406583
154.267118,272489,198263,13:11:38.406583
154.268974,272408,198137,13:11:38.406583
154.27083,272155,198086,13:11:38.406583
154.272689,272145,198312,13:11:38.406583
154.274546,272167,198416,13:11:38.406583
154.276405,272376,198448,13:11:38.407573
154.278262,272651,198802,13:11:38.407573
154.280128,273436,198772,13:11:38.407573
154.281984,273729,199209,13:11:38.407573
154.283843,274084,199425,13:11:38.407573
154.285701,274062,199469,13:11:38.407573
154.287558,274103,199771,13:11:38.407573
154.289416,274736,199793,13:11:38.407573
154.291272,274509,199888,13:11:38.407573
154.293129,274821,199982,13:11:38.407573
154.294987,274780,200140,13:11:38.407573
154.296848,274862,200152,13:11:38.407573
154.298706,275266,200276,13:11:38.407573
154.300562,274992,200220,13:11:38.407573
154.30242,275092,200225,13:11:38.407573
154.304277,275094,200245,13:11:38.407573
154.306151,275054,200134,13:11:38.457703
154.308011,274989,200225,13:11:38.457703
154.309888,275190,200424,13:11:38.457703
154.311778,275034,200566,13:11:38.457703
154.313644,273109,200643,13:11:38.458722
154.315505,275657,200823,13:11:38.458722
154.317361,276150,201216,13:11:38.458722
154.319217,276232,201656,13:11:38.458722
154.321079,277268,201818,13:11:38.458722
154.322936,277872,202535,13:11:38.458722
154.324794,278557,203205,13:11:38.458722
154.326653,279385,203870,13:11:38.458722
154.328509,280188,204217,13:11:38.458722
154.330367,280981,205098,13:11:38.458722
154.332224,281712,205633,13:11:38.458722
154.334082,282730,206144,13:11:38.458722
154.33594,283584,206717,13:11:38.458722
154.337807,284364,207437,13:11:38.458722
154.339663,285284,208114,13:11:38.458722
154.341519,286131,208711,13:11:38.458722
154.343382,286848,209265,13:11:38.458722
154.345238,287819,210013,13:11:38.458722
154.347094,288431,210493,13:11:38.458722
154.348953,289185,211008,13:11:38.458722
154.350809,289996,211176,13:11:38.458722
154.352667,290775,212075,13:11:38.458722
154.354524,291701,213096,13:11:38.514309
154.356394,292387,213507,13:11:38.514309
154.358254,293417,214010,13:11:38.514309
154.36014,294409,214802,13:11:38.514309
154.362015,295178,215355,13:11:38.514309
154.363881,295700,215940,13:11:38.514309
154.365766,296774,216623,13:11:38.514309
154.367628,297857,217302,13:11:38.514309
154.369484,298814,218114,13:11:38.514309
154.371342,299829,218752,13:11:38.514309
154.373199,301157,219674,13:11:38.514309
154.375055,302112,220475,13:11:38.514309
154.376913,303408,221465,13:11:38.514309
154.378775,304941,222198,13:11:38.514309
154.380632,305843,223293,13:11:38.514309
154.382488,307118,224177,13:11:38.514309
154.384351,308300,224781,13:11:38.514309
154.386207,309266,225790,13:11:38.514309
154.388064,310396,226820,13:11:38.514309
154.389922,311077,226777,13:11:38.514309
154.391778,312015,227964,13:11:38.514309
154.393637,312783,228236,13:11:38.514309
154.395493,313494,228587,13:11:38.514309
154.397353,314291,228823,13:11:38.514309
154.399212,314454,229035,13:11:38.514309
154.401077,314820,229176,13:11:38.514309
154.402934,314916,229406,13:11:38.514309
154.404793,314659,229420,13:11:38.560076
154.406665,314700,229355,13:11:38.560076
154.408525,314298,228985,13:11:38.560076
154.410431,313877,228863,13:11:38.560076
154.412296,313348,228198,13:11:38.560076
154.41416,313281,228103,13:11:38.560076
154.416049,311229,227327,13:11:38.560076
154.417911,311532,226998,13:11:38.560076
154.419767,310764,226281,13:11:38.560076
154.421625,310184,225833,13:11:38.560076
154.423482,309469,225584,13:11:38.560076
154.425338,308847,224680,13:11:38.560076
154.427196,308217,224632,13:11:38.560076
154.429058,307999,224468,13:11:38.560076
154.430917,307716,224256,13:11:38.560076
154.432773,307471,223945,13:11:38.560076
154.43464,307689,224350,13:11:38.560076
154.436496,307814,224468,13:11:38.560076
154.438352,308125,224757,13:11:38.560076
154.440211,308742,224966,13:11:38.560076
154.442067,309207,225624,13:11:38.560076
154.443925,310029,226500,13:11:38.560076
154.445782,310899,226854,13:11:38.560076
154.447638,311792,227411,13:11:38.560076
154.449496,313009,228443,13:11:38.560076
154.45136,313673,229071,13:11:38.562297
154.453217,315069,230012,13:11:38.562297
154.455073,316253,230719,13:11:38.611473
154.456944,317432,231326,13:11:38.611473
154.458804,318612,232240,13:11:38.611473
154.460724,319104,232875,13:11:38.611473
154.462584,320343,233725,13:11:38.611473
154.464441,321051,234293,13:11:38.611473
154.466299,321287,234787,13:11:38.611473
154.468183,322549,235480,13:11:38.611473
154.47004,323383,235945,13:11:38.612487
154.471896,323901,236197,13:11:38.612487
154.473752,324752,236620,13:11:38.612487
154.475609,325314,237203,13:11:38.612487
154.477465,325666,237481,13:11:38.612487
154.479322,326465,238201,13:11:38.612487
154.481182,327136,238529,13:11:38.612487
154.483038,327511,238815,13:11:38.612487
154.484896,328077,239027,13:11:38.612487
154.486753,328477,239188,13:11:38.612487
154.488609,328614,239572,13:11:38.612487
154.490468,328805,239615,13:11:38.612487
154.492328,328925,239593,13:11:38.612487
154.494186,329149,239458,13:11:38.612487
154.496043,329192,239575,13:11:38.612487
154.497905,328873,239510,13:11:38.612487
154.499763,328767,239525,13:11:38.612487
154.50162,328719,239396,13:11:38.612487
154.503478,328254,239376,13:11:38.612487
154.505334,328406,239194,13:11:38.662187
154.507203,328292,239046,13:11:38.662187
154.509063,328197,238938,13:11:38.663192
154.510961,328170,238748,13:11:38.663192
154.512825,327937,239111,13:11:38.663192
154.514682,328198,239244,13:11:38.663192
154.51655,328003,239459,13:11:38.663192
154.518408,326276,239568,13:11:38.663192
154.520265,329370,240133,13:11:38.663192
154.522125,329871,240440,13:11:38.663192
154.523981,330221,240647,13:11:38.663192
154.52584,330817,241076,13:11:38.663192
154.527696,331489,241738,13:11:38.663192
154.529554,331755,241766,13:11:38.663192
154.531411,332639,242476,13:11:38.663192
154.533268,332928,242619,13:11:38.663192
154.535129,333361,243092,13:11:38.663192
154.536986,333659,243433,13:11:38.663192
154.538846,334150,243726,13:11:38.663192
154.540702,334850,244079,13:11:38.663192
154.542559,335053,244217,13:11:38.663192
154.544415,335413,244387,13:11:38.663192
154.546274,336207,245054,13:11:38.663192
154.548132,336584,245395,13:11:38.663192
154.549988,337183,245671,13:11:38.663192
154.551849,337570,246026,13:11:38.663192
154.553705,337912,246384,13:11:38.663192
154.555569,338527,246528,13:11:38.714221
154.557438,338720,246743,13:11:38.714221
154.559299,338940,246720,13:11:38.714221
154.561212,338798,246665,13:11:38.714221
154.56307,339163,247294,13:11:38.714221
154.564927,339165,246877,13:11:38.714221
154.566787,339193,246995,13:11:38.714221
154.568645,338900,247463,13:11:38.714221
154.570554,339201,247107,13:11:38.714221
154.572412,339432,247609,13:11:38.714221
154.574268,339579,247275,13:11:38.714221
154.576125,339620,247270,13:11:38.714221
154.577981,339475,247241,13:11:38.714221
154.579837,339754,247201,13:11:38.714221
154.581694,339477,247321,13:11:38.714221
154.583551,339461,247292,13:11:38.714221
154.585412,339553,247238,13:11:38.714221
154.587269,339564,247094,13:11:38.714221
154.589129,339520,247437,13:11:38.714221
154.590985,339858,247657,13:11:38.714221
154.592844,340402,248030,13:11:38.714221
154.594702,340215,248049,13:11:38.714221
154.596559,340866,248556,13:11:38.714221
154.598415,341482,249002,13:11:38.714221
154.600271,342015,249364,13:11:38.714221
154.602132,342692,249790,13:11:38.714221
154.603988,343340,250310,13:11:38.715222
154.60585,343991,250967,13:11:38.766113
154.607711,344589,251476,13:11:38.766113
154.609575,345295,252057,13:11:38.766113
154.611495,346246,252503,13:11:38.766113
154.613353,347190,253089,13:11:38.766113
154.61521,348116,253714,13:11:38.766113
154.617067,348442,254362,13:11:38.766113
154.618926,349640,255223,13:11:38.766113
154.620787,350029,255794,13:11:38.767115
154.622655,351847,256589,13:11:38.767115
154.624514,352817,257381,13:11:38.767115
154.626398,353526,257900,13:11:38.767115
154.628272,354228,258553,13:11:38.767115
154.63013,355331,259141,13:11:38.767115
154.631989,356388,259965,13:11:38.767115
154.633845,357087,260279,13:11:38.767115
154.635701,357801,260952,13:11:38.767115
154.637558,358827,261554,13:11:38.767115
154.639416,359294,261903,13:11:38.767115
154.641272,360189,262190,13:11:38.767115
154.643129,360329,262451,13:11:38.767115
154.644985,360957,263077,13:11:38.767115
154.646843,361363,263289,13:11:38.767115
154.6487,361756,263669,13:11:38.767115
154.650556,361862,263717,13:11:38.767115
154.652422,362391,263856,13:11:38.767115
154.654281,362295,263978,13:11:38.767115
154.656145,362833,264254,13:11:38.816125
154.658007,362862,264424,13:11:38.816125
154.659876,362983,264602,13:11:38.816125
154.661762,363173,264736,13:11:38.816125
154.663624,363398,264863,13:11:38.816125
154.665481,363517,264902,13:11:38.816125
154.667337,363718,265156,13:11:38.816125
154.669193,364103,265071,13:11:38.816125
154.671052,363486,265223,13:11:38.816125
154.67291,361841,265485,13:11:38.816125
154.674768,364270,265339,13:11:38.816125
154.676627,364392,265452,13:11:38.816125
154.678483,364722,265695,13:11:38.816125
154.680341,364818,265757,13:11:38.816125
154.682198,365008,265985,13:11:38.816125
154.684056,365264,266082,13:11:38.816125
154.685912,365465,266310,13:11:38.816125
154.687771,366080,266865,13:11:38.817113
154.689629,366609,266929,13:11:38.817113
154.691485,367130,267494,13:11:38.817113
154.693344,367548,267812,13:11:38.817113
154.6952,368087,268558,13:11:38.817113
154.697057,368753,268854,13:11:38.817113
154.698913,369010,269135,13:11:38.817113
154.700777,369816,269678,13:11:38.817113
154.702634,370466,269879,13:11:38.817113
154.70449,371014,270441,13:11:38.871308
154.706352,371387,270553,13:11:38.871308
154.708213,371949,271149,13:11:38.871308
154.710101,372421,271457,13:11:38.871308
154.711985,372645,271691,13:11:38.871308
154.713845,373634,272100,13:11:38.871308
154.715702,373645,272278,13:11:38.871308
154.71756,373948,272748,13:11:38.871308
154.719425,373635,272823,13:11:38.871308
154.721287,373655,272783,13:11:38.871308
154.723171,372264,273006,13:11:38.871308
154.725031,374800,272649,13:11:38.871308
154.726888,374184,272318,13:11:38.871308
154.728749,373389,271547,13:11:38.871308
154.730606,372991,271482,13:11:38.871308
154.732463,372767,271317,13:11:38.871308
154.734321,372259,270954,13:11:38.871308
154.736177,372221,271105,13:11:38.871308
154.738034,371792,270915,13:11:38.872308
154.73989,371704,270405,13:11:38.872308
154.741746,371363,270338,13:11:38.872308
154.743603,371182,270519,13:11:38.872308
154.745459,371337,270567,13:11:38.872308
154.747319,371359,270800,13:11:38.872308
154.749176,371729,270804,13:11:38.874307
154.751032,371869,270973,13:11:38.874307
154.75289,372363,271557,13:11:38.874307
154.754747,372631,271815,13:11:38.919307
154.756607,373172,272409,13:11:38.919307
154.758468,374020,272629,13:11:38.919307
154.760386,375003,273217,13:11:38.919307
154.76225,375584,273939,13:11:38.919307
154.764106,376292,274934,13:11:38.919307
154.765969,377351,275369,13:11:38.919307
154.767825,378229,275904,13:11:38.919307
154.769681,379063,276343,13:11:38.919307
154.77154,379405,276830,13:11:38.919307
154.773396,380143,277307,13:11:38.919307
154.775254,381106,277899,13:11:38.919307
154.777111,380946,278405,13:11:38.919307
154.779013,382016,278491,13:11:38.919307
154.780875,382560,279033,13:11:38.919307
154.782732,383565,279843,13:11:38.919307
154.78459,384490,280170,13:11:38.919307
154.786449,385207,280833,13:11:38.919307
154.788307,385669,281270,13:11:38.919307
154.790163,385761,281283,13:11:38.919307
154.79202,386152,281256,13:11:38.919307
154.79388,385900,281368,13:11:38.919307
154.795736,386379,281527,13:11:38.919307
154.797593,386862,281710,13:11:38.919307
154.799449,387394,282116,13:11:38.919307
154.801307,387551,282472,13:11:38.919307
154.803166,388091,282846,13:11:38.919307
154.805022,388125,283134,13:11:38.971328
154.806892,388570,283043,13:11:38.971328
154.808753,388573,282913,13:11:38.971328
154.810645,388484,283473,13:11:38.971328
154.812505,388805,283421,13:11:38.971328
154.814362,388789,283529,13:11:38.971328
154.816218,389143,283692,13:11:38.971328
154.818074,389168,283892,13:11:38.971328
154.819931,389716,283843,13:11:38.971328
154.821789,389929,283837,13:11:38.971328
154.823654,389667,284193,13:11:38.971328
154.825512,387715,284425,13:11:38.971328
154.82737,390427,284306,13:11:38.971328
154.829228,390599,284539,13:11:38.971328
154.831085,391042,284932,13:11:38.971328
154.832941,391151,285145,13:11:38.971328
154.8348,391574,285356,13:11:38.971328
154.836656,391981,285678,13:11:38.971328
154.838514,392283,286061,13:11:38.971328
154.840371,392508,286080,13:11:38.971328
154.842231,392877,286538,13:11:38.971328
154.844087,393272,286613,13:11:38.971328
154.845944,393506,286684,13:11:38.971328
154.847802,393613,286713,13:11:38.971328
154.849658,394273,287071,13:11:38.971328
154.851517,394163,287208,13:11:38.971328
154.853373,394499,287308,13:11:38.971328
154.85523,394065,287089,13:11:39.020669
154.857108,394311,287269,13:11:39.020669
154.858968,394269,287056,13:11:39.020669
154.86086,393783,287169,13:11:39.020669
154.862719,393626,287041,13:11:39.020669
154.864575,394075,287051,13:11:39.020669
154.866431,394066,287052,13:11:39.020669
154.868288,393498,287051,13:11:39.020669
154.870146,393012,286994,13:11:39.020669
154.872003,393694,287174,13:11:39.020669
154.873867,394075,287385,13:11:39.020669
154.875724,394709,287828,13:11:39.020669
154.877601,392948,287861,13:11:39.020669
154.879468,395572,288209,13:11:39.020669
154.881324,395657,288336,13:11:39.021668
154.88319,395885,288459,13:11:39.021668
154.885047,396003,288350,13:11:39.021668
154.886903,396253,288559,13:11:39.021668
154.888762,396074,288021,13:11:39.021668
154.890618,396176,288480,13:11:39.021668
154.892476,396167,288796,13:11:39.021668
154.894333,396452,289182,13:11:39.021668
154.896189,396850,289401,13:11:39.021668
154.898047,397182,289463,13:11:39.021668
154.899911,397261,289302,13:11:39.021668
154.901768,397265,289248,13:11:39.021668
154.903624,397698,289506,13:11:39.021668
154.905483,397494,289601,13:11:39.075647
154.907351,397529,289835,13:11:39.075647
154.909209,397421,289744,13:11:39.075647
154.911108,397624,290187,13:11:39.075647
154.912968,398389,290361,13:11:39.075647
154.914826,398494,290100,13:11:39.075647
154.916683,398741,290360,13:11:39.075647
154.918539,398363,289508,13:11:39.075647
154.920397,396398,288144,13:11:39.075647
154.922254,395467,288171,13:11:39.075647
154.924112,395004,287264,13:11:39.075647
154.925975,394210,287206,13:11:39.075647
154.927861,391392,286549,13:11:39.075647
154.929727,392955,285781,13:11:39.075647
154.931585,391682,285046,13:11:39.075647
154.933449,390738,283733,13:11:39.075647
154.935306,389286,283085,13:11:39.075647
154.937162,388672,282496,13:11:39.075647
154.939021,387924,282363,13:11:39.075647
154.940879,387451,281797,13:11:39.075647
154.942738,387036,281655,13:11:39.075647
154.944594,386702,281338,13:11:39.075647
154.94646,386540,281058,13:11:39.075647
154.948317,386238,281024,13:11:39.075647
154.950173,385788,280935,13:11:39.075647
154.952031,386023,281258,13:11:39.075647
154.953888,386287,281476,13:11:39.075647
154.955748,386631,281759,13:11:39.124688
154.957608,387425,282187,13:11:39.124688
154.959473,387935,282733,13:11:39.124688
154.961375,388121,282982,13:11:39.124688
154.963231,389140,283377,13:11:39.124688
154.96509,389424,283628,13:11:39.124688
154.966946,389924,283923,13:11:39.126681
154.968804,390586,284593,13:11:39.126681
154.970665,389933,284822,13:11:39.126681
154.972521,391296,285032,13:11:39.126681
154.974377,391269,284804,13:11:39.128681
154.976234,391258,284813,13:11:39.128681
154.978096,391087,284751,13:11:39.128681
154.979955,390249,284053,13:11:39.128681
154.981814,388493,283777,13:11:39.128681
154.983707,389879,283884,13:11:39.128681
154.985567,389703,283419,13:11:39.128681
154.987428,388789,282958,13:11:39.128681
154.989286,388285,282651,13:11:39.128681
154.991143,387533,281851,13:11:39.128681
154.993003,386993,281379,13:11:39.128681
154.994859,386306,280956,13:11:39.128681
154.996718,385695,280353,13:11:39.128681
154.998574,385331,280290,13:11:39.128681
155.00043,384685,279881,13:11:39.128681
155.002289,383997,279343,13:11:39.128681
155.004149,383793,279111,13:11:39.128681
155.006013,383650,279223,13:11:39.176090
155.007874,383148,279211,13:11:39.176090
155.00974,383061,278990,13:11:39.176090
155.011658,382819,278844,13:11:39.176090
155.013515,383237,278925,13:11:39.176090
155.015375,382884,278974,13:11:39.176090
155.017231,383164,278908,13:11:39.176090
155.019088,383061,278992,13:11:39.176090
155.020948,382780,279079,13:11:39.176090
155.022804,383390,279039,13:11:39.176090
155.024663,383377,279231,13:11:39.176090
155.026519,383173,278972,13:11:39.176090
155.028381,382997,279055,13:11:39.176090
155.030274,382516,278629,13:11:39.176090
155.032136,382554,278905,13:11:39.176090
155.033994,382743,278449,13:11:39.176090
155.035855,382331,278550,13:11:39.176090
155.037711,382449,278611,13:11:39.176090
155.039569,382694,278478,13:11:39.176090
155.041426,382587,278204,13:11:39.176090
155.043286,382049,278135,13:11:39.176090
155.045142,381742,277904,13:11:39.176090
155.047001,381092,277355,13:11:39.176090
155.048857,380760,276833,13:11:39.176090
155.050713,380688,276777,13:11:39.177085
155.052572,380271,276792,13:11:39.177085
155.054432,379992,276965,13:11:39.233296
155.056297,380340,276735,13:11:39.233296
155.058157,380285,276841,13:11:39.233296
155.060044,380049,276628,13:11:39.233296
155.061933,380014,276464,13:11:39.233296
155.063792,379669,276483,13:11:39.233296
155.065652,380316,276679,13:11:39.233296
155.067508,380515,277002,13:11:39.233296
155.069365,380625,277365,13:11:39.233296
155.071221,380807,277545,13:11:39.233296
155.07308,381352,278096,13:11:39.233296
155.074938,381386,277879,13:11:39.233296
155.076796,381554,278069,13:11:39.233296
155.078663,381760,278509,13:11:39.233296
155.080521,382099,278647,13:11:39.233296
155.082394,382458,279245,13:11:39.233296
155.084261,382972,279096,13:11:39.233296
155.086118,383638,279145,13:11:39.233296
155.08798,383365,279112,13:11:39.233296
155.089839,383277,279258,13:11:39.233296
155.091695,383052,278968,13:11:39.233296
155.093553,383232,278815,13:11:39.233296
155.09541,382800,278567,13:11:39.233296
155.097268,382620,278336,13:11:39.233296
155.099124,381844,277760,13:11:39.233296
155.100983,381153,277263,13:11:39.233296
155.102839,380412,276718,13:11:39.233296
155.104695,379760,276723,13:11:39.279825
155.106566,379276,276107,13:11:39.279825
155.108426,378356,275224,13:11:39.279825
155.110324,377909,274811,13:11:39.279825
155.112189,376893,274231,13:11:39.279825
155.114045,376668,274021,13:11:39.279825
155.115903,376282,273636,13:11:39.279825
155.117762,375521,273449,13:11:39.279825
155.11962,375683,273506,13:11:39.279825
155.121478,375773,273558,13:11:39.279825
155.123335,375887,273838,13:11:39.279825
155.125193,376088,273977,13:11:39.279825
155.127049,375701,273953,13:11:39.279825
155.128908,376171,274142,13:11:39.279825
155.130772,376490,274104,13:11:39.279825
155.132628,376643,274436,13:11:39.279825
155.134485,377008,274923,13:11:39.279825
155.136342,377632,275399,13:11:39.279825
155.138201,378603,275792,13:11:39.279825
155.140098,376268,275896,13:11:39.279825
155.141966,379446,276139,13:11:39.279825
155.143824,379505,276614,13:11:39.279825
155.145681,380012,276919,13:11:39.279825
155.147539,380234,277155,13:11:39.279825
155.149395,380490,277135,13:11:39.279825
155.151256,381115,277712,13:11:39.279825
155.153112,381407,277911,13:11:39.279825
155.154968,381768,278111,13:11:39.329339
155.156829,382054,277907,13:11:39.329339
155.158689,381133,277388,13:11:39.329339
155.160593,380753,277086,13:11:39.329339
155.162452,380641,277135,13:11:39.329339
155.164313,380745,277285,13:11:39.329339
155.166172,380767,277078,13:11:39.329339
155.168029,380551,276939,13:11:39.329339
155.169887,380093,276823,13:11:39.329339
155.171743,380735,276834,13:11:39.329339
155.1736,380002,276903,13:11:39.329339
155.175458,379758,276755,13:11:39.329339
155.177314,379205,277031,13:11:39.329339
155.179173,380524,276871,13:11:39.329339
155.181031,379965,277474,13:11:39.329339
155.182893,381087,277523,13:11:39.329339
155.184776,381207,277651,13:11:39.329339
155.186642,379990,277568,13:11:39.329339
155.188498,380690,277610,13:11:39.329339
155.190355,381567,277345,13:11:39.329339
155.192215,380574,277632,13:11:39.329339
155.194071,381619,277634,13:11:39.329339
155.195928,381276,278032,13:11:39.329339
155.197786,382315,278249,13:11:39.329339
155.199642,382309,278709,13:11:39.329339
155.201499,382856,278909,13:11:39.329339
155.203355,383049,279244,13:11:39.329339
155.205212,383280,279502,13:11:39.384920
155.207082,384135,280133,13:11:39.384920
155.208944,384524,280574,13:11:39.384920
155.210838,385173,280825,13:11:39.384920
155.212695,386291,281706,13:11:39.384920
155.214551,387150,281908,13:11:39.384920
155.216409,387006,281919,13:11:39.384920
155.218268,386996,281995,13:11:39.384920
155.220126,387487,282301,13:11:39.384920
155.221982,387555,282294,13:11:39.384920
155.223843,386564,281829,13:11:39.384920
155.225699,386824,281967,13:11:39.384920
155.227556,386827,281614,13:11:39.384920
155.229414,386085,281326,13:11:39.384920
155.231271,385833,281111,13:11:39.384920
155.23315,384876,280644,13:11:39.384920
155.235037,384309,279800,13:11:39.384920
155.236908,383691,279491,13:11:39.384920
155.238765,383395,279045,13:11:39.384920
155.240622,382656,278241,13:11:39.384920
155.24248,381514,277932,13:11:39.384920
155.244336,381310,277663,13:11:39.384920
155.246193,381299,277469,13:11:39.384920
155.248051,380397,276975,13:11:39.384920
155.249908,380088,277025,13:11:39.384920
155.251764,380184,277062,13:11:39.384920
155.25362,380416,276940,13:11:39.384920
155.255481,380389,277266,13:11:39.439676
155.257341,380959,277697,13:11:39.439676
155.259202,381524,277837,13:11:39.439676
155.261119,381563,277870,13:11:39.439676
155.263038,382074,278450,13:11:39.439676
155.264896,382815,279057,13:11:39.439676
155.266754,383051,279369,13:11:39.439676
155.268611,383821,279984,13:11:39.439676
155.270469,384157,280183,13:11:39.439676
155.272325,384951,280613,13:11:39.439676
155.274182,384923,281042,13:11:39.439676
155.27604,385950,281287,13:11:39.439676
155.277896,386271,281434,13:11:39.439676
155.279755,385892,281310,13:11:39.439676
155.281611,386042,281676,13:11:39.439676
155.283467,386678,281718,13:11:39.439676
155.285324,386384,281218,13:11:39.439676
155.28719,386083,281170,13:11:39.439676
155.28905,385181,281043,13:11:39.439676
155.290933,385722,280896,13:11:39.439676
155.292789,385132,280286,13:11:39.439676
155.294647,384863,280375,13:11:39.439676
155.296504,384478,279769,13:11:39.439676
155.298364,384029,279247,13:11:39.439676
155.30022,383436,278959,13:11:39.439676
155.302079,383008,278603,13:11:39.439676
155.303935,382413,278373,13:11:39.439676
155.305795,382153,278223,13:11:39.482209
155.30766,381943,278019,13:11:39.482209
155.309523,381561,278171,13:11:39.482209
155.311438,381431,277977,13:11:39.482209
155.313297,381494,277891,13:11:39.482209
155.315162,381607,277948,13:11:39.482209
155.317021,381615,278031,13:11:39.482209
155.318878,381907,278430,13:11:39.482209
155.320736,382352,278595,13:11:39.482209
155.322594,382543,278777,13:11:39.482209
155.324451,383297,279121,13:11:39.482209
155.326309,383319,279584,13:11:39.482209
155.328165,383810,279874,13:11:39.482209
155.330024,384539,280244,13:11:39.482209
155.33188,384670,280427,13:11:39.482209
155.333741,384899,280442,13:11:39.482209
155.335599,384810,280991,13:11:39.482209
155.337455,385698,281059,13:11:39.482209
155.339313,386072,281102,13:11:39.482209
155.34117,385998,281119,13:11:39.482209
155.343032,386071,281395,13:11:39.482209
155.344926,383738,281248,13:11:39.482209
155.346797,385804,281116,13:11:39.482209
155.348653,385702,280648,13:11:39.482209
155.350509,385317,280389,13:11:39.482209
155.352368,384841,280379,13:11:39.482209
155.354224,384413,279834,13:11:39.482209
155.35609,383874,279505,13:11:39.533593
155.357951,383305,279305,13:11:39.533593
155.359821,383152,278772,13:11:39.533593
155.361713,382394,278358,13:11:39.533593
155.36357,382071,278111,13:11:39.533593
155.365426,381622,278066,13:11:39.533593
155.367284,381345,277660,13:11:39.533593
155.369141,380747,277550,13:11:39.533593
155.370999,380882,277478,13:11:39.533593
155.372855,380191,277162,13:11:39.533593
155.374712,380307,277230,13:11:39.533593
155.37657,380746,277795,13:11:39.533593
155.378432,381166,277732,13:11:39.533593
155.380289,380948,277988,13:11:39.533593
155.382145,381377,278288,13:11:39.533593
155.384003,381840,278744,13:11:39.533593
155.38586,382174,278909,13:11:39.533593
155.387718,383284,279539,13:11:39.533593
155.389588,383027,280055,13:11:39.533593
155.391463,384447,280340,13:11:39.533593
155.393321,384852,280670,13:11:39.533593
155.395177,385478,281061,13:11:39.533593
155.397034,385703,281282,13:11:39.533593
155.398892,386265,281644,13:11:39.533593
155.400752,386703,281864,13:11:39.533593
155.402611,387239,281821,13:11:39.533593
155.404467,387372,281887,13:11:39.586815
155.406337,387083,282186,13:11:39.586815
155.408198,386866,281884,13:11:39.586815
155.410073,387040,281837,13:11:39.586815
155.41197,386859,281649,13:11:39.586815
155.413826,386412,281408,13:11:39.588820
155.415683,386179,281220,13:11:39.588820
155.417541,385857,281079,13:11:39.588820
155.4194,385405,280834,13:11:39.588820
155.421258,384826,280439,13:11:39.588820
155.423114,383892,279917,13:11:39.588820
155.424975,382940,279451,13:11:39.588820
155.426833,383327,279140,13:11:39.588820
155.428689,383008,278839,13:11:39.588820
155.430548,382655,278515,13:11:39.588820
155.432404,381843,278312,13:11:39.588820
155.434262,381569,278204,13:11:39.588820
155.436119,381727,278110,13:11:39.588820
155.437981,381781,277764,13:11:39.588820
155.439839,380032,277999,13:11:39.588820
155.441702,381622,278081,13:11:39.588820
155.443558,381529,278187,13:11:39.588820
155.445416,381623,278339,13:11:39.588820
155.447275,382048,278356,13:11:39.588820
155.449131,382439,278838,13:11:39.588820
155.450987,382928,278843,13:11:39.588820
155.452846,383140,279305,13:11:39.588820
155.454702,383582,279670,13:11:39.635819
155.456578,383968,279969,13:11:39.635819
155.458439,384549,280173,13:11:39.635819
155.460344,384855,280631,13:11:39.635819
155.462213,385250,280815,13:11:39.635819
155.46407,385740,280990,13:11:39.635819
155.465932,385893,281407,13:11:39.635819
155.46779,386410,281419,13:11:39.635819
155.469647,386347,281705,13:11:39.635819
155.471505,386016,281373,13:11:39.636916
155.473361,386324,281632,13:11:39.638821
155.47522,386123,281574,13:11:39.638821
155.477076,386121,281939,13:11:39.638821
155.478936,386583,281431,13:11:39.638821
155.480795,386184,281362,13:11:39.638821
155.482661,386021,281141,13:11:39.638821
155.484517,385912,281160,13:11:39.638821
155.486378,385871,281152,13:11:39.638821
155.488234,384917,280973,13:11:39.638821
155.49009,385177,280844,13:11:39.638821
155.491947,384777,280072,13:11:39.638821
155.493837,382638,279738,13:11:39.638821
155.495699,384367,280074,13:11:39.638821
155.497558,383997,279833,13:11:39.638821
155.499414,383646,279812,13:11:39.638821
155.50127,383862,279461,13:11:39.638821
155.503129,383598,279452,13:11:39.638821
155.504985,383526,279500,13:11:39.655834
155.506853,383662,279583,13:11:39.655834
155.508714,383593,279399,13:11:39.655834
155.51062,383549,279412,13:11:39.655834
155.512484,383693,279921,13:11:39.655834
155.514342,383859,279853,13:11:39.655834
155.516201,383933,280010,13:11:39.655834
155.518059,383972,279981,13:11:39.655834
155.519916,384327,280173,13:11:39.655834
155.521774,384860,280182,13:11:39.655834
155.52363,384305,280393,13:11:39.655834
155.525487,385185,280567,13:11:39.655834
155.527343,384948,280717,13:11:39.655834
155.529205,385281,280694,13:11:39.655834
155.531062,384922,280797,13:11:39.655834
155.532918,385406,281247,13:11:39.655834
155.534778,385746,280718,13:11:39.656829
155.536635,384923,280912,13:11:39.656829
155.538491,385496,280757,13:11:39.656829
155.540356,385619,280837,13:11:39.656829
155.542248,383526,280918,13:11:39.656829
155.544108,385607,280947,13:11:39.656829
155.545968,385403,280591,13:11:39.656829
155.547829,385109,280769,13:11:39.656829
155.549685,385205,280516,13:11:39.656829
155.551541,384836,280340,13:11:39.656829
155.5534,384796,280194,13:11:39.656829
155.555255,384483,280367,13:11:39.707554
155.557122,384440,280198,13:11:39.707554
155.558983,384337,279976,13:11:39.707554
155.560887,384175,279902,13:11:39.707554
155.562745,384209,279971,13:11:39.707554
155.564602,384349,280262,13:11:39.707554
155.56646,384367,280012,13:11:39.707554
155.568316,384204,279859,13:11:39.707554
155.570179,384468,280043,13:11:39.708560
155.572037,384095,279919,13:11:39.709552
155.573903,384180,279865,13:11:39.709552
155.57576,384687,280056,13:11:39.709552
155.577616,384427,280208,13:11:39.709552
155.579474,384446,280293,13:11:39.709552
155.581331,384702,280368,13:11:39.709552
155.583187,384672,280461,13:11:39.709552
155.585043,385132,280297,13:11:39.709552
155.5869,384850,280419,13:11:39.709552
155.588756,385060,280649,13:11:39.709552
155.590613,385284,280726,13:11:39.709552
155.592476,385164,280503,13:11:39.709552
155.594341,385287,280777,13:11:39.709552
155.596201,385254,280692,13:11:39.709552
155.598062,385267,280520,13:11:39.709552
155.599918,385535,280772,13:11:39.709552
155.601777,385496,280838,13:11:39.709552
155.603633,385359,280461,13:11:39.709552
155.605491,385047,280512,13:11:39.753389
155.60736,384970,280325,13:11:39.753389
155.609221,384840,280516,13:11:39.753389
155.61114,384514,280327,13:11:39.753389
155.612998,384578,279769,13:11:39.753389
155.614862,384263,280106,13:11:39.753389
155.616719,384437,280039,13:11:39.753389
155.618575,384184,279882,13:11:39.753389
155.620434,383903,279793,13:11:39.753389
155.62229,383822,279644,13:11:39.753389
155.624147,383690,279545,13:11:39.754388
155.626005,383375,279378,13:11:39.754388
155.627861,383682,279494,13:11:39.754388
155.629718,383693,279665,13:11:39.754388
155.631574,383490,279559,13:11:39.754388
155.63344,383541,279572,13:11:39.754388
155.635297,383569,279631,13:11:39.754388
155.637153,383807,279550,13:11:39.754388
155.639011,383865,279181,13:11:39.754388
155.64087,383656,279847,13:11:39.754388
155.642736,383901,279596,13:11:39.754388
155.644592,383971,280003,13:11:39.754388
155.646449,384182,279767,13:11:39.754388
155.648307,384486,280271,13:11:39.754388
155.650169,384928,280264,13:11:39.754388
155.652028,384733,280389,13:11:39.754388
155.653884,384928,280306,13:11:39.754388
155.655749,385119,280672,13:11:39.803388
155.657615,385245,280845,13:11:39.803388
155.659476,385222,280794,13:11:39.804387
155.661402,385154,280586,13:11:39.804387
155.663276,385343,280961,13:11:39.804387
155.665132,385386,280387,13:11:39.804387
155.666994,385364,280418,13:11:39.804387
155.668853,385413,280788,13:11:39.804387
155.670711,385181,280504,13:11:39.804387
155.672567,385103,280502,13:11:39.804387
155.674424,384888,280398,13:11:39.804387
155.676282,384935,279966,13:11:39.804387
155.678141,384636,279958,13:11:39.804387
155.679999,384494,280119,13:11:39.804387
155.681857,384280,280215,13:11:39.804387
155.683723,384094,279663,13:11:39.804387
155.68558,383935,279567,13:11:39.804387
155.687436,383608,279483,13:11:39.804387
155.689294,383632,279369,13:11:39.804387
155.691151,383345,278880,13:11:39.804387
155.693007,383160,279101,13:11:39.804387
155.694865,383355,279065,13:11:39.804387
155.696726,383237,278982,13:11:39.804387
155.698584,383065,279092,13:11:39.804387
155.700443,383085,278866,13:11:39.804387
155.702301,383122,279200,13:11:39.804387
155.704157,383486,279236,13:11:39.804387
155.706026,383452,279236,13:11:39.853958
155.707886,383202,279207,13:11:39.853958
155.709756,383618,279284,13:11:39.853958
155.711676,383529,279647,13:11:39.853958
155.713533,383974,279549,13:11:39.853958
155.715389,383930,279898,13:11:39.853958
155.717245,383975,280335,13:11:39.853958
155.719102,384133,280166,13:11:39.853958
155.720958,384386,280119,13:11:39.853958
155.722815,384704,280291,13:11:39.853958
155.724675,384913,280134,13:11:39.853958
155.726531,384922,280600,13:11:39.853958
155.728388,385130,280603,13:11:39.853958
155.730246,384910,280790,13:11:39.853958
155.732102,385077,280480,13:11:39.853958
155.733961,385153,280664,13:11:39.853958
155.735817,384957,280359,13:11:39.853958
155.737677,384870,280341,13:11:39.853958
155.739536,384684,280350,13:11:39.853958
155.741402,384874,280562,13:11:39.853958
155.743258,384631,280360,13:11:39.853958
155.745117,384615,280371,13:11:39.853958
155.746975,384161,280154,13:11:39.853958
155.748833,384281,279796,13:11:39.853958
155.750736,384325,279832,13:11:39.853958
155.752592,383698,279712,13:11:39.853958
155.754449,383805,279770,13:11:39.907216
155.756321,383460,279487,13:11:39.907216
155.758187,383746,279265,13:11:39.907216
155.760051,383549,279375,13:11:39.907216
155.761983,383195,279424,13:11:39.907216
155.763844,383213,279430,13:11:39.907216
155.765701,383348,279572,13:11:39.907216
155.767562,383312,279167,13:11:39.907216
155.769419,383450,279160,13:11:39.907216
155.771279,383429,279468,13:11:39.907216
155.773136,383401,279373,13:11:39.907216
155.774992,383660,279304,13:11:39.907216
155.77685,383451,279629,13:11:39.907216
155.778707,383711,279604,13:11:39.907216
155.780565,383770,279573,13:11:39.907216
155.782421,383866,279602,13:11:39.907216
155.784282,383760,279623,13:11:39.907216
155.786138,383924,279517,13:11:39.907216
155.787994,384031,279805,13:11:39.907216
155.789855,384370,280052,13:11:39.907216
155.791711,384235,279930,13:11:39.907216
155.793569,384268,280269,13:11:39.907216
155.795426,384409,279887,13:11:39.907216
155.797284,384468,280195,13:11:39.907216
155.799143,384478,280089,13:11:39.907216
155.801009,384316,279954,13:11:39.907216
155.802868,384133,280182,13:11:39.907216
155.804743,384351,280169,13:11:39.956017
155.806614,384451,280039,13:11:39.956017
155.808474,384451,279871,13:11:39.956017
155.81037,384518,280042,13:11:39.956017
155.812241,384471,279981,13:11:39.956017
155.814097,384478,279636,13:11:39.956017
155.815953,384158,279899,13:11:39.956017
155.817812,384289,279876,13:11:39.956017
155.819668,384360,279579,13:11:39.956017
155.821524,384213,279931,13:11:39.956017
155.823381,384060,279702,13:11:39.956017
155.825247,383966,279850,13:11:39.956017
155.827103,383667,279948,13:11:39.956017
155.82896,383974,279994,13:11:39.956017
155.830818,383963,279504,13:11:39.956017
155.832675,384035,279788,13:11:39.956017
155.834533,384243,279892,13:11:39.956017
155.836389,384142,279942,13:11:39.956017
155.838246,383896,279635,13:11:39.956017
155.840104,384159,279629,13:11:39.956017
155.841961,384142,279562,13:11:39.956017
155.843825,384087,279972,13:11:39.956017
155.845681,384170,279920,13:11:39.956017
155.847551,384376,279846,13:11:39.956017
155.849408,384324,280131,13:11:39.956017
155.851264,384379,279833,13:11:39.956017
155.853122,384195,279970,13:11:39.957004
155.854979,384611,279949,13:11:40.010971
155.856843,384044,279990,13:11:40.010971
155.858704,384103,279600,13:11:40.010971
155.860619,384421,280036,13:11:40.010971
155.862496,384294,279950,13:11:40.010971
155.864352,384353,280211,13:11:40.010971
155.866209,384160,279731,13:11:40.010971
155.868065,384331,279962,13:11:40.010971
155.869922,384275,279929,13:11:40.010971
155.87178,384490,279893,13:11:40.010971
155.873636,384471,279901,13:11:40.010971
155.875492,384311,280020,13:11:40.010971
155.877349,383905,279633,13:11:40.010971
155.879205,384288,279619,13:11:40.010971
155.881061,384174,279692,13:11:40.010971
155.882927,384274,279938,13:11:40.010971
155.884784,384352,280057,13:11:40.010971
155.886641,384260,279731,13:11:40.010971
155.888499,384042,279625,13:11:40.010971
155.890355,384104,279845,13:11:40.010971
155.892212,384313,279852,13:11:40.010971
155.894068,384247,279732,13:11:40.010971
155.895924,384497,279939,13:11:40.010971
155.897785,384514,280130,13:11:40.010971
155.899641,384623,279979,13:11:40.010971
155.901505,384557,279954,13:11:40.010971
155.903364,384855,280250,13:11:40.010971
155.90522,384818,280154,13:11:40.054654
155.907088,384664,280285,13:11:40.054654
155.908949,384748,280131,13:11:40.054654
155.910847,384650,280164,13:11:40.054654
155.912705,384867,280375,13:11:40.054654
155.914562,385155,280433,13:11:40.054654
155.916418,384950,280315,13:11:40.054654
155.918274,384680,280344,13:11:40.054654
155.920133,385028,280359,13:11:40.054654
155.921989,384801,280423,13:11:40.054654
155.923845,384953,280387,13:11:40.054654
155.925704,384937,280274,13:11:40.054654
155.92756,384783,280270,13:11:40.054654
155.929416,384853,280279,13:11:40.054654
155.931273,384550,280060,13:11:40.054654
155.933139,384411,280029,13:11:40.054654
155.934996,384513,279950,13:11:40.054654
155.936854,384578,279847,13:11:40.054654
155.938712,384111,279677,13:11:40.054654
155.940569,384078,279640,13:11:40.054654
155.942427,384220,279762,13:11:40.054654
155.944283,384276,279652,13:11:40.054654
155.94614,384100,279778,13:11:40.054654
155.947996,384035,279530,13:11:40.054654
155.94986,383693,279666,13:11:40.054654
155.951717,383885,279667,13:11:40.054654
155.953573,383816,279665,13:11:40.054654
155.955431,384185,279628,13:11:40.104077
155.957299,384129,279659,13:11:40.104077
155.959171,384099,279757,13:11:40.104077
155.961078,384397,279838,13:11:40.104077
155.962937,384219,279959,13:11:40.104077
155.964795,384410,279894,13:11:40.104077
155.966653,384245,279962,13:11:40.104077
155.96851,384750,279958,13:11:40.104077
155.970366,384720,280033,13:11:40.104077
155.972222,384719,280194,13:11:40.104077
155.974081,385200,280007,13:11:40.104077
155.975937,384880,280558,13:11:40.104077
155.977795,385280,280512,13:11:40.104077
155.979654,385093,280421,13:11:40.104077
155.98151,385179,280505,13:11:40.104077
155.983368,385290,280588,13:11:40.104077
155.985225,385436,280559,13:11:40.104077
155.987085,385302,280648,13:11:40.104077
155.988942,385298,280452,13:11:40.104077
155.990801,385450,280435,13:11:40.104077
155.992658,385059,280230,13:11:40.104077
155.994515,385058,280296,13:11:40.104077
155.996373,384893,280367,13:11:40.104077
155.998229,384994,280200,13:11:40.104077
156.000086,385018,280317,13:11:40.104077
156.001942,384676,279837,13:11:40.104077
156.003806,384827,280179,13:11:40.104077
156.005687,384445,279807,13:11:40.154313
156.007549,384702,279972,13:11:40.154313
156.009412,384237,279757,13:11:40.154313
156.011329,383895,279649,13:11:40.154313
156.013186,384272,279769,13:11:40.154313
156.01505,384092,279591,13:11:40.154313
156.016906,384092,279828,13:11:40.154313
156.018763,384266,279597,13:11:40.154313
156.020621,383958,279585,13:11:40.155310
156.022478,384252,279306,13:11:40.155310
156.024336,384134,279707,13:11:40.155310
156.026192,384048,279905,13:11:40.155310
156.028053,384158,279824,13:11:40.155310
156.029909,384179,279790,13:11:40.155310
156.031765,384158,279745,13:11:40.155310
156.033626,384445,279925,13:11:40.155310
156.035482,384368,279707,13:11:40.155310
156.03734,384626,279892,13:11:40.155310
156.039197,384681,279808,13:11:40.155310
156.041053,384500,279952,13:11:40.155310
156.042912,384589,280333,13:11:40.155310
156.044774,384960,280030,13:11:40.155310
156.046632,384958,279972,13:11:40.155310
156.048489,384730,280186,13:11:40.155310
156.050349,384807,280215,13:11:40.155310
156.052209,384915,280128,13:11:40.155310
156.054066,385041,280202,13:11:40.155310
156.055936,385014,280249,13:11:40.203262
156.057802,384946,280364,13:11:40.204262
156.059664,385073,280037,13:11:40.204262
156.061586,384769,280133,13:11:40.204262
156.063455,385069,280126,13:11:40.204262
156.065313,385056,280403,13:11:40.204262
156.06717,384878,280115,13:11:40.204262
156.069026,385026,280281,13:11:40.204262
156.070884,384600,280041,13:11:40.204262
156.072746,384948,280042,13:11:40.204262
156.074603,384560,279728,13:11:40.204262
156.076459,384585,279700,13:11:40.204262
156.078322,384177,279726,13:11:40.204262
156.080178,384424,279694,13:11:40.204262
156.082035,384653,279706,13:11:40.204262
156.083893,384557,279768,13:11:40.204262
156.085751,384172,279588,13:11:40.204262
156.08761,384296,279747,13:11:40.204262
156.089466,384053,279615,13:11:40.204262
156.091324,384204,279830,13:11:40.204262
156.093181,384566,279463,13:11:40.204262
156.095037,384249,279527,13:11:40.204262
156.096899,384168,279634,13:11:40.204262
156.098756,384157,279696,13:11:40.204262
156.100616,384517,279461,13:11:40.204262
156.102472,384482,279546,13:11:40.204262
156.104329,384092,279563,13:11:40.204262
156.106199,384292,279636,13:11:40.255819
156.108059,384293,279647,13:11:40.255819
156.10993,384229,279587,13:11:40.255819
156.111814,384292,279638,13:11:40.255819
156.11367,384277,279654,13:11:40.255819
156.115529,384250,279450,13:11:40.255819
156.117385,384365,279528,13:11:40.255819
156.119243,384371,279707,13:11:40.255819
156.1211,384595,280084,13:11:40.255819
156.122958,384526,279565,13:11:40.256933
156.124816,384466,279805,13:11:40.256933
156.126673,384607,279844,13:11:40.256933
156.128533,384498,279738,13:11:40.256933
156.13039,384413,279837,13:11:40.256933
156.132248,384174,279768,13:11:40.256933
156.134104,384595,279616,13:11:40.256933
156.135961,384380,279349,13:11:40.256933
156.137819,384296,279497,13:11:40.256933
156.139679,384473,279641,13:11:40.256933
156.141538,384284,279523,13:11:40.256933
156.143394,384215,279556,13:11:40.256933
156.14526,384059,279674,13:11:40.256933
156.147117,383923,279730,13:11:40.256933
156.148973,384313,279662,13:11:40.256933
156.150833,384275,279823,13:11:40.256933
156.15269,384270,279580,13:11:40.256933
156.15455,384292,279596,13:11:40.256933
156.15641,384336,279842,13:11:40.304952
156.158271,384255,279550,13:11:40.304952
156.160157,384175,279695,13:11:40.304952
156.162029,384092,279751,13:11:40.304952
156.163925,384097,279398,13:11:40.304952
156.165784,384129,279532,13:11:40.304952
156.167642,384322,279606,13:11:40.304952
156.169499,384195,279273,13:11:40.304952
156.171355,384144,279635,13:11:40.304952
156.173213,384591,279888,13:11:40.306964
156.17507,384530,279834,13:11:40.306964
156.176926,384301,279572,13:11:40.306964
156.178784,384192,279730,13:11:40.306964
156.180641,384216,279387,13:11:40.306964
156.182499,384148,279578,13:11:40.306964
156.184355,383978,279349,13:11:40.306964
156.18622,384158,279509,13:11:40.306964
156.188076,384049,279554,13:11:40.306964
156.189933,384093,279580,13:11:40.306964
156.191791,383808,279409,13:11:40.306964
156.193647,384107,279415,13:11:40.306964
156.195506,383955,279430,13:11:40.306964
156.197362,383919,279442,13:11:40.306964
156.199218,383872,279126,13:11:40.306964
156.201075,383732,279209,13:11:40.306964
156.20294,384039,279065,13:11:40.306964
156.204797,383955,279538,13:11:40.358691
156.206668,383806,279444,13:11:40.358691
156.208534,384195,279311,13:11:40.358691
156.210428,383876,279356,13:11:40.358691
156.212312,383790,279114,13:11:40.358691
156.214171,383866,279467,13:11:40.358691
156.216027,384022,279548,13:11:40.358691
156.217883,383805,279094,13:11:40.358691
156.21974,384009,279386,13:11:40.358691
156.221597,384290,279275,13:11:40.358691
156.223455,383948,279339,13:11:40.358691
156.225311,384154,279816,13:11:40.358691
156.227173,384082,279725,13:11:40.358691
156.22903,384382,279602,13:11:40.358691
156.230886,384332,279750,13:11:40.358691
156.232746,384443,279667,13:11:40.358691
156.234603,384354,279575,13:11:40.358691
156.236459,384241,279559,13:11:40.358691
156.238315,384405,279793,13:11:40.358691
156.240174,384406,279668,13:11:40.358691
156.242032,384200,279623,13:11:40.358691
156.243889,384593,279666,13:11:40.358691
156.245749,384549,279573,13:11:40.358691
156.247605,384588,279605,13:11:40.358691
156.249463,384321,279799,13:11:40.358691
156.25132,384216,279544,13:11:40.358691
156.253176,384221,279542,13:11:40.358691
156.255035,384141,279510,13:11:40.405519
156.256901,384057,279489,13:11:40.405519
156.258761,384002,279611,13:11:40.405519
156.260667,384116,279461,13:11:40.405519
156.262526,384134,279340,13:11:40.405519
156.264384,384010,279107,13:11:40.405519
156.266248,383898,279431,13:11:40.405519
156.268129,383790,279158,13:11:40.405519
156.269985,383910,279187,13:11:40.405519
156.271843,383950,279585,13:11:40.405519
156.273702,383651,279031,13:11:40.405519
156.275558,383687,279303,13:11:40.405519
156.277416,383682,279306,13:11:40.405519
156.279273,383796,279152,13:11:40.405519
156.281133,383787,279101,13:11:40.405519
156.282992,383912,279171,13:11:40.405519
156.284848,383605,279031,13:11:40.405519
156.286708,383961,279305,13:11:40.405519
156.288565,383885,279434,13:11:40.405519
156.290423,383898,279308,13:11:40.405519
156.292279,383881,279328,13:11:40.405519
156.294136,383997,279397,13:11:40.405519
156.295994,384049,279781,13:11:40.405519
156.297854,384097,279616,13:11:40.405519
156.299713,384292,279549,13:11:40.405519
156.301569,384208,279558,13:11:40.405519
156.303435,384518,279413,13:11:40.405519
156.305292,384060,279522,13:11:40.454411
156.307167,384385,279822,13:11:40.454411
156.309026,384536,279657,13:11:40.454411
156.310922,384345,279889,13:11:40.454411
156.312779,384569,279985,13:11:40.454411
156.314637,384429,279765,13:11:40.454411
156.316494,384807,279821,13:11:40.454411
156.31835,384472,279971,13:11:40.454411
156.320206,384675,279812,13:11:40.454411
156.322065,384380,279852,13:11:40.454411
156.323921,384348,279760,13:11:40.454411
156.325779,384403,279607,13:11:40.454411
156.327638,384416,279856,13:11:40.454411
156.329494,384537,279644,13:11:40.454411
156.33135,384431,279729,13:11:40.454411
156.333207,384331,279737,13:11:40.454411
156.335071,384178,279691,13:11:40.454411
156.336927,384344,279581,13:11:40.454411
156.338784,384023,279525,13:11:40.454411
156.340642,384341,279422,13:11:40.454411
156.342498,383999,279408,13:11:40.454411
156.344355,383945,279460,13:11:40.454411
156.346211,384108,279205,13:11:40.454411
156.348068,383965,279544,13:11:40.454411
156.349924,384162,279530,13:11:40.461671
156.351791,384205,279601,13:11:40.461671
156.353651,384009,279521,13:11:40.461671
156.355509,384212,279514,13:11:40.505410
156.357373,384371,279821,13:11:40.505410
156.359234,384288,279540,13:11:40.505410
156.361154,384091,279826,13:11:40.505410
156.363074,384419,279807,13:11:40.505410
156.364932,384441,279738,13:11:40.505410
156.366789,384318,279808,13:11:40.505410
156.368667,384368,279951,13:11:40.505410
156.370523,384690,279914,13:11:40.505410
156.372383,384631,279959,13:11:40.505410
156.374242,384715,280095,13:11:40.505410
156.3761,384424,279783,13:11:40.505410
156.377957,384333,280042,13:11:40.505410
156.379813,384922,279970,13:11:40.506401
156.381671,384782,279956,13:11:40.506401
156.383528,384825,280083,13:11:40.506401
156.385384,384816,280183,13:11:40.506401
156.387242,384894,280234,13:11:40.506401
156.389099,384697,280192,13:11:40.507402
156.390957,384885,280074,13:11:40.507402
156.392813,384639,280188,13:11:40.507402
156.394678,384799,280047,13:11:40.507402
156.396534,384890,280079,13:11:40.507402
156.39839,384860,279798,13:11:40.507402
156.400249,384951,280179,13:11:40.507402
156.402105,384844,279935,13:11:40.507402
156.403962,384802,280404,13:11:40.507402
156.405822,384691,280000,13:11:40.556370
156.407686,384747,280022,13:11:40.556370
156.409548,384764,280019,13:11:40.556370
156.411463,384923,280127,13:11:40.556370
156.413327,384652,279820,13:11:40.556370
156.415183,384817,279952,13:11:40.556370
156.41704,384453,279918,13:11:40.556370
156.418898,384771,279919,13:11:40.556370
156.420754,384398,279938,13:11:40.556370
156.422613,384702,280021,13:11:40.556370
156.424469,384898,279955,13:11:40.556370
156.426325,384910,280208,13:11:40.556370
156.428184,384796,280041,13:11:40.556370
156.430046,384636,280345,13:11:40.556370
156.431902,384963,280187,13:11:40.556370
156.433761,384851,279983,13:11:40.556370
156.435619,384736,280002,13:11:40.556370
156.437476,385090,280102,13:11:40.556370
156.439332,384956,279984,13:11:40.556370
156.44119,384866,280260,13:11:40.556370
156.443047,384684,280191,13:11:40.556370
156.444903,385002,280165,13:11:40.556370
156.446761,384781,280322,13:11:40.556370
156.448624,384757,280300,13:11:40.556370
156.45048,384807,280087,13:11:40.557376
156.452336,384953,280207,13:11:40.557376
156.454195,384908,280470,13:11:40.557376
156.456055,384984,280371,13:11:40.608049
156.457913,384938,280075,13:11:40.608049
156.459782,384878,280473,13:11:40.608049
156.461702,384649,280251,13:11:40.608049
156.463586,384775,280352,13:11:40.608049
156.465442,384803,280206,13:11:40.608049
156.467301,385198,280063,13:11:40.608049
156.469159,384846,280427,13:11:40.608049
156.471016,385172,280189,13:11:40.608049
156.472876,384690,280570,13:11:40.608049
156.474732,384731,280127,13:11:40.608049
156.476597,385193,279951,13:11:40.608049
156.478453,384900,280287,13:11:40.608049
156.480309,385127,280157,13:11:40.608049
156.482168,384759,280687,13:11:40.608049
156.484024,384942,280290,13:11:40.608049
156.485882,385311,280490,13:11:40.608049
156.487739,385280,280365,13:11:40.608049
156.489595,385187,280308,13:11:40.608049
156.491453,385129,280627,13:11:40.608049
156.493316,385338,280553,13:11:40.608049
156.495172,385280,280560,13:11:40.608049
156.497028,385448,280642,13:11:40.608049
156.498887,385235,280553,13:11:40.608049
156.500743,385237,280517,13:11:40.608049
156.5026,385594,280689,13:11:40.608049
156.504458,385169,280572,13:11:40.608049
156.50632,384904,280376,13:11:40.659901
156.508181,385051,280503,13:11:40.659901
156.510058,384954,280473,13:11:40.659901
156.51197,385028,280092,13:11:40.659901
156.513827,385004,280493,13:11:40.659901
156.515695,384695,280626,13:11:40.659901
156.517572,385040,280511,13:11:40.659901
156.519428,384918,280095,13:11:40.659901
156.521288,385005,280114,13:11:40.659901
156.523145,384806,280297,13:11:40.659901
156.525001,384716,280166,13:11:40.659901
156.52686,384902,280231,13:11:40.660899
156.528716,384737,280333,13:11:40.660899
156.530572,384853,280013,13:11:40.660899
156.532429,384648,280234,13:11:40.660899
156.534285,384623,280184,13:11:40.660899
156.536141,384729,280149,13:11:40.660899
156.537998,384931,280313,13:11:40.660899
156.53986,384695,280348,13:11:40.660899
156.541717,384614,280243,13:11:40.660899
156.543573,384670,280541,13:11:40.660899
156.545433,385010,280387,13:11:40.660899
156.54729,385132,280602,13:11:40.660899
156.549148,385302,280492,13:11:40.660899
156.551004,385096,280361,13:11:40.660899
156.552863,385300,280434,13:11:40.660899
156.554719,385363,280561,13:11:40.713746
156.556585,385067,280542,13:11:40.713746
156.558451,385178,280512,13:11:40.713746
156.560351,384974,280821,13:11:40.713746
156.562217,385143,280575,13:11:40.713746
156.564078,385214,280759,13:11:40.713746
156.565967,385167,280506,13:11:40.713746
156.567833,385090,280650,13:11:40.713746
156.569689,385419,280565,13:11:40.713746
156.571546,385168,280322,13:11:40.713746
156.573404,385497,280220,13:11:40.713746
156.57526,385114,280323,13:11:40.713746
156.577119,385165,280297,13:11:40.713746
156.578975,385203,280351,13:11:40.713746
156.580833,385014,280187,13:11:40.713746
156.582692,384996,280182,13:11:40.713746
156.584558,384857,280211,13:11:40.713746
156.586414,384851,280503,13:11:40.713746
156.588271,384686,280249,13:11:40.713746
156.590129,384812,280007,13:11:40.713746
156.591986,384842,280018,13:11:40.713746
156.593844,384566,280312,13:11:40.713746
156.595702,384542,280293,13:11:40.713746
156.597559,384584,280242,13:11:40.713746
156.599415,384398,279969,13:11:40.713746
156.601271,384476,279963,13:11:40.713746
156.603136,384393,280336,13:11:40.713746
156.604992,384468,279989,13:11:40.763437
156.606858,384617,280144,13:11:40.764623
156.608721,384520,280198,13:11:40.764623
156.610633,384686,280157,13:11:40.764623
156.612493,384399,280446,13:11:40.764623
156.614352,384675,280174,13:11:40.764623
156.616211,384581,280106,13:11:40.764623
156.618086,382816,280297,13:11:40.764623
156.619951,384650,280493,13:11:40.764623
156.621807,384748,280298,13:11:40.764623
156.623665,384820,280610,13:11:40.764623
156.625526,384760,280237,13:11:40.764623
156.627384,384509,280239,13:11:40.764623
156.62924,384757,280719,13:11:40.764623
156.631101,384893,280212,13:11:40.764623
156.632957,384800,280094,13:11:40.764623
156.634813,384743,280482,13:11:40.764623
156.636672,384823,280826,13:11:40.764623
156.638528,384896,280156,13:11:40.767132
156.640386,384798,280271,13:11:40.767132
156.642243,384726,280446,13:11:40.767132
156.644103,384651,280252,13:11:40.767132
156.645961,384730,280454,13:11:40.767132
156.647818,384641,280370,13:11:40.767132
156.649678,384762,280117,13:11:40.767132
156.651534,384687,280153,13:11:40.767132
156.653393,384698,280735,13:11:40.767132
156.655249,384521,280146,13:11:40.817435
156.65712,384907,280167,13:11:40.817435
156.658982,384600,280298,13:11:40.817435
156.660878,384028,279839,13:11:40.817435
156.662742,384520,280144,13:11:40.817435
156.664599,384468,280133,13:11:40.817435
156.666467,384251,280214,13:11:40.817435
156.668335,382629,279987,13:11:40.817435
156.670226,384312,279971,13:11:40.817435
156.672086,384227,280021,13:11:40.817435
156.673944,384364,280249,13:11:40.817435
156.675809,384363,279998,13:11:40.817435
156.677667,384549,279887,13:11:40.817435
156.679523,384329,280333,13:11:40.817435
156.681386,384299,280091,13:11:40.817435
156.683242,384492,280348,13:11:40.817435
156.685098,384147,279897,13:11:40.817435
156.686957,384216,280008,13:11:40.817435
156.688813,384118,280362,13:11:40.817435
156.690671,384249,279954,13:11:40.817435
156.692528,384349,280156,13:11:40.817435
156.694388,384158,280179,13:11:40.817435
156.696244,384101,280127,13:11:40.817435
156.698101,384390,279942,13:11:40.817435
156.699961,384152,280021,13:11:40.817435
156.701818,384310,280020,13:11:40.817435
156.703676,384487,280267,13:11:40.817435
156.705534,384101,280176,13:11:40.864297
156.707399,384361,280114,13:11:40.864297
156.709263,384323,280037,13:11:40.864297
156.711173,383862,279953,13:11:40.864297
156.713035,384173,280002,13:11:40.864297
156.714892,384106,279956,13:11:40.864297
156.716759,384247,279972,13:11:40.864297
156.718616,384174,279894,13:11:40.864297
156.720473,382498,279780,13:11:40.864297
156.722343,384139,280068,13:11:40.864297
156.7242,384067,280203,13:11:40.864297
156.726056,384289,279984,13:11:40.864297
156.727914,384165,280012,13:11:40.864297
156.729773,384176,280043,13:11:40.864297
156.731631,384190,280119,13:11:40.864297
156.733487,384479,280158,13:11:40.864297
156.735346,384042,279979,13:11:40.864297
156.737204,384218,280118,13:11:40.864297
156.73907,384348,280151,13:11:40.864297
156.740927,384197,279985,13:11:40.864297
156.742785,384165,279932,13:11:40.864297
156.744643,384399,280036,13:11:40.864297
156.7465,384288,280038,13:11:40.864297
156.748356,384604,279982,13:11:40.864297
156.750215,384490,280138,13:11:40.864297
156.752071,384193,280198,13:11:40.864297
156.753927,384147,280218,13:11:40.864297
156.75579,384065,279837,13:11:40.916388
156.757656,384166,280032,13:11:40.916388
156.759518,384168,279903,13:11:40.916388
156.76142,383996,279736,13:11:40.916388
156.763281,384095,280083,13:11:40.916388
156.765137,383855,279902,13:11:40.916388
156.766994,383935,280022,13:11:40.916388
156.768856,384387,279848,13:11:40.917382
156.770736,382718,279914,13:11:40.917382
156.772604,384098,279825,13:11:40.917382
156.774463,384109,279759,13:11:40.917382
156.776319,383963,279798,13:11:40.917382
156.778178,383857,279815,13:11:40.917382
156.780038,383785,279871,13:11:40.917382
156.781896,384061,279787,13:11:40.917382
156.783753,384041,279876,13:11:40.917382
156.785613,384099,279923,13:11:40.917382
156.787469,384248,280018,13:11:40.917382
156.789326,384031,279965,13:11:40.917382
156.791184,384080,279871,13:11:40.917382
156.79304,383978,279916,13:11:40.917382
156.794899,384080,279720,13:11:40.917382
156.796755,384109,279885,13:11:40.917382
156.798615,384248,279852,13:11:40.917382
156.800474,384256,279798,13:11:40.917382
156.80234,384265,279885,13:11:40.917382
156.804197,384486,280201,13:11:40.917382
156.806073,384228,280252,13:11:40.966828
156.807939,384311,280366,13:11:40.966828
156.809807,384132,280030,13:11:40.966828
156.811706,384149,280190,13:11:40.966828
156.813564,384706,280059,13:11:40.966828
156.815422,384272,280291,13:11:40.966828
156.817281,384361,280006,13:11:40.966828
156.819139,384440,280115,13:11:40.966828
156.820997,384386,280329,13:11:40.966828
156.822856,383770,280119,13:11:40.966828
156.82474,384283,280490,13:11:40.966828
156.826596,384608,280114,13:11:40.966828
156.828453,384392,280084,13:11:40.966828
156.830312,384441,279735,13:11:40.966828
156.832169,384088,280245,13:11:40.966828
156.834026,384317,280031,13:11:40.966828
156.835884,384397,279951,13:11:40.966828
156.83774,384392,279955,13:11:40.966828
156.839597,383848,280054,13:11:40.966828
156.841453,383937,279901,13:11:40.966828
156.84331,384117,279784,13:11:40.966828
156.845166,384233,279961,13:11:40.966828
156.847022,383888,279929,13:11:40.966828
156.848881,384242,280207,13:11:40.966828
156.850737,384310,279874,13:11:40.966828
156.852593,384265,280006,13:11:40.966828
156.854452,384164,279882,13:11:40.966828
156.856322,384142,279848,13:11:41.017900
156.858182,384180,279805,13:11:41.017900
156.860059,383989,280079,13:11:41.017900
156.861939,384129,279935,13:11:41.017900
156.863801,384067,280068,13:11:41.017900
156.86566,384039,280231,13:11:41.017900
156.867518,384124,280172,13:11:41.017900
156.869378,384264,280121,13:11:41.017900
156.871245,384545,280030,13:11:41.017900
156.873121,383443,280120,13:11:41.017900
156.874987,384469,280119,13:11:41.017900
156.876847,384378,280193,13:11:41.017900
156.878724,384387,280049,13:11:41.017900
156.880582,384644,280296,13:11:41.017900
156.882444,384282,280077,13:11:41.017900
156.884301,384383,280212,13:11:41.017900
156.886159,384426,279913,13:11:41.017900
156.888016,384638,280054,13:11:41.017900
156.889876,384350,280373,13:11:41.017900
156.891732,384447,280038,13:11:41.017900
156.893591,384401,279989,13:11:41.017900
156.895449,384677,280372,13:11:41.017900
156.897305,384608,280252,13:11:41.017900
156.899166,384584,280209,13:11:41.017900
156.901022,384684,280429,13:11:41.017900
156.902879,384623,280027,13:11:41.017900
156.904737,384304,280087,13:11:41.070683
156.906605,384478,280059,13:11:41.070683
156.908468,384178,280081,13:11:41.070683
156.910362,384548,280067,13:11:41.070683
156.91223,384191,280132,13:11:41.074682
156.914086,384393,280065,13:11:41.074682
156.915943,384263,280386,13:11:41.074682
156.917803,384452,280207,13:11:41.074682
156.919659,384363,280188,13:11:41.074682
156.921516,384794,280147,13:11:41.074682
156.923378,384215,280285,13:11:41.074682
156.925258,383288,280288,13:11:41.074682
156.927129,384254,280239,13:11:41.074682
156.928985,384247,279977,13:11:41.074682
156.930843,384209,280110,13:11:41.074682
156.932702,384312,280107,13:11:41.074682
156.934558,384340,280208,13:11:41.074682
156.936416,384388,280026,13:11:41.074682
156.938273,384394,280220,13:11:41.074682
156.940131,384480,279737,13:11:41.074682
156.941988,384463,280159,13:11:41.074682
156.943846,384572,280279,13:11:41.074682
156.945704,384381,280137,13:11:41.074682
156.947561,384448,280309,13:11:41.074682
156.949419,384702,280420,13:11:41.074682
156.951275,384514,280375,13:11:41.074682
156.953132,384406,280303,13:11:41.074682
156.954988,384600,280495,13:11:41.123559
156.956861,384426,280228,13:11:41.123559
156.958721,384478,280298,13:11:41.123559
156.960609,384593,280292,13:11:41.123559
156.962469,384708,280218,13:11:41.124559
156.964328,384699,280464,13:11:41.124559
156.966185,384388,280379,13:11:41.124559
156.968044,384581,280229,13:11:41.124559
156.969901,384824,280257,13:11:41.124559
156.971767,384795,280232,13:11:41.124559
156.973629,384556,280154,13:11:41.124559
156.975514,383962,280342,13:11:41.124559
156.977378,384554,280125,13:11:41.124559
156.979234,384482,280245,13:11:41.125560
156.981093,384472,280293,13:11:41.125560
156.982949,384659,280215,13:11:41.125560
156.984811,384500,280113,13:11:41.125560
156.986672,384516,280496,13:11:41.125560
156.988528,384521,280167,13:11:41.125560
156.990386,384648,280486,13:11:41.125560
156.992243,384529,280162,13:11:41.125560
156.994099,384552,280156,13:11:41.125560
156.995957,384644,280136,13:11:41.125560
156.99782,384574,280006,13:11:41.125560
156.999678,384504,280230,13:11:41.125560
157.001535,384617,280364,13:11:41.125560
157.003399,384642,280108,13:11:41.125560
157.005255,384555,280166,13:11:41.179817
157.007123,384741,280062,13:11:41.179817
157.008984,384478,280162,13:11:41.179817
157.010894,384485,280105,13:11:41.179817
157.012752,384624,280058,13:11:41.179817
157.014611,384801,280099,13:11:41.179817
157.016468,384248,280164,13:11:41.179817
157.018325,384519,280135,13:11:41.179817
157.020182,384216,280222,13:11:41.179817
157.022044,384770,280233,13:11:41.179817
157.023901,384005,280268,13:11:41.179817
157.025757,383965,279980,13:11:41.179817
157.027617,384588,279909,13:11:41.179817
157.029483,383496,280089,13:11:41.179817
157.031366,384452,279925,13:11:41.179817
157.033222,384630,279982,13:11:41.179817
157.035079,384583,280148,13:11:41.179817
157.036937,384422,280005,13:11:41.179817
157.038795,384272,279804,13:11:41.179817
157.040654,384550,280249,13:11:41.179817
157.04251,384471,279790,13:11:41.179817
157.04437,384322,280059,13:11:41.179817
157.046229,384511,279818,13:11:41.179817
157.048094,384583,280165,13:11:41.179817
157.049951,384439,279904,13:11:41.179817
157.051808,384423,279937,13:11:41.179817
157.053666,384501,280045,13:11:41.179817
157.055526,384612,279850,13:11:41.223572
157.057395,384464,280179,13:11:41.223572
157.059257,384531,280126,13:11:41.223572
157.061157,384264,279918,13:11:41.223572
157.063022,384665,279945,13:11:41.223572
157.064878,384657,280126,13:11:41.223572
157.066742,384417,279977,13:11:41.223572
157.068599,384822,279848,13:11:41.223572
157.070455,384227,280354,13:11:41.223572
157.072313,384015,280056,13:11:41.223572
157.07417,384718,279947,13:11:41.223572
157.076035,384243,280083,13:11:41.223572
157.077916,384196,280072,13:11:41.223572
157.079793,383270,279811,13:11:41.223572
157.081657,384620,280058,13:11:41.223572
157.083515,384480,279946,13:11:41.223572
157.085377,384207,279840,13:11:41.223572
157.087244,384292,279844,13:11:41.223572
157.0891,384196,279881,13:11:41.223572
157.090959,384421,279801,13:11:41.223572
157.092815,384272,279760,13:11:41.223572
157.094671,384105,279984,13:11:41.223572
157.09653,384226,279568,13:11:41.223572
157.098386,384189,279572,13:11:41.223572
157.100244,384219,279913,13:11:41.223572
157.102101,384155,279528,13:11:41.223572
157.103967,384378,279529,13:11:41.223572
157.105827,384071,279737,13:11:41.273612
157.10769,384096,279709,13:11:41.273612
157.109556,384107,279869,13:11:41.273612
157.111464,384195,279720,13:11:41.273612
157.113321,384047,279833,13:11:41.273612
157.115179,384223,279844,13:11:41.273612
157.117039,383988,279817,13:11:41.273612
157.118898,384024,279953,13:11:41.273612
157.120754,384173,279842,13:11:41.273612
157.122616,383967,279729,13:11:41.273612
157.124475,384319,280018,13:11:41.273612
157.126331,384189,279874,13:11:41.273612
157.128189,384468,280191,13:11:41.273612
157.130046,382733,280022,13:11:41.273612
157.13191,384472,280044,13:11:41.273612
157.133768,384224,279951,13:11:41.273612
157.135649,384396,279796,13:11:41.273612
157.137507,384649,279860,13:11:41.273612
157.139363,384335,280033,13:11:41.273612
157.141222,384435,280135,13:11:41.273612
157.143078,384454,279860,13:11:41.273612
157.144937,384112,279860,13:11:41.273612
157.146795,384361,279830,13:11:41.273612
157.14866,384294,280010,13:11:41.273612
157.150518,384214,279667,13:11:41.273612
157.152378,384369,279639,13:11:41.273612
157.154242,384052,279749,13:11:41.273612
157.156109,384242,279665,13:11:41.326469
157.157967,383879,279562,13:11:41.326469
157.159831,383996,279684,13:11:41.326469
157.16172,383928,279432,13:11:41.326469
157.163576,383927,279535,13:11:41.326469
157.165432,383861,279831,13:11:41.326469
157.167289,384054,279594,13:11:41.326469
157.169147,384000,279622,13:11:41.326469
157.17101,384113,279856,13:11:41.326469
157.17287,383716,279882,13:11:41.326469
157.174728,383840,279609,13:11:41.326469
157.176584,383718,279656,13:11:41.326469
157.178449,383467,279689,13:11:41.326469
157.180307,381763,279554,13:11:41.326469
157.182165,383908,279533,13:11:41.326469
157.184022,384118,279669,13:11:41.326469
157.185888,383999,279623,13:11:41.326469
157.187744,384013,279488,13:11:41.326469
157.189601,383947,279652,13:11:41.326469
157.191459,384082,279339,13:11:41.326469
157.193316,383865,279575,13:11:41.326469
157.195174,384027,279504,13:11:41.326469
157.19703,383930,279705,13:11:41.326469
157.198887,384032,279560,13:11:41.326469
157.200745,383897,279645,13:11:41.326469
157.202606,384405,279833,13:11:41.326469
157.204464,383973,279638,13:11:41.326469
157.206336,383970,279849,13:11:41.383972
157.208196,383930,279605,13:11:41.383972
157.210081,384041,279576,13:11:41.383972
157.211955,384058,279739,13:11:41.383972
157.213813,384134,279989,13:11:41.383972
157.21567,383830,279681,13:11:41.383972
157.21753,383923,279680,13:11:41.383972
157.219386,383856,279505,13:11:41.383972
157.221243,383524,279677,13:11:41.383972
157.223105,384358,279904,13:11:41.383972
157.224961,384117,279495,13:11:41.383972
157.22682,384044,279681,13:11:41.383972
157.228678,383808,279472,13:11:41.383972
157.230536,383550,279620,13:11:41.383972
157.232423,383609,279318,13:11:41.383972
157.234285,384057,279726,13:11:41.383972
157.236143,383947,279620,13:11:41.383972
157.238,384001,279642,13:11:41.383972
157.239856,383805,279747,13:11:41.383972
157.241715,384078,279388,13:11:41.383972
157.243574,384120,279564,13:11:41.383972
157.245431,383878,279854,13:11:41.383972
157.247288,384148,279433,13:11:41.383972
157.24915,383903,279449,13:11:41.383972
157.251006,383699,279416,13:11:41.383972
157.252865,383841,279471,13:11:41.383972
157.254723,383923,279479,13:11:41.429061
157.256593,383824,279643,13:11:41.429061
157.258454,383703,279575,13:11:41.429061
157.260364,383864,279430,13:11:41.429061
157.262224,383933,279439,13:11:41.429061
157.264087,383686,279561,13:11:41.429061
157.265943,384194,279469,13:11:41.429061
157.267803,383967,279335,13:11:41.429061
157.26966,383628,279397,13:11:41.429061
157.271516,384325,279515,13:11:41.429061
157.273378,383964,279361,13:11:41.429061
157.275235,383796,279532,13:11:41.429061
157.277093,383884,279442,13:11:41.429061
157.278949,383492,279452,13:11:41.429061
157.28081,384002,279708,13:11:41.429061
157.282698,384278,279657,13:11:41.429061
157.284554,384006,279700,13:11:41.429061
157.286413,384072,279556,13:11:41.429061
157.288269,384189,279560,13:11:41.429061
157.290125,383641,279717,13:11:41.429061
157.291992,383904,279758,13:11:41.429061
157.293849,384164,279765,13:11:41.429061
157.295706,383936,279578,13:11:41.429061
157.297563,384125,279544,13:11:41.429061
157.299421,384027,279463,13:11:41.429061
157.301277,383981,279856,13:11:41.429061
157.303134,383959,279648,13:11:41.429061
157.304992,384204,279773,13:11:41.479028
157.306861,384073,279948,13:11:41.479028
157.308721,384093,279556,13:11:41.479028
157.310617,384235,279823,13:11:41.479028
157.312475,383846,279779,13:11:41.480017
157.314336,384231,279621,13:11:41.480017
157.316192,384282,279529,13:11:41.480017
157.318051,384032,279798,13:11:41.480017
157.319907,384016,279481,13:11:41.480017
157.321763,384036,279670,13:11:41.480017
157.32362,383951,279538,13:11:41.480017
157.325478,383695,279745,13:11:41.480017
157.327336,383921,279744,13:11:41.480017
157.329195,384509,279750,13:11:41.480017
157.331053,383777,279548,13:11:41.480017
157.332909,383516,279726,13:11:41.480017
157.334766,383883,279809,13:11:41.480017
157.336648,384125,279726,13:11:41.480017
157.33852,384421,279670,13:11:41.480017
157.340381,384397,279553,13:11:41.480017
157.342237,384102,279705,13:11:41.480017
157.344093,384108,279560,13:11:41.480017
157.345952,384215,279518,13:11:41.480017
157.347808,384169,279642,13:11:41.480017
157.349664,384231,279595,13:11:41.480017
157.351521,384436,279800,13:11:41.480017
157.353385,384272,279905,13:11:41.480017
157.355241,384384,279652,13:11:41.531666
157.357117,384035,279817,13:11:41.531666
157.358976,384255,279992,13:11:41.531666
157.360872,384060,279719,13:11:41.531666
157.362729,384350,279859,13:11:41.531666
157.364587,384043,280011,13:11:41.531666
157.366451,384399,280033,13:11:41.531666
157.36831,384593,280017,13:11:41.531666
157.370166,384307,279825,13:11:41.531666
157.372032,384004,279883,13:11:41.531666
157.373889,384266,279909,13:11:41.531666
157.375745,384580,279921,13:11:41.531666
157.377603,383736,279951,13:11:41.531666
157.37946,384259,279838,13:11:41.531666
157.38132,384267,280068,13:11:41.531666
157.383182,383747,279994,13:11:41.531666
157.385039,384440,279916,13:11:41.531666
157.386897,383299,280043,13:11:41.531666
157.388754,384592,280000,13:11:41.531666
157.390612,384787,280199,13:11:41.531666
157.392468,384700,280114,13:11:41.531666
157.394326,384564,280087,13:11:41.531666
157.396183,384569,280184,13:11:41.531666
157.398039,384331,280369,13:11:41.531666
157.399895,384755,280132,13:11:41.531666
157.401752,384634,280103,13:11:41.531666
157.40361,384610,280087,13:11:41.531666
157.405469,384718,279936,13:11:41.580542
157.407345,384620,279992,13:11:41.580542
157.409204,384684,279882,13:11:41.580542
157.411097,384663,280179,13:11:41.580542
157.412956,384520,280217,13:11:41.580542
157.414812,384776,280235,13:11:41.580542
157.416668,384753,280164,13:11:41.580542
157.418527,384598,280304,13:11:41.580542
157.420388,384392,280232,13:11:41.580542
157.422247,384623,279989,13:11:41.580542
157.424104,384559,280176,13:11:41.580542
157.425962,384659,280305,13:11:41.580542
157.427819,384161,280514,13:11:41.580542
157.429675,384262,279900,13:11:41.580542
157.431533,384493,280336,13:11:41.580542
157.43339,384219,280277,13:11:41.580542
157.435248,384290,280136,13:11:41.580542
157.437136,384745,280166,13:11:41.580542
157.439002,384195,280213,13:11:41.580542
157.440865,384864,280338,13:11:41.580542
157.442721,384638,280093,13:11:41.580542
157.44458,384857,280294,13:11:41.580542
157.446436,384617,280400,13:11:41.580542
157.448298,384917,280373,13:11:41.580542
157.450157,384900,280409,13:11:41.580542
157.452023,384833,280438,13:11:41.580542
157.453879,384780,280420,13:11:41.580542
157.455744,384657,280215,13:11:41.633696
157.457606,384924,280279,13:11:41.633696
157.45947,384753,280360,13:11:41.633696
157.461372,384561,280261,13:11:41.633696
157.463231,384942,280252,13:11:41.633696
157.465087,384922,280229,13:11:41.633696
157.466947,385050,280552,13:11:41.633696
157.468806,384962,280579,13:11:41.633696
157.470671,385219,280152,13:11:41.633696
157.472528,384923,280388,13:11:41.633696
157.474385,385051,280492,13:11:41.633696
157.476243,384811,280060,13:11:41.633696
157.4781,384839,280391,13:11:41.633696
157.479956,384594,280274,13:11:41.633696
157.481812,384932,280492,13:11:41.633696
157.483669,385118,280363,13:11:41.633696
157.485531,384994,280308,13:11:41.633696
157.487389,382900,280417,13:11:41.633696
157.489306,384986,280437,13:11:41.633696
157.491168,384806,280602,13:11:41.633696
157.493026,384923,280464,13:11:41.633696
157.494884,384931,280408,13:11:41.633696
157.496741,384954,280449,13:11:41.633696
157.498597,384745,280289,13:11:41.633696
157.500456,385204,280350,13:11:41.633696
157.502315,385092,280474,13:11:41.633696
157.504172,385155,280268,13:11:41.633696
157.506037,385087,280351,13:11:41.685041
157.507901,385124,280559,13:11:41.685041
157.509764,385113,280328,13:11:41.685041
157.511674,384854,280533,13:11:41.685041
157.513558,384921,280533,13:11:41.685041
157.515414,384682,280247,13:11:41.685041
157.51727,384855,280011,13:11:41.685041
157.519129,384560,280157,13:11:41.685041
157.520985,384943,280079,13:11:41.685041
157.522843,384865,280217,13:11:41.685041
157.5247,385152,280346,13:11:41.685041
157.526556,384871,280409,13:11:41.685041
157.528414,384568,280297,13:11:41.685041
157.530278,384791,280495,13:11:41.687041
157.532135,384600,280576,13:11:41.687041
157.533991,384764,280547,13:11:41.687041
157.53585,384443,280665,13:11:41.687041
157.537706,384842,280437,13:11:41.687041
157.539564,383690,280346,13:11:41.687041
157.541449,385168,280445,13:11:41.687041
157.543307,384956,280350,13:11:41.687041
157.545165,384942,280494,13:11:41.687041
157.547022,385090,280646,13:11:41.687041
157.548878,385130,280786,13:11:41.687041
157.550736,385126,280355,13:11:41.687041
157.552598,385371,280687,13:11:41.687041
157.554455,385183,280289,13:11:41.687041
157.556319,385149,280660,13:11:41.736217
157.55818,385062,280584,13:11:41.736217
157.560069,384853,280619,13:11:41.736217
157.56195,385155,280480,13:11:41.736217
157.563811,385055,280432,13:11:41.736217
157.565667,384930,280351,13:11:41.736217
157.567523,384850,280378,13:11:41.736217
157.569382,384785,280245,13:11:41.736217
157.571238,384942,280453,13:11:41.736217
157.573094,384844,280501,13:11:41.736217
157.574953,384543,280227,13:11:41.736217
157.576811,384975,280322,13:11:41.736217
157.578669,384656,280390,13:11:41.736217
157.580526,384979,280491,13:11:41.736217
157.582384,385025,280309,13:11:41.736217
157.58424,384415,280476,13:11:41.736217
157.586099,384450,280435,13:11:41.736217
157.587957,384892,280457,13:11:41.736217
157.589816,382560,280253,13:11:41.736217
157.591678,384973,280472,13:11:41.736217
157.593535,384830,280261,13:11:41.736217
157.595397,384791,280334,13:11:41.736217
157.597253,384959,280662,13:11:41.736217
157.599111,384794,280370,13:11:41.736217
157.600968,384964,280265,13:11:41.736217
157.602824,385009,280511,13:11:41.736217
157.604682,384715,280607,13:11:41.785221
157.606559,384829,280300,13:11:41.785221
157.608419,384876,280442,13:11:41.785221
157.61032,384811,280291,13:11:41.785221
157.612183,384631,280586,13:11:41.785221
157.614044,384536,280254,13:11:41.785221
157.6159,384755,280298,13:11:41.785221
157.617758,384644,280393,13:11:41.785221
157.619615,384715,280131,13:11:41.785221
157.621471,384233,280207,13:11:41.785221
157.62333,384363,280251,13:11:41.785221
157.625192,384652,279966,13:11:41.785221
157.62705,384338,280233,13:11:41.785221
157.628907,384408,280319,13:11:41.785221
157.630767,384334,280182,13:11:41.785221
157.632623,384419,280160,13:11:41.785221
157.63448,384128,280423,13:11:41.785221
157.636338,384006,280149,13:11:41.785221
157.638194,384942,280422,13:11:41.785221
157.640056,384143,280266,13:11:41.785221
157.641951,384610,280563,13:11:41.785221
157.643818,384212,280486,13:11:41.785221
157.645679,384652,280420,13:11:41.785221
157.647536,384793,280419,13:11:41.785221
157.649394,384527,280485,13:11:41.785221
157.65125,384633,280125,13:11:41.785221
157.653107,384798,280243,13:11:41.785221
157.654965,384567,280352,13:11:41.803751
157.656831,384732,279984,13:11:41.803751
157.658692,384635,280082,13:11:41.803751
157.660586,384466,280128,13:11:41.803751
157.662444,384357,280106,13:11:41.803751
157.664303,384461,280258,13:11:41.803751
157.666163,384723,280137,13:11:41.803751
157.668023,384383,280282,13:11:41.803751
157.66988,384546,280281,13:11:41.803751
157.671742,384393,280108,13:11:41.803751
157.6736,383950,280061,13:11:41.803751
157.675458,384516,280217,13:11:41.803751
157.677317,384275,280082,13:11:41.803751
157.679173,384320,280061,13:11:41.803751
157.681032,384475,280225,13:11:41.803751
157.682888,383964,280184,13:11:41.803751
157.684746,383427,280095,13:11:41.803751
157.686605,384423,280375,13:11:41.803751
157.688461,384349,280070,13:11:41.803751
157.690321,383982,280085,13:11:41.803751
157.692178,382917,280338,13:11:41.803751
157.694044,384395,280190,13:11:41.803751
157.6959,384150,279860,13:11:41.803751
157.697757,384380,279963,13:11:41.803751
157.699643,384365,279954,13:11:41.803751
157.701499,384396,280377,13:11:41.803751
157.703362,384624,280187,13:11:41.803751
157.705218,384377,280196,13:11:41.854602
157.707085,384234,280351,13:11:41.854602
157.708945,384250,280243,13:11:41.854602
157.710843,383995,280210,13:11:41.854602
157.712701,384472,280122,13:11:41.854602
157.714558,384425,280087,13:11:41.854602
157.716414,384545,280323,13:11:41.854602
157.718276,384603,279958,13:11:41.854602
157.720133,384126,280179,13:11:41.854602
157.721991,384404,280250,13:11:41.854602
157.723847,384439,280095,13:11:41.854602
157.725704,384413,280180,13:11:41.854602
157.727562,384514,280030,13:11:41.854602
157.729421,384499,280012,13:11:41.854602
157.731279,384212,280008,13:11:41.854602
157.733135,384268,279944,13:11:41.854602
157.734997,384514,280201,13:11:41.854602
157.736856,384316,280228,13:11:41.854602
157.738712,384523,280219,13:11:41.854602
157.740572,384355,280197,13:11:41.854602
157.742429,384259,280003,13:11:41.854602
157.744287,384047,280292,13:11:41.854602
157.746144,384172,280233,13:11:41.854602
157.748,384343,279614,13:11:41.854602
157.749856,384204,279972,13:11:41.855608
157.751713,384318,279916,13:11:41.855608
157.753573,384274,280065,13:11:41.855608
157.755429,384538,280130,13:11:41.904435
157.757298,384105,280177,13:11:41.904435
157.759158,384530,279789,13:11:41.904435
157.761079,384354,280140,13:11:41.905436
157.762942,384330,280068,13:11:41.905436
157.764801,384144,279914,13:11:41.905436
157.766657,384277,280256,13:11:41.905436
157.768515,384363,280110,13:11:41.905436
157.77038,384266,279835,13:11:41.905436
157.772238,384277,279992,13:11:41.905436
157.774095,384267,279909,13:11:41.905436
157.775955,384173,280320,13:11:41.905436
157.777811,384321,280251,13:11:41.905436
157.779668,384329,279947,13:11:41.905436
157.781526,384448,280010,13:11:41.905436
157.783382,384443,279945,13:11:41.905436
157.785241,384305,280101,13:11:41.905436
157.787097,384525,280084,13:11:41.905436
157.788957,384378,280007,13:11:41.905436
157.790816,384202,280204,13:11:41.905436
157.792682,384471,280093,13:11:41.905436
157.794538,384440,280197,13:11:41.905436
157.796395,384323,280525,13:11:41.905436
157.798253,384237,280042,13:11:41.905436
157.800109,384616,280096,13:11:41.905436
157.801966,384508,280379,13:11:41.905436
157.803846,384585,280306,13:11:41.905436
157.80571,384320,280030,13:11:41.954026
157.807571,384553,280187,13:11:41.957028
157.809433,384395,279970,13:11:41.957028
157.811349,384150,280083,13:11:41.957028
157.813208,384406,280023,13:11:41.957028
157.815064,384235,280012,13:11:41.957028
157.816922,384185,279902,13:11:41.957028
157.818779,384590,279988,13:11:41.957028
157.820635,384252,280026,13:11:41.957028
157.822493,384376,279995,13:11:41.957028
157.82435,384098,279933,13:11:41.957028
157.826208,384199,280008,13:11:41.957028
157.828064,384380,280157,13:11:41.957028
157.829921,384392,280349,13:11:41.957028
157.831779,384333,280139,13:11:41.957028
157.833641,384611,280274,13:11:41.957028
157.835498,384469,280200,13:11:41.957028
157.837354,384711,279910,13:11:41.957028
157.839212,384454,280156,13:11:41.957028
157.841069,384399,280118,13:11:41.957028
157.842925,384692,280226,13:11:41.957028
157.844784,384313,280103,13:11:41.957028
157.84664,384670,280340,13:11:41.957028
157.848496,384460,280175,13:11:41.957028
157.850353,384793,280330,13:11:41.957028
157.852219,384553,280164,13:11:41.957028
157.854075,384501,280084,13:11:41.957028
157.85594,384343,280104,13:11:42.003564
157.857804,384467,280198,13:11:42.003564
157.859668,384424,280183,13:11:42.003564
157.861562,384465,279951,13:11:42.003564
157.863431,384334,280110,13:11:42.003564
157.865299,384255,280218,13:11:42.003564
157.867157,384575,280097,13:11:42.003564
157.869014,384506,280124,13:11:42.003564
157.870876,384555,280313,13:11:42.003564
157.872735,384514,280236,13:11:42.003564
157.8746,384314,280007,13:11:42.003564
157.876457,384371,280205,13:11:42.003564
157.878314,384328,280391,13:11:42.003564
157.880172,384464,280210,13:11:42.003564
157.882028,384509,280144,13:11:42.003564
157.883885,384843,280441,13:11:42.003564
157.885741,384514,280128,13:11:42.003564
157.887597,384611,280345,13:11:42.003564
157.889454,384498,280367,13:11:42.005564
157.89131,384655,280254,13:11:42.005564
157.893172,384634,280054,13:11:42.005564
157.895037,384695,280340,13:11:42.005564
157.896893,384652,280143,13:11:42.005564
157.898751,384668,280231,13:11:42.005564
157.900608,384699,280273,13:11:42.005564
157.902466,384495,280387,13:11:42.005564
157.904322,384424,280035,13:11:42.005564
157.906191,384794,280149,13:11:42.054529
157.908051,384632,280194,13:11:42.054529
157.909925,384599,280140,13:11:42.054529
157.91181,384486,280209,13:11:42.054529
157.913666,384719,280167,13:11:42.054529
157.915522,384593,280354,13:11:42.054529
157.917381,384618,280275,13:11:42.054529
157.919237,384464,280183,13:11:42.054529
157.921095,384360,280376,13:11:42.054529
157.922952,384377,280143,13:11:42.054529
157.924812,384689,280137,13:11:42.054529
157.926668,384353,280547,13:11:42.054529
157.928525,384469,280318,13:11:42.054529
157.930383,384733,280093,13:11:42.054529
157.932239,384684,280091,13:11:42.054529
157.934098,384391,280200,13:11:42.054529
157.935954,384445,280273,13:11:42.054529
157.93781,384638,280295,13:11:42.054529
157.939667,384739,280415,13:11:42.054529
157.941533,384644,280188,13:11:42.054529
157.94339,384756,280224,13:11:42.054529
157.945246,384626,280296,13:11:42.054529
157.947104,384491,280341,13:11:42.054529
157.948961,384846,280172,13:11:42.054529
157.950817,384788,280616,13:11:42.054529
157.952675,384460,280375,13:11:42.054529
157.954532,384681,280256,13:11:42.104460
157.956398,384482,280143,13:11:42.104460
157.958262,384406,280325,13:11:42.104460
157.960133,384668,280401,13:11:42.104460
157.962041,384425,280439,13:11:42.104460
157.963897,384792,280531,13:11:42.104460
157.965755,384724,280408,13:11:42.104460
157.967612,384731,280187,13:11:42.104460
157.969468,384734,280390,13:11:42.104460
157.971326,384695,280190,13:11:42.104460
157.973183,384830,280173,13:11:42.104460
157.975041,384499,280062,13:11:42.104460
157.976897,384699,280405,13:11:42.104460
157.978758,384567,280356,13:11:42.104460
157.980614,384681,280118,13:11:42.104460
157.98247,384300,280394,13:11:42.104460
157.984331,384486,280141,13:11:42.104460
157.986187,384705,280035,13:11:42.104460
157.988045,384527,280064,13:11:42.104460
157.989902,384767,280448,13:11:42.104460
157.991758,384822,280408,13:11:42.104460
157.993615,384889,280363,13:11:42.104460
157.995479,384799,280256,13:11:42.104460
157.997343,384858,280253,13:11:42.104460
157.9992,384637,280584,13:11:42.104460
158.001062,384619,280261,13:11:42.104460
158.002919,384508,280175,13:11:42.104460
158.004804,384663,280146,13:11:42.153732
158.006675,384701,280307,13:11:42.153732
158.008535,384470,280203,13:11:42.153732
158.010433,384623,280247,13:11:42.153732
158.012337,384502,280025,13:11:42.153732
158.014194,384941,280419,13:11:42.153732
158.016054,384465,280338,13:11:42.153732
158.01791,384613,280090,13:11:42.153732
158.019767,384581,280304,13:11:42.153732
158.021625,384534,280245,13:11:42.153732
158.023481,384560,280491,13:11:42.153732
158.02534,384478,280300,13:11:42.154734
158.027196,384796,280163,13:11:42.154734
158.029053,384780,280278,13:11:42.154734
158.030911,384679,280278,13:11:42.154734
158.03277,384563,280167,13:11:42.154734
158.034628,384726,280222,13:11:42.154734
158.036484,384476,280265,13:11:42.154734
158.038342,384587,280282,13:11:42.154734
158.040199,384607,280067,13:11:42.154734
158.042055,384718,280182,13:11:42.154734
158.043913,384643,280270,13:11:42.154734
158.045772,384743,280184,13:11:42.154734
158.047628,384752,280339,13:11:42.154734
158.049484,384611,280063,13:11:42.154734
158.051347,384976,280053,13:11:42.154734
158.053203,384531,280140,13:11:42.154734
158.05506,384745,280401,13:11:42.204071
158.056922,384703,280073,13:11:42.204071
158.058782,384805,280329,13:11:42.204071
158.060677,384489,279897,13:11:42.204071
158.062533,384571,279830,13:11:42.204071
158.064389,384547,280384,13:11:42.204071
158.066249,384601,280200,13:11:42.204071
158.068122,384465,280102,13:11:42.204071
158.06998,384563,280263,13:11:42.204071
158.071837,384284,279969,13:11:42.204071
158.073693,384462,280155,13:11:42.204071
158.075551,384556,279888,13:11:42.204071
158.077408,384469,280067,13:11:42.204071
158.079264,384445,279859,13:11:42.204071
158.08112,384564,280095,13:11:42.204071
158.082981,384415,280164,13:11:42.204071
158.084837,384350,279822,13:11:42.204071
158.086694,384303,279904,13:11:42.204071
158.088552,384307,279967,13:11:42.204071
158.090408,384461,280223,13:11:42.204071
158.092267,384160,279842,13:11:42.204071
158.094123,384359,279928,13:11:42.204071
158.095983,384442,280004,13:11:42.204071
158.097844,384485,279971,13:11:42.204071
158.09971,384335,279921,13:11:42.204071
158.101566,384544,280156,13:11:42.204071
158.103423,384549,279689,13:11:42.204071
158.105281,384509,279598,13:11:42.255097
158.107145,384118,279896,13:11:42.255097
158.109006,384403,280122,13:11:42.255097
158.110902,384131,280083,13:11:42.255097
158.112758,384494,280142,13:11:42.255097
158.114623,384449,280029,13:11:42.255097
158.116479,384514,280349,13:11:42.255097
158.118335,384365,279928,13:11:42.255097
158.120194,384476,280045,13:11:42.255097
158.12205,384460,279961,13:11:42.255097
158.123906,384287,279895,13:11:42.255097
158.125763,384619,280173,13:11:42.255097
158.127619,384361,279838,13:11:42.255097
158.129477,384106,279971,13:11:42.255097
158.131343,384252,279883,13:11:42.255097
158.1332,384325,280092,13:11:42.255097
158.135056,384249,279713,13:11:42.255097
158.136915,384373,279819,13:11:42.255097
158.138771,384329,279925,13:11:42.255097
158.140628,384043,279779,13:11:42.255097
158.142484,383946,279488,13:11:42.255097
158.14434,384201,279873,13:11:42.255097
158.146197,384416,279625,13:11:42.255097
158.148053,384195,279936,13:11:42.255097
158.149915,384229,279753,13:11:42.255097
158.151774,384166,279488,13:11:42.255097
158.15363,384099,279746,13:11:42.255097
158.155492,384253,279864,13:11:42.304042
158.157355,384373,279856,13:11:42.304042
158.159213,384405,279890,13:11:42.304042
158.161157,383873,279820,13:11:42.304042
158.163015,384364,279899,13:11:42.304042
158.164876,384284,279958,13:11:42.304042
158.166732,384392,279529,13:11:42.304042
158.168588,384261,279792,13:11:42.304042
158.170444,384156,279743,13:11:42.304042
158.172302,384280,280097,13:11:42.304042
158.174159,384008,279786,13:11:42.304042
158.176016,384071,279861,13:11:42.304042
158.177876,383883,279747,13:11:42.304042
158.179732,384034,279865,13:11:42.304042
158.181589,384182,279384,13:11:42.304042
158.183449,384102,279737,13:11:42.304042
158.185306,384235,279644,13:11:42.304042
158.187164,384118,279480,13:11:42.304042
158.18902,384197,279764,13:11:42.304042
158.190879,384303,279595,13:11:42.304042
158.192735,384001,279466,13:11:42.304042
158.194591,384006,279736,13:11:42.304042
158.196449,383789,279641,13:11:42.304042
158.198306,384105,279579,13:11:42.304042
158.200164,384153,279727,13:11:42.304042
158.202025,383929,279821,13:11:42.304042
158.203881,384036,279881,13:11:42.304042
158.205747,383805,279736,13:11:42.353941
158.207618,384233,279552,13:11:42.353941
158.209482,384142,279746,13:11:42.353941
158.211414,383845,279611,13:11:42.353941
158.21327,383982,279696,13:11:42.353941
158.215129,384110,279425,13:11:42.353941
158.216989,384114,279766,13:11:42.353941
158.218851,384091,279556,13:11:42.353941
158.220708,383984,279320,13:11:42.353941
158.222564,383884,279543,13:11:42.353941
158.224423,383872,279560,13:11:42.353941
158.226279,384110,279642,13:11:42.353941
158.228137,384176,279758,13:11:42.353941
158.229994,383915,279786,13:11:42.353941
158.23185,383927,279566,13:11:42.353941
158.233708,383997,279526,13:11:42.353941
158.235572,384217,279675,13:11:42.353941
158.237429,383945,279671,13:11:42.353941
158.239285,384025,279480,13:11:42.353941
158.241144,383882,279544,13:11:42.353941
158.243,384030,279595,13:11:42.353941
158.244856,383805,279782,13:11:42.353941
158.246713,383958,279399,13:11:42.353941
158.248569,383622,279623,13:11:42.353941
158.250425,384002,279572,13:11:42.353941
158.252282,383922,279627,13:11:42.353941
158.254144,384174,279800,13:11:42.353941
158.256024,384276,279595,13:11:42.406539
158.25789,384073,279472,13:11:42.406539
158.259755,383823,279468,13:11:42.406539
158.261645,384021,279717,13:11:42.406539
158.263502,383992,279562,13:11:42.406539
158.265358,384004,279674,13:11:42.406539
158.267216,383993,279563,13:11:42.406539
158.269075,384024,279432,13:11:42.406539
158.270931,384056,279799,13:11:42.406539
158.272797,384164,279634,13:11:42.406539
158.274654,383793,279518,13:11:42.406539
158.27651,383977,279525,13:11:42.406539
158.278368,383932,279865,13:11:42.406539
158.280225,384210,279502,13:11:42.406539
158.282083,384124,279580,13:11:42.406539
158.28394,384118,279515,13:11:42.406539
158.285798,384094,279632,13:11:42.406539
158.287654,383865,279446,13:11:42.406539
158.289518,383991,279787,13:11:42.406539
158.291379,384127,279852,13:11:42.406539
158.293235,383994,279705,13:11:42.406539
158.2951,384064,279904,13:11:42.406539
158.296956,384030,279896,13:11:42.406539
158.298812,384097,279484,13:11:42.406539
158.300671,384290,279539,13:11:42.406539
158.302527,384192,279717,13:11:42.406539
158.304385,384028,279713,13:11:42.406539
158.306246,384034,279507,13:11:42.455288
158.308106,383740,279666,13:11:42.455288
158.309998,384045,279686,13:11:42.455288
158.311875,383893,279627,13:11:42.455288
158.313733,384015,279684,13:11:42.455288
158.315619,384057,279616,13:11:42.455288
158.317477,383988,279863,13:11:42.455288
158.319338,384319,279718,13:11:42.455288
158.321194,384142,279725,13:11:42.455288
158.323052,384173,279762,13:11:42.455288
158.324909,384413,279856,13:11:42.455288
158.326765,384375,279875,13:11:42.455288
158.328624,384510,279716,13:11:42.455288
158.33048,384484,280129,13:11:42.455288
158.332336,384538,280067,13:11:42.455288
158.334193,384807,280181,13:11:42.455288
158.336051,384632,280044,13:11:42.455288
158.337907,384761,280332,13:11:42.455288
158.339764,384493,280160,13:11:42.455288
158.341622,385149,280209,13:11:42.455288
158.343478,384975,280401,13:11:42.455288
158.345337,385188,280435,13:11:42.455288
158.347193,385068,280307,13:11:42.455288
158.349056,385123,280460,13:11:42.455288
158.350912,385362,280551,13:11:42.455288
158.352768,385505,280481,13:11:42.455288
158.354627,385412,280553,13:11:42.510234
158.356503,385421,280359,13:11:42.510234
158.358361,385245,280600,13:11:42.510234
158.360261,384983,280494,13:11:42.510234
158.362134,385176,280419,13:11:42.510234
158.363992,385037,280431,13:11:42.510234
158.365848,385206,280475,13:11:42.511234
158.367711,385102,280444,13:11:42.511234
158.369569,385172,280475,13:11:42.511234
158.371426,385220,280330,13:11:42.511234
158.373286,384887,280314,13:11:42.511234
158.375142,384752,279978,13:11:42.511234
158.377001,384611,279961,13:11:42.511234
158.378857,384690,279775,13:11:42.511234
158.380713,384572,279800,13:11:42.511234
158.382572,384182,279661,13:11:42.511234
158.384432,384179,279879,13:11:42.511234
158.38629,383994,279714,13:11:42.511234
158.388147,383870,279615,13:11:42.511234
158.390007,383795,279540,13:11:42.511234
158.391865,383722,279412,13:11:42.511234
158.393722,383711,279353,13:11:42.511234
158.39558,383574,279429,13:11:42.511234
158.397436,383662,279447,13:11:42.511234
158.399293,383881,279324,13:11:42.511234
158.401149,383659,279508,13:11:42.511234
158.403009,383915,279625,13:11:42.511234
158.40487,383964,279464,13:11:42.553209
158.406742,384034,279719,13:11:42.553209
158.408602,384097,279856,13:11:42.554194
158.410496,384456,280108,13:11:42.554194
158.412382,384454,279858,13:11:42.554194
158.414247,384369,280117,13:11:42.554194
158.416108,384525,280141,13:11:42.554194
158.417966,384983,280313,13:11:42.554194
158.419824,384908,280392,13:11:42.554194
158.421681,385285,280533,13:11:42.554194
158.423539,385251,280439,13:11:42.554194
158.425395,384881,280362,13:11:42.554194
158.427252,385099,280691,13:11:42.554194
158.429108,385223,280657,13:11:42.554194
158.430972,385245,280332,13:11:42.554194
158.432829,385105,280500,13:11:42.554194
158.434685,385255,280324,13:11:42.554194
158.436543,385240,280457,13:11:42.554194
158.4384,384980,280140,13:11:42.554194
158.440258,384829,280399,13:11:42.554194
158.442115,385197,280553,13:11:42.554194
158.443971,384485,279959,13:11:42.554194
158.445829,384648,280124,13:11:42.554194
158.447693,384497,279936,13:11:42.554194
158.44955,384554,279917,13:11:42.555195
158.451406,384480,279922,13:11:42.555195
158.453265,384528,279768,13:11:42.555195
158.455121,384511,280058,13:11:42.604249
158.456983,384043,279528,13:11:42.604249
158.458844,383635,279651,13:11:42.604249
158.460756,383902,279974,13:11:42.604249
158.462626,384185,279933,13:11:42.604249
158.464484,384285,279841,13:11:42.604249
158.466342,383939,279716,13:11:42.604249
158.468199,384421,280054,13:11:42.604249
158.470056,384592,280036,13:11:42.604249
158.471914,384335,280011,13:11:42.604249
158.473772,384734,280326,13:11:42.604249
158.475629,384563,280144,13:11:42.604249
158.477487,384758,280434,13:11:42.604249
158.479343,384953,280572,13:11:42.604249
158.481202,385265,280369,13:11:42.604249
158.483058,385147,280476,13:11:42.604249
158.484918,385160,280471,13:11:42.604249
158.486775,385431,280689,13:11:42.604249
158.488631,385226,280578,13:11:42.604249
158.490489,385002,280539,13:11:42.604249
158.492346,385415,280601,13:11:42.604249
158.494204,385179,280410,13:11:42.604249
158.49606,385089,280436,13:11:42.604249
158.497917,384979,280034,13:11:42.604249
158.499773,385082,280266,13:11:42.604249
158.501639,384805,279938,13:11:42.604249
158.503496,384575,280030,13:11:42.604249
158.505352,384571,279916,13:11:42.655347
158.507229,384249,279765,13:11:42.655347
158.509093,383980,279740,13:11:42.655347
158.510999,383884,279355,13:11:42.655347
158.512857,383746,279529,13:11:42.655347
158.514714,383575,279193,13:11:42.655347
158.51657,383613,279337,13:11:42.655347
158.518428,383543,279350,13:11:42.655347
158.520287,383424,278993,13:11:42.655347
158.522143,383659,279588,13:11:42.655347
158.523999,383508,279703,13:11:42.655347
158.525858,383745,279671,13:11:42.655347
158.527714,384243,280135,13:11:42.655347
158.529571,384700,280160,13:11:42.655347
158.531429,384739,280376,13:11:42.655347
158.533285,385349,280803,13:11:42.655347
158.535144,385609,280966,13:11:42.655347
158.537,385962,281056,13:11:42.656345
158.538864,386284,281263,13:11:42.656345
158.540721,386584,281759,13:11:42.656345
158.542577,386851,281944,13:11:42.656345
158.544435,387040,282112,13:11:42.656345
158.546292,387328,282350,13:11:42.656345
158.54815,387380,282486,13:11:42.656345
158.550006,387586,282587,13:11:42.656345
158.551865,387787,282642,13:11:42.656345
158.553723,387952,282478,13:11:42.656345
158.555584,387867,282583,13:11:42.706643
158.557444,387649,282712,13:11:42.706643
158.559305,387979,282625,13:11:42.706643
158.561228,387645,282596,13:11:42.706643
158.563098,387633,282552,13:11:42.706643
158.564975,388051,282907,13:11:42.706643
158.566837,387920,282436,13:11:42.706643
158.568694,388055,282424,13:11:42.706643
158.57055,388194,282683,13:11:42.706643
158.572408,388000,282604,13:11:42.706643
158.574265,388098,282562,13:11:42.706643
158.576121,388324,282971,13:11:42.706643
158.577977,388421,283310,13:11:42.706643
158.579834,388582,283122,13:11:42.706643
158.58169,388771,283516,13:11:42.706643
158.583547,389064,283519,13:11:42.706643
158.585407,389300,283638,13:11:42.706643
158.587263,389811,283745,13:11:42.706643
158.589122,390209,284093,13:11:42.706643
158.590978,390121,284399,13:11:42.706643
158.592834,390494,284497,13:11:42.706643
158.594693,390675,284734,13:11:42.706643
158.596553,390783,285082,13:11:42.706643
158.598411,391108,285126,13:11:42.706643
158.600268,391430,285261,13:11:42.706643
158.602128,391581,285254,13:11:42.706643
158.603984,391602,285405,13:11:42.706643
158.605847,391754,285193,13:11:42.764294
158.607711,391792,285332,13:11:42.764294
158.609575,391386,285219,13:11:42.764294
158.611509,391529,285168,13:11:42.764294
158.613398,391365,285036,13:11:42.764294
158.615282,391298,284775,13:11:42.764294
158.617138,390639,284365,13:11:42.764294
158.618998,390345,283884,13:11:42.764294
158.620862,389615,283705,13:11:42.764294
158.622719,389163,283245,13:11:42.764294
158.624576,388451,282687,13:11:42.764294
158.626438,387720,282429,13:11:42.764294
158.628294,387194,281792,13:11:42.764294
158.630151,386480,281274,13:11:42.764294
158.632009,385960,280938,13:11:42.764294
158.633867,385018,280468,13:11:42.764294
158.635726,384600,280089,13:11:42.764294
158.637582,384336,279643,13:11:42.764294
158.63944,383784,279445,13:11:42.764294
158.641297,383316,279043,13:11:42.764294
158.643153,382919,278642,13:11:42.764294
158.645015,382534,278662,13:11:42.764294
158.646876,382359,278371,13:11:42.764294
158.648734,382064,278272,13:11:42.764294
158.65059,381657,278210,13:11:42.764294
158.652449,381507,277591,13:11:42.764294
158.654307,381019,277682,13:11:42.764294
158.656175,380994,277584,13:11:42.810073
158.658036,380745,276913,13:11:42.810073
158.65991,380132,276842,13:11:42.810073
158.66179,379813,276364,13:11:42.810073
158.663648,379133,275771,13:11:42.810073
158.665505,378565,275428,13:11:42.810073
158.667363,377740,274694,13:11:42.810073
158.669226,376029,274300,13:11:42.810073
158.671082,375990,273551,13:11:42.810073
158.67294,375131,272834,13:11:42.810073
158.674799,374050,272268,13:11:42.810073
158.676655,373309,271626,13:11:42.810073
158.678511,372263,270609,13:11:42.810073
158.68037,371101,269960,13:11:42.810073
158.682226,370230,269301,13:11:42.810073
158.684082,368736,268413,13:11:42.810073
158.685941,367825,267575,13:11:42.810073
158.687799,367026,266914,13:11:42.810073
158.689657,366176,266074,13:11:42.810073
158.691514,364674,265642,13:11:42.810073
158.693376,364187,265061,13:11:42.810073
158.695232,363402,264362,13:11:42.810073
158.697089,362393,263673,13:11:42.811172
158.698947,361899,263527,13:11:42.811172
158.700803,361438,263011,13:11:42.813178
158.702662,360931,262875,13:11:42.813178
158.704518,360687,262796,13:11:42.861086
158.706388,360503,262684,13:11:42.861086
158.708249,360523,262301,13:11:42.861086
158.71013,360635,262477,13:11:42.861086
158.712009,360622,262545,13:11:42.861086
158.713872,360677,262708,13:11:42.861086
158.715728,360539,262781,13:11:42.861086
158.717594,360557,262799,13:11:42.861086
158.719451,361257,262962,13:11:42.861086
158.721309,361567,263516,13:11:42.861086
158.723204,361526,263585,13:11:42.861086
158.725069,362253,263616,13:11:42.861086
158.72693,362020,263752,13:11:42.861086
158.728786,362129,263682,13:11:42.861086
158.730645,362464,263994,13:11:42.861086
158.732501,362264,263950,13:11:42.861086
158.734357,362513,263503,13:11:42.861086
158.736216,362558,263709,13:11:42.861086
158.738078,361758,263463,13:11:42.861086
158.739936,361514,262748,13:11:42.861086
158.741795,360495,262393,13:11:42.861086
158.743659,359614,261493,13:11:42.861086
158.745515,358645,260782,13:11:42.861086
158.747374,356926,259501,13:11:42.861086
158.749232,355295,258416,13:11:42.861086
158.751088,353790,256741,13:11:42.861086
158.752947,351562,255303,13:11:42.861086
158.754803,349456,253780,13:11:42.921996
158.756665,347211,251980,13:11:42.921996
158.758526,344658,249841,13:11:42.921996
158.760428,342099,248320,13:11:42.921996
158.76229,339613,246493,13:11:42.921996
158.764146,337202,244807,13:11:42.921996
158.766003,334724,242862,13:11:42.921996
158.767861,330345,241234,13:11:42.921996
158.769719,330011,239823,13:11:42.921996
158.771578,328148,238295,13:11:42.921996
158.773434,326450,237258,13:11:42.921996
158.775294,324860,235971,13:11:42.921996
158.777151,323271,234972,13:11:42.921996
158.779007,322316,234755,13:11:42.921996
158.780868,321608,233946,13:11:42.921996
158.782724,320953,233703,13:11:42.921996
158.78458,320832,234041,13:11:42.921996
158.786437,321132,234187,13:11:42.921996
158.788293,321375,234422,13:11:42.921996
158.790151,322224,234739,13:11:42.921996
158.792015,323043,235734,13:11:42.921996
158.793876,324130,236765,13:11:42.921996
158.795732,325552,237627,13:11:42.921996
158.797597,326808,238819,13:11:42.921996
158.799453,328554,239970,13:11:42.921996
158.801309,329835,240639,13:11:42.921996
158.803168,330639,241372,13:11:42.921996
158.805024,331699,241826,13:11:42.964168
158.806904,331836,241973,13:11:42.964168
158.808765,332147,241742,13:11:42.964168
158.810665,331634,240968,13:11:42.964168
158.812523,330470,240547,13:11:42.964168
158.81438,329187,239213,13:11:42.964168
158.816241,326975,237718,13:11:42.964168
158.818129,324625,235821,13:11:42.964168
158.819998,321913,233461,13:11:42.964168
158.821857,318573,230804,13:11:42.964168
158.823715,315003,227848,13:11:42.964168
158.825577,310934,225242,13:11:42.964168
158.827434,306995,222515,13:11:42.964168
158.829293,302248,219270,13:11:42.964168
158.83115,298825,216402,13:11:42.964168
158.833007,294866,213404,13:11:42.964168
158.834865,290994,210640,13:11:42.964168
158.836722,287424,208543,13:11:42.964168
158.838578,284205,205976,13:11:42.964168
158.840436,281422,204100,13:11:42.964168
158.842298,278437,202161,13:11:42.964168
158.844155,276123,200518,13:11:42.964168
158.846011,274037,198979,13:11:42.964168
158.84787,272102,197892,13:11:42.964168
158.849726,270772,197090,13:11:42.964168
158.851582,269355,196293,13:11:42.964168
158.853439,268446,195409,13:11:42.964168
158.855295,268036,195137,13:11:43.016230
158.857169,266714,194392,13:11:43.016230
158.85903,266477,194220,13:11:43.016230
158.86092,265674,193728,13:11:43.016230
158.86278,265013,193009,13:11:43.016230
158.864637,264191,192445,13:11:43.016230
158.866493,263140,191581,13:11:43.016230
158.868349,261948,190244,13:11:43.016230
158.870208,259904,188843,13:11:43.016230
158.872106,258275,187571,13:11:43.016230
158.873966,256140,185613,13:11:43.016230
158.875825,253394,183826,13:11:43.016230
158.877681,250166,181069,13:11:43.016230
158.879537,246942,179017,13:11:43.016230
158.881394,243432,175991,13:11:43.016230
158.883257,239649,173174,13:11:43.016230
158.885116,235856,170679,13:11:43.016230
158.886973,232078,167679,13:11:43.016230
158.888831,228494,165013,13:11:43.016230
158.890687,224561,162275,13:11:43.016230
158.892544,220825,159735,13:11:43.016230
158.894402,217510,157321,13:11:43.016230
158.896259,214472,155280,13:11:43.016230
158.898117,211703,153205,13:11:43.016230
158.899973,209132,151506,13:11:43.016230
158.901836,206845,149665,13:11:43.016230
158.903692,204495,148236,13:11:43.016230
158.905552,202527,146871,13:11:43.068634
158.907417,200457,145583,13:11:43.068634
158.909281,199038,144377,13:11:43.068634
158.911193,197470,143579,13:11:43.068634
158.913051,196706,142730,13:11:43.068634
158.914912,195490,142291,13:11:43.068634
158.91677,194616,141612,13:11:43.068634
158.91863,193848,141257,13:11:43.068634
158.920491,192214,140705,13:11:43.068634
158.922353,192817,140194,13:11:43.068634
158.924216,192037,139741,13:11:43.068634
158.926074,191865,139396,13:11:43.068634
158.92793,191565,139159,13:11:43.068634
158.929789,190849,138956,13:11:43.068634
158.931645,190612,138638,13:11:43.068634
158.933501,190539,138785,13:11:43.068634
158.93536,190386,138527,13:11:43.068634
158.937216,190282,138127,13:11:43.068634
158.939072,190135,137782,13:11:43.068634
158.940929,189493,137954,13:11:43.068634
158.942793,189240,137391,13:11:43.068634
158.944649,188573,136765,13:11:43.068634
158.946506,188120,136646,13:11:43.068634
158.948364,187329,135824,13:11:43.068634
158.95022,186517,135054,13:11:43.068634
158.952079,185207,134458,13:11:43.068634
158.953935,184377,133874,13:11:43.068634
158.9558,183331,133013,13:11:43.117996
158.957664,182481,132078,13:11:43.117996
158.959528,181331,131435,13:11:43.117996
158.961426,179833,129881,13:11:43.117996
158.963283,177068,126663,13:11:43.117996
158.965139,173164,126622,13:11:43.117996
158.966997,175179,127243,13:11:43.117996
158.968856,174254,126089,13:11:43.117996
158.970712,172896,125265,13:11:43.117996
158.97257,171824,124561,13:11:43.117996
158.974459,170708,124067,13:11:43.117996
158.976317,170413,123430,13:11:43.117996
158.978174,168962,122406,13:11:43.117996
158.980032,167568,121442,13:11:43.117996
158.981888,166389,120398,13:11:43.117996
158.983753,165231,119528,13:11:43.117996
158.985611,163753,118458,13:11:43.117996
158.987468,162256,117815,13:11:43.117996
158.989326,161197,116560,13:11:43.117996
158.991182,159755,115630,13:11:43.117996
158.99304,157894,113167,13:11:43.117996
158.994897,153195,111127,13:11:43.117996
158.996753,154423,112131,13:11:43.117996
158.998611,153519,110532,13:11:43.117996
159.000477,150672,109088,13:11:43.117996
159.002336,149635,108136,13:11:43.117996
159.004192,148095,106908,13:11:43.117996
159.006057,146214,105589,13:11:43.168962
159.007917,143851,103100,13:11:43.168962
159.009779,138730,99287,13:11:43.168962
159.011678,136468,99727,13:11:43.168962
159.013536,136612,97922,13:11:43.168962
159.015396,133707,96332,13:11:43.168962
159.017255,132181,95254,13:11:43.168962
159.019121,129045,92909,13:11:43.168962
159.02098,126398,89801,13:11:43.169862
159.022842,122606,88898,13:11:43.169862
159.02472,120289,88019,13:11:43.169862
159.026582,119568,86134,13:11:43.169862
159.028445,118154,85276,13:11:43.169862
159.030301,116895,83335,13:11:43.169862
159.032157,113863,81639,13:11:43.169862
159.034016,112670,81200,13:11:43.169862
159.035876,111265,79622,13:11:43.169862
159.037732,108623,78216,13:11:43.169862
159.039591,107895,77422,13:11:43.169862
159.041449,106619,76727,13:11:43.169862
159.043308,104628,75746,13:11:43.169862
159.045164,103959,74911,13:11:43.169862
159.047022,103456,74324,13:11:43.169862
159.048879,102445,73525,13:11:43.169862
159.050735,100037,72368,13:11:43.169862
159.052593,99988,71819,13:11:43.169862
159.05445,98632,70494,13:11:43.226670
159.056314,96987,69599,13:11:43.226670
159.058174,95963,69167,13:11:43.226670
159.060058,95323,68587,13:11:43.226670
159.061947,94172,68305,13:11:43.226670
159.063807,94350,68116,13:11:43.226670
159.065672,93174,67067,13:11:43.226670
159.067528,92898,66912,13:11:43.226670
159.069384,91890,66811,13:11:43.226670
159.071243,92456,66943,13:11:43.226670
159.073101,92188,67361,13:11:43.226670
159.074959,93535,68245,13:11:43.226670
159.076827,94074,67939,13:11:43.226670
159.078702,93711,68401,13:11:43.226670
159.080562,95129,68159,13:11:43.226670
159.082419,93569,67660,13:11:43.226670
159.084277,94683,68498,13:11:43.226670
159.086133,94907,67885,13:11:43.226670
159.08799,93380,67399,13:11:43.226670
159.089848,94015,67583,13:11:43.226670
159.091705,92441,65820,13:11:43.226670
159.093565,91165,66391,13:11:43.226670
159.095421,92059,65673,13:11:43.226670
159.09728,89500,63819,13:11:43.226670
159.099136,89002,63925,13:11:43.226670
159.100992,87743,62139,13:11:43.226670
159.102851,85194,60920,13:11:43.226670
159.10471,84455,59875,13:11:43.273554
159.106577,81930,58287,13:11:43.273554
159.108438,80630,58135,13:11:43.273554
159.110331,80545,56786,13:11:43.273554
159.112202,77356,55436,13:11:43.273554
159.114061,76717,55000,13:11:43.273554
159.115919,75700,53777,13:11:43.273554
159.117775,73991,52819,13:11:43.273554
159.119632,73186,52687,13:11:43.273554
159.12149,72838,52058,13:11:43.273554
159.123352,72282,51450,13:11:43.273554
159.125209,71079,51099,13:11:43.273554
159.127065,70544,50823,13:11:43.273554
159.128923,70668,50357,13:11:43.273554
159.130816,69131,49527,13:11:43.273554
159.132672,68334,49638,13:11:43.273554
159.134534,68886,48631,13:11:43.273554
159.136391,66034,47050,13:11:43.273554
159.138247,65387,47139,13:11:43.273554
159.140103,65292,46085,13:11:43.273554
159.14196,62089,43548,13:11:43.273554
159.143818,60096,43085,13:11:43.273554
159.145675,59087,41877,13:11:43.273554
159.147531,57242,40473,13:11:43.273554
159.149387,56235,40247,13:11:43.273554
159.151252,55226,38757,13:11:43.273554
159.153108,52528,38153,13:11:43.273554
159.154964,53612,38612,13:11:43.325370
159.156835,53098,36865,13:11:43.325370
159.158695,49528,35493,13:11:43.325370
159.160593,50369,36428,13:11:43.325370
159.162452,50299,35335,13:11:43.325370
159.164318,48612,34521,13:11:43.325370
159.166176,47781,33884,13:11:43.325370
159.168033,47730,34688,13:11:43.325370
159.169895,49101,34380,13:11:43.325370
159.171753,46992,32789,13:11:43.325370
159.17361,45682,33262,13:11:43.325370
159.175468,48005,34889,13:11:43.325370
159.177324,48156,34108,13:11:43.325370
159.179185,46078,34536,13:11:43.325370
159.181069,49361,35340,13:11:43.325370
159.182925,49236,34305,13:11:43.325370
159.184786,48015,34507,13:11:43.325370
159.186642,49774,35872,13:11:43.325370
159.1885,49607,34357,13:11:43.325370
159.190357,47215,33477,13:11:43.325370
159.192219,47840,34522,13:11:43.325370
159.194078,48051,33406,13:11:43.325370
159.195944,45520,32441,13:11:43.325370
159.197804,45634,32721,13:11:43.325370
159.199661,45383,31604,13:11:43.325370
159.201517,43174,30764,13:11:43.325370
159.203373,42693,29954,13:11:43.325370
159.20523,42008,29207,13:11:43.375563
159.207094,40140,28134,13:11:43.375563
159.208954,38988,27354,13:11:43.375563
159.210852,37526,26754,13:11:43.375563
159.212711,37131,26122,13:11:43.375563
159.214568,36013,25228,13:11:43.375563
159.216426,35021,24810,13:11:43.375563
159.218282,34963,24856,13:11:43.376564
159.22014,33479,23436,13:11:43.376564
159.221997,32759,23622,13:11:43.376564
159.223855,33626,23762,13:11:43.376564
159.225717,33141,22882,13:11:43.376564
159.227574,30325,22123,13:11:43.376564
159.229436,31560,22161,13:11:43.376564
159.231292,31675,22426,13:11:43.377554
159.233151,31043,21581,13:11:43.377554
159.235007,30450,21759,13:11:43.377554
159.236865,30523,21678,13:11:43.377554
159.238724,30668,21620,13:11:43.377554
159.24058,30343,21337,13:11:43.377554
159.242439,30040,21500,13:11:43.377554
159.244295,29901,21273,13:11:43.377554
159.246157,29830,20819,13:11:43.377554
159.248014,28951,19625,13:11:43.377554
159.249877,27433,19526,13:11:43.377554
159.251738,27952,19769,13:11:43.377554
159.253595,28053,19136,13:11:43.377554
159.255453,25947,17989,13:11:43.424930
159.257327,25378,18124,13:11:43.424930
159.259189,26230,18332,13:11:43.424930
159.261096,25385,17526,13:11:43.424930
159.262952,24253,17125,13:11:43.424930
159.264814,25020,17905,13:11:43.424930
159.266671,24914,17242,13:11:43.424930
159.268528,23434,16895,13:11:43.424930
159.270389,23668,17140,13:11:43.424930
159.272246,24415,16904,13:11:43.424930
159.274106,23223,16567,13:11:43.424930
159.275963,23347,16494,13:11:43.424930
159.277821,23264,15938,13:11:43.424930
159.279699,21579,15816,13:11:43.424930
159.281567,22522,15871,13:11:43.424930
159.283426,22453,15613,13:11:43.424930
159.285282,21720,15145,13:11:43.424930
159.287139,21312,14823,13:11:43.424930
159.288997,20825,14435,13:11:43.424930
159.290858,20331,14173,13:11:43.424930
159.292716,20163,13733,13:11:43.424930
159.294572,19711,13896,13:11:43.424930
159.296434,19248,13903,13:11:43.424930
159.298291,19754,13586,13:11:43.424930
159.300147,18669,12770,13:11:43.424930
159.302005,18092,12512,13:11:43.424930
159.303864,17801,11997,13:11:43.424930
159.305724,16463,11222,13:11:43.476951
159.307587,15938,11070,13:11:43.476951
159.309455,15988,10963,13:11:43.476951
159.311355,14778,9942,13:11:43.476951
159.313211,13940,10406,13:11:43.476951
159.31507,14652,10282,13:11:43.476951
159.316926,14499,9759,13:11:43.476951
159.318784,12769,9593,13:11:43.476951
159.320643,13766,9976,13:11:43.476951
159.322499,12961,9203,13:11:43.476951
159.324358,12698,8676,13:11:43.476951
159.326214,11916,8740,13:11:43.476951
159.32808,12570,8808,13:11:43.476951
159.32995,11462,8121,13:11:43.476951
159.331819,8653,7436,13:11:43.476951
159.333687,11253,7985,13:11:43.476951
159.335543,11489,7558,13:11:43.476951
159.337402,10273,7184,13:11:43.476951
159.339258,10620,7307,13:11:43.476951
159.341114,10921,7602,13:11:43.476951
159.342973,9690,6325,13:11:43.476951
159.344829,8868,6310,13:11:43.476951
159.346688,10110,6837,13:11:43.476951
159.348544,9805,6446,13:11:43.476951
159.350402,8358,5523,13:11:43.476951
159.352261,8609,6370,13:11:43.476951
159.354119,9657,6281,13:11:43.476951
159.355987,8031,5368,13:11:43.527548
159.357848,7959,5905,13:11:43.527548
159.35971,8872,5880,13:11:43.527548
159.361596,7899,5174,13:11:43.527548
159.363455,7160,5135,13:11:43.527548
159.365313,7725,5403,13:11:43.527548
159.367169,7156,4957,13:11:43.527548
159.369034,6290,4358,13:11:43.527548
159.37089,6585,4694,13:11:43.527548
159.372746,6594,4699,13:11:43.527548
159.374605,5686,4131,13:11:43.527548
159.376463,5133,4052,13:11:43.527548
159.378321,6411,4493,13:11:43.527548
159.380178,5613,3612,13:11:43.527548
159.382034,4892,3400,13:11:43.527548
159.383895,3164,4176,13:11:43.527548
159.385781,5346,3575,13:11:43.527548
159.387639,4463,2783,13:11:43.527548
159.389495,4186,3303,13:11:43.527548
159.391354,5079,3048,13:11:43.527548
159.393212,4070,2527,13:11:43.527548
159.395078,3478,2288,13:11:43.527548
159.396935,3749,2788,13:11:43.527548
159.398793,3569,1960,13:11:43.527548
159.400651,2423,1614,13:11:43.527548
159.402508,2481,1890,13:11:43.527548
159.404364,2758,1590,13:11:43.527548
159.40623,1823,1060,13:11:43.581777
159.408091,1414,1468,13:11:43.581777
159.409959,1970,1319,13:11:43.581777
159.411849,1602,721,13:11:43.581777
159.413706,575,521,13:11:43.581777
159.415564,1056,909,13:11:43.581777
159.41742,1231,779,13:11:43.581777
159.419279,26,-46,13:11:43.581777
159.421135,62,288,13:11:43.581777
159.422991,284,575,13:11:43.581777
159.42485,-380,241,13:11:43.581777
159.426713,-540,55,13:11:43.581777
159.428572,475,562,13:11:43.581777
159.430431,-32,120,13:11:43.581777
159.432295,77,202,13:11:43.581777
159.434151,-1462,427,13:11:43.581777
159.436008,746,509,13:11:43.581777
159.437866,300,306,13:11:43.581777
159.439722,47,338,13:11:43.581777
159.441581,391,509,13:11:43.581777
159.443437,254,88,13:11:43.581777
159.445299,-5,115,13:11:43.581777
159.447158,368,537,13:11:43.581777
159.449024,556,159,13:11:43.581777
159.450881,146,-72,13:11:43.581777
159.452737,8,419,13:11:43.581777
159.454595,432,365,13:11:43.581777
159.45647,243,211,13:11:43.629792
159.458329,271,252,13:11:43.629792
159.46022,566,674,13:11:43.629792
159.462086,446,360,13:11:43.629792
159.463947,155,59,13:11:43.629792
159.465809,-118,553,13:11:43.629792
159.467672,14,604,13:11:43.629792
159.46953,-164,257,13:11:43.629792
159.471386,110,439,13:11:43.629792
159.473245,464,444,13:11:43.629792
159.475101,386,117,13:11:43.629792
159.476957,-303,68,13:11:43.629792
159.478816,-263,385,13:11:43.629792
159.480672,500,515,13:11:43.629792
159.482528,-23,344,13:11:43.629792
159.484399,49,527,13:11:43.629792
159.48627,-825,448,13:11:43.629792
159.488137,269,283,13:11:43.629792
159.489993,178,426,13:11:43.629792
159.491852,547,656,13:11:43.629792
159.493708,362,396,13:11:43.629792
159.495574,110,320,13:11:43.629792
159.497431,239,554,13:11:43.629792
159.499287,634,233,13:11:43.629792
159.501146,541,420,13:11:43.629792
159.503002,64,485,13:11:43.629792
159.50486,517,635,13:11:43.680014
159.506725,484,236,13:11:43.680014
159.508585,103,143,13:11:43.680014
159.510495,330,607,13:11:43.680014
159.512353,364,267,13:11:43.680014
159.514216,178,296,13:11:43.680014
159.516072,347,534,13:11:43.681017
159.517928,564,544,13:11:43.681017
159.519787,283,287,13:11:43.681017
159.521643,-226,215,13:11:43.681017
159.523502,227,350,13:11:43.681017
159.525358,335,335,13:11:43.681017
159.527218,18,324,13:11:43.681017
159.529077,131,396,13:11:43.681017
159.530942,-344,347,13:11:43.681017
159.532803,15,315,13:11:43.681017
159.534663,-376,305,13:11:43.681017
159.53656,-1812,98,13:11:43.681017
159.538422,489,216,13:11:43.681017
159.54028,95,234,13:11:43.681017
159.542139,349,208,13:11:43.681017
159.543995,409,558,13:11:43.682006
159.545857,11,463,13:11:43.682006
159.547714,93,357,13:11:43.682006
159.54957,223,298,13:11:43.682006
159.551428,390,395,13:11:43.682006
159.553285,69,273,13:11:43.682006
159.555141,395,342,13:11:43.732307
159.557008,428,274,13:11:43.732307
159.558868,105,366,13:11:43.732307
159.560788,-46,416,13:11:43.732307
159.562646,395,65,13:11:43.732307
159.564505,228,339,13:11:43.732307
159.566361,-112,306,13:11:43.732307
159.568217,-284,699,13:11:43.732307
159.570076,-25,294,13:11:43.732307
159.571932,103,460,13:11:43.732307
159.57379,332,430,13:11:43.732307
159.575647,204,357,13:11:43.732307
159.577503,-65,261,13:11:43.732307
159.57936,100,331,13:11:43.732307
159.581225,-115,347,13:11:43.732307
159.583082,468,420,13:11:43.732307
159.584939,-175,260,13:11:43.732307
159.586797,-1179,335,13:11:43.733322
159.588681,271,247,13:11:43.733322
159.590538,180,280,13:11:43.733322
159.5924,406,307,13:11:43.733322
159.594256,266,412,13:11:43.733322
159.596115,290,392,13:11:43.733322
159.597971,197,258,13:11:43.733322
159.599827,229,403,13:11:43.733322
159.601686,135,298,13:11:43.733322
159.603545,465,225,13:11:43.733322
159.605402,179,474,13:11:43.783527
159.607269,414,348,13:11:43.783527
159.609127,61,573,13:11:43.783527
159.611021,77,267,13:11:43.783527
159.612884,182,621,13:11:43.783527
159.614742,76,261,13:11:43.783527
159.616598,8,223,13:11:43.783527
159.618459,163,379,13:11:43.783527
159.620317,-279,451,13:11:43.783527
159.622174,125,358,13:11:43.783527
159.624034,27,217,13:11:43.783527
159.62589,-145,155,13:11:43.783527
159.627748,-239,219,13:11:43.783527
159.629605,93,538,13:11:43.783527
159.631461,260,141,13:11:43.784518
159.63332,-143,245,13:11:43.784518
159.63518,227,657,13:11:43.784518
159.637038,214,539,13:11:43.784518
159.638895,-804,247,13:11:43.784518
159.640761,87,232,13:11:43.784518
159.642617,10,343,13:11:43.784518
159.644476,313,90,13:11:43.784518
159.646334,327,373,13:11:43.784518
159.64819,204,538,13:11:43.784518
159.650049,121,452,13:11:43.784518
159.651905,245,532,13:11:43.784518
159.653763,406,563,13:11:43.784518
159.65563,507,188,13:11:43.834590
159.6575,259,159,13:11:43.834590
159.659362,335,294,13:11:43.834590
159.66127,102,200,13:11:43.834590
159.66313,240,323,13:11:43.834590
159.664991,299,353,13:11:43.834590
159.666849,-30,114,13:11:43.834590
159.668708,124,417,13:11:43.834590
159.670566,155,471,13:11:43.834590
159.672423,-103,667,13:11:43.834590
159.674281,-354,491,13:11:43.834590
159.676139,-43,405,13:11:43.834590
159.677998,35,356,13:11:43.834590
159.679856,-223,148,13:11:43.834590
159.68172,-162,359,13:11:43.834590
159.683577,352,489,13:11:43.834590
159.685433,273,540,13:11:43.834590
159.687291,13,508,13:11:43.834590
159.68919,-86,562,13:11:43.834590
159.691062,-530,599,13:11:43.834590
159.69292,118,270,13:11:43.834590
159.694778,102,533,13:11:43.834590
159.696635,149,606,13:11:43.834590
159.698491,266,335,13:11:43.834590
159.70035,479,465,13:11:43.840435
159.702206,362,208,13:11:43.840435
159.704062,96,579,13:11:43.840435
159.705925,65,373,13:11:43.887472
159.707787,195,522,13:11:43.887472
159.709649,98,346,13:11:43.887472
159.711559,336,252,13:11:43.887472
159.713435,282,176,13:11:43.887472
159.715294,-114,328,13:11:43.887472
159.71715,251,263,13:11:43.887472
159.719017,197,402,13:11:43.887472
159.720875,127,403,13:11:43.887472
159.722732,-298,379,13:11:43.887472
159.72459,25,652,13:11:43.887472
159.726449,403,286,13:11:43.887472
159.728308,-669,258,13:11:43.887472
159.730165,-557,304,13:11:43.887472
159.732021,-228,270,13:11:43.887472
159.733878,61,399,13:11:43.887472
159.735737,-287,426,13:11:43.887472
159.737598,206,398,13:11:43.887472
159.739455,395,486,13:11:43.887472
159.741319,-2059,298,13:11:43.887472
159.743185,386,531,13:11:43.887472
159.745043,199,413,13:11:43.887472
159.746905,268,562,13:11:43.887472
159.748796,376,726,13:11:43.887472
159.750653,195,320,13:11:43.887472
159.752509,248,430,13:11:43.887472
159.754365,200,389,13:11:43.887472
159.756238,127,247,13:11:43.903497
159.758098,147,400,13:11:43.903497
159.759964,169,319,13:11:43.903497
159.761846,170,379,13:11:43.903497
159.763709,260,315,13:11:43.903497
159.765565,-8,603,13:11:43.903497
159.767422,416,464,13:11:43.904514
159.76928,-310,249,13:11:43.904514
159.771136,214,459,13:11:43.904514
159.772993,127,658,13:11:43.904514
159.774851,-766,313,13:11:43.904514
159.776707,-425,537,13:11:43.904514
159.778566,174,280,13:11:43.904514
159.780422,-408,471,13:11:43.904514
159.782286,156,319,13:11:43.904514
159.784143,286,400,13:11:43.904514
159.785999,273,325,13:11:43.904514
159.787857,-339,356,13:11:43.904514
159.789714,289,326,13:11:43.904514
159.791591,115,342,13:11:43.904514
159.793452,-1637,357,13:11:43.904514
159.795315,197,352,13:11:43.904514
159.797173,60,370,13:11:43.904514
159.799029,-4,500,13:11:43.904514
159.800888,95,357,13:11:43.904514
159.802744,222,285,13:11:43.904514
159.804606,15,454,13:11:43.904514
159.806473,164,228,13:11:43.954525
159.808338,353,475,13:11:43.954525
159.810247,106,712,13:11:43.954525
159.812114,95,388,13:11:43.954525
159.81397,348,408,13:11:43.954525
159.815828,127,499,13:11:43.954525
159.817685,273,504,13:11:43.954525
159.819543,86,553,13:11:43.954525
159.821399,169,598,13:11:43.954525
159.823256,247,457,13:11:43.954525
159.825112,72,255,13:11:43.954525
159.826969,240,373,13:11:43.954525
159.828831,453,336,13:11:43.954525
159.830687,108,717,13:11:43.954525
159.832546,102,467,13:11:43.954525
159.834402,126,531,13:11:43.954525
159.836258,118,572,13:11:43.954525
159.838117,307,376,13:11:43.954525
159.83998,174,151,13:11:43.954525
159.841851,67,461,13:11:43.954525
159.843721,384,512,13:11:43.954525
159.845578,285,265,13:11:43.954525
159.847436,296,280,13:11:43.954525
159.849299,158,182,13:11:43.954525
159.851157,202,295,13:11:43.954525
159.853013,349,378,13:11:43.954525
159.854878,211,472,13:11:44.003895
159.85675,272,334,13:11:44.003895
159.858612,339,355,13:11:44.003895
159.860518,116,479,13:11:44.003895
159.862379,111,232,13:11:44.003895
159.864235,248,435,13:11:44.003895
159.866093,500,641,13:11:44.003895
159.86795,259,498,13:11:44.003895
159.869808,324,368,13:11:44.004889
159.871665,280,141,13:11:44.004889
159.873529,349,561,13:11:44.004889
159.875385,369,224,13:11:44.004889
159.877242,169,370,13:11:44.004889
159.8791,381,374,13:11:44.004889
159.880956,107,59,13:11:44.004889
159.882813,346,708,13:11:44.006887
159.884669,255,466,13:11:44.006887
159.886525,374,274,13:11:44.006887
159.888382,235,484,13:11:44.008885
159.890239,217,223,13:11:44.008885
159.8921,86,350,13:11:44.008885
159.893957,46,557,13:11:44.008885
159.895817,406,514,13:11:44.008885
159.897673,165,416,13:11:44.008885
159.89953,249,102,13:11:44.008885
159.901386,300,289,13:11:44.008885
159.903245,373,194,13:11:44.008885
159.905103,270,472,13:11:44.054316
159.906967,262,281,13:11:44.054316
159.908826,89,409,13:11:44.054316
159.910732,-76,501,13:11:44.054316
159.912594,382,523,13:11:44.054316
159.914452,535,238,13:11:44.054316
159.916309,203,572,13:11:44.054316
159.918165,232,316,13:11:44.054316
159.920024,315,416,13:11:44.054316
159.921884,354,492,13:11:44.054316
159.92374,444,386,13:11:44.054316
159.925597,233,351,13:11:44.054316
159.927455,396,226,13:11:44.054316
159.929311,169,203,13:11:44.054316
159.931168,257,525,13:11:44.054316
159.933026,297,361,13:11:44.054316
159.934882,214,246,13:11:44.054316
159.936741,200,532,13:11:44.054316
159.938597,151,256,13:11:44.054316
159.940461,209,397,13:11:44.054316
159.94233,211,549,13:11:44.054316
159.944195,437,393,13:11:44.054316
159.946054,198,310,13:11:44.054316
159.947911,357,368,13:11:44.054316
159.949777,312,277,13:11:44.054316
159.951633,247,392,13:11:44.054316
159.95349,118,408,13:11:44.054316
159.955348,209,402,13:11:44.104606
159.957215,289,383,13:11:44.104606
159.959077,331,628,13:11:44.104606
159.960983,124,222,13:11:44.104606
159.962843,295,688,13:11:44.104606
159.9647,308,466,13:11:44.104606
159.966558,387,360,13:11:44.104606
159.968416,595,347,13:11:44.104606
159.970273,352,310,13:11:44.104606
159.972129,298,333,13:11:44.104606
159.973988,332,576,13:11:44.104606
159.975846,339,674,13:11:44.104606
159.977704,259,587,13:11:44.104606
159.979561,282,225,13:11:44.104606
159.981421,324,218,13:11:44.104606
159.983277,413,239,13:11:44.104606
159.985168,107,577,13:11:44.104606
159.987026,-902,517,13:11:44.104606
159.988882,-776,413,13:11:44.104606
159.990745,-1132,259,13:11:44.104606
159.992609,-959,152,13:11:44.104606
159.994467,246,391,13:11:44.104606
159.996328,404,477,13:11:44.104606
159.998184,196,325,13:11:44.104606
160.000042,189,362,13:11:44.104606
160.001899,363,259,13:11:44.104606
160.003755,445,443,13:11:44.104606
160.005625,478,385,13:11:44.153558
160.007492,305,524,13:11:44.153558
160.009362,318,172,13:11:44.153558
160.01128,108,500,13:11:44.153558
160.013138,-173,437,13:11:44.153558
160.014997,374,415,13:11:44.153558
160.016853,345,188,13:11:44.154432
160.018717,178,433,13:11:44.154432
160.020574,142,512,13:11:44.154432
160.02243,105,348,13:11:44.154432
160.024288,195,217,13:11:44.154432
160.026145,230,502,13:11:44.154432
160.028001,361,487,13:11:44.154432
160.029858,234,114,13:11:44.154432
160.031716,83,496,13:11:44.154432
160.033574,217,198,13:11:44.154432
160.035437,287,281,13:11:44.154432
160.037293,370,240,13:11:44.157879
160.039149,233,247,13:11:44.157879
160.041008,294,657,13:11:44.157879
160.042866,161,492,13:11:44.157879
160.044724,220,448,13:11:44.157879
160.046583,105,335,13:11:44.157879
160.048439,241,705,13:11:44.157879
160.050298,232,527,13:11:44.157879
160.052156,321,303,13:11:44.157879
160.054016,-23,345,13:11:44.157879
160.055914,363,296,13:11:44.206670
160.057775,209,352,13:11:44.206670
160.059637,250,424,13:11:44.206670
160.061527,262,440,13:11:44.206670
160.063384,54,389,13:11:44.206670
160.065242,8,510,13:11:44.206670
160.067098,317,462,13:11:44.206670
160.068957,287,605,13:11:44.206670
160.070813,440,253,13:11:44.206670
160.072671,327,386,13:11:44.206670
160.07453,360,392,13:11:44.206670
160.076396,533,481,13:11:44.206670
160.078252,578,350,13:11:44.206670
160.080109,695,253,13:11:44.206670
160.081965,898,618,13:11:44.206670
160.083823,891,418,13:11:44.206670
160.08568,1091,373,13:11:44.206670
160.087538,1005,467,13:11:44.206670
160.089395,1194,423,13:11:44.206670
160.091253,1126,474,13:11:44.206670
160.093109,1459,651,13:11:44.206670
160.094974,1180,488,13:11:44.206670
160.09683,1108,318,13:11:44.206670
160.098686,1216,582,13:11:44.206670
160.100545,907,453,13:11:44.206670
160.102401,1193,391,13:11:44.206670
160.104259,1017,279,13:11:44.206670
160.106124,873,508,13:11:44.253898
160.107984,1017,436,13:11:44.253898
160.109854,1305,558,13:11:44.253898
160.111754,741,327,13:11:44.253898
160.113623,844,211,13:11:44.253898
160.115479,962,445,13:11:44.253898
160.117336,887,333,13:11:44.253898
160.119194,575,488,13:11:44.253898
160.12105,837,523,13:11:44.253898
160.122909,799,-14,13:11:44.253898
160.124765,649,360,13:11:44.253898
160.126621,566,503,13:11:44.253898
160.128478,824,600,13:11:44.253898
160.130342,711,229,13:11:44.253898
160.132198,530,536,13:11:44.253898
160.134055,211,222,13:11:44.253898
160.135913,689,550,13:11:44.253898
160.137771,577,526,13:11:44.253898
160.139628,453,378,13:11:44.253898
160.141486,221,244,13:11:44.253898
160.143343,580,364,13:11:44.253898
160.145199,457,285,13:11:44.253898
160.147059,487,356,13:11:44.253898
160.14893,511,162,13:11:44.253898
160.150786,393,9,13:11:44.254887
160.152643,205,125,13:11:44.254887
160.154505,307,351,13:11:44.254887
160.156371,287,232,13:11:44.304181
160.158235,144,388,13:11:44.304181
160.160111,404,404,13:11:44.304181
160.161992,332,443,13:11:44.304181
160.16385,393,413,13:11:44.304181
160.165706,212,361,13:11:44.304181
160.167567,492,385,13:11:44.304181
160.169423,17,260,13:11:44.304181
160.17128,305,234,13:11:44.304181
160.173138,422,138,13:11:44.304181
160.174994,445,389,13:11:44.304181
160.176853,295,681,13:11:44.304181
160.178709,374,463,13:11:44.304181
160.180565,60,313,13:11:44.304181
160.182422,497,448,13:11:44.304181
160.184288,426,279,13:11:44.304181
160.186144,285,212,13:11:44.304181
160.188001,162,30,13:11:44.304181
160.189859,107,19,13:11:44.304181
160.191715,536,419,13:11:44.304181
160.193572,400,275,13:11:44.304181
160.19543,455,166,13:11:44.304181
160.197287,290,435,13:11:44.304181
160.199145,683,452,13:11:44.304181
160.201001,172,288,13:11:44.304181
160.202866,263,552,13:11:44.304181
160.204722,422,545,13:11:44.354671
160.206586,122,350,13:11:44.354671
160.208451,448,478,13:11:44.354671
160.210343,249,262,13:11:44.354671
160.212237,430,329,13:11:44.354671
160.214095,289,147,13:11:44.354671
160.215954,179,114,13:11:44.354671
160.217812,380,123,13:11:44.354671
160.219668,489,395,13:11:44.354671
160.221525,327,390,13:11:44.354671
160.223383,284,352,13:11:44.354671
160.225247,604,185,13:11:44.354671
160.227104,433,244,13:11:44.354671
160.22896,407,348,13:11:44.354671
160.230819,368,305,13:11:44.354671
160.232675,356,304,13:11:44.354671
160.234531,472,303,13:11:44.354671
160.23639,295,396,13:11:44.354671
160.238246,209,273,13:11:44.354671
160.240102,304,254,13:11:44.354671
160.241959,213,346,13:11:44.354671
160.243825,328,155,13:11:44.354671
160.245681,436,466,13:11:44.354671
160.247538,434,158,13:11:44.354671
160.249396,160,384,13:11:44.354671
160.251254,470,324,13:11:44.354671
160.253113,595,318,13:11:44.355676
160.254969,221,296,13:11:44.405694
160.25687,47,503,13:11:44.405694
160.258736,289,392,13:11:44.405694
160.260603,132,344,13:11:44.405694
160.26253,231,318,13:11:44.405694
160.264392,439,245,13:11:44.405694
160.266249,289,355,13:11:44.405694
160.268107,649,216,13:11:44.405694
160.269963,378,259,13:11:44.405694
160.27182,443,495,13:11:44.405694
160.273678,208,535,13:11:44.405694
160.275539,180,519,13:11:44.405694
160.277397,549,367,13:11:44.405694
160.279253,536,631,13:11:44.405694
160.281114,584,538,13:11:44.405694
160.28297,533,93,13:11:44.405694
160.284826,352,144,13:11:44.405694
160.286685,228,223,13:11:44.405694
160.288541,523,437,13:11:44.405694
160.290399,182,99,13:11:44.405694
160.292256,390,311,13:11:44.405694
160.294116,299,484,13:11:44.405694
160.295974,452,359,13:11:44.405694
160.297841,456,413,13:11:44.405694
160.299697,253,602,13:11:44.405694
160.301554,579,229,13:11:44.405694
160.303412,660,400,13:11:44.405694
160.305268,283,383,13:11:44.454483
160.307137,308,486,13:11:44.454483
160.308997,321,376,13:11:44.454483
160.31091,121,256,13:11:44.454483
160.312775,335,504,13:11:44.454483
160.314634,714,336,13:11:44.454483
160.31649,294,88,13:11:44.454483
160.318348,77,446,13:11:44.454483
160.320205,523,447,13:11:44.454483
160.322063,516,223,13:11:44.454483
160.323919,408,466,13:11:44.454483
160.325776,244,341,13:11:44.454483
160.327634,360,83,13:11:44.454483
160.32949,341,384,13:11:44.454483
160.331349,681,450,13:11:44.454483
160.333205,446,518,13:11:44.454483
160.335068,581,590,13:11:44.454483
160.336924,438,392,13:11:44.454483
160.338782,378,139,13:11:44.454483
160.340641,287,699,13:11:44.454483
160.342497,371,260,13:11:44.454483
160.344355,488,156,13:11:44.454483
160.346212,484,332,13:11:44.454483
160.348068,294,98,13:11:44.454483
160.349926,426,391,13:11:44.454483
160.351787,563,346,13:11:44.454483
160.353657,547,430,13:11:44.454483
160.355515,506,141,13:11:44.506002
160.357376,576,502,13:11:44.506002
160.359238,489,162,13:11:44.506002
160.361162,79,237,13:11:44.506002
160.36302,676,607,13:11:44.506002
160.364877,654,347,13:11:44.506002
160.366733,396,472,13:11:44.506002
160.368589,394,277,13:11:44.506002
160.370446,564,328,13:11:44.506002
160.372306,415,450,13:11:44.506002
160.374163,604,192,13:11:44.506002
160.376025,380,244,13:11:44.506002
160.377881,236,163,13:11:44.506002
160.379738,430,335,13:11:44.506002
160.381596,489,406,13:11:44.506002
160.383452,248,496,13:11:44.506002
160.385311,430,699,13:11:44.506002
160.387167,413,482,13:11:44.506002
160.389023,353,415,13:11:44.506002
160.39088,156,253,13:11:44.506002
160.392746,505,234,13:11:44.506002
160.394602,381,169,13:11:44.506002
160.396459,354,508,13:11:44.506002
160.398317,308,349,13:11:44.506002
160.400174,490,485,13:11:44.506002
160.40203,336,561,13:11:44.506002
160.403888,247,774,13:11:44.506002
160.405749,669,59,13:11:44.556926
160.407611,414,568,13:11:44.556926
160.409471,337,145,13:11:44.556926
160.411394,403,453,13:11:44.556926
160.413252,577,2,13:11:44.556926
160.415108,210,363,13:11:44.556926
160.416966,467,366,13:11:44.556926
160.418825,280,518,13:11:44.556926
160.420681,343,418,13:11:44.556926
160.422539,304,706,13:11:44.556926
160.424396,446,480,13:11:44.556926
160.426254,486,385,13:11:44.556926
160.428111,417,409,13:11:44.556926
160.429971,483,374,13:11:44.556926
160.431827,457,465,13:11:44.556926
160.433684,599,241,13:11:44.556926
160.435542,363,365,13:11:44.556926
160.437398,636,454,13:11:44.556926
160.439257,482,565,13:11:44.556926
160.441113,359,274,13:11:44.556926
160.442969,350,546,13:11:44.556926
160.444826,671,620,13:11:44.556926
160.446692,404,91,13:11:44.556926
160.448548,416,369,13:11:44.556926
160.450405,433,577,13:11:44.556926
160.452263,669,436,13:11:44.556926
160.45412,555,482,13:11:44.556926
160.455992,534,576,13:11:44.604440
160.457852,446,351,13:11:44.604440
160.459714,660,417,13:11:44.604440
160.461609,652,503,13:11:44.604440
160.463469,445,331,13:11:44.604440
160.465349,633,296,13:11:44.604440
160.467208,706,388,13:11:44.604440
160.469064,552,594,13:11:44.604440
160.47093,691,321,13:11:44.604440
160.472787,686,379,13:11:44.604440
160.474643,360,493,13:11:44.604440
160.476501,429,285,13:11:44.604440
160.478358,563,594,13:11:44.604440
160.480216,426,494,13:11:44.604440
160.482073,337,559,13:11:44.604440
160.483929,574,288,13:11:44.604440
160.485787,415,291,13:11:44.604440
160.487651,308,273,13:11:44.604440
160.489508,318,461,13:11:44.604440
160.491364,282,531,13:11:44.604440
160.493223,215,301,13:11:44.604440
160.495079,536,207,13:11:44.604440
160.496935,383,452,13:11:44.604440
160.498794,468,442,13:11:44.604440
160.50065,442,351,13:11:44.604440
160.502506,449,421,13:11:44.604440
160.504363,438,509,13:11:44.604440
160.506227,107,336,13:11:44.658814
160.508094,279,291,13:11:44.658814
160.509957,335,388,13:11:44.658814
160.511876,-15,319,13:11:44.658814
160.513732,551,403,13:11:44.658814
160.515589,602,718,13:11:44.658814
160.517449,541,459,13:11:44.658814
160.519307,497,316,13:11:44.658814
160.521164,594,210,13:11:44.658814
160.52302,433,327,13:11:44.659806
160.524882,371,431,13:11:44.659806
160.526741,188,248,13:11:44.659806
160.528597,340,349,13:11:44.659806
160.530459,439,530,13:11:44.659806
160.532316,480,345,13:11:44.659806
160.534174,515,441,13:11:44.659806
160.536031,460,544,13:11:44.659806
160.537887,510,346,13:11:44.659806
160.539745,495,573,13:11:44.659806
160.541606,702,448,13:11:44.659806
160.543464,485,524,13:11:44.659806
160.54532,477,530,13:11:44.659806
160.547181,212,148,13:11:44.659806
160.549037,329,304,13:11:44.659806
160.550893,356,579,13:11:44.659806
160.552752,444,371,13:11:44.659806
160.554608,402,270,13:11:44.704479
160.556476,441,285,13:11:44.704479
160.558343,513,554,13:11:44.704479
160.560221,143,393,13:11:44.704479
160.562087,454,428,13:11:44.704479
160.563946,504,152,13:11:44.704479
160.56581,425,449,13:11:44.705479
160.56771,451,616,13:11:44.706480
160.569569,164,410,13:11:44.706480
160.571427,636,248,13:11:44.706480
160.573283,426,328,13:11:44.706480
160.575142,533,429,13:11:44.706480
160.576998,287,432,13:11:44.706480
160.578856,214,537,13:11:44.706480
160.580715,342,416,13:11:44.706480
160.582571,337,441,13:11:44.706480
160.584429,382,546,13:11:44.706480
160.586286,653,437,13:11:44.706480
160.588146,549,416,13:11:44.706480
160.590002,433,314,13:11:44.706480
160.591859,165,354,13:11:44.706480
160.593717,316,595,13:11:44.706480
160.595574,138,381,13:11:44.706480
160.597432,447,354,13:11:44.706480
160.599288,306,311,13:11:44.706480
160.601145,392,300,13:11:44.706480
160.603003,392,184,13:11:44.706480
160.604866,520,284,13:11:44.754304
160.60673,480,257,13:11:44.754304
160.60859,368,523,13:11:44.754304
160.61051,460,197,13:11:44.754304
160.612392,454,238,13:11:44.755307
160.614249,419,488,13:11:44.755307
160.616111,223,459,13:11:44.755307
160.617967,387,280,13:11:44.755307
160.619824,485,470,13:11:44.755307
160.621682,540,472,13:11:44.756303
160.623538,487,94,13:11:44.756303
160.625397,641,199,13:11:44.756303
160.627253,196,124,13:11:44.756303
160.629115,378,301,13:11:44.756303
160.630972,441,419,13:11:44.756303
160.632829,247,483,13:11:44.756303
160.634691,631,406,13:11:44.756303
160.636547,438,333,13:11:44.756303
160.638405,446,741,13:11:44.756303
160.640262,330,222,13:11:44.756303
160.642118,333,464,13:11:44.756303
160.643976,319,582,13:11:44.756303
160.645835,69,649,13:11:44.756303
160.647693,409,424,13:11:44.756303
160.649549,308,269,13:11:44.756303
160.65141,237,308,13:11:44.756303
160.653266,252,250,13:11:44.756303
160.655123,436,499,13:11:44.812139
160.656989,404,473,13:11:44.812139
160.658849,289,432,13:11:44.812139
160.660753,265,384,13:11:44.812139
160.662612,509,377,13:11:44.812139
160.664468,408,371,13:11:44.812139
160.666328,349,349,13:11:44.812139
160.668185,153,777,13:11:44.812139
160.670043,436,501,13:11:44.812139
160.6719,442,486,13:11:44.812139
160.673756,410,550,13:11:44.812139
160.675612,238,206,13:11:44.812139
160.677472,215,530,13:11:44.812139
160.679331,391,697,13:11:44.812139
160.681187,296,576,13:11:44.812139
160.683052,378,219,13:11:44.812139
160.684908,290,347,13:11:44.812139
160.686764,513,154,13:11:44.812139
160.688623,379,89,13:11:44.812139
160.690479,135,422,13:11:44.812139
160.692337,339,432,13:11:44.812139
160.694194,227,508,13:11:44.812139
160.69605,308,402,13:11:44.812139
160.697909,309,523,13:11:44.812139
160.699772,485,252,13:11:44.812139
160.701629,295,461,13:11:44.812139
160.703486,152,389,13:11:44.812139
160.705344,241,506,13:11:44.856415
160.707204,348,798,13:11:44.856415
160.709066,441,486,13:11:44.856415
160.710975,361,714,13:11:44.856415
160.712839,195,403,13:11:44.856415
160.714725,380,544,13:11:44.856415
160.716586,294,387,13:11:44.856415
160.71845,-551,640,13:11:44.856415
160.720308,307,706,13:11:44.856415
160.722165,382,416,13:11:44.856415
160.724021,242,362,13:11:44.856415
160.725877,397,305,13:11:44.856415
160.727734,154,271,13:11:44.856415
160.729594,315,498,13:11:44.856415
160.73145,76,387,13:11:44.856415
160.733309,330,437,13:11:44.856415
160.735165,336,617,13:11:44.856415
160.737021,438,-52,13:11:44.856415
160.73888,370,373,13:11:44.856415
160.74074,148,580,13:11:44.856415
160.742598,632,419,13:11:44.856415
160.744455,243,411,13:11:44.856415
160.746321,331,500,13:11:44.856415
160.748177,282,502,13:11:44.856415
160.750034,459,158,13:11:44.856415
160.751892,351,514,13:11:44.856415
160.753749,387,289,13:11:44.856415
160.755609,212,741,13:11:44.908990
160.757473,120,481,13:11:44.908990
160.759337,230,97,13:11:44.908990
160.761256,100,408,13:11:44.908990
160.763122,511,472,13:11:44.908990
160.765014,329,482,13:11:44.908990
160.766875,285,548,13:11:44.908990
160.768737,431,678,13:11:44.908990
160.770595,220,413,13:11:44.908990
160.772452,256,334,13:11:44.908990
160.774308,299,451,13:11:44.908990
160.776166,442,190,13:11:44.908990
160.778027,399,206,13:11:44.908990
160.779885,266,470,13:11:44.908990
160.781741,243,467,13:11:44.908990
160.7836,204,526,13:11:44.908990
160.785456,404,690,13:11:44.908990
160.787312,215,475,13:11:44.908990
160.789171,447,237,13:11:44.908990
160.791027,429,438,13:11:44.908990
160.792883,187,524,13:11:44.908990
160.79474,485,508,13:11:44.908990
160.796604,318,309,13:11:44.908990
160.79846,282,426,13:11:44.908990
160.800317,263,330,13:11:44.908990
160.802175,221,253,13:11:44.908990
160.804032,404,440,13:11:44.908990
160.805898,71,356,13:11:44.959130
160.807764,285,165,13:11:44.959130
160.809626,406,474,13:11:44.959130
160.811519,226,309,13:11:44.959130
160.813379,377,409,13:11:44.959130
160.815235,-346,376,13:11:44.959130
160.817094,318,378,13:11:44.960121
160.81895,88,545,13:11:44.960121
160.820808,302,358,13:11:44.960121
160.822665,580,557,13:11:44.960121
160.824521,458,350,13:11:44.962624
160.826377,189,502,13:11:44.962624
160.82824,427,278,13:11:44.962624
160.830096,385,529,13:11:44.962624
160.831952,485,244,13:11:44.962624
160.833811,342,336,13:11:44.962624
160.835667,141,495,13:11:44.962624
160.837525,82,541,13:11:44.962624
160.839382,524,580,13:11:44.962624
160.841238,190,210,13:11:44.962624
160.843094,212,351,13:11:44.962624
160.844956,377,432,13:11:44.962624
160.846817,30,201,13:11:44.962624
160.848673,295,505,13:11:44.962624
160.850532,415,601,13:11:44.962624
160.852388,324,654,13:11:44.962624
160.854245,393,571,13:11:44.962624
160.856111,403,543,13:11:45.017045
160.857971,383,504,13:11:45.017045
160.859835,276,453,13:11:45.017045
160.861743,-130,630,13:11:45.017045
160.863625,314,454,13:11:45.017045
160.865486,272,589,13:11:45.017045
160.867372,60,448,13:11:45.017045
160.869229,242,804,13:11:45.017045
160.871089,316,345,13:11:45.017045
160.872946,347,498,13:11:45.017045
160.87482,27,581,13:11:45.017045
160.876676,296,544,13:11:45.017045
160.878532,149,605,13:11:45.017045
160.880389,115,243,13:11:45.017045
160.882246,569,439,13:11:45.017045
160.884108,525,521,13:11:45.017045
160.885964,578,618,13:11:45.017045
160.887824,482,319,13:11:45.017045
160.889681,286,544,13:11:45.017045
160.891537,282,472,13:11:45.017045
160.893395,122,314,13:11:45.017045
160.895252,410,648,13:11:45.017045
160.89711,460,552,13:11:45.017045
160.898966,263,371,13:11:45.017045
160.900827,448,298,13:11:45.017045
160.902683,333,281,13:11:45.017045
160.904539,230,594,13:11:45.017045
160.906408,404,367,13:11:45.062054
160.908268,178,556,13:11:45.062054
160.910157,377,410,13:11:45.062054
160.91203,171,637,13:11:45.062054
160.913892,228,411,13:11:45.062054
160.915749,321,701,13:11:45.062054
160.917605,194,509,13:11:45.063075
160.919464,306,641,13:11:45.063075
160.92132,223,468,13:11:45.063075
160.923177,-1303,483,13:11:45.063075
160.925037,325,603,13:11:45.063075
160.926893,259,511,13:11:45.063075
160.928754,322,502,13:11:45.063075
160.93061,280,410,13:11:45.063075
160.932468,201,616,13:11:45.063075
160.934325,189,532,13:11:45.063075
160.936181,344,490,13:11:45.063075
160.938039,357,287,13:11:45.063075
160.939896,167,568,13:11:45.063075
160.941754,54,549,13:11:45.063075
160.94361,453,278,13:11:45.063075
160.945467,354,418,13:11:45.063075
160.947325,544,773,13:11:45.063075
160.949189,371,616,13:11:45.063075
160.951046,346,589,13:11:45.063075
160.952902,298,517,13:11:45.063075
160.954763,415,583,13:11:45.113672
160.956631,255,363,13:11:45.113672
160.958491,139,647,13:11:45.113672
160.960407,504,416,13:11:45.113672
160.96227,658,353,13:11:45.113672
160.964126,656,331,13:11:45.113672
160.965985,285,678,13:11:45.113672
160.967847,437,703,13:11:45.113672
160.969711,-907,379,13:11:45.113672
160.971567,167,680,13:11:45.113672
160.97343,219,344,13:11:45.113672
160.975286,314,464,13:11:45.113672
160.97717,75,331,13:11:45.113672
160.979029,263,411,13:11:45.113672
160.980885,446,640,13:11:45.113672
160.982751,415,506,13:11:45.113672
160.98461,538,623,13:11:45.113672
160.986466,180,605,13:11:45.113672
160.988324,355,682,13:11:45.113672
160.990181,332,590,13:11:45.113672
160.992039,572,829,13:11:45.113672
160.993895,511,677,13:11:45.113672
160.995752,401,430,13:11:45.113672
160.997608,360,594,13:11:45.113672
160.999465,373,689,13:11:45.113672
161.001329,402,717,13:11:45.113672
161.003185,392,324,13:11:45.113672
161.005043,322,627,13:11:45.165378
161.006912,408,562,13:11:45.165378
161.008772,295,734,13:11:45.165378
161.010666,423,546,13:11:45.165378
161.012523,431,987,13:11:45.165378
161.014387,565,576,13:11:45.165378
161.016243,444,469,13:11:45.165378
161.0181,118,634,13:11:45.165378
161.019958,75,320,13:11:45.165378
161.021814,277,666,13:11:45.165378
161.023671,277,512,13:11:45.165378
161.025527,645,704,13:11:45.165378
161.027383,277,558,13:11:45.165378
161.02924,462,547,13:11:45.165378
161.031097,295,309,13:11:45.165378
161.032959,-448,-496,13:11:45.165378
161.034815,-908,444,13:11:45.165378
161.036673,2514,2617,13:11:45.165378
161.03853,3735,1373,13:11:45.165378
161.040386,-135,-152,13:11:45.165378
161.042244,-55,1070,13:11:45.165378
161.044103,917,112,13:11:45.165378
161.045961,-2540,-1227,13:11:45.165378
161.047817,-1929,306,13:11:45.165378
161.049678,1583,1036,13:11:45.165378
161.051534,464,61,13:11:45.165378
161.053391,39,1034,13:11:45.166744
161.055249,2323,1718,13:11:45.217236
161.057119,1812,1062,13:11:45.217236
161.058982,95,17,13:11:45.217236
161.060886,-165,712,13:11:45.217236
161.062744,669,602,13:11:45.217236
161.0646,-161,-111,13:11:45.218235
161.066457,-877,417,13:11:45.218235
161.068315,731,1184,13:11:45.218235
161.070177,1467,1094,13:11:45.218235
161.072057,-377,379,13:11:45.218235
161.073934,633,914,13:11:45.218235
161.075792,1664,830,13:11:45.218235
161.077657,-117,-13,13:11:45.218235
161.079513,-1127,141,13:11:45.218235
161.081369,795,920,13:11:45.218235
161.083228,592,53,13:11:45.218235
161.085084,-686,57,13:11:45.218235
161.086941,780,1443,13:11:45.218235
161.088799,1620,889,13:11:45.218235
161.090655,437,401,13:11:45.218235
161.092514,416,809,13:11:45.218235
161.094377,1380,1003,13:11:45.218235
161.096234,68,-189,13:11:45.218235
161.098091,-790,318,13:11:45.218235
161.099949,249,721,13:11:45.218235
161.101805,458,674,13:11:45.218235
161.103662,-16,368,13:11:45.218235
161.105522,652,1196,13:11:45.277076
161.107384,1469,1131,13:11:45.277076
161.109246,793,358,13:11:45.277076
161.111159,125,588,13:11:45.277076
161.113025,374,773,13:11:45.277076
161.114882,303,232,13:11:45.277076
161.116738,-537,-10,13:11:45.277076
161.118596,349,801,13:11:45.277076
161.120453,961,939,13:11:45.277076
161.122313,398,586,13:11:45.277076
161.124191,-1062,841,13:11:45.277076
161.126055,1032,1126,13:11:45.277076
161.127914,646,501,13:11:45.277076
161.129772,-56,615,13:11:45.277076
161.131629,358,912,13:11:45.277076
161.133487,419,395,13:11:45.277076
161.135345,140,164,13:11:45.278069
161.137204,561,860,13:11:45.278069
161.13906,890,904,13:11:45.278069
161.140926,515,461,13:11:45.278069
161.142785,167,272,13:11:45.278069
161.144641,205,425,13:11:45.278069
161.146499,279,446,13:11:45.278069
161.148356,402,416,13:11:45.278069
161.150214,663,1050,13:11:45.278069
161.15207,1769,1238,13:11:45.278069
161.153927,997,739,13:11:45.278069
161.155789,665,677,13:11:45.322410
161.157654,1077,864,13:11:45.322410
161.159517,679,173,13:11:45.322410
161.161412,-613,28,13:11:45.322410
161.163268,48,742,13:11:45.322410
161.165127,473,335,13:11:45.322410
161.166983,-610,-27,13:11:45.322410
161.168843,370,750,13:11:45.323410
161.1707,650,788,13:11:45.323410
161.17257,347,313,13:11:45.323410
161.174428,250,664,13:11:45.323410
161.176285,527,856,13:11:45.323410
161.178145,256,264,13:11:45.323410
161.180003,-160,32,13:11:45.323410
161.181892,-1767,900,13:11:45.323410
161.183756,1256,1318,13:11:45.323410
161.185619,1208,746,13:11:45.323410
161.187477,792,850,13:11:45.323410
161.189333,1370,1430,13:11:45.323410
161.191191,1058,287,13:11:45.323410
161.193048,-779,-29,13:11:45.323410
161.194904,399,1313,13:11:45.323410
161.196762,1658,905,13:11:45.323410
161.198619,-290,-19,13:11:45.323410
161.200477,181,905,13:11:45.323410
161.202334,1759,1590,13:11:45.323410
161.204196,725,80,13:11:45.323410
161.20606,-405,526,13:11:45.370739
161.207921,861,1072,13:11:45.370739
161.209789,671,493,13:11:45.370739
161.211677,-953,-88,13:11:45.370739
161.213533,-44,857,13:11:45.370739
161.215392,828,1267,13:11:45.370739
161.217254,459,331,13:11:45.370739
161.219111,-456,640,13:11:45.370739
161.220967,925,1127,13:11:45.370739
161.222825,446,480,13:11:45.370739
161.224685,-584,374,13:11:45.370739
161.22656,-1478,1035,13:11:45.370739
161.228426,681,731,13:11:45.370739
161.230283,-109,109,13:11:45.370739
161.232141,-353,540,13:11:45.370739
161.233997,340,730,13:11:45.370739
161.235856,731,944,13:11:45.370739
161.237714,315,525,13:11:45.370739
161.239574,1475,1751,13:11:45.370739
161.241433,2207,1176,13:11:45.370739
161.243289,730,439,13:11:45.370739
161.245155,487,815,13:11:45.370739
161.247012,1197,714,13:11:45.370739
161.24887,110,-1,13:11:45.370739
161.250728,-1385,-282,13:11:45.370739
161.252585,-257,1034,13:11:45.370739
161.254444,1350,707,13:11:45.370739
161.25631,-401,115,13:11:45.422220
161.25817,661,1433,13:11:45.422220
161.260054,1975,1169,13:11:45.422220
161.26193,133,104,13:11:45.422220
161.263795,-216,692,13:11:45.422220
161.265651,1177,1175,13:11:45.422220
161.267507,329,77,13:11:45.422220
161.269366,-1947,187,13:11:45.422220
161.271222,564,872,13:11:45.422220
161.273081,798,756,13:11:45.422220
161.27495,-465,322,13:11:45.422220
161.276833,62,1293,13:11:45.422220
161.278705,1571,1395,13:11:45.422220
161.280562,1230,427,13:11:45.422220
161.282424,429,632,13:11:45.422220
161.28428,1179,996,13:11:45.422220
161.286137,770,533,13:11:45.422220
161.287995,37,194,13:11:45.422220
161.289857,217,675,13:11:45.422220
161.291716,874,757,13:11:45.422220
161.293572,199,204,13:11:45.422220
161.295439,-220,603,13:11:45.422220
161.297295,451,866,13:11:45.422220
161.299151,470,414,13:11:45.422220
161.30101,240,572,13:11:45.422220
161.302868,701,829,13:11:45.422220
161.304724,782,680,13:11:45.472401
161.306589,122,720,13:11:45.472401
161.308451,310,576,13:11:45.472401
161.310362,163,366,13:11:45.472401
161.312229,143,699,13:11:45.472401
161.314088,285,531,13:11:45.472401
161.315944,192,478,13:11:45.472401
161.317802,451,317,13:11:45.472401
161.319661,33,593,13:11:45.472401
161.321517,428,666,13:11:45.472401
161.323382,528,927,13:11:45.472401
161.325238,593,924,13:11:45.472401
161.327094,557,442,13:11:45.472401
161.328952,-1332,671,13:11:45.472401
161.330833,727,785,13:11:45.472401
161.332691,468,653,13:11:45.472401
161.334548,505,823,13:11:45.472401
161.33641,802,1030,13:11:45.472401
161.338268,672,512,13:11:45.472401
161.340131,298,571,13:11:45.472401
161.341987,253,721,13:11:45.472401
161.343845,736,507,13:11:45.472401
161.345704,394,615,13:11:45.472401
161.34756,459,843,13:11:45.472401
161.349416,965,1039,13:11:45.473402
161.351275,439,426,13:11:45.473402
161.353131,319,855,13:11:45.473402
161.35499,778,821,13:11:45.526101
161.35686,130,341,13:11:45.526101
161.358726,-194,563,13:11:45.526101
161.360614,526,712,13:11:45.526101
161.362473,539,578,13:11:45.526101
161.364331,284,773,13:11:45.526101
161.366187,711,795,13:11:45.526101
161.368044,683,578,13:11:45.526101
161.369902,393,588,13:11:45.526101
161.371766,377,612,13:11:45.526101
161.373623,659,757,13:11:45.526101
161.375479,-282,465,13:11:45.526101
161.377348,60,565,13:11:45.526101
161.379205,-1630,654,13:11:45.526101
161.381062,999,831,13:11:45.526101
161.382962,902,881,13:11:45.526101
161.384825,612,787,13:11:45.526101
161.386681,767,886,13:11:45.526101
161.388538,747,741,13:11:45.526101
161.390394,477,773,13:11:45.526101
161.392252,368,610,13:11:45.526101
161.394109,333,794,13:11:45.526101
161.395965,177,614,13:11:45.526101
161.397823,686,862,13:11:45.526101
161.39968,920,869,13:11:45.526101
161.401536,730,434,13:11:45.526101
161.403401,400,662,13:11:45.526101
161.405259,584,743,13:11:45.574950
161.407127,428,618,13:11:45.574950
161.408991,213,566,13:11:45.574950
161.410886,269,634,13:11:45.574950
161.412744,90,446,13:11:45.574950
161.414602,-66,745,13:11:45.574950
161.416461,251,909,13:11:45.574950
161.418317,734,538,13:11:45.574950
161.420173,654,724,13:11:45.574950
161.42203,153,787,13:11:45.574950
161.423888,354,434,13:11:45.574950
161.425744,153,872,13:11:45.574950
161.427603,208,509,13:11:45.574950
161.429462,219,586,13:11:45.574950
161.431345,-843,496,13:11:45.574950
161.433204,421,513,13:11:45.574950
161.43506,306,709,13:11:45.574950
161.436918,834,897,13:11:45.574950
161.438775,427,642,13:11:45.574950
161.440635,334,535,13:11:45.574950
161.442494,605,614,13:11:45.574950
161.44436,1011,894,13:11:45.574950
161.446216,122,215,13:11:45.574950
161.448073,164,666,13:11:45.574950
161.449931,610,866,13:11:45.574950
161.451787,447,707,13:11:45.574950
161.453644,341,666,13:11:45.574950
161.455504,571,801,13:11:45.626440
161.45737,658,559,13:11:45.626440
161.459231,354,567,13:11:45.626440
161.461131,488,945,13:11:45.626440
161.462987,580,706,13:11:45.626440
161.464846,417,456,13:11:45.626440
161.466702,404,715,13:11:45.626440
161.468562,553,519,13:11:45.626440
161.470419,344,607,13:11:45.626440
161.472275,505,492,13:11:45.626440
161.474131,410,802,13:11:45.626440
161.475995,838,993,13:11:45.626440
161.477854,776,674,13:11:45.626440
161.479718,211,826,13:11:45.626440
161.481579,-698,699,13:11:45.626440
161.483441,693,608,13:11:45.626440
161.485301,360,389,13:11:45.626440
161.487178,391,677,13:11:45.626440
161.489034,315,369,13:11:45.626440
161.490892,-17,290,13:11:45.626440
161.492749,362,841,13:11:45.626440
161.494605,681,946,13:11:45.626440
161.496461,538,767,13:11:45.626440
161.498318,613,858,13:11:45.626440
161.500176,912,814,13:11:45.626440
161.502032,332,365,13:11:45.626440
161.503895,138,539,13:11:45.626440
161.505759,668,538,13:11:45.684336
161.507629,219,390,13:11:45.684336
161.509492,-65,987,13:11:45.685346
161.511391,615,969,13:11:45.685346
161.513248,614,557,13:11:45.685346
161.515107,336,582,13:11:45.685346
161.516963,624,509,13:11:45.685346
161.518821,663,508,13:11:45.685346
161.520684,361,556,13:11:45.685346
161.522544,133,852,13:11:45.685346
161.5244,402,735,13:11:45.685346
161.526257,167,490,13:11:45.685346
161.528115,489,318,13:11:45.685346
161.529974,217,815,13:11:45.685346
161.531832,578,877,13:11:45.685346
161.533692,-905,654,13:11:45.685346
161.535549,560,682,13:11:45.685346
161.537405,630,342,13:11:45.685346
161.539265,696,464,13:11:45.685346
161.541122,178,435,13:11:45.685346
161.542978,4,575,13:11:45.685346
161.544836,515,757,13:11:45.685346
161.546693,510,466,13:11:45.685346
161.548549,210,562,13:11:45.685346
161.550407,696,1033,13:11:45.685346
161.552264,528,500,13:11:45.685346
161.554122,180,451,13:11:45.685346
161.556001,585,614,13:11:45.728901
161.557861,537,724,13:11:45.728901
161.559723,761,981,13:11:45.729826
161.561637,216,560,13:11:45.729826
161.563504,285,865,13:11:45.729826
161.56536,794,846,13:11:45.729826
161.567216,233,609,13:11:45.729826
161.569075,316,668,13:11:45.729826
161.570931,537,687,13:11:45.729826
161.572793,-230,747,13:11:45.729826
161.57465,217,608,13:11:45.729826
161.576506,785,788,13:11:45.729826
161.578363,766,869,13:11:45.729826
161.580219,537,499,13:11:45.729826
161.582081,471,574,13:11:45.729826
161.583971,25,732,13:11:45.729826
161.585828,319,484,13:11:45.729826
161.587688,188,485,13:11:45.729826
161.589548,531,640,13:11:45.729826
161.591405,-1182,826,13:11:45.729826
161.593269,664,715,13:11:45.729826
161.595132,712,768,13:11:45.729826
161.596988,917,721,13:11:45.729826
161.598844,604,621,13:11:45.729826
161.600703,585,617,13:11:45.729826
161.602559,355,440,13:11:45.729826
161.604417,42,495,13:11:45.729826
161.60628,269,363,13:11:45.778375
161.60814,425,527,13:11:45.778375
161.610024,487,686,13:11:45.779375
161.611903,221,909,13:11:45.779375
161.613763,632,857,13:11:45.779375
161.615619,449,937,13:11:45.779375
161.617476,932,939,13:11:45.779375
161.619332,667,542,13:11:45.779375
161.621192,524,423,13:11:45.779375
161.623051,222,522,13:11:45.779375
161.624907,226,384,13:11:45.779375
161.626771,-60,575,13:11:45.779375
161.62863,-352,360,13:11:45.779375
161.630486,82,424,13:11:45.779375
161.632344,-78,709,13:11:45.779375
161.634201,16,695,13:11:45.779375
161.636059,-829,504,13:11:45.779375
161.637949,263,651,13:11:45.779375
161.639806,610,760,13:11:45.779375
161.641664,588,201,13:11:45.779375
161.64352,149,496,13:11:45.779375
161.645379,471,495,13:11:45.779375
161.647235,268,654,13:11:45.779375
161.649093,375,769,13:11:45.779375
161.650952,200,335,13:11:45.779375
161.652818,300,547,13:11:45.779375
161.654675,384,555,13:11:45.833558
161.656541,834,840,13:11:45.833558
161.658403,591,966,13:11:45.833558
161.660307,914,957,13:11:45.833558
161.66217,971,702,13:11:45.833558
161.66403,796,629,13:11:45.833558
161.665886,427,340,13:11:45.833558
161.667745,81,373,13:11:45.833558
161.669603,271,333,13:11:45.833558
161.67146,-107,358,13:11:45.833558
161.673318,-375,504,13:11:45.833558
161.67518,80,440,13:11:45.833558
161.677039,318,851,13:11:45.834558
161.678895,456,858,13:11:45.834558
161.680753,1076,972,13:11:45.834558
161.682612,456,698,13:11:45.834558
161.684476,79,888,13:11:45.834558
161.68634,-709,529,13:11:45.834558
161.688197,93,522,13:11:45.834558
161.690057,90,331,13:11:45.834558
161.691915,160,815,13:11:45.834558
161.693777,285,514,13:11:45.834558
161.695634,536,717,13:11:45.834558
161.69749,465,803,13:11:45.834558
161.699349,823,679,13:11:45.834558
161.701205,650,478,13:11:45.834558
161.703061,771,587,13:11:45.834558
161.70492,441,733,13:11:45.888683
161.706786,358,467,13:11:45.888683
161.708647,306,719,13:11:45.888683
161.710567,456,512,13:11:45.888683
161.712426,738,598,13:11:45.889682
161.714289,-16,597,13:11:45.889682
161.716146,604,704,13:11:45.889682
161.718009,121,593,13:11:45.889682
161.719866,2,359,13:11:45.889682
161.721723,1,133,13:11:45.889682
161.723581,318,848,13:11:45.889682
161.725437,270,419,13:11:45.889682
161.727296,-187,393,13:11:45.889682
161.729152,152,425,13:11:45.889682
161.731013,531,732,13:11:45.889682
161.732871,167,513,13:11:45.889682
161.734736,-135,301,13:11:45.889682
161.736595,419,579,13:11:45.889682
161.738476,-818,272,13:11:45.889682
161.740338,185,325,13:11:45.889682
161.742195,442,259,13:11:45.889682
161.74406,452,803,13:11:45.889682
161.745917,577,449,13:11:45.889682
161.747774,605,750,13:11:45.889682
161.749632,843,1038,13:11:45.889682
161.751488,632,115,13:11:45.889682
161.753345,207,307,13:11:45.889682
161.755201,16,455,13:11:45.934436
161.757067,639,517,13:11:45.934436
161.758928,178,366,13:11:45.934436
161.760844,169,630,13:11:45.934436
161.762708,783,907,13:11:45.934436
161.764565,520,766,13:11:45.934436
161.766421,668,641,13:11:45.934436
161.768279,679,639,13:11:45.934436
161.770136,746,418,13:11:45.934436
161.771994,-253,257,13:11:45.934436
161.773854,-416,440,13:11:45.934436
161.775711,509,498,13:11:45.934436
161.777569,436,549,13:11:45.934436
161.779425,465,726,13:11:45.934436
161.781286,595,569,13:11:45.934436
161.783142,262,798,13:11:45.934436
161.784999,496,493,13:11:45.934436
161.786861,72,299,13:11:45.934436
161.788745,380,332,13:11:45.934436
161.790609,-166,483,13:11:45.935443
161.792468,374,458,13:11:45.935443
161.794325,596,478,13:11:45.935443
161.79619,-1406,487,13:11:45.935443
161.798049,468,613,13:11:45.935443
161.799907,807,739,13:11:45.935443
161.801764,643,429,13:11:45.935443
161.80362,207,479,13:11:45.935443
161.80548,310,507,13:11:45.984310
161.807343,171,355,13:11:45.984310
161.809204,20,233,13:11:45.984310
161.811115,343,438,13:11:45.984310
161.812973,533,558,13:11:45.984310
161.814834,613,260,13:11:45.984310
161.81669,396,656,13:11:45.984310
161.818549,502,807,13:11:45.984310
161.820405,553,774,13:11:45.984310
161.822261,378,417,13:11:45.984310
161.82412,-343,553,13:11:45.984310
161.825982,488,619,13:11:45.984310
161.827838,366,240,13:11:45.984310
161.829695,177,289,13:11:45.984310
161.831551,349,825,13:11:45.984310
161.833407,421,487,13:11:45.984310
161.835264,277,572,13:11:45.984310
161.837122,871,804,13:11:45.984310
161.838979,302,421,13:11:45.984310
161.84084,-1003,447,13:11:45.984310
161.842723,370,595,13:11:45.984310
161.84458,561,216,13:11:45.984310
161.846438,297,297,13:11:45.984310
161.848298,174,373,13:11:45.984310
161.850157,585,625,13:11:45.984310
161.852013,591,399,13:11:45.984310
161.853877,460,695,13:11:45.984310
161.85574,509,557,13:11:46.037126
161.857602,72,391,13:11:46.037126
161.859466,201,122,13:11:46.037126
161.861369,92,481,13:11:46.037126
161.863227,493,616,13:11:46.037126
161.865085,113,378,13:11:46.037126
161.866946,691,585,13:11:46.037126
161.868804,203,698,13:11:46.037126
161.87066,769,644,13:11:46.037126
161.872521,677,588,13:11:46.037126
161.874379,373,675,13:11:46.037126
161.876235,391,675,13:11:46.037126
161.878094,425,194,13:11:46.037126
161.87995,-92,338,13:11:46.037126
161.881808,40,284,13:11:46.037126
161.883665,403,653,13:11:46.037126
161.885523,567,391,13:11:46.037126
161.887381,222,658,13:11:46.037126
161.889248,870,728,13:11:46.037126
161.891114,-1225,472,13:11:46.037126
161.89297,312,350,13:11:46.037126
161.894833,610,578,13:11:46.037126
161.896689,241,274,13:11:46.037126
161.898546,105,455,13:11:46.037126
161.900404,383,739,13:11:46.037126
161.90226,383,431,13:11:46.037126
161.904119,692,348,13:11:46.037126
161.905997,460,439,13:11:46.053663
161.907857,507,371,13:11:46.053663
161.909719,501,757,13:11:46.053663
161.91161,328,381,13:11:46.053663
161.91347,365,680,13:11:46.053663
161.915327,24,464,13:11:46.053663
161.917187,-88,353,13:11:46.053663
161.919047,-534,511,13:11:46.053663
161.920904,-12,444,13:11:46.053663
161.922764,521,795,13:11:46.053663
161.92462,686,647,13:11:46.053663
161.926483,501,547,13:11:46.053663
161.928341,166,313,13:11:46.053663
161.930207,-197,316,13:11:46.053663
161.932064,310,469,13:11:46.053663
161.93392,580,588,13:11:46.087208
161.935779,6,442,13:11:46.087208
161.937635,247,768,13:11:46.087208
161.939491,314,757,13:11:46.087208
161.941351,-187,385,13:11:46.087208
161.943224,-1214,558,13:11:46.087208
161.945094,464,691,13:11:46.087208
161.946951,469,207,13:11:46.087208
161.948807,-87,146,13:11:46.087208
161.950665,302,297,13:11:46.087208
161.952527,681,538,13:11:46.087208
161.954384,433,388,13:11:46.087208
161.956252,479,661,13:11:46.103861
161.958119,588,449,13:11:46.103861
161.959987,204,310,13:11:46.103861
161.961904,302,711,13:11:46.103861
161.963771,457,554,13:11:46.103861
161.96563,198,463,13:11:46.103861
161.96749,-137,113,13:11:46.103861
161.969352,467,574,13:11:46.103861
161.971209,284,233,13:11:46.103861
161.973067,-103,280,13:11:46.103861
161.974924,343,814,13:11:46.103861
161.976782,378,745,13:11:46.103861
161.97864,527,230,13:11:46.103861
161.980499,236,535,13:11:46.103861
161.982357,344,749,13:11:46.103861
161.984213,779,341,13:11:46.103861
161.986082,179,324,13:11:46.103861
161.987938,-450,1012,13:11:46.103861
161.989796,431,874,13:11:46.103861
161.991655,222,76,13:11:46.103861
161.993543,-1381,314,13:11:46.103861
161.995407,1004,1154,13:11:46.103861
161.997264,906,211,13:11:46.103861
161.99912,-154,171,13:11:46.103861
162.000978,322,830,13:11:46.103861
162.002835,1074,727,13:11:46.103861
162.004693,586,372,13:11:46.153649
162.006561,-278,299,13:11:46.153649
162.008422,521,771,13:11:46.153649
162.010341,808,450,13:11:46.153649
162.012232,-166,109,13:11:46.153649
162.014088,104,647,13:11:46.153649
162.015947,767,687,13:11:46.153649
162.017803,568,312,13:11:46.153649
162.019661,128,630,13:11:46.153649
162.021518,943,911,13:11:46.153649
162.023376,456,633,13:11:46.153649
162.025233,-70,333,13:11:46.153649
162.027089,252,704,13:11:46.153649
162.028947,970,495,13:11:46.153649
162.030804,465,441,13:11:46.153649
162.032662,161,524,13:11:46.153649
162.034518,458,692,13:11:46.153649
162.036375,306,412,13:11:46.153649
162.038233,-119,178,13:11:46.153649
162.040097,323,835,13:11:46.153649
162.041954,409,455,13:11:46.153649
162.04381,73,134,13:11:46.153649
162.045668,296,482,13:11:46.153649
162.047525,545,462,13:11:46.153649
162.049381,208,422,13:11:46.153649
162.051239,228,604,13:11:46.153649
162.053096,633,810,13:11:46.153649
162.054954,491,344,13:11:46.203785
162.056819,31,747,13:11:46.203785
162.058683,488,529,13:11:46.203785
162.060585,379,455,13:11:46.203785
162.062449,289,458,13:11:46.203785
162.064308,609,848,13:11:46.203785
162.066164,626,530,13:11:46.203785
162.06802,343,466,13:11:46.204771
162.069879,676,442,13:11:46.204771
162.071741,466,630,13:11:46.204771
162.073599,423,422,13:11:46.204771
162.075456,378,286,13:11:46.204771
162.077322,245,404,13:11:46.204771
162.079178,390,555,13:11:46.204771
162.081035,749,584,13:11:46.204771
162.082893,-33,486,13:11:46.204771
162.084751,370,556,13:11:46.204771
162.08661,581,452,13:11:46.204771
162.088466,498,368,13:11:46.204771
162.090323,431,419,13:11:46.204771
162.092179,677,767,13:11:46.204771
162.094043,460,496,13:11:46.204771
162.0959,431,571,13:11:46.204771
162.097756,405,682,13:11:46.204771
162.099614,398,562,13:11:46.204771
162.101471,324,519,13:11:46.204771
162.103327,317,585,13:11:46.204771
162.105185,574,768,13:11:46.254557
162.107052,172,399,13:11:46.254557
162.108924,75,388,13:11:46.254557
162.110832,302,644,13:11:46.254557
162.112704,479,577,13:11:46.254557
162.114561,300,288,13:11:46.254557
162.116417,303,621,13:11:46.254557
162.118281,311,370,13:11:46.254557
162.120138,367,592,13:11:46.254557
162.121994,446,456,13:11:46.254557
162.123854,526,540,13:11:46.254557
162.125711,586,575,13:11:46.254557
162.127569,284,587,13:11:46.254557
162.129426,243,479,13:11:46.254557
162.131282,160,322,13:11:46.254557
162.133138,309,430,13:11:46.254557
162.135002,286,455,13:11:46.255550
162.136859,567,461,13:11:46.255550
162.138715,83,383,13:11:46.255550
162.140574,188,964,13:11:46.255550
162.14243,502,547,13:11:46.255550
162.144286,329,245,13:11:46.255550
162.146143,425,768,13:11:46.255550
162.147999,700,529,13:11:46.255550
162.149857,198,394,13:11:46.255550
162.151714,-111,466,13:11:46.255550
162.153585,612,711,13:11:46.255550
162.155468,366,264,13:11:46.303849
162.157341,132,97,13:11:46.303849
162.159202,288,712,13:11:46.303849
162.161103,274,521,13:11:46.303849
162.162959,645,517,13:11:46.303849
162.164816,483,782,13:11:46.303849
162.166672,568,449,13:11:46.303849
162.168531,799,493,13:11:46.303849
162.170387,558,275,13:11:46.303849
162.172243,517,429,13:11:46.303849
162.1741,283,873,13:11:46.303849
162.175957,221,386,13:11:46.303849
162.177818,487,332,13:11:46.303849
162.179675,402,452,13:11:46.303849
162.181533,263,350,13:11:46.303849
162.183389,137,331,13:11:46.303849
162.185246,260,639,13:11:46.303849
162.187102,454,787,13:11:46.303849
162.188958,375,680,13:11:46.303849
162.190815,262,721,13:11:46.303849
162.192671,295,364,13:11:46.303849
162.194531,335,382,13:11:46.303849
162.196392,336,564,13:11:46.305237
162.198248,447,628,13:11:46.305237
162.200108,299,384,13:11:46.305237
162.201967,357,404,13:11:46.305237
162.203825,121,699,13:11:46.305237
162.205688,285,737,13:11:46.353714
162.20755,254,255,13:11:46.353714
162.209411,-173,308,13:11:46.353714
162.211333,14,651,13:11:46.353714
162.213209,297,681,13:11:46.353714
162.215067,655,683,13:11:46.353714
162.216929,604,533,13:11:46.353714
162.218788,647,671,13:11:46.353714
162.220644,186,333,13:11:46.353714
162.22251,394,507,13:11:46.353714
162.224367,241,605,13:11:46.353714
162.226223,187,894,13:11:46.353714
162.228081,608,652,13:11:46.353714
162.229938,520,667,13:11:46.353714
162.231798,456,623,13:11:46.353714
162.233654,770,659,13:11:46.353714
162.235511,286,464,13:11:46.353714
162.237369,279,655,13:11:46.353714
162.239231,466,298,13:11:46.353714
162.241088,-50,434,13:11:46.353714
162.242944,292,566,13:11:46.353714
162.244805,373,565,13:11:46.353714
162.246661,285,535,13:11:46.353714
162.248517,594,386,13:11:46.353714
162.250378,485,763,13:11:46.353714
162.252234,385,409,13:11:46.353714
162.25409,324,808,13:11:46.354723
162.255955,452,633,13:11:46.403538
162.257817,450,309,13:11:46.403538
162.259679,263,464,13:11:46.403538
162.26157,427,666,13:11:46.403538
162.263426,222,408,13:11:46.403538
162.265282,468,537,13:11:46.403538
162.267141,520,499,13:11:46.403538
162.268999,539,483,13:11:46.403538
162.270856,689,758,13:11:46.403538
162.272716,612,690,13:11:46.403538
162.274572,617,736,13:11:46.403538
162.27643,723,817,13:11:46.403538
162.278287,437,626,13:11:46.403538
162.280143,417,472,13:11:46.403538
162.282002,370,408,13:11:46.403538
162.283862,359,655,13:11:46.403538
162.28572,453,739,13:11:46.403538
162.287577,378,510,13:11:46.403538
162.289437,168,475,13:11:46.403538
162.291293,314,413,13:11:46.403538
162.29315,196,554,13:11:46.403538
162.295008,332,668,13:11:46.403538
162.296866,244,626,13:11:46.403538
162.298723,274,715,13:11:46.403538
162.300579,434,802,13:11:46.404506
162.30244,675,616,13:11:46.404506
162.304298,306,255,13:11:46.404506
162.306162,-1,628,13:11:46.457338
162.308023,470,511,13:11:46.457338
162.309895,297,576,13:11:46.457338
162.311799,361,573,13:11:46.457338
162.313659,334,773,13:11:46.457338
162.315516,655,825,13:11:46.457338
162.317374,350,554,13:11:46.457338
162.31923,498,849,13:11:46.457338
162.321087,451,667,13:11:46.457338
162.322945,360,398,13:11:46.457338
162.324812,261,581,13:11:46.457338
162.32667,405,770,13:11:46.457338
162.328526,360,655,13:11:46.457338
162.330384,82,589,13:11:46.457338
162.332241,409,715,13:11:46.457338
162.334097,188,712,13:11:46.457338
162.335953,194,787,13:11:46.457338
162.33781,426,650,13:11:46.457338
162.339666,542,623,13:11:46.457338
162.341523,387,689,13:11:46.457338
162.343383,262,752,13:11:46.457338
162.345239,431,679,13:11:46.457338
162.347096,849,621,13:11:46.457338
162.348954,634,577,13:11:46.457338
162.35081,327,562,13:11:46.457338
162.352669,112,772,13:11:46.457338
162.354525,387,630,13:11:46.503961
162.356397,135,478,13:11:46.503961
162.358272,109,762,13:11:46.503961
162.360138,545,787,13:11:46.503961
162.362056,675,560,13:11:46.504960
162.363914,547,615,13:11:46.504960
162.365773,586,766,13:11:46.504960
162.367629,495,581,13:11:46.504960
162.369485,604,634,13:11:46.504960
162.371344,404,748,13:11:46.504960
162.3732,224,617,13:11:46.504960
162.375056,410,509,13:11:46.504960
162.376915,311,437,13:11:46.504960
162.378771,192,771,13:11:46.504960
162.380628,471,690,13:11:46.504960
162.382484,410,462,13:11:46.504960
162.384348,329,391,13:11:46.504960
162.386205,690,779,13:11:46.504960
162.388061,325,436,13:11:46.504960
162.389919,336,379,13:11:46.504960
162.391776,265,874,13:11:46.504960
162.393634,379,361,13:11:46.504960
162.39549,58,558,13:11:46.504960
162.397347,250,393,13:11:46.504960
162.399206,378,739,13:11:46.504960
162.401069,214,651,13:11:46.504960
162.402926,414,886,13:11:46.504960
162.404784,483,436,13:11:46.553898
162.406648,312,501,13:11:46.553898
162.408509,251,461,13:11:46.553898
162.410417,423,484,13:11:46.553898
162.412303,278,568,13:11:46.553898
162.41416,472,906,13:11:46.553898
162.416016,374,537,13:11:46.553898
162.417876,188,388,13:11:46.553898
162.419733,475,837,13:11:46.553898
162.421591,353,599,13:11:46.553898
162.423449,170,555,13:11:46.553898
162.425308,457,792,13:11:46.553898
162.427164,374,663,13:11:46.553898
162.42902,431,707,13:11:46.553898
162.430879,472,685,13:11:46.553898
162.432735,551,510,13:11:46.553898
162.434593,139,516,13:11:46.553898
162.43645,148,506,13:11:46.553898
162.438306,351,747,13:11:46.553898
162.440164,493,544,13:11:46.553898
162.442028,394,506,13:11:46.553898
162.443885,545,818,13:11:46.553898
162.445742,364,661,13:11:46.553898
162.4476,202,572,13:11:46.553898
162.449456,180,428,13:11:46.553898
162.451313,269,374,13:11:46.553898
162.453171,192,566,13:11:46.553898
162.455027,171,700,13:11:46.605000
162.456892,303,536,13:11:46.605000
162.458752,302,649,13:11:46.605000
162.460656,61,570,13:11:46.605000
162.462536,191,662,13:11:46.605000
162.464393,319,811,13:11:46.605000
162.466249,498,610,13:11:46.605000
162.468105,166,818,13:11:46.605000
162.469962,449,716,13:11:46.605000
162.47182,422,524,13:11:46.605000
162.473676,130,671,13:11:46.605000
162.475535,242,517,13:11:46.605000
162.477391,412,857,13:11:46.605000
162.479253,350,590,13:11:46.605000
162.48111,390,592,13:11:46.605000
162.482966,516,611,13:11:46.605000
162.484824,254,473,13:11:46.605000
162.486681,260,546,13:11:46.605000
162.488539,422,617,13:11:46.605000
162.490395,402,443,13:11:46.605000
162.492252,-17,924,13:11:46.605000
162.49411,535,706,13:11:46.605000
162.495967,636,712,13:11:46.605000
162.497827,495,546,13:11:46.605000
162.499683,311,584,13:11:46.605000
162.501542,575,752,13:11:46.605000
162.503404,405,588,13:11:46.605000
162.50526,496,700,13:11:46.654282
162.507131,544,700,13:11:46.654282
162.509007,434,579,13:11:46.654282
162.510935,485,759,13:11:46.654282
162.512805,185,533,13:11:46.654282
162.514662,265,704,13:11:46.654282
162.516522,531,588,13:11:46.654282
162.518378,448,447,13:11:46.654282
162.520235,326,803,13:11:46.654282
162.522093,606,745,13:11:46.654282
162.523955,690,461,13:11:46.654282
162.525814,62,775,13:11:46.654282
162.52767,706,586,13:11:46.654282
162.529536,507,776,13:11:46.654282
162.531393,207,486,13:11:46.654282
162.533249,173,728,13:11:46.654282
162.535107,348,739,13:11:46.654282
162.536964,397,495,13:11:46.654282
162.538822,204,531,13:11:46.654282
162.540678,14,573,13:11:46.654282
162.542535,409,631,13:11:46.654282
162.544393,526,538,13:11:46.654282
162.546257,135,684,13:11:46.654282
162.548114,527,729,13:11:46.654282
162.54997,315,791,13:11:46.654282
162.551829,308,665,13:11:46.654282
162.553685,367,696,13:11:46.654282
162.555543,324,376,13:11:46.709217
162.55741,302,566,13:11:46.709217
162.559272,484,1042,13:11:46.709217
162.561212,399,738,13:11:46.709217
162.563072,350,665,13:11:46.709217
162.564929,357,525,13:11:46.709217
162.566787,384,694,13:11:46.709217
162.568643,297,652,13:11:46.709217
162.570504,261,570,13:11:46.709217
162.572362,320,683,13:11:46.709217
162.574219,407,786,13:11:46.709217
162.576079,250,591,13:11:46.709217
162.577935,365,688,13:11:46.709217
162.579796,373,741,13:11:46.709217
162.581652,215,389,13:11:46.709217
162.583508,479,486,13:11:46.709217
162.585367,664,674,13:11:46.709217
162.587225,319,468,13:11:46.709217
162.589083,424,547,13:11:46.709217
162.59094,422,709,13:11:46.709217
162.592806,357,395,13:11:46.709217
162.594662,20,557,13:11:46.709217
162.596519,217,577,13:11:46.709217
162.598379,395,837,13:11:46.709217
162.600235,431,527,13:11:46.709217
162.602094,489,446,13:11:46.709217
162.603951,532,523,13:11:46.709217
162.605812,192,607,13:11:46.753998
162.607691,283,468,13:11:46.753998
162.609555,333,762,13:11:46.753998
162.611473,485,639,13:11:46.753998
162.613332,247,590,13:11:46.753998
162.61519,390,815,13:11:46.753998
162.617046,397,616,13:11:46.753998
162.618903,156,423,13:11:46.753998
162.620761,200,579,13:11:46.753998
162.622617,767,571,13:11:46.753998
162.624474,342,628,13:11:46.753998
162.626332,495,510,13:11:46.753998
162.628188,481,776,13:11:46.753998
162.630047,595,613,13:11:46.753998
162.631903,403,513,13:11:46.753998
162.633766,381,861,13:11:46.753998
162.635622,558,784,13:11:46.753998
162.637478,512,325,13:11:46.753998
162.639337,342,562,13:11:46.753998
162.641193,293,830,13:11:46.753998
162.643051,367,696,13:11:46.753998
162.644908,359,638,13:11:46.753998
162.646764,394,867,13:11:46.753998
162.648622,537,574,13:11:46.753998
162.650486,567,435,13:11:46.753998
162.652343,201,722,13:11:46.753998
162.654199,361,469,13:11:46.753998
162.656066,274,642,13:11:46.811890
162.657926,261,899,13:11:46.811890
162.65979,487,619,13:11:46.811890
162.661704,337,981,13:11:46.811890
162.663565,380,538,13:11:46.811890
162.665421,485,746,13:11:46.811890
162.667278,474,627,13:11:46.811890
162.669135,201,338,13:11:46.811890
162.670992,635,627,13:11:46.811890
162.672849,426,421,13:11:46.811890
162.674707,288,512,13:11:46.811890
162.676563,325,883,13:11:46.812892
162.67842,573,500,13:11:46.812892
162.680278,338,602,13:11:46.812892
162.682134,495,537,13:11:46.812892
162.683993,257,846,13:11:46.812892
162.685849,438,857,13:11:46.812892
162.687711,297,256,13:11:46.812892
162.689568,303,508,13:11:46.812892
162.691424,549,470,13:11:46.812892
162.693283,308,755,13:11:46.812892
162.695139,155,660,13:11:46.812892
162.696995,562,563,13:11:46.812892
162.698854,528,643,13:11:46.812892
162.70071,374,743,13:11:46.812892
162.702568,542,776,13:11:46.812892
162.704432,400,771,13:11:46.853705
162.706303,418,746,13:11:46.853705
162.708161,570,701,13:11:46.853705
162.710039,468,775,13:11:46.853705
162.711928,673,544,13:11:46.853705
162.713788,473,605,13:11:46.853705
162.715646,213,914,13:11:46.853705
162.717505,447,750,13:11:46.853705
162.719361,415,521,13:11:46.853705
162.72122,590,853,13:11:46.853705
162.72308,573,459,13:11:46.853705
162.724936,638,870,13:11:46.853705
162.726795,372,594,13:11:46.853705
162.728653,489,559,13:11:46.853705
162.730509,555,637,13:11:46.853705
162.732366,394,624,13:11:46.853705
162.734224,376,298,13:11:46.853705
162.73608,226,507,13:11:46.853705
162.737937,398,552,13:11:46.853705
162.739795,510,564,13:11:46.853705
162.741657,265,819,13:11:46.853705
162.743514,588,521,13:11:46.853705
162.74537,691,194,13:11:46.853705
162.747228,308,479,13:11:46.853705
162.749085,521,606,13:11:46.853705
162.750943,407,942,13:11:46.853705
162.752804,518,470,13:11:46.854705
162.75466,617,811,13:11:46.905248
162.756526,553,650,13:11:46.905248
162.758387,493,621,13:11:46.905248
162.760293,262,510,13:11:46.905248
162.762185,311,673,13:11:46.905248
162.764041,432,769,13:11:46.905248
162.765898,527,641,13:11:46.905248
162.767754,525,495,13:11:46.905248
162.769612,493,748,13:11:46.905248
162.771469,410,699,13:11:46.905248
162.773325,559,541,13:11:46.905248
162.775183,751,731,13:11:46.905248
162.77704,256,736,13:11:46.905248
162.778896,610,542,13:11:46.905248
162.780752,624,725,13:11:46.905248
162.782617,242,555,13:11:46.905248
162.784473,621,265,13:11:46.905248
162.78633,403,559,13:11:46.905248
162.788188,620,574,13:11:46.905248
162.790044,684,913,13:11:46.905248
162.791901,575,788,13:11:46.905248
162.793757,494,741,13:11:46.905248
162.795613,567,501,13:11:46.905248
162.79747,419,883,13:11:46.905248
162.799327,613,720,13:11:46.905248
162.801188,521,497,13:11:46.905248
162.803045,503,575,13:11:46.905248
162.804905,285,686,13:11:46.959677
162.806769,634,481,13:11:46.959677
162.80863,519,527,13:11:46.959677
162.810538,540,719,13:11:46.959677
162.812402,280,827,13:11:46.959677
162.814261,606,477,13:11:46.959677
162.816121,589,720,13:11:46.959677
162.817985,674,957,13:11:46.959677
162.819844,512,732,13:11:46.959677
162.8217,768,571,13:11:46.959677
162.823558,28,758,13:11:46.959677
162.825415,385,363,13:11:46.959677
162.827271,607,546,13:11:46.959677
162.829129,433,477,13:11:46.959677
162.830986,478,689,13:11:46.959677
162.832844,360,832,13:11:46.959677
162.834701,712,619,13:11:46.959677
162.836563,731,684,13:11:46.959677
162.838419,629,763,13:11:46.959677
162.840276,603,635,13:11:46.959677
162.842134,519,585,13:11:46.959677
162.84399,609,840,13:11:46.959677
162.845849,582,724,13:11:46.959677
162.847705,421,881,13:11:46.959677
162.849561,401,615,13:11:46.959677
162.85142,808,400,13:11:46.959677
162.853283,625,772,13:11:46.959677
162.85514,554,609,13:11:47.010748
162.857011,555,618,13:11:47.010748
162.858873,387,802,13:11:47.010748
162.860791,475,698,13:11:47.010748
162.862648,490,765,13:11:47.010748
162.864538,-606,400,13:11:47.010748
162.866404,319,704,13:11:47.010748
162.868268,558,486,13:11:47.010748
162.870125,537,662,13:11:47.010748
162.871981,548,603,13:11:47.010748
162.87384,518,722,13:11:47.010748
162.875696,434,782,13:11:47.010748
162.877552,610,536,13:11:47.010748
162.879411,610,627,13:11:47.010748
162.881267,296,688,13:11:47.010748
162.883125,526,866,13:11:47.010748
162.884982,385,950,13:11:47.010748
162.886846,471,854,13:11:47.010748
162.888702,508,733,13:11:47.010748
162.890559,449,925,13:11:47.010748
162.892417,645,686,13:11:47.010748
162.894273,416,715,13:11:47.010748
162.89613,617,580,13:11:47.010748
162.897986,731,588,13:11:47.010748
162.899843,660,783,13:11:47.010748
162.901699,381,690,13:11:47.010748
162.903556,714,780,13:11:47.010748
162.905416,749,508,13:11:47.059892
162.907288,359,724,13:11:47.059892
162.909151,426,700,13:11:47.059892
162.911042,78,951,13:11:47.059892
162.912905,606,760,13:11:47.059892
162.914797,326,543,13:11:47.059892
162.916661,431,768,13:11:47.059892
162.918524,607,845,13:11:47.060893
162.920382,532,509,13:11:47.060893
162.922238,576,884,13:11:47.060893
162.924097,638,867,13:11:47.060893
162.925953,454,613,13:11:47.060893
162.927814,446,504,13:11:47.060893
162.929672,461,629,13:11:47.061891
162.931538,374,798,13:11:47.061891
162.933395,562,457,13:11:47.061891
162.935251,523,938,13:11:47.061891
162.937109,498,876,13:11:47.062892
162.938966,460,904,13:11:47.062892
162.940822,412,659,13:11:47.062892
162.94268,285,784,13:11:47.062892
162.944537,380,467,13:11:47.062892
162.946395,415,708,13:11:47.063891
162.948251,503,413,13:11:47.063891
162.950116,303,655,13:11:47.063891
162.951972,591,659,13:11:47.063891
162.953829,666,682,13:11:47.063891
162.955689,304,546,13:11:47.111030
162.957549,489,657,13:11:47.111030
162.959411,420,592,13:11:47.111030
162.96133,288,529,13:11:47.111030
162.963186,262,690,13:11:47.111030
162.965046,505,699,13:11:47.111030
162.966903,-1394,636,13:11:47.111030
162.968765,469,987,13:11:47.111030
162.970621,531,771,13:11:47.111030
162.972478,497,611,13:11:47.111030
162.974336,346,795,13:11:47.111030
162.976193,408,845,13:11:47.111030
162.978051,540,783,13:11:47.111030
162.979907,377,976,13:11:47.111030
162.981764,624,889,13:11:47.111030
162.983622,574,811,13:11:47.111030
162.985485,522,718,13:11:47.111030
162.987343,468,795,13:11:47.111030
162.989199,400,664,13:11:47.111030
162.991057,333,443,13:11:47.111030
162.992914,267,684,13:11:47.111030
162.994772,369,844,13:11:47.111030
162.99663,456,674,13:11:47.111030
162.998487,463,837,13:11:47.111030
163.000343,361,537,13:11:47.111030
163.002199,380,634,13:11:47.111030
163.004062,630,385,13:11:47.111030
163.005932,673,712,13:11:47.162465
163.007793,471,668,13:11:47.162465
163.009656,350,707,13:11:47.162465
163.011569,582,811,13:11:47.162465
163.013427,826,500,13:11:47.162465
163.015288,172,709,13:11:47.162465
163.01717,476,706,13:11:47.162465
163.019038,356,382,13:11:47.162465
163.020894,609,857,13:11:47.162465
163.022755,426,237,13:11:47.162465
163.024613,669,652,13:11:47.162465
163.02647,373,437,13:11:47.162465
163.028328,521,537,13:11:47.162465
163.030184,342,686,13:11:47.162465
163.032043,570,619,13:11:47.162465
163.033901,541,695,13:11:47.162465
163.035767,487,644,13:11:47.162465
163.037624,371,769,13:11:47.162465
163.03948,262,591,13:11:47.162465
163.041338,511,741,13:11:47.162465
163.043195,317,528,13:11:47.162465
163.045051,613,493,13:11:47.162465
163.046909,539,434,13:11:47.162465
163.048766,649,645,13:11:47.162465
163.050624,507,927,13:11:47.162465
163.05248,636,522,13:11:47.162465
163.054345,592,593,13:11:47.162465
163.056215,495,835,13:11:47.212398
163.058078,475,714,13:11:47.212398
163.059952,711,546,13:11:47.212398
163.061885,376,688,13:11:47.212398
163.063748,237,736,13:11:47.212398
163.065606,568,587,13:11:47.212398
163.067463,412,880,13:11:47.212398
163.069321,-1177,721,13:11:47.212398
163.071221,406,707,13:11:47.212398
163.073078,634,759,13:11:47.212398
163.074936,176,814,13:11:47.212398
163.076794,621,577,13:11:47.212398
163.078655,527,544,13:11:47.212398
163.080511,539,612,13:11:47.212398
163.082367,677,804,13:11:47.212398
163.084226,537,1091,13:11:47.212398
163.086082,476,564,13:11:47.212398
163.087941,191,797,13:11:47.212398
163.089799,560,643,13:11:47.212398
163.091655,297,706,13:11:47.213587
163.093513,214,609,13:11:47.213587
163.095374,311,867,13:11:47.213587
163.09723,322,504,13:11:47.213587
163.099087,604,643,13:11:47.213587
163.100945,465,613,13:11:47.213587
163.102803,361,983,13:11:47.213587
163.10466,498,622,13:11:47.266821
163.106526,220,604,13:11:47.266821
163.108386,398,582,13:11:47.266821
163.11029,636,798,13:11:47.266821
163.112155,433,567,13:11:47.266821
163.114013,298,613,13:11:47.266821
163.115875,575,899,13:11:47.266821
163.117738,429,808,13:11:47.266821
163.119596,-1809,307,13:11:47.266821
163.12146,621,623,13:11:47.266821
163.123319,401,813,13:11:47.266821
163.125177,373,571,13:11:47.266821
163.127067,494,839,13:11:47.266821
163.128928,589,702,13:11:47.266821
163.130784,561,686,13:11:47.266821
163.13264,490,619,13:11:47.266821
163.134499,416,780,13:11:47.266821
163.136355,625,723,13:11:47.266821
163.138213,397,549,13:11:47.266821
163.14007,566,750,13:11:47.266821
163.141932,379,546,13:11:47.266821
163.14379,365,684,13:11:47.266821
163.145647,371,698,13:11:47.266821
163.147507,498,773,13:11:47.266821
163.149363,510,761,13:11:47.267813
163.151222,264,676,13:11:47.267813
163.153078,410,559,13:11:47.267813
163.154935,353,596,13:11:47.314259
163.156807,442,646,13:11:47.315258
163.158667,358,1064,13:11:47.315258
163.160563,585,915,13:11:47.315258
163.162424,443,680,13:11:47.315258
163.16428,521,848,13:11:47.315258
163.166138,146,383,13:11:47.315258
163.167995,269,656,13:11:47.316258
163.169853,463,632,13:11:47.316258
163.171709,-1477,504,13:11:47.316258
163.173568,506,424,13:11:47.316258
163.175426,511,598,13:11:47.318258
163.177292,243,480,13:11:47.318258
163.179149,412,632,13:11:47.318258
163.181005,337,644,13:11:47.318258
163.182864,518,641,13:11:47.318258
163.18472,373,819,13:11:47.320340
163.186576,523,875,13:11:47.320340
163.188435,536,619,13:11:47.320340
163.190291,254,621,13:11:47.320340
163.192147,516,501,13:11:47.320340
163.194004,241,740,13:11:47.320340
163.19587,514,849,13:11:47.320340
163.197726,501,707,13:11:47.320340
163.199583,491,803,13:11:47.320340
163.201441,458,811,13:11:47.320340
163.203297,642,863,13:11:47.320340
163.205154,512,772,13:11:47.370510
163.207024,673,743,13:11:47.371508
163.208884,326,870,13:11:47.371508
163.210804,270,750,13:11:47.371508
163.212665,479,685,13:11:47.371508
163.214527,553,534,13:11:47.371508
163.216385,500,717,13:11:47.371508
163.218242,370,756,13:11:47.371508
163.220104,460,607,13:11:47.371508
163.221964,-1932,613,13:11:47.371508
163.223851,470,625,13:11:47.372508
163.225711,340,600,13:11:47.372508
163.227575,413,599,13:11:47.372508
163.229432,276,452,13:11:47.372508
163.231288,696,583,13:11:47.372508
163.233146,407,858,13:11:47.372508
163.235003,532,705,13:11:47.372508
163.236859,275,836,13:11:47.372508
163.238717,366,673,13:11:47.372508
163.240574,483,507,13:11:47.372508
163.242432,354,710,13:11:47.372508
163.244289,569,873,13:11:47.372508
163.246153,425,584,13:11:47.372508
163.248009,393,700,13:11:47.372508
163.249868,311,881,13:11:47.372508
163.251726,550,786,13:11:47.372508
163.253582,633,831,13:11:47.372508
163.255441,541,637,13:11:47.417508
163.257301,322,598,13:11:47.417508
163.259161,536,766,13:11:47.417508
163.261091,238,646,13:11:47.418509
163.262948,276,665,13:11:47.418509
163.26481,357,657,13:11:47.418509
163.266666,350,734,13:11:47.418509
163.268523,473,584,13:11:47.418509
163.270385,416,549,13:11:47.418509
163.272241,428,658,13:11:47.418509
163.2741,339,822,13:11:47.418509
163.275956,-1976,657,13:11:47.418509
163.277858,338,648,13:11:47.418509
163.279715,445,777,13:11:47.418509
163.281571,431,733,13:11:47.418509
163.283429,149,716,13:11:47.418509
163.285286,596,492,13:11:47.418509
163.287142,604,702,13:11:47.418509
163.288998,506,682,13:11:47.418509
163.290855,688,736,13:11:47.418509
163.292711,185,423,13:11:47.418509
163.294567,403,778,13:11:47.418509
163.29643,531,782,13:11:47.418509
163.298286,254,807,13:11:47.418509
163.300143,436,725,13:11:47.418509
163.302001,237,632,13:11:47.418509
163.303857,543,717,13:11:47.418509
163.305716,403,576,13:11:47.471647
163.307578,554,671,13:11:47.471647
163.309442,309,548,13:11:47.471647
163.311348,426,725,13:11:47.471647
163.313209,27,781,13:11:47.471647
163.315067,338,985,13:11:47.471647
163.316923,485,678,13:11:47.471647
163.318782,19,941,13:11:47.471647
163.32064,76,705,13:11:47.471647
163.322501,633,733,13:11:47.471647
163.324365,-72,984,13:11:47.471647
163.326229,481,950,13:11:47.471647
163.328086,245,906,13:11:47.471647
163.329944,471,708,13:11:47.471647
163.331826,76,553,13:11:47.471647
163.333685,317,812,13:11:47.471647
163.335541,360,444,13:11:47.471647
163.337397,396,515,13:11:47.471647
163.339254,484,663,13:11:47.471647
163.34111,496,824,13:11:47.471647
163.342968,511,384,13:11:47.471647
163.344825,375,710,13:11:47.471647
163.346683,506,678,13:11:47.471647
163.348539,483,589,13:11:47.471647
163.350398,125,761,13:11:47.471647
163.352256,318,727,13:11:47.471647
163.354115,343,566,13:11:47.471647
163.355987,481,872,13:11:47.521638
163.357849,509,851,13:11:47.521638
163.359711,373,710,13:11:47.521638
163.361598,228,595,13:11:47.521638
163.363455,636,615,13:11:47.521638
163.365314,447,730,13:11:47.522642
163.367171,342,489,13:11:47.522642
163.369029,272,634,13:11:47.522642
163.370885,200,710,13:11:47.522642
163.372742,405,594,13:11:47.522642
163.3746,334,723,13:11:47.522642
163.37649,439,528,13:11:47.522642
163.378355,-2127,867,13:11:47.522642
163.380219,579,698,13:11:47.522642
163.382075,403,671,13:11:47.522642
163.383938,139,730,13:11:47.522642
163.385796,359,511,13:11:47.522642
163.387654,549,582,13:11:47.522642
163.389511,440,711,13:11:47.522642
163.391367,476,611,13:11:47.522642
163.393225,339,620,13:11:47.522642
163.395083,409,762,13:11:47.522642
163.39694,341,710,13:11:47.522642
163.398798,455,847,13:11:47.522642
163.400665,593,651,13:11:47.522642
163.402521,337,803,13:11:47.522642
163.404377,364,784,13:11:47.522642
163.40625,266,642,13:11:47.572090
163.40811,498,800,13:11:47.572090
163.40998,381,823,13:11:47.572090
163.411861,224,625,13:11:47.572090
163.413722,331,766,13:11:47.572090
163.415579,375,614,13:11:47.572090
163.417436,149,702,13:11:47.572090
163.419294,279,482,13:11:47.572090
163.42115,-594,528,13:11:47.572090
163.423007,459,598,13:11:47.572090
163.424869,-228,660,13:11:47.572090
163.426725,403,713,13:11:47.572090
163.428584,-1523,550,13:11:47.572090
163.430442,299,784,13:11:47.572090
163.4323,282,565,13:11:47.572090
163.434159,679,705,13:11:47.572090
163.436043,606,682,13:11:47.572090
163.437901,588,614,13:11:47.572090
163.439758,353,610,13:11:47.572090
163.441624,353,566,13:11:47.572090
163.44348,455,570,13:11:47.572090
163.445337,399,534,13:11:47.572090
163.447195,452,643,13:11:47.572090
163.449052,203,722,13:11:47.572090
163.450908,478,686,13:11:47.572090
163.452764,614,775,13:11:47.572090
163.454621,562,977,13:11:47.622550
163.456485,454,863,13:11:47.622550
163.458351,372,641,13:11:47.622550
163.460255,623,607,13:11:47.622550
163.462124,328,635,13:11:47.622550
163.463984,443,943,13:11:47.622550
163.465844,355,529,13:11:47.623549
163.467701,533,643,13:11:47.623549
163.469559,530,869,13:11:47.623549
163.471415,339,579,13:11:47.624551
163.473272,284,753,13:11:47.625549
163.475128,-76,658,13:11:47.625549
163.476992,-183,667,13:11:47.625549
163.478849,-780,684,13:11:47.625549
163.480707,439,607,13:11:47.625549
163.482566,470,670,13:11:47.625549
163.484422,726,586,13:11:47.625549
163.486278,412,537,13:11:47.625549
163.488137,686,785,13:11:47.625549
163.489993,545,685,13:11:47.625549
163.491851,794,740,13:11:47.625549
163.493708,349,722,13:11:47.625549
163.49557,427,736,13:11:47.625549
163.497426,531,691,13:11:47.625549
163.499283,401,687,13:11:47.625549
163.501141,372,748,13:11:47.625549
163.502998,249,679,13:11:47.625549
163.504856,286,746,13:11:47.675666
163.506726,234,579,13:11:47.675666
163.508587,470,848,13:11:47.675666
163.510485,481,514,13:11:47.675666
163.512345,329,573,13:11:47.675666
163.514211,355,571,13:11:47.675666
163.516068,397,752,13:11:47.675666
163.517924,114,535,13:11:47.675666
163.519783,281,297,13:11:47.675666
163.521639,445,604,13:11:47.675666
163.523497,-105,679,13:11:47.675666
163.525354,404,656,13:11:47.675666
163.527216,617,576,13:11:47.675666
163.529096,-65,566,13:11:47.675666
163.530965,113,486,13:11:47.675666
163.532823,488,663,13:11:47.675666
163.534679,495,616,13:11:47.675666
163.536538,204,661,13:11:47.675666
163.538396,325,530,13:11:47.675666
163.540262,225,663,13:11:47.675666
163.542119,580,665,13:11:47.675666
163.543975,423,938,13:11:47.675666
163.545833,116,654,13:11:47.675666
163.54769,417,681,13:11:47.675666
163.549546,354,772,13:11:47.676667
163.551404,463,573,13:11:47.676667
163.553261,467,489,13:11:47.676667
163.555117,526,734,13:11:47.732924
163.556986,378,710,13:11:47.732924
163.558848,337,696,13:11:47.732924
163.560764,453,540,13:11:47.732924
163.56262,474,628,13:11:47.732924
163.564479,379,505,13:11:47.732924
163.566335,363,507,13:11:47.732924
163.568191,143,590,13:11:47.732924
163.57005,-696,977,13:11:47.732924
163.571906,-102,462,13:11:47.732924
163.573764,186,659,13:11:47.732924
163.575621,-152,536,13:11:47.732924
163.577487,-247,747,13:11:47.732924
163.579352,218,644,13:11:47.732924
163.581232,478,625,13:11:47.732924
163.583104,-1282,542,13:11:47.732924
163.58496,348,693,13:11:47.732924
163.586821,397,481,13:11:47.733931
163.588679,626,684,13:11:47.733931
163.590545,492,560,13:11:47.733931
163.592402,602,706,13:11:47.733931
163.594258,393,738,13:11:47.733931
163.596116,522,649,13:11:47.733931
163.597973,426,651,13:11:47.733931
163.599829,447,564,13:11:47.733931
163.601688,374,703,13:11:47.733931
163.603544,339,675,13:11:47.733931
163.6054,470,836,13:11:47.776933
163.607267,292,714,13:11:47.776933
163.609131,334,563,13:11:47.776933
163.611027,-67,582,13:11:47.776933
163.612893,222,453,13:11:47.776933
163.614754,392,533,13:11:47.776933
163.616612,254,713,13:11:47.777500
163.618468,179,703,13:11:47.777500
163.620327,426,555,13:11:47.777500
163.622189,438,769,13:11:47.777500
163.624047,533,625,13:11:47.777500
163.625904,29,515,13:11:47.777500
163.62777,509,580,13:11:47.777500
163.629635,-80,828,13:11:47.777500
163.631491,402,652,13:11:47.777500
163.633353,443,618,13:11:47.777500
163.635211,354,800,13:11:47.777500
163.637096,681,541,13:11:47.777500
163.638972,-749,816,13:11:47.777500
163.640837,372,765,13:11:47.777500
163.642693,534,603,13:11:47.777500
163.644549,468,748,13:11:47.777500
163.64641,477,654,13:11:47.777500
163.648266,593,595,13:11:47.777500
163.650122,289,625,13:11:47.777500
163.651981,479,597,13:11:47.777500
163.653837,397,625,13:11:47.777500
163.655699,148,587,13:11:47.829981
163.657564,35,676,13:11:47.829981
163.659426,483,755,13:11:47.829981
163.661334,37,612,13:11:47.829981
163.663191,142,569,13:11:47.829981
163.665049,71,482,13:11:47.829981
163.666905,114,517,13:11:47.829981
163.668764,64,721,13:11:47.829981
163.670622,-95,489,13:11:47.829981
163.672478,-344,592,13:11:47.829981
163.674337,-208,542,13:11:47.829981
163.676193,350,456,13:11:47.829981
163.678053,510,672,13:11:47.829981
163.67991,184,945,13:11:47.829981
163.681767,126,506,13:11:47.829981
163.683644,-1458,325,13:11:47.829981
163.685511,289,738,13:11:47.829981
163.687377,181,781,13:11:47.829981
163.689233,250,570,13:11:47.829981
163.69109,365,919,13:11:47.829981
163.692948,469,485,13:11:47.829981
163.694805,298,591,13:11:47.829981
163.696663,644,599,13:11:47.829981
163.698519,541,748,13:11:47.829981
163.700376,468,628,13:11:47.829981
163.702234,380,519,13:11:47.829981
163.704098,334,694,13:11:47.829981
163.705977,560,494,13:11:47.882624
163.707837,404,669,13:11:47.882624
163.709699,411,560,13:11:47.882624
163.711582,199,487,13:11:47.882624
163.713438,537,847,13:11:47.882624
163.715297,474,660,13:11:47.882624
163.717157,657,402,13:11:47.882624
163.719013,290,603,13:11:47.882624
163.720875,208,520,13:11:47.882624
163.722733,-157,806,13:11:47.882624
163.724594,-246,735,13:11:47.882624
163.72645,307,469,13:11:47.882624
163.728309,142,299,13:11:47.882624
163.730165,302,719,13:11:47.882624
163.732031,197,844,13:11:47.882624
163.733916,-1272,747,13:11:47.882624
163.73578,434,639,13:11:47.882624
163.73764,332,538,13:11:47.882624
163.739497,350,758,13:11:47.882624
163.741353,416,509,13:11:47.882624
163.743211,76,593,13:11:47.882624
163.745068,361,431,13:11:47.882624
163.746924,171,847,13:11:47.882624
163.748782,386,747,13:11:47.882624
163.750649,384,615,13:11:47.882624
163.752505,527,632,13:11:47.882624
163.754361,259,784,13:11:47.882624
163.756226,74,611,13:11:47.929491
163.758086,228,543,13:11:47.929491
163.75996,89,725,13:11:47.929491
163.761841,286,824,13:11:47.929491
163.763705,400,642,13:11:47.929491
163.765561,447,567,13:11:47.931426
163.767418,64,543,13:11:47.931426
163.769276,235,534,13:11:47.931426
163.771132,433,638,13:11:47.931426
163.772991,198,610,13:11:47.931426
163.774849,177,442,13:11:47.931426
163.776705,-96,891,13:11:47.931426
163.778564,417,555,13:11:47.931426
163.78042,-191,613,13:11:47.931426
163.782282,823,626,13:11:47.931426
163.784139,565,591,13:11:47.931426
163.786025,391,803,13:11:47.931426
163.787885,-1593,764,13:11:47.931426
163.789752,397,477,13:11:47.932422
163.791608,170,455,13:11:47.932422
163.793464,311,760,13:11:47.932422
163.795321,392,1010,13:11:47.932422
163.797179,624,709,13:11:47.932422
163.799035,663,805,13:11:47.932422
163.800894,381,671,13:11:47.932422
163.80275,305,531,13:11:47.932422
163.804607,346,788,13:11:47.982578
163.806473,348,391,13:11:47.982578
163.808335,185,547,13:11:47.982578
163.810235,141,536,13:11:47.982578
163.8121,214,535,13:11:47.982578
163.81396,211,417,13:11:47.982578
163.815818,164,699,13:11:47.982578
163.817675,-166,729,13:11:47.982578
163.819533,502,818,13:11:47.982578
163.82139,571,591,13:11:47.982578
163.82325,464,705,13:11:47.982578
163.825108,423,487,13:11:47.982578
163.826967,-485,606,13:11:47.982578
163.828827,203,720,13:11:47.982578
163.830683,-111,868,13:11:47.982578
163.832542,201,611,13:11:47.982578
163.834406,234,624,13:11:47.982578
163.836263,-1090,684,13:11:47.982578
163.838129,360,598,13:11:47.982578
163.839985,297,769,13:11:47.982578
163.841843,265,476,13:11:47.982578
163.843724,649,532,13:11:47.982578
163.84558,453,572,13:11:47.982578
163.847436,332,592,13:11:47.982578
163.849295,305,634,13:11:47.982578
163.851153,226,642,13:11:47.982578
163.853009,529,436,13:11:47.982578
163.85487,281,542,13:11:48.032221
163.85674,150,516,13:11:48.032221
163.8586,283,317,13:11:48.032221
163.860511,408,371,13:11:48.032221
163.862373,304,624,13:11:48.032221
163.864229,664,634,13:11:48.032221
163.866088,266,417,13:11:48.032221
163.867944,16,536,13:11:48.032221
163.869806,330,573,13:11:48.032221
163.871665,-324,605,13:11:48.032221
163.873521,287,616,13:11:48.032221
163.875377,431,651,13:11:48.032221
163.877234,367,771,13:11:48.032221
163.879092,-451,799,13:11:48.032221
163.880948,178,563,13:11:48.032221
163.882807,393,382,13:11:48.032221
163.884663,112,499,13:11:48.032221
163.886522,-60,503,13:11:48.032221
163.8884,-62,562,13:11:48.032221
163.890264,428,545,13:11:48.032221
163.892122,421,371,13:11:48.032221
163.893979,576,403,13:11:48.032221
163.895837,497,465,13:11:48.032221
163.897694,344,690,13:11:48.032221
163.89955,451,686,13:11:48.032221
163.901408,624,682,13:11:48.032221
163.903265,398,434,13:11:48.032221
163.905123,626,748,13:11:48.085626
163.906991,510,558,13:11:48.085626
163.908852,397,702,13:11:48.085626
163.91077,184,512,13:11:48.085626
163.912626,424,473,13:11:48.085626
163.914484,431,827,13:11:48.085626
163.916341,667,797,13:11:48.085626
163.918197,347,856,13:11:48.085626
163.920056,55,567,13:11:48.085626
163.921912,-1,336,13:11:48.085626
163.923772,363,285,13:11:48.085626
163.925629,177,452,13:11:48.085626
163.927485,168,723,13:11:48.085626
163.929343,448,458,13:11:48.085626
163.931204,383,537,13:11:48.085626
163.933062,307,455,13:11:48.085626
163.934918,576,480,13:11:48.085626
163.936777,325,570,13:11:48.085626
163.938661,-1072,474,13:11:48.085626
163.940528,355,609,13:11:48.085626
163.942386,359,563,13:11:48.085626
163.944244,277,720,13:11:48.085626
163.946102,439,520,13:11:48.085626
163.947959,474,504,13:11:48.085626
163.949815,342,567,13:11:48.085626
163.951673,624,435,13:11:48.085626
163.95353,402,464,13:11:48.085626
163.955388,492,665,13:11:48.134951
163.957252,691,586,13:11:48.134951
163.959115,414,519,13:11:48.134951
163.961017,269,581,13:11:48.134951
163.962875,329,623,13:11:48.134951
163.964734,324,528,13:11:48.138389
163.96659,415,402,13:11:48.138389
163.968449,355,481,13:11:48.138389
163.970309,590,472,13:11:48.139863
163.972165,-63,765,13:11:48.139863
163.974021,330,682,13:11:48.139863
163.975878,503,155,13:11:48.139863
163.977736,370,632,13:11:48.139863
163.979592,477,600,13:11:48.139863
163.981449,26,458,13:11:48.139863
163.983307,-89,733,13:11:48.139863
163.985167,286,504,13:11:48.139863
163.987024,-618,537,13:11:48.139863
163.98888,-5,426,13:11:48.139863
163.990741,97,819,13:11:48.139863
163.992621,211,693,13:11:48.139863
163.994493,295,743,13:11:48.139863
163.996351,460,491,13:11:48.139863
163.998208,224,715,13:11:48.139863
164.000066,246,556,13:11:48.139863
164.001922,132,517,13:11:48.139863
164.003779,612,661,13:11:48.139863
164.005639,72,499,13:11:48.187732
164.0075,394,427,13:11:48.187732
164.009361,429,656,13:11:48.187732
164.011273,95,411,13:11:48.187732
164.013131,343,544,13:11:48.187732
164.014989,183,623,13:11:48.187732
164.016847,496,548,13:11:48.187732
164.018713,419,574,13:11:48.187732
164.02057,66,515,13:11:48.187732
164.022426,3,550,13:11:48.187732
164.024284,-141,285,13:11:48.187732
164.026141,166,540,13:11:48.187732
164.027997,-114,476,13:11:48.187732
164.029856,118,603,13:11:48.187732
164.031714,-79,536,13:11:48.187732
164.033574,36,576,13:11:48.187732
164.035433,532,531,13:11:48.187732
164.037289,235,848,13:11:48.187732
164.039145,271,834,13:11:48.187732
164.041038,355,726,13:11:48.187732
164.042902,-233,600,13:11:48.187732
164.044758,280,693,13:11:48.187732
164.046615,245,734,13:11:48.187732
164.048471,528,472,13:11:48.187732
164.050329,247,685,13:11:48.187732
164.052186,212,536,13:11:48.187732
164.054042,76,288,13:11:48.187732
164.055902,305,501,13:11:48.203743
164.057765,449,794,13:11:48.203743
164.059627,191,526,13:11:48.203743
164.061531,245,383,13:11:48.203743
164.063387,279,611,13:11:48.203743
164.065246,210,629,13:11:48.203743
164.067102,219,480,13:11:48.203743
164.068965,333,610,13:11:48.203743
164.070823,204,443,13:11:48.203743
164.072679,271,464,13:11:48.203743
164.074536,245,877,13:11:48.203743
164.076393,253,296,13:11:48.203743
164.07825,108,629,13:11:48.203743
164.080107,510,599,13:11:48.203743
164.081965,210,734,13:11:48.203743
164.083823,453,606,13:11:48.203743
164.08568,233,646,13:11:48.203743
164.087538,362,547,13:11:48.203743
164.089395,535,772,13:11:48.203743
164.091253,250,535,13:11:48.203743
164.093131,-46,416,13:11:48.203743
164.094999,-1403,592,13:11:48.203743
164.096858,324,647,13:11:48.203743
164.098714,292,454,13:11:48.203743
164.100571,44,819,13:11:48.203743
164.102427,252,471,13:11:48.203743
164.104293,376,530,13:11:48.203743
164.10616,323,463,13:11:48.254439
164.108026,341,570,13:11:48.254439
164.109897,114,396,13:11:48.254439
164.111804,315,388,13:11:48.254439
164.113663,434,459,13:11:48.255431
164.115521,617,448,13:11:48.255431
164.117377,440,559,13:11:48.255431
164.119236,436,459,13:11:48.255431
164.121092,406,496,13:11:48.255431
164.122951,480,644,13:11:48.255431
164.124809,499,531,13:11:48.255431
164.126675,224,507,13:11:48.255431
164.128532,359,784,13:11:48.255431
164.130388,243,566,13:11:48.255431
164.132246,341,754,13:11:48.255431
164.134103,354,520,13:11:48.255431
164.135959,629,712,13:11:48.255431
164.137816,494,709,13:11:48.255431
164.139672,452,592,13:11:48.255431
164.14154,313,668,13:11:48.255431
164.143397,428,413,13:11:48.255431
164.145253,430,561,13:11:48.255431
164.147109,386,667,13:11:48.255431
164.148968,493,607,13:11:48.255431
164.150826,193,558,13:11:48.255431
164.152682,380,369,13:11:48.255431
164.154541,342,688,13:11:48.255431
164.156407,381,455,13:11:48.303552
164.158267,273,749,13:11:48.303552
164.160155,329,704,13:11:48.303552
164.16203,-42,475,13:11:48.303552
164.163888,308,793,13:11:48.303552
164.165745,176,418,13:11:48.305548
164.167601,221,697,13:11:48.305548
164.169461,280,637,13:11:48.305548
164.171318,658,479,13:11:48.305548
164.173176,309,592,13:11:48.305548
164.175032,-140,532,13:11:48.305548
164.176893,327,544,13:11:48.305548
164.178749,205,407,13:11:48.305548
164.180608,160,617,13:11:48.305548
164.18247,172,669,13:11:48.305548
164.184326,179,608,13:11:48.305548
164.186185,274,790,13:11:48.305548
164.188041,241,435,13:11:48.305548
164.189897,582,806,13:11:48.305548
164.191756,476,368,13:11:48.305548
164.193617,66,301,13:11:48.305548
164.195474,463,571,13:11:48.305548
164.197331,267,661,13:11:48.305548
164.199193,82,719,13:11:48.305548
164.20105,404,546,13:11:48.305548
164.202906,601,537,13:11:48.305548
164.204766,349,518,13:11:48.353639
164.206637,396,671,13:11:48.353639
164.208497,355,342,13:11:48.353639
164.210399,266,555,13:11:48.353639
164.212358,199,765,13:11:48.353639
164.214265,390,704,13:11:48.353639
164.216126,332,622,13:11:48.353639
164.217982,69,726,13:11:48.353639
164.219844,641,669,13:11:48.353639
164.221701,446,441,13:11:48.353639
164.223557,69,377,13:11:48.353639
164.225415,24,577,13:11:48.353639
164.227272,209,602,13:11:48.353639
164.22913,401,603,13:11:48.353639
164.230986,553,708,13:11:48.353639
164.232845,594,770,13:11:48.353639
164.234703,569,384,13:11:48.353639
164.236565,345,677,13:11:48.353639
164.238422,665,680,13:11:48.353639
164.240278,407,520,13:11:48.353639
164.242137,327,559,13:11:48.353639
164.243995,295,305,13:11:48.353639
164.245853,702,497,13:11:48.353639
164.247712,406,381,13:11:48.353639
164.249568,302,697,13:11:48.353639
164.251426,206,298,13:11:48.353639
164.253283,364,369,13:11:48.353639
164.255143,500,410,13:11:48.405304
164.257015,271,780,13:11:48.405304
164.258876,335,425,13:11:48.405304
164.26077,-325,472,13:11:48.405304
164.262626,331,629,13:11:48.405304
164.264483,87,535,13:11:48.405304
164.266341,74,421,13:11:48.405304
164.2682,177,426,13:11:48.405304
164.270058,204,753,13:11:48.405304
164.271914,11,307,13:11:48.405304
164.273775,297,509,13:11:48.405304
164.275631,187,637,13:11:48.405304
164.277487,-59,698,13:11:48.405304
164.279346,204,426,13:11:48.405304
164.281202,185,739,13:11:48.405304
164.28306,296,657,13:11:48.405304
164.284917,321,913,13:11:48.405304
164.286777,393,704,13:11:48.405304
164.288633,444,770,13:11:48.405304
164.29049,703,451,13:11:48.405304
164.292348,359,604,13:11:48.405304
164.294205,411,539,13:11:48.405304
164.296063,491,786,13:11:48.405304
164.297919,343,707,13:11:48.405304
164.299776,307,691,13:11:48.405304
164.301634,337,781,13:11:48.405304
164.303498,490,741,13:11:48.405304
164.305365,179,618,13:11:48.457976
164.307235,280,574,13:11:48.458981
164.309099,411,381,13:11:48.458981
164.310996,-171,613,13:11:48.458981
164.312854,188,373,13:11:48.458981
164.31471,316,579,13:11:48.458981
164.316567,291,874,13:11:48.458981
164.318423,57,738,13:11:48.458981
164.320279,388,720,13:11:48.458981
164.322136,254,701,13:11:48.458981
164.323996,298,730,13:11:48.458981
164.325854,159,375,13:11:48.458981
164.327713,422,454,13:11:48.458981
164.329569,351,366,13:11:48.458981
164.331426,375,653,13:11:48.458981
164.333284,300,696,13:11:48.458981
164.335142,233,752,13:11:48.458981
164.337001,510,825,13:11:48.458981
164.338857,647,709,13:11:48.458981
164.340723,585,828,13:11:48.458981
164.34258,685,715,13:11:48.458981
164.344436,507,488,13:11:48.458981
164.346296,259,787,13:11:48.458981
164.348153,251,551,13:11:48.459982
164.350011,200,482,13:11:48.459982
164.351867,485,606,13:11:48.459982
164.353728,392,315,13:11:48.459982
164.355596,282,803,13:11:48.503281
164.35746,470,750,13:11:48.503281
164.359321,417,610,13:11:48.503281
164.36123,239,559,13:11:48.503281
164.363107,380,729,13:11:48.503281
164.364964,331,389,13:11:48.503281
164.36682,386,425,13:11:48.503281
164.368678,304,480,13:11:48.503281
164.370535,267,753,13:11:48.503281
164.372391,307,563,13:11:48.503281
164.374249,138,425,13:11:48.503281
164.376106,363,674,13:11:48.503281
164.377962,283,851,13:11:48.503281
164.379818,278,521,13:11:48.503281
164.381683,339,498,13:11:48.503281
164.383539,451,560,13:11:48.503281
164.385396,437,719,13:11:48.503281
164.387254,478,668,13:11:48.503281
164.38911,214,512,13:11:48.503281
164.390967,237,594,13:11:48.503281
164.392825,421,624,13:11:48.503281
164.394681,78,799,13:11:48.503281
164.396538,368,661,13:11:48.503281
164.398403,295,599,13:11:48.503281
164.40026,398,778,13:11:48.503281
164.402117,105,879,13:11:48.503281
164.403975,486,446,13:11:48.503281
164.405835,357,726,13:11:48.554391
164.407696,370,632,13:11:48.554391
164.409562,282,653,13:11:48.554391
164.411478,223,571,13:11:48.554391
164.413335,281,586,13:11:48.554391
164.415193,692,763,13:11:48.554391
164.417051,532,431,13:11:48.554391
164.418908,394,510,13:11:48.554391
164.420764,329,714,13:11:48.554391
164.422622,314,825,13:11:48.554391
164.424479,207,429,13:11:48.554391
164.426335,706,836,13:11:48.554391
164.428193,569,852,13:11:48.554391
164.43005,538,466,13:11:48.554391
164.431908,413,923,13:11:48.554391
164.433765,545,470,13:11:48.554391
164.435629,454,451,13:11:48.554391
164.437485,395,661,13:11:48.554391
164.439342,446,661,13:11:48.554391
164.4412,438,597,13:11:48.554391
164.443056,307,675,13:11:48.554391
164.444915,263,687,13:11:48.554391
164.446773,299,805,13:11:48.554391
164.448629,456,987,13:11:48.554391
164.450488,413,753,13:11:48.554391
164.452349,321,877,13:11:48.554391
164.454207,74,679,13:11:48.554391
164.456071,296,606,13:11:48.604944
164.457939,486,491,13:11:48.604944
164.459811,209,746,13:11:48.605944
164.461736,-83,552,13:11:48.605944
164.4636,221,559,13:11:48.605944
164.465456,534,601,13:11:48.605944
164.467315,198,179,13:11:48.605944
164.469173,263,746,13:11:48.605944
164.471029,207,565,13:11:48.605944
164.472888,269,616,13:11:48.605944
164.474744,265,585,13:11:48.605944
164.4766,407,519,13:11:48.605944
164.478459,281,507,13:11:48.605944
164.480321,443,587,13:11:48.605944
164.482177,331,826,13:11:48.605944
164.484034,478,552,13:11:48.605944
164.485892,406,750,13:11:48.605944
164.487749,262,587,13:11:48.605944
164.489605,238,483,13:11:48.605944
164.491463,542,695,13:11:48.605944
164.49332,380,543,13:11:48.605944
164.495178,383,891,13:11:48.605944
164.497034,459,625,13:11:48.605944
164.498897,477,636,13:11:48.605944
164.500753,437,791,13:11:48.605944
164.502609,353,811,13:11:48.605944
164.504468,476,536,13:11:48.605944
164.506348,382,778,13:11:48.653876
164.508212,234,805,13:11:48.653876
164.510077,217,652,13:11:48.653876
164.512001,112,502,13:11:48.653876
164.513861,297,745,13:11:48.653876
164.515718,205,576,13:11:48.653876
164.517574,99,610,13:11:48.653876
164.519432,135,622,13:11:48.653876
164.521289,476,842,13:11:48.653876
164.523147,220,667,13:11:48.653876
164.525003,351,614,13:11:48.653876
164.526866,427,667,13:11:48.653876
164.528722,446,633,13:11:48.653876
164.530578,412,590,13:11:48.653876
164.532437,464,822,13:11:48.653876
164.534293,345,608,13:11:48.656886
164.536151,384,616,13:11:48.656886
164.538008,545,701,13:11:48.656886
164.539866,409,680,13:11:48.656886
164.541725,333,646,13:11:48.656886
164.543591,294,962,13:11:48.656886
164.545449,417,358,13:11:48.656886
164.547306,172,416,13:11:48.656886
164.549164,369,800,13:11:48.656886
164.551024,494,642,13:11:48.656886
164.552881,435,502,13:11:48.656886
164.554739,375,507,13:11:48.707765
164.556607,656,632,13:11:48.707765
164.558468,323,566,13:11:48.707765
164.560374,424,595,13:11:48.707765
164.562262,664,556,13:11:48.707765
164.56412,670,768,13:11:48.707765
164.565977,391,604,13:11:48.707765
164.567839,317,587,13:11:48.707765
164.569695,472,508,13:11:48.707765
164.571552,232,942,13:11:48.707765
164.573414,435,730,13:11:48.707765
164.57527,525,769,13:11:48.707765
164.577129,235,614,13:11:48.707765
164.578985,123,814,13:11:48.707765
164.580844,276,921,13:11:48.707765
164.582702,439,353,13:11:48.707765
164.584559,295,687,13:11:48.707765
164.586417,325,600,13:11:48.707765
164.588273,450,665,13:11:48.707765
164.590135,465,533,13:11:48.707765
164.591992,475,727,13:11:48.707765
164.593848,500,767,13:11:48.707765
164.595708,343,657,13:11:48.707765
164.597565,262,774,13:11:48.707765
164.599421,172,691,13:11:48.707765
164.601277,411,733,13:11:48.707765
164.603136,292,639,13:11:48.707765
164.604994,470,783,13:11:48.756945
164.60687,241,695,13:11:48.756945
164.608729,241,650,13:11:48.756945
164.610633,-30,631,13:11:48.756945
164.612493,487,685,13:11:48.756945
164.614351,556,891,13:11:48.756945
164.616208,407,690,13:11:48.756945
164.618066,457,839,13:11:48.756945
164.619923,397,732,13:11:48.756945
164.621785,233,567,13:11:48.756945
164.623641,549,922,13:11:48.756945
164.625497,305,821,13:11:48.756945
164.62736,482,555,13:11:48.756945
164.629216,295,606,13:11:48.756945
164.631075,307,768,13:11:48.756945
164.632931,335,682,13:11:48.756945
164.634787,425,590,13:11:48.756945
164.636646,387,792,13:11:48.756945
164.638505,424,618,13:11:48.756945
164.640364,162,780,13:11:48.756945
164.642221,747,602,13:11:48.756945
164.644087,307,737,13:11:48.756945
164.645943,348,815,13:11:48.756945
164.647807,231,716,13:11:48.758946
164.649668,482,727,13:11:48.758946
164.651524,384,708,13:11:48.758946
164.653383,331,648,13:11:48.758946
164.655239,471,663,13:11:48.804252
164.657103,471,680,13:11:48.804252
164.658964,491,657,13:11:48.804252
164.660858,185,696,13:11:48.804252
164.662738,69,672,13:11:48.804252
164.664597,788,614,13:11:48.804252
164.666453,389,551,13:11:48.804252
164.668311,235,970,13:11:48.804252
164.670168,343,864,13:11:48.804252
164.672026,278,936,13:11:48.804252
164.673882,362,475,13:11:48.804252
164.675739,363,876,13:11:48.804252
164.677595,302,671,13:11:48.804252
164.679455,274,572,13:11:48.804252
164.681312,346,760,13:11:48.804252
164.683168,213,536,13:11:48.804252
164.685026,514,453,13:11:48.804252
164.686883,464,462,13:11:48.804252
164.688739,237,708,13:11:48.804252
164.690598,400,699,13:11:48.804252
164.692454,301,816,13:11:48.804252
164.69431,532,768,13:11:48.804252
164.696167,280,682,13:11:48.804252
164.698033,130,598,13:11:48.804252
164.699889,598,663,13:11:48.804252
164.701746,394,926,13:11:48.804252
164.703604,351,500,13:11:48.804252
164.705462,119,464,13:11:48.857223
164.707329,386,368,13:11:48.857223
164.709189,713,906,13:11:48.857223
164.711127,522,718,13:11:48.857223
164.712993,122,519,13:11:48.857223
164.71485,155,819,13:11:48.857223
164.716706,333,348,13:11:48.857223
164.718564,192,637,13:11:48.857223
164.720423,232,617,13:11:48.857223
164.722281,463,659,13:11:48.857223
164.724138,301,642,13:11:48.857223
164.725998,213,808,13:11:48.857223
164.727856,797,902,13:11:48.857223
164.729713,244,745,13:11:48.857223
164.731571,158,795,13:11:48.857223
164.733427,347,586,13:11:48.857223
164.735286,569,559,13:11:48.857223
164.737142,224,587,13:11:48.857223
164.739,522,556,13:11:48.857223
164.740859,214,567,13:11:48.857223
164.742725,227,510,13:11:48.857223
164.744581,330,535,13:11:48.857223
164.746438,359,736,13:11:48.857223
164.748296,259,800,13:11:48.857223
164.750152,371,864,13:11:48.857223
164.752009,261,461,13:11:48.857223
164.753869,431,512,13:11:48.857223
164.755729,359,867,13:11:48.905729
164.757608,327,636,13:11:48.905729
164.759469,235,689,13:11:48.905729
164.761383,284,757,13:11:48.905729
164.76326,-50,710,13:11:48.905729
164.765125,213,770,13:11:48.905729
164.766981,138,774,13:11:48.905729
164.768838,329,772,13:11:48.905729
164.770697,282,584,13:11:48.905729
164.772554,502,629,13:11:48.905729
164.774411,525,891,13:11:48.905729
164.776269,548,862,13:11:48.905729
164.778125,275,801,13:11:48.905729
164.779982,559,811,13:11:48.905729
164.781838,279,794,13:11:48.905729
164.783694,345,569,13:11:48.905729
164.785551,303,602,13:11:48.905729
164.787407,345,790,13:11:48.905729
164.789267,283,744,13:11:48.905729
164.791124,492,637,13:11:48.905729
164.79298,533,711,13:11:48.905729
164.794839,405,1075,13:11:48.905729
164.796695,348,760,13:11:48.905729
164.798553,347,1005,13:11:48.905729
164.80041,481,615,13:11:48.905729
164.80227,442,945,13:11:48.905729
164.804128,209,683,13:11:48.905729
164.805994,417,887,13:11:48.955841
164.807855,186,917,13:11:48.955841
164.809717,395,717,13:11:48.955841
164.811648,498,766,13:11:48.955841
164.813516,383,600,13:11:48.955841
164.815374,467,834,13:11:48.955841
164.817238,526,659,13:11:48.955841
164.819095,470,635,13:11:48.955841
164.820951,167,766,13:11:48.955841
164.822809,445,741,13:11:48.955841
164.824666,592,715,13:11:48.955841
164.826524,299,683,13:11:48.955841
164.828381,478,625,13:11:48.955841
164.830243,443,641,13:11:48.955841
164.832099,335,738,13:11:48.955841
164.833955,317,540,13:11:48.955841
164.835812,178,1025,13:11:48.955841
164.837668,55,741,13:11:48.955841
164.839529,267,856,13:11:48.955841
164.841385,552,640,13:11:48.955841
164.843241,155,807,13:11:48.955841
164.845098,505,883,13:11:48.955841
164.846959,269,572,13:11:48.955841
164.848818,494,917,13:11:48.955841
164.850675,159,670,13:11:48.955841
164.852537,399,726,13:11:48.955841
164.854393,440,733,13:11:48.955841
164.856258,242,702,13:11:49.007249
164.858122,40,675,13:11:49.007249
164.859988,217,595,13:11:49.007249
164.861879,385,766,13:11:49.007249
164.863735,274,733,13:11:49.007249
164.865592,226,615,13:11:49.007249
164.867452,319,730,13:11:49.007249
164.869308,182,539,13:11:49.007249
164.871166,215,691,13:11:49.007249
164.873023,281,579,13:11:49.007249
164.874879,283,954,13:11:49.007249
164.876737,364,730,13:11:49.007249
164.878598,377,780,13:11:49.007249
164.880456,318,828,13:11:49.007249
164.882313,340,795,13:11:49.007249
164.884173,207,471,13:11:49.007249
164.886029,580,985,13:11:49.007249
164.887886,487,333,13:11:49.007249
164.889744,605,688,13:11:49.008666
164.8916,581,578,13:11:49.008666
164.893459,319,883,13:11:49.008666
164.895315,507,814,13:11:49.008666
164.897175,472,1004,13:11:49.008666
164.899034,546,688,13:11:49.008666
164.9009,514,549,13:11:49.008666
164.902756,434,749,13:11:49.008666
164.904613,242,759,13:11:49.055367
164.906475,493,835,13:11:49.055367
164.908336,170,749,13:11:49.055367
164.91024,278,720,13:11:49.055367
164.912145,0,885,13:11:49.055367
164.914012,560,646,13:11:49.055367
164.915872,529,769,13:11:49.055367
164.917733,325,818,13:11:49.055367
164.919589,457,557,13:11:49.055367
164.921449,346,944,13:11:49.055367
164.923306,183,863,13:11:49.055367
164.925162,454,794,13:11:49.055367
164.927021,328,975,13:11:49.055367
164.928881,487,693,13:11:49.055367
164.930739,82,518,13:11:49.055367
164.932596,296,658,13:11:49.055367
164.934462,252,752,13:11:49.055367
164.936318,484,498,13:11:49.055367
164.938175,520,968,13:11:49.055367
164.940033,246,729,13:11:49.055367
164.941889,310,401,13:11:49.055367
164.943748,-14,641,13:11:49.055367
164.945604,329,604,13:11:49.055367
164.947461,459,874,13:11:49.055367
164.949317,497,776,13:11:49.055367
164.951183,78,585,13:11:49.055367
164.95304,230,944,13:11:49.055367
164.954896,325,703,13:11:49.108048
164.956758,274,649,13:11:49.108048
164.958619,140,830,13:11:49.108048
164.960535,344,894,13:11:49.108048
164.96243,-105,812,13:11:49.108048
164.964287,251,662,13:11:49.108048
164.966146,231,760,13:11:49.108048
164.968004,597,751,13:11:49.108048
164.96986,421,1039,13:11:49.108048
164.971719,208,598,13:11:49.108048
164.973575,168,759,13:11:49.108048
164.975431,124,506,13:11:49.108048
164.977288,649,749,13:11:49.108048
164.979145,485,826,13:11:49.108048
164.981006,477,731,13:11:49.108048
164.982865,385,880,13:11:49.108048
164.984727,505,928,13:11:49.108048
164.986583,412,830,13:11:49.108048
164.98844,467,663,13:11:49.108048
164.990296,136,350,13:11:49.108048
164.992153,458,737,13:11:49.108048
164.994009,215,584,13:11:49.108048
164.995867,319,769,13:11:49.108048
164.997734,436,708,13:11:49.108048
164.999592,374,560,13:11:49.108048
165.001451,402,823,13:11:49.108048
165.003315,329,607,13:11:49.108048
165.005171,311,697,13:11:49.159118
165.007033,367,853,13:11:49.159118
165.008894,268,923,13:11:49.159118
165.010791,464,782,13:11:49.159118
165.012648,164,774,13:11:49.159118
165.01452,236,895,13:11:49.159118
165.016389,521,738,13:11:49.159118
165.018247,293,787,13:11:49.159118
165.020104,132,840,13:11:49.159118
165.021964,392,901,13:11:49.159118
165.02382,323,928,13:11:49.159118
165.025678,173,595,13:11:49.159118
165.027535,546,1051,13:11:49.159118
165.029391,645,902,13:11:49.159118
165.03125,174,615,13:11:49.159118
165.03311,536,684,13:11:49.159118
165.034968,345,701,13:11:49.159118
165.036825,265,646,13:11:49.159118
165.038685,261,676,13:11:49.159118
165.040541,662,791,13:11:49.159118
165.042398,340,743,13:11:49.159118
165.044256,415,937,13:11:49.159118
165.046112,369,615,13:11:49.159118
165.047971,306,816,13:11:49.159118
165.049827,117,572,13:11:49.159118
165.051687,269,615,13:11:49.159118
165.053546,287,920,13:11:49.159118
165.055403,569,857,13:11:49.210304
165.057271,382,774,13:11:49.210304
165.059133,541,903,13:11:49.210304
165.061031,334,535,13:11:49.210304
165.062894,305,449,13:11:49.210304
165.064752,256,953,13:11:49.210304
165.066612,364,788,13:11:49.210304
165.068468,582,592,13:11:49.210304
165.070327,265,837,13:11:49.210304
165.072213,335,640,13:11:49.210304
165.074069,177,699,13:11:49.210304
165.075928,686,821,13:11:49.210304
165.077784,412,835,13:11:49.210304
165.07965,413,847,13:11:49.210304
165.081507,421,716,13:11:49.210304
165.083363,391,826,13:11:49.210304
165.085221,349,896,13:11:49.210304
165.087078,500,755,13:11:49.210304
165.088936,480,789,13:11:49.210304
165.090795,430,664,13:11:49.210304
165.092651,257,717,13:11:49.210304
165.094507,103,822,13:11:49.210304
165.096371,162,714,13:11:49.210304
165.098228,296,650,13:11:49.210304
165.100084,282,914,13:11:49.210304
165.101943,207,704,13:11:49.210304
165.103801,293,859,13:11:49.210304
165.105659,451,768,13:11:49.263007
165.107526,405,724,13:11:49.263007
165.109387,278,776,13:11:49.263007
165.111294,230,931,13:11:49.263007
165.113153,347,640,13:11:49.263007
165.115019,383,725,13:11:49.263007
165.116879,-1258,703,13:11:49.263007
165.118736,515,807,13:11:49.263007
165.120592,354,859,13:11:49.263007
165.122449,437,594,13:11:49.263007
165.124307,255,626,13:11:49.263007
165.126165,438,722,13:11:49.263007
165.128021,399,978,13:11:49.263007
165.12988,433,691,13:11:49.263007
165.131736,517,913,13:11:49.263007
165.133596,357,791,13:11:49.263007
165.135453,245,561,13:11:49.263007
165.137309,340,568,13:11:49.263007
165.139167,145,770,13:11:49.263007
165.141024,394,989,13:11:49.263007
165.142882,285,861,13:11:49.263007
165.144739,567,431,13:11:49.263007
165.146595,426,665,13:11:49.263007
165.148453,419,815,13:11:49.263007
165.150317,537,957,13:11:49.263007
165.152174,526,769,13:11:49.263007
165.15403,435,503,13:11:49.263007
165.155899,441,725,13:11:49.316037
165.157761,564,835,13:11:49.316037
165.159623,333,798,13:11:49.316037
165.161525,156,891,13:11:49.316037
165.163388,318,698,13:11:49.316037
165.165246,543,545,13:11:49.316037
165.167142,428,670,13:11:49.316037
165.169007,-848,777,13:11:49.316037
165.170865,254,693,13:11:49.316037
165.172723,231,849,13:11:49.316037
165.17458,369,963,13:11:49.316037
165.176438,517,762,13:11:49.316037
165.178298,156,712,13:11:49.316037
165.180157,491,883,13:11:49.316037
165.182013,443,738,13:11:49.316037
165.183877,273,936,13:11:49.316037
165.185734,256,898,13:11:49.316037
165.18759,344,858,13:11:49.316037
165.189449,246,524,13:11:49.316037
165.191307,286,635,13:11:49.316037
165.193163,445,873,13:11:49.316037
165.19502,413,1045,13:11:49.316037
165.196876,442,486,13:11:49.316037
165.198732,356,841,13:11:49.316037
165.200588,592,912,13:11:49.316037
165.202451,419,951,13:11:49.316037
165.204307,325,771,13:11:49.316037
165.206174,322,644,13:11:49.364294
165.208034,445,849,13:11:49.364294
165.209912,458,784,13:11:49.364294
165.211797,247,529,13:11:49.364294
165.213653,255,711,13:11:49.364294
165.215515,510,829,13:11:49.364294
165.217378,-130,865,13:11:49.364294
165.219235,471,720,13:11:49.364294
165.221096,631,568,13:11:49.364294
165.222953,-1855,747,13:11:49.364294
165.224823,205,775,13:11:49.364294
165.226701,280,877,13:11:49.364294
165.228559,524,839,13:11:49.364294
165.23042,276,864,13:11:49.364294
165.232276,365,622,13:11:49.364294
165.234134,186,723,13:11:49.365307
165.235991,159,792,13:11:49.365307
165.237847,166,512,13:11:49.365307
165.239706,464,695,13:11:49.365307
165.241568,209,773,13:11:49.365307
165.243426,472,729,13:11:49.365307
165.245283,254,687,13:11:49.365307
165.247143,357,582,13:11:49.365307
165.248999,384,991,13:11:49.365307
165.250856,586,715,13:11:49.365307
165.252714,590,612,13:11:49.365307
165.25457,301,777,13:11:49.415832
165.256437,281,607,13:11:49.415832
165.258297,263,867,13:11:49.415832
165.260183,539,935,13:11:49.415832
165.262064,620,639,13:11:49.415832
165.26392,357,682,13:11:49.415832
165.265778,212,688,13:11:49.415832
165.267641,471,971,13:11:49.415832
165.269497,254,416,13:11:49.415832
165.271405,-1600,768,13:11:49.415832
165.273265,456,834,13:11:49.415832
165.275126,293,582,13:11:49.415832
165.276984,558,815,13:11:49.415832
165.278842,429,733,13:11:49.415832
165.280703,521,850,13:11:49.415832
165.282559,440,738,13:11:49.415832
165.284418,165,515,13:11:49.416823
165.286274,454,878,13:11:49.416823
165.28813,343,869,13:11:49.416823
165.289989,485,664,13:11:49.416823
165.291851,455,859,13:11:49.416823
165.293709,468,862,13:11:49.416823
165.295566,267,970,13:11:49.416823
165.297426,477,830,13:11:49.416823
165.299282,404,629,13:11:49.416823
165.301139,541,594,13:11:49.416823
165.302997,327,710,13:11:49.416823
165.304853,259,723,13:11:49.465375
165.306714,506,945,13:11:49.465375
165.308574,553,749,13:11:49.465375
165.31048,414,1090,13:11:49.465375
165.312382,302,716,13:11:49.465375
165.314241,47,729,13:11:49.465375
165.316097,211,792,13:11:49.465375
165.317955,582,875,13:11:49.465375
165.319814,547,778,13:11:49.465375
165.321694,32,682,13:11:49.465375
165.323552,-1365,860,13:11:49.465375
165.325439,481,627,13:11:49.465375
165.327297,353,784,13:11:49.465375
165.329153,415,560,13:11:49.465375
165.331012,321,776,13:11:49.465375
165.33287,403,521,13:11:49.465375
165.334728,516,906,13:11:49.465375
165.336585,556,993,13:11:49.465375
165.338441,387,688,13:11:49.465375
165.340299,417,454,13:11:49.465375
165.342156,358,751,13:11:49.465375
165.344014,543,727,13:11:49.465375
165.345873,506,629,13:11:49.465375
165.347729,339,513,13:11:49.465375
165.349585,268,868,13:11:49.465375
165.351449,342,538,13:11:49.465375
165.353306,399,706,13:11:49.465375
165.355162,443,753,13:11:49.518580
165.357029,375,560,13:11:49.520572
165.358889,246,675,13:11:49.520572
165.360785,-38,844,13:11:49.520572
165.362648,294,860,13:11:49.520572
165.364504,393,742,13:11:49.520572
165.366364,112,737,13:11:49.520572
165.368221,212,652,13:11:49.520572
165.370084,173,641,13:11:49.520572
165.371945,-1455,581,13:11:49.520572
165.373804,544,633,13:11:49.520572
165.375662,171,861,13:11:49.520572
165.377518,208,849,13:11:49.520572
165.379379,473,743,13:11:49.520572
165.381237,703,625,13:11:49.520572
165.383093,390,1028,13:11:49.520572
165.384952,439,685,13:11:49.520572
165.386808,242,625,13:11:49.520572
165.388674,597,750,13:11:49.520572
165.390531,429,708,13:11:49.520572
165.392387,543,796,13:11:49.520572
165.394245,405,684,13:11:49.520572
165.396102,140,812,13:11:49.520572
165.39796,523,619,13:11:49.520572
165.399817,375,691,13:11:49.520572
165.401673,495,582,13:11:49.520572
165.403531,454,679,13:11:49.520572
165.405388,618,864,13:11:49.568026
165.407264,439,920,13:11:49.568026
165.409124,342,589,13:11:49.568026
165.411025,463,717,13:11:49.568026
165.412885,370,578,13:11:49.568026
165.414741,511,498,13:11:49.568026
165.4166,138,560,13:11:49.568026
165.418456,316,848,13:11:49.568026
165.420318,36,591,13:11:49.568026
165.422177,388,592,13:11:49.568026
165.424043,-1311,803,13:11:49.568026
165.425917,301,812,13:11:49.568026
165.427787,470,708,13:11:49.568026
165.429644,451,720,13:11:49.568026
165.4315,506,513,13:11:49.568026
165.433357,382,758,13:11:49.568026
165.435217,468,793,13:11:49.568026
165.437073,646,768,13:11:49.568026
165.438932,433,862,13:11:49.568026
165.440788,761,757,13:11:49.568026
165.442644,569,906,13:11:49.568026
165.444503,466,820,13:11:49.568026
165.446363,631,1012,13:11:49.568026
165.448221,501,511,13:11:49.568026
165.450078,486,610,13:11:49.568026
165.451944,614,831,13:11:49.568026
165.453804,255,710,13:11:49.568026
165.455669,606,653,13:11:49.621368
165.457533,541,729,13:11:49.621368
165.459395,118,744,13:11:49.621368
165.4613,280,904,13:11:49.621368
165.46316,218,821,13:11:49.621368
165.465018,578,797,13:11:49.621368
165.466879,-68,930,13:11:49.621368
165.468735,305,715,13:11:49.621368
165.470593,459,664,13:11:49.621368
165.472456,-613,832,13:11:49.621368
165.474314,-941,640,13:11:49.621368
165.476184,462,910,13:11:49.621368
165.478041,375,517,13:11:49.621368
165.479899,493,906,13:11:49.621368
165.481755,441,613,13:11:49.621368
165.483612,590,797,13:11:49.621368
165.48547,811,865,13:11:49.621368
165.487326,548,868,13:11:49.621368
165.489183,246,640,13:11:49.621368
165.491039,398,996,13:11:49.621368
165.492905,562,943,13:11:49.621368
165.494764,250,886,13:11:49.621368
165.496619,497,810,13:11:49.621368
165.498476,439,664,13:11:49.621368
165.500333,322,718,13:11:49.621368
165.502191,330,762,13:11:49.621368
165.504047,359,757,13:11:49.621368
165.505914,446,642,13:11:49.670392
165.507778,401,824,13:11:49.670392
165.509642,599,670,13:11:49.670392
165.511555,371,834,13:11:49.670392
165.513411,131,561,13:11:49.670392
165.515274,388,782,13:11:49.670392
165.517136,435,984,13:11:49.670392
165.518992,262,897,13:11:49.670392
165.52085,-100,686,13:11:49.670392
165.522707,102,840,13:11:49.670392
165.524563,-99,792,13:11:49.670392
165.52644,229,853,13:11:49.670392
165.5283,-1821,710,13:11:49.670392
165.530172,479,895,13:11:49.670392
165.532028,572,900,13:11:49.670392
165.533885,478,762,13:11:49.670392
165.535743,274,991,13:11:49.670392
165.537605,303,865,13:11:49.670392
165.539464,384,647,13:11:49.670392
165.54132,505,893,13:11:49.670392
165.543186,397,533,13:11:49.670392
165.545043,245,996,13:11:49.670392
165.546899,252,799,13:11:49.670392
165.548757,163,871,13:11:49.670392
165.550614,238,834,13:11:49.670392
165.552472,436,759,13:11:49.670392
165.554328,387,955,13:11:49.670392
165.556197,543,474,13:11:49.723555
165.558057,442,777,13:11:49.723555
165.559925,493,773,13:11:49.723555
165.561812,473,617,13:11:49.723555
165.563668,438,694,13:11:49.723555
165.565524,207,865,13:11:49.723555
165.567383,143,958,13:11:49.723555
165.56924,635,615,13:11:49.723555
165.571097,458,528,13:11:49.723555
165.572954,130,868,13:11:49.723555
165.574816,445,618,13:11:49.723555
165.576672,133,431,13:11:49.723555
165.578535,359,321,13:11:49.723555
165.580393,536,934,13:11:49.723555
165.582281,258,556,13:11:49.723555
165.584146,597,806,13:11:49.723555
165.586002,389,740,13:11:49.723555
165.587858,666,760,13:11:49.723555
165.589717,255,722,13:11:49.724542
165.591573,337,769,13:11:49.724542
165.59343,379,677,13:11:49.724542
165.595286,311,508,13:11:49.724542
165.597142,377,744,13:11:49.724542
165.598999,545,571,13:11:49.724542
165.600866,344,811,13:11:49.724542
165.602723,412,771,13:11:49.724542
165.60458,426,652,13:11:49.780148
165.606442,641,603,13:11:49.780148
165.6083,468,774,13:11:49.780148
165.610202,567,861,13:11:49.780148
165.612075,420,794,13:11:49.780148
165.613931,371,791,13:11:49.780148
165.615792,358,785,13:11:49.780148
165.617654,366,688,13:11:49.780148
165.619514,270,704,13:11:49.780148
165.621371,147,716,13:11:49.780148
165.623227,189,755,13:11:49.780148
165.625085,179,592,13:11:49.780148
165.626942,428,803,13:11:49.780148
165.6288,423,873,13:11:49.780148
165.630658,-1127,807,13:11:49.781141
165.632517,383,937,13:11:49.781141
165.634373,561,1041,13:11:49.781141
165.636229,435,664,13:11:49.781141
165.638092,509,722,13:11:49.781141
165.63995,468,742,13:11:49.781141
165.641807,202,666,13:11:49.781141
165.643665,402,809,13:11:49.781141
165.645521,564,593,13:11:49.781141
165.647379,293,838,13:11:49.781141
165.649236,508,967,13:11:49.781141
165.651092,449,827,13:11:49.781141
165.65295,459,990,13:11:49.781141
165.654812,321,883,13:11:49.828989
165.656683,190,739,13:11:49.828989
165.658543,355,780,13:11:49.828989
165.660459,512,841,13:11:49.828989
165.662322,377,661,13:11:49.828989
165.664178,387,588,13:11:49.828989
165.666037,390,858,13:11:49.828989
165.667893,535,988,13:11:49.828989
165.669751,471,716,13:11:49.828989
165.67161,282,655,13:11:49.828989
165.673468,-17,810,13:11:49.828989
165.675328,299,807,13:11:49.828989
165.677189,100,658,13:11:49.828989
165.679084,125,899,13:11:49.828989
165.680947,704,837,13:11:49.828989
165.682804,482,790,13:11:49.828989
165.684662,521,778,13:11:49.828989
165.686518,-24,839,13:11:49.828989
165.688381,202,909,13:11:49.828989
165.690239,417,804,13:11:49.828989
165.692095,493,590,13:11:49.828989
165.693958,453,853,13:11:49.828989
165.695814,419,849,13:11:49.828989
165.697672,623,932,13:11:49.828989
165.699529,583,736,13:11:49.828989
165.701385,420,737,13:11:49.828989
165.703243,308,738,13:11:49.828989
165.705103,354,823,13:11:49.874938
165.706972,90,1007,13:11:49.874938
165.708832,433,792,13:11:49.874938
165.710756,302,760,13:11:49.874938
165.712615,378,738,13:11:49.874938
165.714471,124,1089,13:11:49.874938
165.71633,411,1080,13:11:49.874938
165.718188,427,588,13:11:49.874938
165.720044,-45,892,13:11:49.874938
165.721903,549,963,13:11:49.874938
165.723761,371,751,13:11:49.874938
165.725617,510,818,13:11:49.874938
165.727476,189,828,13:11:49.874938
165.729334,340,951,13:11:49.874938
165.73119,111,739,13:11:49.874938
165.733059,66,631,13:11:49.874938
165.734945,289,1013,13:11:49.874938
165.736803,532,810,13:11:49.874938
165.738666,508,908,13:11:49.874938
165.740524,239,780,13:11:49.874938
165.742381,628,922,13:11:49.874938
165.744241,371,851,13:11:49.874938
165.746097,688,678,13:11:49.874938
165.747955,307,820,13:11:49.874938
165.749812,644,927,13:11:49.874938
165.751668,453,817,13:11:49.874938
165.753527,542,872,13:11:49.874938
165.755388,385,818,13:11:49.927267
165.757251,520,827,13:11:49.927267
165.759112,523,860,13:11:49.927267
165.761012,554,627,13:11:49.927267
165.762876,262,642,13:11:49.927267
165.764732,729,808,13:11:49.927267
165.766591,564,710,13:11:49.927267
165.768449,190,743,13:11:49.927267
165.770306,196,991,13:11:49.927267
165.772162,-85,723,13:11:49.927267
165.774026,448,877,13:11:49.927267
165.775883,463,974,13:11:49.927267
165.777741,195,804,13:11:49.927267
165.779601,718,753,13:11:49.927267
165.781458,-1072,802,13:11:49.927267
165.783316,341,916,13:11:49.927267
165.785174,227,632,13:11:49.927267
165.787033,343,725,13:11:49.927267
165.788891,518,586,13:11:49.927267
165.790747,258,678,13:11:49.927267
165.792604,445,710,13:11:49.927267
165.79446,373,699,13:11:49.927267
165.796316,335,928,13:11:49.927267
165.798175,345,944,13:11:49.927267
165.800031,304,851,13:11:49.927267
165.801889,486,803,13:11:49.927267
165.803746,604,597,13:11:49.927267
165.805606,431,955,13:11:49.978628
165.80748,671,971,13:11:49.978628
165.809342,563,812,13:11:49.978628
165.811253,231,766,13:11:49.978628
165.813109,404,935,13:11:49.978628
165.814966,581,894,13:11:49.978628
165.816824,541,965,13:11:49.978628
165.81868,504,632,13:11:49.978628
165.820539,575,781,13:11:49.978628
165.822395,405,605,13:11:49.978628
165.824251,81,737,13:11:49.978628
165.82611,533,819,13:11:49.978628
165.827966,482,880,13:11:49.978628
165.829826,7,859,13:11:49.978628
165.831683,551,901,13:11:49.978628
165.833568,-42,671,13:11:49.978628
165.835433,455,947,13:11:49.978628
165.837296,566,752,13:11:49.978628
165.839152,738,862,13:11:49.978628
165.841008,594,881,13:11:49.978628
165.842867,512,797,13:11:49.978628
165.844723,353,855,13:11:49.978628
165.846579,500,660,13:11:49.978628
165.848438,304,966,13:11:49.978628
165.850294,518,536,13:11:49.978628
165.852151,93,779,13:11:49.978628
165.854007,568,674,13:11:49.978628
165.855867,482,809,13:11:50.033174
165.85773,291,775,13:11:50.033174
165.85959,321,992,13:11:50.033174
165.861492,452,758,13:11:50.033174
165.863349,514,858,13:11:50.033174
165.865207,333,532,13:11:50.033174
165.867063,92,812,13:11:50.033174
165.868931,516,894,13:11:50.033174
165.870788,640,725,13:11:50.033174
165.872644,223,967,13:11:50.033174
165.874505,75,793,13:11:50.033174
165.876361,-207,646,13:11:50.033174
165.878217,337,854,13:11:50.033174
165.880076,218,735,13:11:50.033174
165.881938,469,950,13:11:50.033174
165.883802,398,739,13:11:50.033174
165.885675,-1356,796,13:11:50.033174
165.887539,493,881,13:11:50.033174
165.889415,464,777,13:11:50.033174
165.891288,620,633,13:11:50.033174
165.893146,433,966,13:11:50.033174
165.895002,337,820,13:11:50.033174
165.896859,534,935,13:11:50.033174
165.898715,295,696,13:11:50.033174
165.900575,338,766,13:11:50.033174
165.902434,455,1020,13:11:50.033174
165.90429,470,869,13:11:50.033174
165.906158,180,731,13:11:50.081385
165.908019,489,811,13:11:50.081385
165.909887,478,873,13:11:50.081385
165.911773,101,882,13:11:50.081385
165.91363,640,908,13:11:50.081385
165.91549,372,1066,13:11:50.081385
165.917346,260,849,13:11:50.081385
165.919203,385,617,13:11:50.081385
165.921065,461,743,13:11:50.081385
165.922921,13,1219,13:11:50.081385
165.924782,229,731,13:11:50.081385
165.926638,610,887,13:11:50.081385
165.928496,466,858,13:11:50.081385
165.930355,636,803,13:11:50.081385
165.932211,108,892,13:11:50.081385
165.934068,-112,665,13:11:50.081385
165.935924,-100,813,13:11:50.081385
165.937792,538,778,13:11:50.081385
165.939649,-617,764,13:11:50.081385
165.941534,190,709,13:11:50.081385
165.943391,652,624,13:11:50.081385
165.945248,381,1054,13:11:50.081385
165.94711,504,476,13:11:50.081385
165.948966,482,760,13:11:50.081385
165.950825,525,682,13:11:50.081385
165.952683,524,747,13:11:50.081385
165.954539,368,609,13:11:50.133368
165.956408,725,607,13:11:50.133368
165.958268,656,894,13:11:50.133368
165.960156,505,659,13:11:50.133368
165.962033,239,876,13:11:50.133368
165.963889,522,787,13:11:50.133368
165.965755,292,899,13:11:50.133368
165.967612,436,1002,13:11:50.133368
165.969468,-51,819,13:11:50.133368
165.971326,499,845,13:11:50.133368
165.973189,134,994,13:11:50.133368
165.975045,743,662,13:11:50.133368
165.976901,530,627,13:11:50.133368
165.97876,276,617,13:11:50.133368
165.980618,622,1170,13:11:50.133368
165.982484,-182,808,13:11:50.133368
165.984349,121,682,13:11:50.133368
165.986236,105,812,13:11:50.133368
165.988102,-1197,800,13:11:50.133368
165.989966,583,697,13:11:50.133368
165.991824,467,722,13:11:50.133368
165.993682,625,651,13:11:50.133368
165.995539,307,810,13:11:50.133368
165.997401,279,842,13:11:50.133368
165.999257,582,857,13:11:50.133368
166.001114,572,876,13:11:50.133368
166.002972,757,974,13:11:50.133368
166.004828,479,692,13:11:50.193419
166.006695,580,820,13:11:50.193419
166.008555,470,795,13:11:50.193419
166.010456,500,908,13:11:50.193419
166.012316,465,649,13:11:50.193419
166.014172,423,673,13:11:50.193419
166.01603,250,918,13:11:50.193419
166.017887,368,1057,13:11:50.193419
166.019743,471,860,13:11:50.193419
166.021601,617,796,13:11:50.193419
166.023458,-186,860,13:11:50.193419
166.025316,527,783,13:11:50.193419
166.027174,495,1105,13:11:50.193419
166.029035,-291,660,13:11:50.193419
166.030891,101,818,13:11:50.193419
166.032748,-149,837,13:11:50.193419
166.034606,179,908,13:11:50.193419
166.036462,-47,777,13:11:50.193419
166.038348,455,737,13:11:50.193419
166.040205,-1573,672,13:11:50.193419
166.042067,634,561,13:11:50.193419
166.043928,332,756,13:11:50.193419
166.045784,421,825,13:11:50.193419
166.047642,704,826,13:11:50.193419
166.049499,434,891,13:11:50.193419
166.051355,444,736,13:11:50.193419
166.053211,413,923,13:11:50.193419
166.055068,488,536,13:11:50.234230
166.056942,512,807,13:11:50.234230
166.058802,574,703,13:11:50.234230
166.060716,414,658,13:11:50.234230
166.062575,381,1087,13:11:50.234230
166.064431,291,1007,13:11:50.234230
166.066289,313,870,13:11:50.234230
166.068148,637,779,13:11:50.234230
166.070004,237,756,13:11:50.234230
166.071861,659,631,13:11:50.234230
166.073726,442,597,13:11:50.234230
166.075583,26,829,13:11:50.234230
166.07744,455,730,13:11:50.234230
166.079298,-37,436,13:11:50.234230
166.081154,242,880,13:11:50.234230
166.083011,461,785,13:11:50.234230
166.084869,628,878,13:11:50.234230
166.086731,-64,719,13:11:50.234230
166.08859,305,760,13:11:50.234230
166.090449,381,951,13:11:50.234230
166.092312,557,998,13:11:50.234230
166.094171,422,935,13:11:50.234230
166.096047,254,700,13:11:50.234230
166.097915,-1457,835,13:11:50.234230
166.099782,496,929,13:11:50.234230
166.101638,604,835,13:11:50.234230
166.103494,391,642,13:11:50.234230
166.105351,322,763,13:11:50.284438
166.107217,378,864,13:11:50.284438
166.109077,531,800,13:11:50.284438
166.110984,263,806,13:11:50.284438
166.112846,490,635,13:11:50.284438
166.114702,488,792,13:11:50.284438
166.116559,560,857,13:11:50.284438
166.118415,667,760,13:11:50.284438
166.120275,420,813,13:11:50.284438
166.122132,417,645,13:11:50.284438
166.123988,514,803,13:11:50.284438
166.125846,287,732,13:11:50.284438
166.127705,361,866,13:11:50.284438
166.129563,178,1012,13:11:50.284438
166.13142,410,554,13:11:50.284438
166.133276,244,707,13:11:50.284438
166.135132,435,926,13:11:50.284438
166.136996,384,734,13:11:50.284438
166.138853,-9,793,13:11:50.284438
166.140709,-1154,813,13:11:50.284438
166.142599,389,710,13:11:50.284438
166.144458,327,867,13:11:50.284438
166.14632,313,815,13:11:50.284438
166.148177,481,731,13:11:50.284438
166.150033,462,744,13:11:50.284438
166.151891,242,678,13:11:50.284438
166.153748,484,811,13:11:50.284438
166.155616,227,653,13:11:50.303666
166.157478,425,778,13:11:50.303666
166.15934,474,980,13:11:50.303666
166.161251,274,1006,13:11:50.303666
166.163109,396,784,13:11:50.303666
166.164973,352,792,13:11:50.303666
166.16683,331,895,13:11:50.303666
166.168686,349,605,13:11:50.303666
166.170551,506,887,13:11:50.303666
166.172407,347,788,13:11:50.303666
166.174263,164,600,13:11:50.303666
166.176122,21,875,13:11:50.303666
166.177978,365,974,13:11:50.303666
166.179838,534,627,13:11:50.303666
166.181695,83,780,13:11:50.303666
166.183555,557,804,13:11:50.303666
166.185413,665,674,13:11:50.303666
166.187279,523,565,13:11:50.303666
166.189138,249,942,13:11:50.303666
166.191018,113,842,13:11:50.303666
166.192897,350,845,13:11:50.303666
166.194755,571,704,13:11:50.303666
166.196612,236,791,13:11:50.303666
166.19847,436,785,13:11:50.303666
166.200326,600,605,13:11:50.303666
166.202188,348,779,13:11:50.303666
166.204045,336,765,13:11:50.303666
166.205907,382,954,13:11:50.353882
166.207769,410,733,13:11:50.353882
166.209631,371,880,13:11:50.353882
166.21154,517,939,13:11:50.353882
166.213398,264,796,13:11:50.353882
166.215255,451,768,13:11:50.353882
166.217113,369,736,13:11:50.353882
166.218969,323,902,13:11:50.353882
166.220834,616,681,13:11:50.353882
166.22269,565,933,13:11:50.353882
166.224546,292,755,13:11:50.353882
166.226405,157,860,13:11:50.353882
166.228261,584,975,13:11:50.353882
166.230119,790,742,13:11:50.353882
166.231976,277,960,13:11:50.353882
166.233838,449,807,13:11:50.353882
166.235696,706,864,13:11:50.353882
166.237562,593,856,13:11:50.353882
166.239419,569,808,13:11:50.353882
166.241276,643,467,13:11:50.353882
166.24315,400,919,13:11:50.353882
166.245006,411,901,13:11:50.353882
166.246865,429,875,13:11:50.353882
166.248723,503,815,13:11:50.353882
166.250579,680,643,13:11:50.353882
166.252438,619,701,13:11:50.353882
166.254294,368,692,13:11:50.353882
166.256166,383,833,13:11:50.403868
166.258027,469,877,13:11:50.403868
166.259893,210,843,13:11:50.403868
166.261779,484,804,13:11:50.403868
166.263636,337,734,13:11:50.403868
166.265492,577,780,13:11:50.403868
166.267348,313,726,13:11:50.403868
166.269206,564,1049,13:11:50.403868
166.271065,274,720,13:11:50.403868
166.272921,492,799,13:11:50.403868
166.274788,253,913,13:11:50.403868
166.276644,406,803,13:11:50.403868
166.2785,629,1016,13:11:50.403868
166.280359,447,798,13:11:50.403868
166.282215,488,572,13:11:50.403868
166.284073,407,1033,13:11:50.403868
166.28593,487,890,13:11:50.403868
166.287786,310,701,13:11:50.403868
166.289645,478,756,13:11:50.403868
166.291508,377,684,13:11:50.403868
166.293365,423,679,13:11:50.403868
166.295222,515,783,13:11:50.403868
166.29708,588,837,13:11:50.403868
166.298936,485,843,13:11:50.403868
166.300795,613,759,13:11:50.403868
166.302653,477,860,13:11:50.403868
166.304509,429,637,13:11:50.454626
166.306372,223,717,13:11:50.454626
166.308232,305,725,13:11:50.454626
166.310126,388,677,13:11:50.454626
166.312032,215,999,13:11:50.454626
166.313891,285,685,13:11:50.454626
166.315747,340,655,13:11:50.454626
166.317603,414,702,13:11:50.454626
166.31946,482,873,13:11:50.454626
166.321318,523,659,13:11:50.454626
166.323175,524,770,13:11:50.454626
166.325031,552,613,13:11:50.454626
166.326887,502,921,13:11:50.454626
166.328744,535,976,13:11:50.454626
166.3306,502,1113,13:11:50.454626
166.332459,519,590,13:11:50.454626
166.334321,484,1103,13:11:50.454626
166.336177,536,795,13:11:50.454626
166.338037,604,842,13:11:50.454626
166.339894,564,327,13:11:50.454626
166.34175,766,1004,13:11:50.454626
166.343608,656,749,13:11:50.454626
166.34547,471,938,13:11:50.454626
166.347329,355,763,13:11:50.454626
166.349186,616,985,13:11:50.454626
166.351044,535,978,13:11:50.454626
166.3529,855,874,13:11:50.454626
166.354757,410,773,13:11:50.506633
166.356627,591,664,13:11:50.506633
166.358487,519,1152,13:11:50.506633
166.360395,330,701,13:11:50.506633
166.36226,323,537,13:11:50.506633
166.364116,470,673,13:11:50.506633
166.365972,461,790,13:11:50.506633
166.367829,363,660,13:11:50.506633
166.369693,599,884,13:11:50.506633
166.371552,265,855,13:11:50.506633
166.373408,684,1050,13:11:50.506633
166.375266,622,880,13:11:50.506633
166.377123,454,643,13:11:50.506633
166.378981,618,632,13:11:50.506633
166.380837,435,815,13:11:50.506633
166.382694,303,713,13:11:50.506633
166.384552,366,728,13:11:50.506633
166.386413,451,680,13:11:50.506633
166.388271,424,629,13:11:50.506633
166.390127,544,868,13:11:50.506633
166.391985,516,1096,13:11:50.506633
166.393844,769,704,13:11:50.506633
166.3957,341,912,13:11:50.506633
166.397558,265,787,13:11:50.506633
166.399415,677,883,13:11:50.506633
166.401273,338,553,13:11:50.506633
166.40313,472,733,13:11:50.506633
166.40499,315,793,13:11:50.553737
166.406868,305,770,13:11:50.553737
166.408732,341,770,13:11:50.553737
166.410634,676,644,13:11:50.553737
166.412569,395,784,13:11:50.553737
166.414469,491,1001,13:11:50.553737
166.416325,520,714,13:11:50.553737
166.418182,473,959,13:11:50.553737
166.420046,611,783,13:11:50.553737
166.421902,441,884,13:11:50.553737
166.423759,433,819,13:11:50.553737
166.425617,590,932,13:11:50.553737
166.427473,431,788,13:11:50.553737
166.42933,523,781,13:11:50.553737
166.431188,655,782,13:11:50.553737
166.433044,588,771,13:11:50.553737
166.434903,320,843,13:11:50.553737
166.436761,642,1039,13:11:50.553737
166.438623,385,671,13:11:50.553737
166.44048,710,582,13:11:50.553737
166.442336,374,694,13:11:50.553737
166.444194,397,1001,13:11:50.553737
166.446051,583,966,13:11:50.553737
166.447909,554,771,13:11:50.553737
166.449766,688,571,13:11:50.553737
166.451622,467,724,13:11:50.553737
166.45348,454,690,13:11:50.553737
166.455344,375,545,13:11:50.603926
166.457211,565,731,13:11:50.603926
166.459071,343,763,13:11:50.603926
166.460971,258,808,13:11:50.603926
166.462834,261,760,13:11:50.603926
166.46469,854,793,13:11:50.603926
166.466548,391,876,13:11:50.603926
166.468405,449,690,13:11:50.603926
166.470267,447,863,13:11:50.603926
166.472126,446,709,13:11:50.603926
166.473992,404,695,13:11:50.603926
166.475848,360,878,13:11:50.603926
166.477705,392,1003,13:11:50.603926
166.479563,443,745,13:11:50.603926
166.481419,704,855,13:11:50.603926
166.483276,551,843,13:11:50.603926
166.485134,449,990,13:11:50.603926
166.48699,502,973,13:11:50.603926
166.488847,611,951,13:11:50.603926
166.490703,549,813,13:11:50.603926
166.492569,457,827,13:11:50.603926
166.494426,621,899,13:11:50.603926
166.496284,747,729,13:11:50.603926
166.498142,770,957,13:11:50.603926
166.499999,444,754,13:11:50.603926
166.501857,708,809,13:11:50.603926
166.503715,385,655,13:11:50.603926
166.505574,467,678,13:11:50.653169
166.507438,487,851,13:11:50.653169
166.5093,442,720,13:11:50.653169
166.511221,117,661,13:11:50.653169
166.513103,573,633,13:11:50.653169
166.514959,680,673,13:11:50.653169
166.516815,441,746,13:11:50.653169
166.518672,531,671,13:11:50.653169
166.520534,433,703,13:11:50.653169
166.52239,445,870,13:11:50.653169
166.524247,372,860,13:11:50.653169
166.526105,484,1088,13:11:50.653169
166.527961,590,776,13:11:50.653169
166.52982,350,656,13:11:50.653169
166.531676,587,692,13:11:50.653169
166.533537,736,679,13:11:50.653169
166.535395,653,750,13:11:50.653169
166.537252,571,895,13:11:50.653169
166.539114,502,633,13:11:50.653169
166.54097,293,801,13:11:50.653169
166.54283,782,523,13:11:50.653169
166.544687,447,712,13:11:50.653169
166.546543,524,705,13:11:50.653169
166.548401,195,701,13:11:50.653169
166.550258,566,839,13:11:50.653169
166.552116,455,615,13:11:50.653169
166.553972,494,689,13:11:50.654437
166.555835,526,792,13:11:50.705078
166.557697,522,701,13:11:50.705078
166.559559,579,949,13:11:50.705078
166.561467,581,793,13:11:50.705078
166.563324,352,517,13:11:50.705078
166.56518,297,752,13:11:50.705078
166.567038,325,897,13:11:50.705078
166.568897,505,564,13:11:50.705078
166.570753,719,896,13:11:50.705078
166.57261,556,605,13:11:50.705078
166.574468,489,954,13:11:50.705078
166.576324,601,880,13:11:50.705078
166.578181,356,940,13:11:50.705078
166.580039,520,785,13:11:50.705078
166.581895,451,932,13:11:50.705078
166.583752,520,798,13:11:50.705078
166.585608,643,659,13:11:50.705078
166.587474,459,900,13:11:50.705078
166.589331,509,815,13:11:50.705078
166.591187,637,913,13:11:50.705078
166.593045,878,936,13:11:50.706080
166.594902,543,741,13:11:50.706080
166.59676,241,565,13:11:50.706080
166.598616,666,563,13:11:50.706080
166.600473,503,594,13:11:50.706080
166.602331,569,749,13:11:50.706080
166.604195,646,914,13:11:50.706080
166.606064,319,926,13:11:50.754556
166.607924,433,734,13:11:50.754556
166.609801,583,716,13:11:50.754556
166.611716,244,630,13:11:50.754556
166.613573,458,421,13:11:50.754556
166.615429,545,1003,13:11:50.754556
166.617285,579,663,13:11:50.754556
166.619142,416,839,13:11:50.754556
166.621,460,879,13:11:50.754556
166.622857,569,828,13:11:50.754556
166.624713,723,842,13:11:50.754556
166.626569,610,670,13:11:50.755556
166.628434,432,757,13:11:50.755556
166.63029,622,614,13:11:50.755556
166.632146,489,787,13:11:50.755556
166.634005,359,896,13:11:50.755556
166.635861,448,694,13:11:50.755556
166.637719,537,501,13:11:50.755556
166.639576,574,816,13:11:50.755556
166.641432,374,709,13:11:50.755556
166.64329,571,541,13:11:50.755556
166.645154,721,759,13:11:50.755556
166.647011,471,702,13:11:50.755556
166.648869,512,1008,13:11:50.755556
166.650728,473,893,13:11:50.755556
166.652584,784,650,13:11:50.755556
166.65444,598,901,13:11:50.755556
166.656317,305,936,13:11:50.803809
166.658177,889,829,13:11:50.803809
166.660047,629,710,13:11:50.803809
166.661952,402,902,13:11:50.803809
166.663811,654,697,13:11:50.803809
166.665668,292,905,13:11:50.803809
166.667525,367,541,13:11:50.803809
166.669387,630,780,13:11:50.803809
166.671243,660,840,13:11:50.803809
166.6731,425,703,13:11:50.803809
166.674958,746,515,13:11:50.803809
166.676814,426,1031,13:11:50.803809
166.678673,855,740,13:11:50.803809
166.680529,585,630,13:11:50.803809
166.682389,699,681,13:11:50.803809
166.684248,674,674,13:11:50.803809
166.686113,240,744,13:11:50.804815
166.68797,472,639,13:11:50.804815
166.689827,426,475,13:11:50.804815
166.691685,606,708,13:11:50.804815
166.693541,727,601,13:11:50.804815
166.695398,412,786,13:11:50.804815
166.697254,599,786,13:11:50.804815
166.699111,484,638,13:11:50.804815
166.700969,613,1062,13:11:50.804815
166.702825,351,784,13:11:50.804815
166.704692,609,731,13:11:50.853777
166.706554,615,830,13:11:50.853777
166.708423,302,656,13:11:50.853777
166.710332,595,887,13:11:50.853777
166.712225,491,739,13:11:50.853777
166.714085,420,957,13:11:50.853777
166.715943,723,650,13:11:50.853777
166.717804,358,1083,13:11:50.853777
166.719668,506,789,13:11:50.853777
166.721524,636,866,13:11:50.853777
166.723381,644,844,13:11:50.853777
166.725239,543,800,13:11:50.853777
166.727095,310,984,13:11:50.853777
166.728954,574,975,13:11:50.853777
166.73081,556,892,13:11:50.853777
166.732672,447,614,13:11:50.853777
166.734529,570,877,13:11:50.853777
166.736386,517,1103,13:11:50.853777
166.738248,654,731,13:11:50.853777
166.740104,468,797,13:11:50.853777
166.741962,459,775,13:11:50.853777
166.743819,499,1047,13:11:50.853777
166.745675,500,1012,13:11:50.853777
166.747533,500,1011,13:11:50.853777
166.749392,302,555,13:11:50.853777
166.75125,639,1007,13:11:50.853777
166.753106,533,885,13:11:50.853777
166.754967,428,833,13:11:50.905614
166.756843,565,911,13:11:50.905614
166.758706,602,819,13:11:50.905614
166.760612,315,943,13:11:50.905614
166.762474,478,686,13:11:50.905614
166.76433,608,708,13:11:50.905614
166.766189,642,807,13:11:50.905614
166.768045,442,932,13:11:50.905614
166.769901,434,811,13:11:50.905614
166.771758,272,798,13:11:50.905614
166.773622,383,550,13:11:50.905614
166.775478,379,731,13:11:50.905614
166.777335,676,946,13:11:50.905614
166.779193,732,534,13:11:50.905614
166.781049,649,709,13:11:50.905614
166.782906,590,872,13:11:50.905614
166.784762,655,859,13:11:50.905614
166.786619,583,701,13:11:50.905614
166.788475,623,837,13:11:50.905614
166.790332,703,915,13:11:50.905614
166.792192,539,984,13:11:50.905614
166.794048,670,729,13:11:50.905614
166.795906,423,948,13:11:50.905614
166.797763,728,792,13:11:50.905614
166.799619,615,857,13:11:50.905614
166.801477,681,729,13:11:50.905614
166.803338,597,1020,13:11:50.905614
166.805196,667,1000,13:11:50.953583
166.807058,652,1108,13:11:50.953583
166.808919,593,945,13:11:50.954581
166.810819,588,923,13:11:50.954581
166.812685,-21,1000,13:11:50.954581
166.814564,646,771,13:11:50.954581
166.81642,560,833,13:11:50.954581
166.818276,743,808,13:11:50.954581
166.820133,504,855,13:11:50.954581
166.821989,543,820,13:11:50.954581
166.823847,508,806,13:11:50.954581
166.825704,690,732,13:11:50.954581
166.827568,632,974,13:11:50.954581
166.829424,385,885,13:11:50.954581
166.831281,577,916,13:11:50.954581
166.833139,631,979,13:11:50.954581
166.834995,501,717,13:11:50.954581
166.836854,667,672,13:11:50.954581
166.83871,455,919,13:11:50.954581
166.840566,547,976,13:11:50.954581
166.842423,469,1009,13:11:50.954581
166.844288,553,953,13:11:50.954581
166.846148,612,842,13:11:50.954581
166.848004,672,959,13:11:50.954581
166.849862,481,832,13:11:50.954581
166.851719,355,732,13:11:50.954581
166.853575,680,565,13:11:50.954581
166.855433,499,889,13:11:51.010162
166.857302,239,1004,13:11:51.010162
166.859166,571,799,13:11:51.010162
166.861098,531,705,13:11:51.010162
166.862956,744,919,13:11:51.010162
166.864815,449,853,13:11:51.010162
166.866671,394,1162,13:11:51.010162
166.868527,657,794,13:11:51.010162
166.870384,413,957,13:11:51.010162
166.87224,632,893,13:11:51.010162
166.874099,425,1017,13:11:51.010162
166.875955,559,786,13:11:51.010162
166.877811,391,1035,13:11:51.010162
166.879668,349,938,13:11:51.010162
166.881524,423,882,13:11:51.010162
166.88338,300,935,13:11:51.010162
166.885237,643,946,13:11:51.010162
166.887097,477,692,13:11:51.010162
166.888953,547,763,13:11:51.010162
166.890812,614,839,13:11:51.010162
166.892668,274,817,13:11:51.010162
166.894525,393,1091,13:11:51.010162
166.896383,855,867,13:11:51.010162
166.898243,824,691,13:11:51.010162
166.900102,733,1011,13:11:51.010162
166.901958,666,1009,13:11:51.010162
166.903824,857,922,13:11:51.010162
166.905687,791,793,13:11:51.053628
166.907556,646,744,13:11:51.053628
166.90943,624,730,13:11:51.053628
166.911345,636,1064,13:11:51.053628
166.913206,434,743,13:11:51.053628
166.915072,488,723,13:11:51.053628
166.916928,825,742,13:11:51.053628
166.918787,314,1047,13:11:51.053628
166.920643,781,396,13:11:51.053628
166.922499,432,853,13:11:51.053628
166.924358,602,934,13:11:51.053628
166.926215,905,570,13:11:51.053628
166.928074,596,726,13:11:51.053628
166.929931,704,817,13:11:51.053628
166.931797,708,1098,13:11:51.053628
166.933653,379,813,13:11:51.053628
166.93551,404,676,13:11:51.053628
166.937368,727,1030,13:11:51.053628
166.939224,542,683,13:11:51.053628
166.941081,458,710,13:11:51.053628
166.942937,575,752,13:11:51.053628
166.944796,497,765,13:11:51.053628
166.946654,679,863,13:11:51.053628
166.948517,663,869,13:11:51.053628
166.950379,277,624,13:11:51.053628
166.952235,453,1110,13:11:51.053628
166.954099,431,939,13:11:51.053628
166.955958,247,909,13:11:51.110585
166.957818,531,762,13:11:51.110585
166.95968,542,963,13:11:51.110585
166.961576,377,936,13:11:51.110585
166.963449,260,787,13:11:51.110585
166.965307,584,1030,13:11:51.110585
166.967166,579,1033,13:11:51.110585
166.969024,554,934,13:11:51.110585
166.97088,557,948,13:11:51.110585
166.972738,423,1245,13:11:51.110585
166.974595,774,1031,13:11:51.110585
166.976451,614,680,13:11:51.110585
166.978309,428,891,13:11:51.110585
166.980166,687,926,13:11:51.110585
166.982022,578,652,13:11:51.110585
166.98388,657,626,13:11:51.110585
166.985751,587,699,13:11:51.110585
166.987609,750,905,13:11:51.110585
166.989467,708,613,13:11:51.110585
166.991328,728,600,13:11:51.110585
166.993184,569,680,13:11:51.110585
166.995042,704,724,13:11:51.110585
166.996899,619,874,13:11:51.110585
166.998755,619,883,13:11:51.110585
167.000614,442,578,13:11:51.111588
167.002472,471,1055,13:11:51.111588
167.00433,448,628,13:11:51.111588
167.006195,843,779,13:11:51.155494
167.008057,620,601,13:11:51.155494
167.009929,489,1071,13:11:51.155494
167.011813,636,576,13:11:51.155494
167.013672,501,651,13:11:51.155494
167.01555,396,830,13:11:51.155494
167.017418,506,895,13:11:51.155494
167.019281,338,601,13:11:51.155494
167.021137,552,898,13:11:51.155494
167.022995,466,653,13:11:51.155494
167.024854,760,706,13:11:51.155494
167.02671,627,950,13:11:51.155494
167.028568,613,875,13:11:51.155494
167.030425,535,966,13:11:51.155494
167.032285,664,1145,13:11:51.155494
167.034141,807,771,13:11:51.155494
167.036,769,875,13:11:51.155494
167.037856,738,802,13:11:51.155494
167.039712,813,846,13:11:51.155494
167.041571,531,671,13:11:51.155494
167.043431,705,905,13:11:51.155494
167.04529,610,556,13:11:51.155494
167.047146,502,894,13:11:51.155494
167.049012,553,937,13:11:51.155494
167.050871,529,936,13:11:51.155494
167.052727,466,948,13:11:51.155494
167.054585,425,1050,13:11:51.208097
167.056456,692,810,13:11:51.208097
167.058316,603,878,13:11:51.208097
167.060196,449,758,13:11:51.208097
167.062092,449,884,13:11:51.208097
167.063969,775,850,13:11:51.208097
167.065825,656,1036,13:11:51.208097
167.067681,676,714,13:11:51.208097
167.069538,652,781,13:11:51.208097
167.071395,757,875,13:11:51.208097
167.073252,587,675,13:11:51.208097
167.075109,568,882,13:11:51.208097
167.076967,547,665,13:11:51.208097
167.078823,675,716,13:11:51.208097
167.08068,419,843,13:11:51.208097
167.082538,682,907,13:11:51.208097
167.084395,687,1016,13:11:51.208097
167.086251,571,893,13:11:51.208097
167.088107,570,462,13:11:51.208097
167.089972,640,891,13:11:51.208097
167.091828,469,925,13:11:51.208097
167.093684,702,796,13:11:51.208097
167.095543,582,961,13:11:51.208097
167.097399,690,844,13:11:51.208097
167.099257,580,795,13:11:51.208097
167.101114,434,969,13:11:51.208097
167.10297,406,731,13:11:51.208097
167.104826,501,705,13:11:51.259031
167.106701,680,576,13:11:51.259031
167.108561,265,896,13:11:51.259031
167.110463,765,873,13:11:51.260034
167.112342,553,983,13:11:51.260034
167.114232,614,1000,13:11:51.260034
167.116088,580,951,13:11:51.260034
167.117952,638,727,13:11:51.260034
167.119811,497,1045,13:11:51.260034
167.121677,922,944,13:11:51.260034
167.123533,505,872,13:11:51.260034
167.12539,751,1120,13:11:51.260034
167.127248,620,939,13:11:51.260034
167.129104,520,1254,13:11:51.260034
167.130961,398,805,13:11:51.260034
167.132819,598,976,13:11:51.260034
167.134676,547,806,13:11:51.260034
167.136534,508,1064,13:11:51.260034
167.13839,516,886,13:11:51.260034
167.140255,627,673,13:11:51.260034
167.142111,538,549,13:11:51.260034
167.143967,668,940,13:11:51.260034
167.145826,378,948,13:11:51.260034
167.147682,466,869,13:11:51.260034
167.14954,642,966,13:11:51.260034
167.151397,260,1122,13:11:51.260034
167.153253,683,913,13:11:51.262036
167.155109,650,848,13:11:51.309288
167.156974,593,886,13:11:51.309288
167.158834,657,972,13:11:51.309288
167.160734,183,1021,13:11:51.309288
167.162595,716,735,13:11:51.309288
167.164467,277,885,13:11:51.309288
167.166339,158,912,13:11:51.309288
167.168198,602,703,13:11:51.309288
167.170054,501,1070,13:11:51.309288
167.17191,623,953,13:11:51.309288
167.173767,576,929,13:11:51.309288
167.175624,468,953,13:11:51.309288
167.177481,403,712,13:11:51.309288
167.179338,641,640,13:11:51.309288
167.181196,555,660,13:11:51.309288
167.183052,552,917,13:11:51.309288
167.184909,652,904,13:11:51.309288
167.186767,539,869,13:11:51.309288
167.188624,793,834,13:11:51.309288
167.19048,660,1022,13:11:51.309288
167.192336,703,767,13:11:51.309288
167.194201,454,987,13:11:51.309288
167.196057,400,935,13:11:51.309288
167.197913,528,870,13:11:51.309288
167.199772,548,906,13:11:51.309288
167.201628,407,780,13:11:51.309288
167.203486,638,1073,13:11:51.309288
167.205343,537,971,13:11:51.364183
167.207211,490,836,13:11:51.364183
167.209071,517,877,13:11:51.364183
167.210966,362,770,13:11:51.364183
167.212832,545,809,13:11:51.364183
167.214694,700,1108,13:11:51.364183
167.216582,20,789,13:11:51.364183
167.218439,545,566,13:11:51.364183
167.220297,516,1212,13:11:51.364183
167.222155,412,763,13:11:51.364183
167.224012,589,858,13:11:51.364183
167.22587,556,839,13:11:51.364183
167.227729,661,1128,13:11:51.364183
167.229585,888,786,13:11:51.364183
167.231444,773,719,13:11:51.364183
167.233302,398,716,13:11:51.364183
167.23516,263,942,13:11:51.364183
167.237016,435,769,13:11:51.364183
167.238875,680,855,13:11:51.364183
167.240733,504,908,13:11:51.364183
167.242589,532,791,13:11:51.364183
167.244449,624,915,13:11:51.364183
167.246306,726,944,13:11:51.364183
167.248162,628,891,13:11:51.364183
167.250021,361,865,13:11:51.364183
167.25188,443,885,13:11:51.364183
167.253737,529,947,13:11:51.364183
167.255598,474,770,13:11:51.419195
167.257462,542,1005,13:11:51.419195
167.259326,398,513,13:11:51.419195
167.261245,188,687,13:11:51.419195
167.263103,578,860,13:11:51.419195
167.264959,647,609,13:11:51.419195
167.266849,246,717,13:11:51.419195
167.268718,460,714,13:11:51.419195
167.270584,466,768,13:11:51.419195
167.272456,388,581,13:11:51.419195
167.274313,500,777,13:11:51.419195
167.276169,497,949,13:11:51.419195
167.278028,589,760,13:11:51.419195
167.279884,690,600,13:11:51.419195
167.28174,619,821,13:11:51.419195
167.283597,412,893,13:11:51.419195
167.285453,366,976,13:11:51.419195
167.287309,722,687,13:11:51.419195
167.289166,495,966,13:11:51.419195
167.291026,496,888,13:11:51.419195
167.292882,656,860,13:11:51.419195
167.294741,709,1046,13:11:51.419195
167.296597,344,788,13:11:51.419195
167.298453,570,708,13:11:51.419195
167.300312,266,938,13:11:51.419195
167.302172,368,786,13:11:51.419195
167.30403,516,872,13:11:51.419195
167.305891,629,615,13:11:51.463096
167.307755,570,648,13:11:51.463096
167.309619,468,1110,13:11:51.463096
167.311516,239,1054,13:11:51.463096
167.313374,716,859,13:11:51.463096
167.31524,583,817,13:11:51.463096
167.317103,237,584,13:11:51.463096
167.318961,267,918,13:11:51.463096
167.32082,512,848,13:11:51.463096
167.322678,742,1010,13:11:51.463096
167.324538,344,1083,13:11:51.463096
167.326422,-840,719,13:11:51.463096
167.328281,364,773,13:11:51.463096
167.330137,634,1031,13:11:51.463096
167.331993,540,976,13:11:51.463096
167.33385,468,795,13:11:51.463096
167.335708,583,1118,13:11:51.463096
167.337564,507,849,13:11:51.463096
167.339421,632,797,13:11:51.463096
167.341279,559,785,13:11:51.463096
167.343135,587,1025,13:11:51.463096
167.344994,430,651,13:11:51.463096
167.34685,605,700,13:11:51.463096
167.348712,737,974,13:11:51.463096
167.350569,480,834,13:11:51.463096
167.352425,554,1021,13:11:51.463096
167.354284,502,802,13:11:51.463096
167.356146,332,784,13:11:51.514523
167.358006,424,1000,13:11:51.514523
167.35988,637,760,13:11:51.514523
167.361779,380,841,13:11:51.514523
167.363637,487,769,13:11:51.514523
167.365493,671,1053,13:11:51.514523
167.367354,364,794,13:11:51.514523
167.36921,339,772,13:11:51.514523
167.371072,570,796,13:11:51.514523
167.372955,448,839,13:11:51.514523
167.374811,355,699,13:11:51.514523
167.376667,424,1014,13:11:51.514523
167.378524,285,882,13:11:51.514523
167.38038,355,874,13:11:51.514523
167.382236,457,1059,13:11:51.514523
167.384093,344,936,13:11:51.514523
167.385951,484,1019,13:11:51.514523
167.387807,422,1024,13:11:51.514523
167.389672,246,1065,13:11:51.514523
167.391528,690,700,13:11:51.514523
167.393385,456,805,13:11:51.514523
167.395243,222,951,13:11:51.514523
167.397099,358,795,13:11:51.514523
167.398956,649,867,13:11:51.514523
167.400812,508,796,13:11:51.514523
167.402668,427,1083,13:11:51.514523
167.404525,423,1022,13:11:51.570850
167.40639,505,1045,13:11:51.570850
167.408249,313,922,13:11:51.570850
167.410135,562,707,13:11:51.570850
167.412014,265,913,13:11:51.570850
167.413876,381,853,13:11:51.570850
167.415734,357,1273,13:11:51.570850
167.417593,210,656,13:11:51.570850
167.419455,263,851,13:11:51.570850
167.421335,-2044,715,13:11:51.570850
167.423198,242,930,13:11:51.570850
167.425058,334,675,13:11:51.570850
167.426914,497,742,13:11:51.570850
167.428771,518,843,13:11:51.570850
167.430631,477,844,13:11:51.570850
167.432487,646,731,13:11:51.570850
167.434344,495,755,13:11:51.570850
167.436202,584,893,13:11:51.570850
167.438059,594,1177,13:11:51.570850
167.439915,363,831,13:11:51.570850
167.441773,359,1000,13:11:51.570850
167.44363,296,1035,13:11:51.570850
167.445488,470,845,13:11:51.570850
167.447351,588,835,13:11:51.570850
167.449209,497,827,13:11:51.570850
167.451065,694,734,13:11:51.570850
167.452923,564,828,13:11:51.570850
167.454782,319,722,13:11:51.625572
167.456644,399,1067,13:11:51.625572
167.458506,577,759,13:11:51.625572
167.460414,311,885,13:11:51.625572
167.462279,532,881,13:11:51.625572
167.464137,-48,1016,13:11:51.625572
167.465999,349,859,13:11:51.625572
167.467858,218,917,13:11:51.625572
167.469714,-12,983,13:11:51.625572
167.471574,435,803,13:11:51.625572
167.473465,-1211,891,13:11:51.625572
167.475332,391,837,13:11:51.625572
167.477191,325,902,13:11:51.625572
167.479048,396,875,13:11:51.625572
167.480914,325,634,13:11:51.625572
167.482772,400,846,13:11:51.625572
167.484629,546,860,13:11:51.625572
167.486487,261,910,13:11:51.625572
167.488343,384,822,13:11:51.625572
167.490202,635,1320,13:11:51.625572
167.492058,366,899,13:11:51.625572
167.493914,368,845,13:11:51.625572
167.495773,372,1090,13:11:51.625572
167.497634,550,1053,13:11:51.625572
167.499491,493,960,13:11:51.625572
167.501348,610,863,13:11:51.625572
167.503206,540,937,13:11:51.625572
167.505063,492,763,13:11:51.668664
167.506925,292,824,13:11:51.668664
167.508785,692,777,13:11:51.668664
167.510671,351,1010,13:11:51.668664
167.512532,378,708,13:11:51.668664
167.514388,531,732,13:11:51.668664
167.516248,501,868,13:11:51.668664
167.518109,480,961,13:11:51.668664
167.519967,594,844,13:11:51.668664
167.521833,247,845,13:11:51.668664
167.52369,538,970,13:11:51.668664
167.525546,521,799,13:11:51.668664
167.527403,428,921,13:11:51.668664
167.529271,334,818,13:11:51.668664
167.531147,-1163,833,13:11:51.668664
167.533013,631,799,13:11:51.668664
167.534874,223,747,13:11:51.668664
167.536732,477,825,13:11:51.668664
167.538593,247,821,13:11:51.668664
167.540451,327,649,13:11:51.668664
167.542307,147,904,13:11:51.668664
167.544165,534,857,13:11:51.668664
167.546022,513,768,13:11:51.668664
167.547878,293,600,13:11:51.668664
167.549736,447,876,13:11:51.668664
167.551593,712,910,13:11:51.668664
167.553451,497,939,13:11:51.668664
167.555308,535,783,13:11:51.718254
167.557172,309,1052,13:11:51.718254
167.559032,429,774,13:11:51.718254
167.560938,531,804,13:11:51.718254
167.562854,417,944,13:11:51.718254
167.564713,335,991,13:11:51.718254
167.566574,310,991,13:11:51.718254
167.568432,67,844,13:11:51.718254
167.570288,143,894,13:11:51.718254
167.57215,532,862,13:11:51.718254
167.574016,-329,1016,13:11:51.718254
167.575905,-632,1012,13:11:51.718254
167.577787,266,914,13:11:51.718254
167.579643,570,893,13:11:51.718254
167.5815,521,723,13:11:51.718254
167.583358,500,589,13:11:51.718254
167.585214,476,849,13:11:51.718254
167.587071,578,723,13:11:51.718254
167.588927,277,698,13:11:51.718254
167.590785,432,834,13:11:51.718254
167.592642,481,784,13:11:51.718254
167.594498,396,532,13:11:51.718254
167.596356,421,1014,13:11:51.718254
167.598213,621,872,13:11:51.718254
167.600071,419,994,13:11:51.718254
167.601928,484,664,13:11:51.718254
167.60379,579,772,13:11:51.718254
167.605648,511,880,13:11:51.771856
167.607512,339,756,13:11:51.771856
167.609374,683,990,13:11:51.771856
167.611285,251,810,13:11:51.771856
167.613143,282,838,13:11:51.771856
167.615002,321,603,13:11:51.771856
167.616858,391,830,13:11:51.771856
167.618714,57,892,13:11:51.771856
167.620571,533,978,13:11:51.771856
167.622429,11,779,13:11:51.771856
167.624286,160,1031,13:11:51.771856
167.62615,529,916,13:11:51.771856
167.628008,419,786,13:11:51.771856
167.629869,502,878,13:11:51.771856
167.631727,572,800,13:11:51.771856
167.633583,626,1119,13:11:51.771856
167.63544,529,794,13:11:51.771856
167.637298,483,930,13:11:51.771856
167.639159,453,888,13:11:51.771856
167.641017,374,720,13:11:51.771856
167.642875,474,846,13:11:51.771856
167.644733,561,701,13:11:51.771856
167.64659,470,975,13:11:51.771856
167.648449,790,960,13:11:51.771856
167.650306,475,963,13:11:51.771856
167.652163,676,682,13:11:51.771856
167.654021,502,702,13:11:51.771856
167.655885,309,965,13:11:51.831106
167.657748,476,931,13:11:51.831106
167.659611,621,793,13:11:51.831106
167.661524,514,784,13:11:51.831106
167.663381,724,953,13:11:51.831106
167.665237,559,892,13:11:51.831106
167.667095,476,940,13:11:51.831106
167.668954,-127,974,13:11:51.831106
167.67081,84,747,13:11:51.831106
167.672666,515,911,13:11:51.831106
167.674523,435,774,13:11:51.831106
167.676389,270,927,13:11:51.831106
167.678259,-414,739,13:11:51.831106
167.680128,507,802,13:11:51.831106
167.681986,618,1081,13:11:51.831106
167.683844,960,692,13:11:51.831106
167.685709,563,856,13:11:51.831106
167.687565,395,1000,13:11:51.831106
167.689421,256,876,13:11:51.831106
167.69128,310,763,13:11:51.831106
167.693136,355,797,13:11:51.831106
167.694994,405,1069,13:11:51.831106
167.696853,772,813,13:11:51.831106
167.698709,458,670,13:11:51.831106
167.700566,607,792,13:11:51.831106
167.702429,493,824,13:11:51.831106
167.704286,381,866,13:11:51.831106
167.706155,366,927,13:11:51.873487
167.708019,481,1137,13:11:51.873487
167.709894,424,940,13:11:51.873487
167.711785,457,924,13:11:51.873487
167.713644,626,909,13:11:51.873487
167.7155,544,958,13:11:51.873487
167.717358,435,765,13:11:51.873487
167.719217,399,981,13:11:51.875496
167.721077,42,925,13:11:51.875496
167.722933,145,943,13:11:51.875496
167.724794,220,1175,13:11:51.875496
167.72666,116,981,13:11:51.875496
167.728542,669,789,13:11:51.876504
167.730401,542,1017,13:11:51.877492
167.732259,728,865,13:11:51.877492
167.734115,697,809,13:11:51.877492
167.735974,-1807,1065,13:11:51.877492
167.737836,561,775,13:11:51.877492
167.739692,728,837,13:11:51.877492
167.741553,460,1018,13:11:51.877492
167.743409,603,822,13:11:51.877492
167.745265,567,1070,13:11:51.877492
167.747122,565,901,13:11:51.877492
167.74898,775,963,13:11:51.877492
167.750836,654,1143,13:11:51.877492
167.752693,508,1110,13:11:51.877492
167.754551,584,856,13:11:51.924769
167.756414,726,689,13:11:51.924769
167.758276,571,701,13:11:51.924769
167.76017,578,891,13:11:51.924769
167.762048,498,870,13:11:51.924769
167.763905,514,1105,13:11:51.924769
167.765763,569,994,13:11:51.924769
167.767627,-125,1071,13:11:51.924769
167.769486,462,1093,13:11:51.924769
167.771342,691,1125,13:11:51.924769
167.7732,39,672,13:11:51.924769
167.775057,646,855,13:11:51.924769
167.776915,329,938,13:11:51.924769
167.778773,683,1023,13:11:51.924769
167.78063,-1559,1039,13:11:51.924769
167.782522,645,836,13:11:51.924769
167.784378,510,977,13:11:51.924769
167.786235,541,819,13:11:51.924769
167.788091,741,834,13:11:51.924769
167.789947,584,850,13:11:51.924769
167.791804,591,879,13:11:51.924769
167.793661,660,639,13:11:51.924769
167.795522,856,728,13:11:51.924769
167.797379,661,1122,13:11:51.924769
167.799239,633,953,13:11:51.924769
167.801096,706,921,13:11:51.924769
167.802952,699,888,13:11:51.924769
167.804808,519,1046,13:11:51.978609
167.806675,535,954,13:11:51.978609
167.808535,397,805,13:11:51.978609
167.810438,474,962,13:11:51.978609
167.812306,474,1117,13:11:51.978609
167.814168,505,703,13:11:51.978609
167.816026,604,973,13:11:51.978609
167.817884,306,783,13:11:51.978609
167.819741,522,967,13:11:51.978609
167.821597,316,774,13:11:51.978609
167.823455,47,790,13:11:51.978609
167.825315,519,1025,13:11:51.978609
167.827173,161,823,13:11:51.978609
167.82903,557,924,13:11:51.978609
167.830895,227,1125,13:11:51.978609
167.832757,636,1035,13:11:51.978609
167.834617,549,967,13:11:51.978609
167.83648,514,852,13:11:51.978609
167.838336,656,902,13:11:51.978609
167.840194,494,1013,13:11:51.978609
167.842051,815,716,13:11:51.978609
167.843907,517,983,13:11:51.978609
167.845766,673,1170,13:11:51.978609
167.847626,911,790,13:11:51.978609
167.849484,611,1081,13:11:51.978609
167.851341,589,751,13:11:51.978609
167.853201,545,1005,13:11:51.978609
167.855057,503,1034,13:11:52.025561
167.85694,541,891,13:11:52.025561
167.8588,515,879,13:11:52.025561
167.860692,791,1114,13:11:52.025561
167.862552,567,915,13:11:52.025561
167.864409,548,573,13:11:52.025561
167.866264,705,1105,13:11:52.025561
167.868122,695,808,13:11:52.025561
167.869978,478,1138,13:11:52.025561
167.871836,295,757,13:11:52.025561
167.873693,712,755,13:11:52.025561
167.875549,960,974,13:11:52.025561
167.877407,612,723,13:11:52.025561
167.879264,413,844,13:11:52.025561
167.881122,485,939,13:11:52.025561
167.88298,482,963,13:11:52.025561
167.884857,279,915,13:11:52.025561
167.886719,629,742,13:11:52.025561
167.888576,448,721,13:11:52.025561
167.890436,769,1094,13:11:52.025561
167.892292,726,906,13:11:52.025561
167.89415,678,1096,13:11:52.025561
167.896007,756,740,13:11:52.025561
167.897865,513,887,13:11:52.025561
167.899723,916,976,13:11:52.025561
167.90158,508,771,13:11:52.025561
167.903438,662,946,13:11:52.025561
167.905294,535,899,13:11:52.077892
167.907165,786,923,13:11:52.077892
167.909025,748,964,13:11:52.077892
167.910924,638,905,13:11:52.077892
167.912787,742,778,13:11:52.077892
167.914644,685,916,13:11:52.077892
167.9165,546,1081,13:11:52.077892
167.918359,621,941,13:11:52.077892
167.92022,513,813,13:11:52.077892
167.922079,-176,1018,13:11:52.077892
167.923938,64,806,13:11:52.077892
167.925802,348,797,13:11:52.077892
167.927658,490,973,13:11:52.077892
167.929515,518,785,13:11:52.077892
167.931381,311,1110,13:11:52.077892
167.933267,-570,1027,13:11:52.077892
167.935125,583,937,13:11:52.077892
167.936984,666,928,13:11:52.077892
167.93884,748,846,13:11:52.077892
167.940698,479,992,13:11:52.077892
167.942555,691,618,13:11:52.077892
167.944413,534,947,13:11:52.077892
167.946269,437,955,13:11:52.077892
167.948126,582,909,13:11:52.077892
167.949982,725,1115,13:11:52.077892
167.951846,736,913,13:11:52.077892
167.953703,906,1212,13:11:52.077892
167.955563,494,904,13:11:52.128653
167.957428,820,882,13:11:52.128653
167.959289,598,763,13:11:52.128653
167.961206,183,872,13:11:52.128653
167.963068,704,580,13:11:52.128653
167.964925,573,704,13:11:52.128653
167.966783,654,914,13:11:52.128653
167.968641,757,1035,13:11:52.128653
167.970505,605,899,13:11:52.128653
167.972364,702,1096,13:11:52.128653
167.97422,594,743,13:11:52.128653
167.976085,578,947,13:11:52.128653
167.977941,148,663,13:11:52.128653
167.9798,127,874,13:11:52.128653
167.98166,405,808,13:11:52.128653
167.983544,641,1118,13:11:52.128653
167.98542,-578,854,13:11:52.128653
167.987277,539,792,13:11:52.128653
167.989142,729,748,13:11:52.128653
167.990999,960,792,13:11:52.128653
167.992856,678,788,13:11:52.128653
167.994714,770,909,13:11:52.128653
167.99657,760,624,13:11:52.128653
167.998427,814,839,13:11:52.128653
168.000283,987,881,13:11:52.128653
168.002139,437,768,13:11:52.128653
168.003996,852,993,13:11:52.128653
168.00586,559,904,13:11:52.179899
168.00772,661,1011,13:11:52.179899
168.009584,811,743,13:11:52.179899
168.011483,710,823,13:11:52.179899
168.013341,543,934,13:11:52.179899
168.015198,765,970,13:11:52.179899
168.017054,628,852,13:11:52.180899
168.01891,676,1024,13:11:52.180899
168.020766,784,869,13:11:52.180899
168.022627,334,998,13:11:52.180899
168.024483,634,1002,13:11:52.180899
168.026342,79,1081,13:11:52.181899
168.0282,-46,821,13:11:52.181899
168.030058,-371,1088,13:11:52.181899
168.031917,465,855,13:11:52.181899
168.033781,869,1035,13:11:52.181899
168.035639,-572,1058,13:11:52.181899
168.037496,713,976,13:11:52.181899
168.039354,712,1137,13:11:52.181899
168.041214,763,1082,13:11:52.181899
168.043097,646,803,13:11:52.181899
168.044955,518,622,13:11:52.181899
168.046811,683,1217,13:11:52.181899
168.048672,786,766,13:11:52.181899
168.050528,710,930,13:11:52.181899
168.052384,539,611,13:11:52.181899
168.054243,655,961,13:11:52.181899
168.056111,704,834,13:11:52.239759
168.057973,747,1030,13:11:52.239759
168.059841,792,1006,13:11:52.239759
168.061736,586,892,13:11:52.239759
168.063594,636,804,13:11:52.239759
168.06545,713,890,13:11:52.239759
168.067309,664,725,13:11:52.239759
168.069165,602,843,13:11:52.239759
168.071022,804,1107,13:11:52.239759
168.072884,-173,830,13:11:52.239759
168.07474,687,939,13:11:52.239759
168.076597,-302,1038,13:11:52.239759
168.078453,605,900,13:11:52.239759
168.080313,400,739,13:11:52.239759
168.08217,451,824,13:11:52.239759
168.084026,577,933,13:11:52.239759
168.085884,477,1025,13:11:52.239759
168.087743,-340,925,13:11:52.239759
168.089601,832,990,13:11:52.239759
168.091457,791,770,13:11:52.239759
168.093314,739,794,13:11:52.239759
168.09517,656,884,13:11:52.239759
168.097034,424,646,13:11:52.239759
168.098891,746,746,13:11:52.239759
168.100747,701,764,13:11:52.239759
168.102605,569,1029,13:11:52.239759
168.104462,479,828,13:11:52.283634
168.106326,630,808,13:11:52.283634
168.108189,484,937,13:11:52.283634
168.110075,702,774,13:11:52.283634
168.111959,363,603,13:11:52.283634
168.113815,648,1095,13:11:52.283634
168.115672,387,837,13:11:52.283634
168.117532,697,712,13:11:52.283634
168.119388,830,779,13:11:52.283634
168.121247,796,1167,13:11:52.283634
168.123103,302,939,13:11:52.283634
168.124959,880,1028,13:11:52.283634
168.126818,708,795,13:11:52.283634
168.128678,95,910,13:11:52.283634
168.130536,419,934,13:11:52.283634
168.132395,614,937,13:11:52.283634
168.13426,618,999,13:11:52.283634
168.136123,154,1049,13:11:52.283634
168.138002,805,891,13:11:52.283634
168.13986,860,642,13:11:52.283634
168.141738,687,782,13:11:52.283634
168.143597,784,778,13:11:52.283634
168.145457,756,1006,13:11:52.283634
168.147319,-234,783,13:11:52.283634
168.149176,887,896,13:11:52.283634
168.151032,783,920,13:11:52.283634
168.15289,607,1022,13:11:52.283634
168.154747,742,984,13:11:52.333840
168.156617,605,902,13:11:52.333840
168.158477,701,718,13:11:52.333840
168.160383,923,898,13:11:52.333840
168.162246,625,929,13:11:52.333840
168.164104,612,966,13:11:52.333840
168.165961,486,1057,13:11:52.333840
168.167821,564,981,13:11:52.333840
168.169677,631,826,13:11:52.333840
168.171536,210,800,13:11:52.333840
168.173392,349,976,13:11:52.333840
168.175248,806,842,13:11:52.333840
168.177107,708,833,13:11:52.333840
168.178963,630,837,13:11:52.333840
168.180823,443,1124,13:11:52.333840
168.18268,416,899,13:11:52.333840
168.184542,515,805,13:11:52.333840
168.186398,132,1043,13:11:52.333840
168.188255,559,784,13:11:52.333840
168.190113,-1169,842,13:11:52.333840
168.192003,564,965,13:11:52.333840
168.193868,517,770,13:11:52.333840
168.195724,680,948,13:11:52.333840
168.19758,832,894,13:11:52.333840
168.199439,675,872,13:11:52.333840
168.201295,909,1158,13:11:52.333840
168.203153,541,908,13:11:52.333840
168.20501,655,1142,13:11:52.386733
168.206874,641,837,13:11:52.386733
168.208734,660,755,13:11:52.386733
168.210635,734,883,13:11:52.386733
168.212497,602,1022,13:11:52.386733
168.214353,743,655,13:11:52.386733
168.21621,835,963,13:11:52.386733
168.218068,458,1058,13:11:52.386733
168.219924,716,846,13:11:52.386733
168.221785,367,945,13:11:52.386733
168.223641,410,812,13:11:52.386733
168.225501,290,896,13:11:52.386733
168.227358,583,1050,13:11:52.386733
168.229217,-57,926,13:11:52.386733
168.231074,501,765,13:11:52.386733
168.232931,882,1014,13:11:52.386733
168.234789,594,1035,13:11:52.386733
168.236646,165,809,13:11:52.386733
168.238504,459,616,13:11:52.386733
168.240362,-1079,933,13:11:52.386733
168.242223,896,1049,13:11:52.386733
168.244083,685,819,13:11:52.386733
168.245939,671,847,13:11:52.386733
168.247805,923,849,13:11:52.386733
168.249662,703,952,13:11:52.386733
168.251518,892,909,13:11:52.386733
168.253378,742,931,13:11:52.386733
168.255235,659,1188,13:11:52.436142
168.257111,479,863,13:11:52.436142
168.258973,761,1026,13:11:52.436142
168.260871,626,802,13:11:52.436142
168.262728,571,944,13:11:52.436142
168.264584,694,880,13:11:52.436142
168.266442,575,987,13:11:52.436142
168.268305,568,960,13:11:52.436142
168.270161,376,979,13:11:52.436142
168.272021,617,978,13:11:52.436142
168.273878,819,1004,13:11:52.436142
168.275736,602,1018,13:11:52.436142
168.277592,637,825,13:11:52.436142
168.279449,734,847,13:11:52.436142
168.281307,534,922,13:11:52.436142
168.283163,511,1019,13:11:52.436142
168.285022,205,782,13:11:52.436142
168.286878,681,1041,13:11:52.436142
168.288736,233,1065,13:11:52.436142
168.290605,691,940,13:11:52.436142
168.292469,-1150,1026,13:11:52.436142
168.294337,887,967,13:11:52.436142
168.296194,530,812,13:11:52.436142
168.298052,618,832,13:11:52.436142
168.299908,752,937,13:11:52.436142
168.301767,790,1015,13:11:52.436142
168.303625,677,846,13:11:52.436142
168.305491,448,983,13:11:52.452968
168.307362,955,810,13:11:52.452968
168.309223,712,1193,13:11:52.452968
168.311124,211,910,13:11:52.452968
168.312983,479,932,13:11:52.452968
168.314839,473,984,13:11:52.452968
168.316697,511,784,13:11:52.452968
168.318554,171,909,13:11:52.452968
168.320414,107,949,13:11:52.453957
168.32227,-71,794,13:11:52.453957
168.324127,192,866,13:11:52.453957
168.325989,561,983,13:11:52.453957
168.327845,207,1037,13:11:52.453957
168.329704,712,736,13:11:52.453957
168.33156,202,947,13:11:52.453957
168.333416,459,767,13:11:52.453957
168.335275,804,1073,13:11:52.453957
168.337136,707,842,13:11:52.453957
168.338996,314,1098,13:11:52.453957
168.34086,641,917,13:11:52.453957
168.342737,-960,794,13:11:52.453957
168.344604,724,1009,13:11:52.453957
168.34646,715,813,13:11:52.453957
168.348319,488,1067,13:11:52.453957
168.350175,850,986,13:11:52.453957
168.352042,878,1119,13:11:52.453957
168.353898,755,809,13:11:52.453957
168.355758,578,999,13:11:52.503937
168.357619,481,886,13:11:52.503937
168.359483,871,849,13:11:52.503937
168.361383,497,959,13:11:52.503937
168.363239,671,905,13:11:52.503937
168.365099,711,959,13:11:52.503937
168.366956,626,931,13:11:52.503937
168.368812,560,1015,13:11:52.503937
168.370671,721,1039,13:11:52.503937
168.372527,544,918,13:11:52.503937
168.374384,656,928,13:11:52.504933
168.37624,623,961,13:11:52.504933
168.378096,405,1031,13:11:52.504933
168.379953,762,1137,13:11:52.504933
168.381809,687,1033,13:11:52.504933
168.383671,727,999,13:11:52.504933
168.385528,569,860,13:11:52.504933
168.387384,575,1218,13:11:52.505925
168.389244,854,1096,13:11:52.505925
168.391101,804,1203,13:11:52.505925
168.392962,678,879,13:11:52.505925
168.394845,419,880,13:11:52.505925
168.396702,391,961,13:11:52.505925
168.39856,630,783,13:11:52.505925
168.400416,855,1061,13:11:52.505925
168.402275,692,1075,13:11:52.505925
168.404131,671,764,13:11:52.505925
168.405997,745,764,13:11:52.554317
168.40786,649,740,13:11:52.554317
168.409724,276,987,13:11:52.554317
168.411648,653,1004,13:11:52.554317
168.413504,614,798,13:11:52.554317
168.415361,486,947,13:11:52.554317
168.417219,649,985,13:11:52.556333
168.419075,797,870,13:11:52.556333
168.420934,355,738,13:11:52.556333
168.422792,405,697,13:11:52.556333
168.424648,725,1009,13:11:52.556333
168.426507,665,1047,13:11:52.556333
168.428369,665,987,13:11:52.556333
168.430225,577,917,13:11:52.556333
168.432082,752,940,13:11:52.556333
168.43394,520,1101,13:11:52.556333
168.435798,843,1010,13:11:52.556333
168.437655,514,818,13:11:52.556333
168.439513,527,791,13:11:52.556333
168.441369,824,713,13:11:52.556333
168.44323,639,609,13:11:52.556333
168.445086,876,1045,13:11:52.556333
168.446946,574,1015,13:11:52.556333
168.448803,565,1100,13:11:52.556333
168.450659,601,1099,13:11:52.556333
168.452518,495,811,13:11:52.556333
168.454378,584,1000,13:11:52.556333
168.456244,414,755,13:11:52.603374
168.458105,556,1027,13:11:52.603374
168.459973,449,713,13:11:52.603374
168.461897,279,945,13:11:52.603374
168.463753,425,781,13:11:52.603374
168.46561,455,804,13:11:52.603374
168.467468,689,975,13:11:52.603374
168.469328,705,713,13:11:52.603374
168.471185,575,1055,13:11:52.603374
168.473041,769,684,13:11:52.603374
168.474899,397,864,13:11:52.603374
168.476756,572,886,13:11:52.603374
168.478612,767,986,13:11:52.603374
168.48047,617,789,13:11:52.603374
168.482327,456,961,13:11:52.603374
168.484185,577,1051,13:11:52.603374
168.486042,655,892,13:11:52.603374
168.487906,688,1000,13:11:52.603374
168.489762,717,1064,13:11:52.603374
168.491619,556,935,13:11:52.603374
168.493477,681,777,13:11:52.603374
168.495333,651,841,13:11:52.603374
168.49719,496,859,13:11:52.603374
168.499046,771,832,13:11:52.603374
168.500908,683,986,13:11:52.603374
168.502767,615,601,13:11:52.603374
168.504624,602,853,13:11:52.603374
168.506501,857,1047,13:11:52.654053
168.508362,498,1134,13:11:52.654053
168.510254,746,914,13:11:52.654053
168.51214,752,1077,13:11:52.654053
168.513996,638,1038,13:11:52.654053
168.515855,572,833,13:11:52.654053
168.517711,605,940,13:11:52.654053
168.519567,730,892,13:11:52.654053
168.521426,538,965,13:11:52.654053
168.523283,498,769,13:11:52.654053
168.525141,696,691,13:11:52.654053
168.526997,739,1107,13:11:52.654053
168.528859,538,943,13:11:52.654053
168.530716,573,791,13:11:52.654053
168.532572,484,843,13:11:52.654053
168.534432,644,939,13:11:52.654053
168.536289,512,1037,13:11:52.654053
168.538147,568,983,13:11:52.654053
168.540003,708,749,13:11:52.654053
168.54186,542,975,13:11:52.654053
168.543716,633,871,13:11:52.654053
168.545575,712,950,13:11:52.654053
168.547435,624,895,13:11:52.654053
168.549291,711,1040,13:11:52.654053
168.551151,667,1177,13:11:52.654053
168.553008,865,1117,13:11:52.654053
168.554886,696,1054,13:11:52.706353
168.55675,639,929,13:11:52.706353
168.558611,595,900,13:11:52.706353
168.560515,548,1233,13:11:52.706353
168.562373,619,915,13:11:52.706353
168.564233,544,1010,13:11:52.706353
168.56609,683,954,13:11:52.706353
168.567946,709,957,13:11:52.706353
168.569805,673,1004,13:11:52.706353
168.571661,548,824,13:11:52.706353
168.573517,463,999,13:11:52.706353
168.575378,607,859,13:11:52.706353
168.577234,427,921,13:11:52.706353
168.57909,555,859,13:11:52.706353
168.580947,742,805,13:11:52.706353
168.582811,695,1113,13:11:52.706353
168.584667,586,731,13:11:52.706353
168.586524,623,1086,13:11:52.706353
168.588382,575,811,13:11:52.706353
168.590238,615,981,13:11:52.706353
168.592095,501,783,13:11:52.706353
168.593951,675,965,13:11:52.706353
168.595807,534,1042,13:11:52.706353
168.597664,300,598,13:11:52.706353
168.599521,455,892,13:11:52.706353
168.601382,522,992,13:11:52.706353
168.603239,614,885,13:11:52.706353
168.605099,709,936,13:11:52.754605
168.606961,613,970,13:11:52.754605
168.608822,472,1125,13:11:52.754605
168.610714,591,849,13:11:52.754605
168.612594,623,876,13:11:52.755602
168.614455,612,741,13:11:52.755602
168.616313,639,562,13:11:52.755602
168.618179,475,969,13:11:52.755602
168.620036,684,745,13:11:52.755602
168.621892,328,797,13:11:52.755602
168.62375,616,840,13:11:52.755602
168.625607,567,874,13:11:52.756601
168.627463,538,655,13:11:52.756601
168.629321,384,965,13:11:52.756601
168.631178,826,631,13:11:52.756601
168.633036,482,738,13:11:52.756601
168.634892,648,980,13:11:52.756601
168.636757,650,716,13:11:52.756601
168.638613,386,899,13:11:52.756601
168.64047,547,1041,13:11:52.756601
168.642328,479,814,13:11:52.756601
168.644184,647,925,13:11:52.756601
168.646041,532,969,13:11:52.757601
168.647905,556,808,13:11:52.757601
168.649763,573,806,13:11:52.757601
168.651622,707,1002,13:11:52.757601
168.653479,634,704,13:11:52.757601
168.655336,512,790,13:11:52.803863
168.657207,591,627,13:11:52.803863
168.659067,461,779,13:11:52.803863
168.660979,383,700,13:11:52.803863
168.662885,305,656,13:11:52.803863
168.664761,492,927,13:11:52.803863
168.66662,620,971,13:11:52.803863
168.668476,742,812,13:11:52.803863
168.670332,819,1000,13:11:52.803863
168.672189,848,1169,13:11:52.803863
168.674053,595,734,13:11:52.803863
168.675909,887,941,13:11:52.803863
168.677766,661,765,13:11:52.803863
168.679624,759,641,13:11:52.803863
168.681481,718,840,13:11:52.803863
168.683337,513,960,13:11:52.803863
168.685193,550,888,13:11:52.803863
168.68705,468,912,13:11:52.803863
168.688906,607,876,13:11:52.803863
168.690773,333,962,13:11:52.803863
168.692633,573,889,13:11:52.803863
168.694489,709,956,13:11:52.803863
168.696347,613,848,13:11:52.803863
168.698204,596,1036,13:11:52.803863
168.70006,692,1109,13:11:52.803863
168.701918,1023,737,13:11:52.803863
168.703775,512,1003,13:11:52.803863
168.705635,790,819,13:11:52.854224
168.707497,645,868,13:11:52.854224
168.709359,343,879,13:11:52.854224
168.711268,224,802,13:11:52.854224
168.713124,930,986,13:11:52.854224
168.714983,849,813,13:11:52.854224
168.716843,408,795,13:11:52.854224
168.718699,679,727,13:11:52.854224
168.720558,608,1041,13:11:52.854224
168.722417,350,732,13:11:52.854224
168.724276,567,531,13:11:52.854224
168.726133,563,789,13:11:52.854224
168.727999,917,832,13:11:52.854224
168.729855,510,769,13:11:52.854224
168.731712,493,917,13:11:52.854224
168.73357,663,1075,13:11:52.854224
168.735426,567,804,13:11:52.854224
168.737283,466,707,13:11:52.854224
168.739139,660,911,13:11:52.854224
168.740996,584,960,13:11:52.854224
168.742854,599,934,13:11:52.854224
168.744719,734,877,13:11:52.854224
168.746579,413,1075,13:11:52.854224
168.748435,680,809,13:11:52.854224
168.750309,754,843,13:11:52.854224
168.752166,625,867,13:11:52.854224
168.754022,706,803,13:11:52.854224
168.755888,791,823,13:11:52.903964
168.757749,593,695,13:11:52.903964
168.759626,643,766,13:11:52.903964
168.761541,485,727,13:11:52.903964
168.763397,675,742,13:11:52.903964
168.765256,815,937,13:11:52.903964
168.767112,527,1080,13:11:52.903964
168.768968,755,791,13:11:52.903964
168.770825,612,997,13:11:52.903964
168.772691,696,832,13:11:52.903964
168.774547,551,796,13:11:52.903964
168.776404,581,1076,13:11:52.903964
168.778262,663,731,13:11:52.903964
168.780119,723,915,13:11:52.903964
168.781975,437,721,13:11:52.903964
168.783835,455,698,13:11:52.903964
168.785692,481,550,13:11:52.903964
168.787548,584,1000,13:11:52.903964
168.789404,521,720,13:11:52.903964
168.791269,451,779,13:11:52.903964
168.793125,583,864,13:11:52.903964
168.794981,798,633,13:11:52.903964
168.79684,606,781,13:11:52.903964
168.798696,581,891,13:11:52.903964
168.800554,764,771,13:11:52.903964
168.802411,723,912,13:11:52.903964
168.804267,756,835,13:11:52.903964
168.806125,556,810,13:11:52.953792
168.807987,444,887,13:11:52.953792
168.809852,627,975,13:11:52.953792
168.811744,91,857,13:11:52.953792
168.813619,620,833,13:11:52.953792
168.815479,711,1006,13:11:52.953792
168.817335,831,717,13:11:52.953792
168.819194,544,790,13:11:52.953792
168.82105,500,768,13:11:52.953792
168.822906,831,923,13:11:52.953792
168.824763,888,970,13:11:52.953792
168.826619,591,783,13:11:52.953792
168.828477,697,556,13:11:52.953792
168.830334,465,626,13:11:52.953792
168.832192,375,669,13:11:52.953792
168.834048,861,641,13:11:52.953792
168.835905,605,909,13:11:52.953792
168.837763,433,729,13:11:52.953792
168.839624,979,724,13:11:52.953792
168.84148,750,546,13:11:52.954700
168.843336,895,832,13:11:52.954700
168.845195,678,614,13:11:52.954700
168.847051,670,643,13:11:52.954700
168.848907,703,938,13:11:52.954700
168.850766,540,762,13:11:52.954700
168.85263,573,1010,13:11:52.954700
168.854488,594,878,13:11:52.954700
168.856351,659,788,13:11:53.004214
168.858211,602,753,13:11:53.004214
168.860105,610,955,13:11:53.004214
168.861985,697,743,13:11:53.004214
168.863844,931,827,13:11:53.004214
168.8657,699,897,13:11:53.004214
168.867557,800,839,13:11:53.004214
168.869413,703,899,13:11:53.004214
168.871269,584,825,13:11:53.005205
168.873126,327,795,13:11:53.005205
168.874982,550,808,13:11:53.005205
168.876844,973,1009,13:11:53.005205
168.878701,549,749,13:11:53.005205
168.880557,554,892,13:11:53.005205
168.882415,527,730,13:11:53.006200
168.884272,604,771,13:11:53.006200
168.88613,864,976,13:11:53.006200
168.887986,767,1007,13:11:53.006200
168.889845,755,900,13:11:53.006200
168.891703,557,630,13:11:53.006200
168.89356,470,537,13:11:53.006200
168.89542,968,783,13:11:53.006200
168.897276,850,938,13:11:53.006200
168.899135,635,873,13:11:53.006200
168.900991,538,881,13:11:53.007197
168.902847,861,781,13:11:53.007197
168.904706,654,718,13:11:53.055189
168.906568,587,609,13:11:53.056194
168.908434,434,754,13:11:53.056194
168.910322,478,956,13:11:53.056194
168.912218,642,824,13:11:53.056194
168.914075,691,905,13:11:53.056194
168.915932,587,873,13:11:53.056194
168.91779,914,797,13:11:53.056194
168.919646,703,922,13:11:53.056194
168.921503,1028,676,13:11:53.056194
168.923359,583,700,13:11:53.056194
168.925215,930,735,13:11:53.056194
168.927072,898,867,13:11:53.056194
168.928928,825,666,13:11:53.056194
168.93079,643,744,13:11:53.056194
168.932647,795,659,13:11:53.056194
168.934503,816,842,13:11:53.056194
168.936361,742,791,13:11:53.056194
168.938218,517,808,13:11:53.056194
168.940076,594,765,13:11:53.056194
168.941933,625,696,13:11:53.056194
168.943791,602,845,13:11:53.056194
168.945649,703,493,13:11:53.056194
168.947506,711,1058,13:11:53.056194
168.949366,515,686,13:11:53.056194
168.951222,728,661,13:11:53.056194
168.953081,900,905,13:11:53.056194
168.954939,600,629,13:11:53.103648
168.956811,578,834,13:11:53.103648
168.958672,660,888,13:11:53.103648
168.960576,465,913,13:11:53.103648
168.962452,837,773,13:11:53.103648
168.964312,829,563,13:11:53.103648
168.966173,445,1124,13:11:53.103648
168.968031,640,900,13:11:53.103648
168.969888,534,1017,13:11:53.103648
168.971748,567,792,13:11:53.103648
168.973604,805,832,13:11:53.103648
168.975461,721,860,13:11:53.103648
168.977319,293,533,13:11:53.103648
168.979175,614,928,13:11:53.103648
168.981034,872,927,13:11:53.103648
168.98289,602,600,13:11:53.103648
168.984752,518,723,13:11:53.103648
168.986609,875,825,13:11:53.103648
168.988467,528,981,13:11:53.103648
168.990327,604,846,13:11:53.103648
168.992184,513,814,13:11:53.105750
168.994042,826,898,13:11:53.105750
168.995898,624,843,13:11:53.105750
168.997755,808,668,13:11:53.105750
168.999613,653,760,13:11:53.105750
169.001472,1014,824,13:11:53.105750
169.00333,513,554,13:11:53.105750
169.005186,606,838,13:11:53.157735
169.007053,552,925,13:11:53.157735
169.008913,624,695,13:11:53.157735
169.010811,314,930,13:11:53.157735
169.012687,687,898,13:11:53.157735
169.014544,837,944,13:11:53.157735
169.0164,802,1008,13:11:53.157735
169.018258,747,734,13:11:53.157735
169.020119,655,837,13:11:53.157735
169.021977,653,1032,13:11:53.157735
169.023835,834,704,13:11:53.157735
169.0257,615,871,13:11:53.157735
169.027556,639,781,13:11:53.157735
169.029413,417,1058,13:11:53.157735
169.031271,685,832,13:11:53.157735
169.033127,632,715,13:11:53.157735
169.034986,478,889,13:11:53.157735
169.036844,587,849,13:11:53.157735
169.0387,673,998,13:11:53.157735
169.040557,613,781,13:11:53.158735
169.042421,827,831,13:11:53.158735
169.044277,692,634,13:11:53.158735
169.046134,693,807,13:11:53.158735
169.047992,212,835,13:11:53.158735
169.049848,834,932,13:11:53.158735
169.051705,636,968,13:11:53.158735
169.053563,471,619,13:11:53.158735
169.05542,596,942,13:11:53.205165
169.057296,576,803,13:11:53.205165
169.059157,730,844,13:11:53.205165
169.061059,635,1042,13:11:53.205165
169.062921,656,846,13:11:53.205165
169.064777,781,710,13:11:53.205165
169.066639,914,832,13:11:53.205165
169.068496,506,914,13:11:53.205165
169.070352,655,1034,13:11:53.205165
169.07221,419,886,13:11:53.205165
169.074067,618,926,13:11:53.205165
169.075923,732,855,13:11:53.205165
169.077781,779,782,13:11:53.205165
169.079648,484,768,13:11:53.205165
169.081504,399,708,13:11:53.205165
169.08336,544,907,13:11:53.205165
169.085219,809,858,13:11:53.205165
169.087075,651,756,13:11:53.205165
169.088933,669,740,13:11:53.205165
169.090792,819,853,13:11:53.205165
169.092648,792,893,13:11:53.205165
169.094506,506,1057,13:11:53.205165
169.096367,455,849,13:11:53.205165
169.098223,685,810,13:11:53.205165
169.100079,590,722,13:11:53.205165
169.101938,828,968,13:11:53.205165
169.103794,535,768,13:11:53.205165
169.105658,629,870,13:11:53.256050
169.107525,827,900,13:11:53.256050
169.109385,564,1092,13:11:53.256050
169.111334,395,573,13:11:53.256050
169.113191,536,1006,13:11:53.256050
169.115048,524,876,13:11:53.256050
169.116906,622,760,13:11:53.256050
169.118763,370,1107,13:11:53.256050
169.120619,573,705,13:11:53.256050
169.122475,797,566,13:11:53.256050
169.124339,492,943,13:11:53.256050
169.126196,539,820,13:11:53.256050
169.128052,669,972,13:11:53.256050
169.129911,571,1032,13:11:53.256050
169.131767,719,968,13:11:53.257044
169.133623,766,659,13:11:53.257044
169.135482,438,843,13:11:53.257044
169.137338,646,796,13:11:53.257044
169.139196,597,795,13:11:53.257044
169.141053,769,1135,13:11:53.257044
169.142917,623,788,13:11:53.257044
169.144775,536,606,13:11:53.257044
169.146632,353,730,13:11:53.257044
169.14849,813,1002,13:11:53.257044
169.150346,616,997,13:11:53.257044
169.152205,765,987,13:11:53.257044
169.154061,549,893,13:11:53.257044
169.15592,608,808,13:11:53.306113
169.157782,449,595,13:11:53.306113
169.159646,577,638,13:11:53.306113
169.161588,537,642,13:11:53.306113
169.163449,376,618,13:11:53.306113
169.165313,625,946,13:11:53.307118
169.167171,735,1021,13:11:53.307118
169.169027,781,724,13:11:53.307118
169.17089,858,840,13:11:53.307118
169.172746,480,688,13:11:53.307118
169.174603,501,752,13:11:53.307118
169.176461,457,1114,13:11:53.307118
169.178317,675,737,13:11:53.307118
169.180176,358,638,13:11:53.307118
169.182032,651,755,13:11:53.307118
169.183888,473,840,13:11:53.307118
169.185747,747,806,13:11:53.307118
169.187609,986,706,13:11:53.307118
169.189465,569,1051,13:11:53.307118
169.191322,658,912,13:11:53.307118
169.19318,628,912,13:11:53.307118
169.195036,717,782,13:11:53.307118
169.196893,759,871,13:11:53.307118
169.198751,695,749,13:11:53.307118
169.200607,634,706,13:11:53.307118
169.202466,657,714,13:11:53.308119
169.204322,698,820,13:11:53.309117
169.206188,600,868,13:11:53.363864
169.208049,904,698,13:11:53.363864
169.209924,511,749,13:11:53.363864
169.211809,631,1054,13:11:53.363864
169.213685,132,584,13:11:53.363864
169.215556,481,910,13:11:53.363864
169.217414,577,704,13:11:53.363864
169.219271,614,780,13:11:53.363864
169.221129,600,1084,13:11:53.363864
169.222985,613,692,13:11:53.363864
169.224844,329,790,13:11:53.363864
169.226702,710,652,13:11:53.363864
169.228568,536,866,13:11:53.363864
169.230425,682,831,13:11:53.363864
169.232281,610,734,13:11:53.363864
169.234139,411,785,13:11:53.363864
169.235996,496,682,13:11:53.363864
169.237854,674,1117,13:11:53.363864
169.239712,739,891,13:11:53.363864
169.241569,564,773,13:11:53.363864
169.243427,498,714,13:11:53.363864
169.245284,484,930,13:11:53.363864
169.247146,427,772,13:11:53.363864
169.249002,660,823,13:11:53.363864
169.250859,667,759,13:11:53.363864
169.252717,549,824,13:11:53.363864
169.254573,602,699,13:11:53.408474
169.256436,508,718,13:11:53.408474
169.258296,436,906,13:11:53.408474
169.260211,766,660,13:11:53.408474
169.262086,127,755,13:11:53.408474
169.263943,597,811,13:11:53.408474
169.265803,550,921,13:11:53.408474
169.26769,659,887,13:11:53.408474
169.269558,597,891,13:11:53.408474
169.27146,80,655,13:11:53.408474
169.273316,564,558,13:11:53.408474
169.275175,596,736,13:11:53.408474
169.277037,572,718,13:11:53.408474
169.278893,625,966,13:11:53.408474
169.280754,605,785,13:11:53.408474
169.28261,396,994,13:11:53.408474
169.284466,750,772,13:11:53.408474
169.286325,651,714,13:11:53.408474
169.288184,588,856,13:11:53.408474
169.290043,606,724,13:11:53.408474
169.2919,562,877,13:11:53.408474
169.293766,442,941,13:11:53.408474
169.295622,499,745,13:11:53.408474
169.297479,772,811,13:11:53.408474
169.299337,716,757,13:11:53.408474
169.301193,449,899,13:11:53.408474
169.30305,446,810,13:11:53.408474
169.304906,361,815,13:11:53.466107
169.306773,649,740,13:11:53.466107
169.308633,442,893,13:11:53.466107
169.310553,426,747,13:11:53.466107
169.312413,611,980,13:11:53.466107
169.314274,585,1093,13:11:53.466107
169.316147,21,819,13:11:53.466107
169.318022,550,657,13:11:53.466107
169.319879,643,815,13:11:53.466107
169.321737,503,913,13:11:53.466107
169.323593,653,928,13:11:53.466107
169.325452,697,830,13:11:53.466107
169.32731,498,737,13:11:53.466107
169.329166,592,765,13:11:53.466107
169.331025,387,918,13:11:53.466107
169.332881,399,738,13:11:53.466107
169.334737,529,728,13:11:53.466107
169.336596,367,619,13:11:53.466107
169.338458,363,851,13:11:53.466107
169.340315,614,862,13:11:53.466107
169.342171,600,950,13:11:53.466107
169.344029,692,815,13:11:53.466107
169.345886,551,848,13:11:53.466107
169.347742,313,733,13:11:53.466107
169.3496,601,877,13:11:53.466107
169.351457,610,954,13:11:53.466107
169.353315,460,999,13:11:53.466107
169.355171,613,903,13:11:53.516213
169.357046,688,917,13:11:53.516213
169.358906,548,602,13:11:53.516213
169.360802,192,1077,13:11:53.516213
169.362661,676,839,13:11:53.516213
169.364521,820,719,13:11:53.516213
169.366377,371,883,13:11:53.516213
169.368234,412,573,13:11:53.516213
169.370093,502,861,13:11:53.516213
169.37195,558,1107,13:11:53.516213
169.373809,-501,756,13:11:53.516213
169.375667,615,729,13:11:53.516213
169.377523,473,848,13:11:53.516213
169.37938,540,972,13:11:53.516213
169.381238,753,781,13:11:53.516213
169.383094,509,906,13:11:53.516213
169.384953,459,730,13:11:53.516213
169.386809,570,968,13:11:53.516213
169.388672,716,939,13:11:53.516213
169.390528,491,767,13:11:53.516213
169.392384,538,945,13:11:53.516213
169.394243,638,798,13:11:53.516213
169.396099,579,712,13:11:53.516213
169.397955,466,722,13:11:53.516213
169.399812,453,703,13:11:53.516213
169.401668,505,782,13:11:53.516213
169.403524,687,799,13:11:53.516213
169.405381,636,1008,13:11:53.564954
169.407259,496,764,13:11:53.564954
169.409119,591,756,13:11:53.564954
169.411022,410,948,13:11:53.564954
169.41288,572,836,13:11:53.564954
169.414736,376,948,13:11:53.564954
169.416593,655,686,13:11:53.564954
169.418449,399,711,13:11:53.564954
169.420341,345,838,13:11:53.565953
169.422203,-800,769,13:11:53.565953
169.424068,465,794,13:11:53.565953
169.425924,452,711,13:11:53.565953
169.427782,416,753,13:11:53.565953
169.429639,894,730,13:11:53.565953
169.431497,603,813,13:11:53.565953
169.433363,276,937,13:11:53.565953
169.43522,838,404,13:11:53.565953
169.437076,311,710,13:11:53.565953
169.438935,428,920,13:11:53.565953
169.440793,540,844,13:11:53.565953
169.442649,682,914,13:11:53.565953
169.444508,647,999,13:11:53.565953
169.446364,424,1004,13:11:53.565953
169.448222,536,821,13:11:53.565953
169.450079,705,657,13:11:53.565953
169.451941,654,773,13:11:53.565953
169.453799,679,1124,13:11:53.565953
169.455662,348,854,13:11:53.614353
169.45753,722,845,13:11:53.614353
169.459392,298,770,13:11:53.614353
169.461296,171,681,13:11:53.614353
169.463155,532,865,13:11:53.614353
169.465012,417,757,13:11:53.614353
169.466879,555,887,13:11:53.614353
169.468783,-206,852,13:11:53.614353
169.470646,656,758,13:11:53.614353
169.472508,364,748,13:11:53.614353
169.474365,509,836,13:11:53.614353
169.476223,483,752,13:11:53.614353
169.478079,617,899,13:11:53.614353
169.479936,576,876,13:11:53.614353
169.481794,539,683,13:11:53.614353
169.483655,616,692,13:11:53.614353
169.485513,811,992,13:11:53.614353
169.487369,246,940,13:11:53.614353
169.489231,427,783,13:11:53.614353
169.491088,603,747,13:11:53.614353
169.492944,603,864,13:11:53.614353
169.494802,317,997,13:11:53.614353
169.496659,575,403,13:11:53.614353
169.498517,634,725,13:11:53.614353
169.500377,470,777,13:11:53.614353
169.502234,529,1036,13:11:53.614353
169.50409,577,883,13:11:53.614353
169.505967,614,1054,13:11:53.663329
169.507829,388,652,13:11:53.663329
169.50969,411,915,13:11:53.663329
169.511591,342,913,13:11:53.663329
169.513449,391,970,13:11:53.663329
169.515308,456,605,13:11:53.663329
169.517166,630,794,13:11:53.663329
169.519023,391,866,13:11:53.663329
169.5209,-754,996,13:11:53.663329
169.522763,198,1019,13:11:53.663329
169.52462,606,998,13:11:53.663329
169.526478,404,638,13:11:53.664320
169.528334,565,731,13:11:53.664320
169.530197,504,845,13:11:53.664320
169.532053,404,915,13:11:53.664320
169.533909,514,872,13:11:53.664320
169.535768,621,1064,13:11:53.664320
169.537624,589,778,13:11:53.664320
169.53948,482,897,13:11:53.664320
169.541337,505,638,13:11:53.664320
169.543193,659,602,13:11:53.664320
169.545049,465,690,13:11:53.664320
169.546906,458,868,13:11:53.664320
169.548766,359,829,13:11:53.664320
169.550622,424,789,13:11:53.664320
169.552481,468,920,13:11:53.664320
169.554337,579,1070,13:11:53.664320
169.556203,774,726,13:11:53.719528
169.558064,542,722,13:11:53.719528
169.559938,511,817,13:11:53.719528
169.56184,708,814,13:11:53.719528
169.563697,623,987,13:11:53.719528
169.565564,570,818,13:11:53.719528
169.567421,453,749,13:11:53.719528
169.569284,366,1053,13:11:53.719528
169.571147,-264,681,13:11:53.719528
169.573022,651,764,13:11:53.719528
169.574888,602,970,13:11:53.719528
169.576745,211,1035,13:11:53.719528
169.578601,613,822,13:11:53.719528
169.58046,243,1156,13:11:53.719528
169.582316,627,720,13:11:53.719528
169.584172,678,890,13:11:53.719528
169.586031,575,992,13:11:53.719528
169.587887,437,912,13:11:53.719528
169.589745,472,847,13:11:53.719528
169.591602,535,614,13:11:53.719528
169.593466,489,997,13:11:53.719528
169.595322,523,968,13:11:53.719528
169.597179,540,1083,13:11:53.719528
169.599037,302,916,13:11:53.719528
169.600893,666,918,13:11:53.719528
169.602754,362,909,13:11:53.719528
169.60461,431,877,13:11:53.773911
169.606474,422,874,13:11:53.773911
169.608335,444,944,13:11:53.773911
169.610229,522,614,13:11:53.773911
169.612099,558,946,13:11:53.773911
169.613959,422,683,13:11:53.773911
169.615816,398,717,13:11:53.773911
169.617676,390,596,13:11:53.773911
169.619532,694,669,13:11:53.773911
169.621391,-308,882,13:11:53.773911
169.623247,516,938,13:11:53.773911
169.62511,495,498,13:11:53.773911
169.626974,-1234,919,13:11:53.773911
169.628834,442,827,13:11:53.773911
169.630691,467,769,13:11:53.773911
169.632547,464,759,13:11:53.773911
169.634405,465,895,13:11:53.773911
169.636262,504,811,13:11:53.773911
169.638118,530,925,13:11:53.773911
169.639976,540,842,13:11:53.773911
169.641835,500,742,13:11:53.773911
169.643693,641,678,13:11:53.773911
169.645549,599,764,13:11:53.773911
169.647412,377,841,13:11:53.773911
169.649268,787,851,13:11:53.773911
169.651124,682,837,13:11:53.773911
169.652983,722,701,13:11:53.773911
169.654839,507,677,13:11:53.821156
169.656709,556,707,13:11:53.821156
169.65857,1050,907,13:11:53.821156
169.660473,422,940,13:11:53.821156
169.662334,383,807,13:11:53.821156
169.664191,490,795,13:11:53.821156
169.666053,470,835,13:11:53.821156
169.667909,755,917,13:11:53.821156
169.669766,-10,1044,13:11:53.821156
169.671626,513,861,13:11:53.821156
169.67349,98,782,13:11:53.821156
169.675384,506,961,13:11:53.821156
169.677247,526,801,13:11:53.821156
169.679104,374,915,13:11:53.821156
169.680965,-2053,900,13:11:53.821156
169.682824,584,830,13:11:53.821156
169.684682,698,789,13:11:53.821156
169.686538,663,977,13:11:53.821156
169.688395,344,769,13:11:53.821156
169.690253,489,724,13:11:53.822143
169.692113,611,753,13:11:53.822143
169.693972,560,784,13:11:53.822143
169.695828,532,1017,13:11:53.822143
169.697694,537,895,13:11:53.822143
169.699551,489,1057,13:11:53.822143
169.701407,658,799,13:11:53.822143
169.703266,573,837,13:11:53.822143
169.705122,274,963,13:11:53.869216
169.706992,786,522,13:11:53.869216
169.708853,406,688,13:11:53.869216
169.710761,196,894,13:11:53.869216
169.712619,443,762,13:11:53.869216
169.714475,398,658,13:11:53.869216
169.716338,732,577,13:11:53.869216
169.718194,951,768,13:11:53.869216
169.72005,629,774,13:11:53.869216
169.721909,484,695,13:11:53.869216
169.723765,529,939,13:11:53.869216
169.725623,-62,787,13:11:53.869216
169.727514,605,942,13:11:53.869216
169.72938,525,1009,13:11:53.869216
169.731238,589,902,13:11:53.869216
169.733095,531,912,13:11:53.869216
169.734951,387,830,13:11:53.869216
169.736807,482,962,13:11:53.869216
169.738664,552,874,13:11:53.869216
169.74052,642,942,13:11:53.869216
169.742387,319,890,13:11:53.869216
169.744245,710,751,13:11:53.869216
169.746101,761,868,13:11:53.869216
169.747959,773,993,13:11:53.869216
169.749816,650,974,13:11:53.870218
169.751672,526,712,13:11:53.870218
169.753528,653,969,13:11:53.870218
169.755385,638,984,13:11:53.920723
169.757247,477,846,13:11:53.920723
169.759111,536,943,13:11:53.920723
169.761023,376,785,13:11:53.920723
169.76294,506,682,13:11:53.920723
169.764798,454,585,13:11:53.920723
169.766654,334,1151,13:11:53.920723
169.768513,15,932,13:11:53.920723
169.77037,537,1021,13:11:53.920723
169.772227,530,872,13:11:53.920723
169.774086,483,908,13:11:53.920723
169.77595,-1969,852,13:11:53.920723
169.77781,556,789,13:11:53.920723
169.77967,837,984,13:11:53.920723
169.781533,626,896,13:11:53.920723
169.783435,734,731,13:11:53.920723
169.785292,651,968,13:11:53.920723
169.787148,622,965,13:11:53.920723
169.789007,757,888,13:11:53.920723
169.790867,587,940,13:11:53.920723
169.792723,583,800,13:11:53.920723
169.794581,810,710,13:11:53.920723
169.796438,407,958,13:11:53.920723
169.798294,615,788,13:11:53.920723
169.800152,736,775,13:11:53.920723
169.802009,618,828,13:11:53.920723
169.803867,490,1160,13:11:53.920723
169.805727,598,832,13:11:53.971398
169.807592,574,849,13:11:53.971398
169.809456,543,970,13:11:53.971398
169.811364,220,795,13:11:53.971398
169.813223,610,935,13:11:53.971398
169.815079,590,992,13:11:53.971398
169.816935,487,1032,13:11:53.971398
169.818794,640,1110,13:11:53.971398
169.820651,462,736,13:11:53.971398
169.82251,361,915,13:11:53.971398
169.824369,454,677,13:11:53.971398
169.826233,499,993,13:11:53.971398
169.82809,-1527,761,13:11:53.971398
169.82995,715,988,13:11:53.971398
169.831808,504,818,13:11:53.971398
169.833664,804,853,13:11:53.971398
169.835523,454,884,13:11:53.971398
169.837379,649,1004,13:11:53.971398
169.839235,705,953,13:11:53.971398
169.841094,654,685,13:11:53.971398
169.84295,729,745,13:11:53.971398
169.844809,677,794,13:11:53.971398
169.846665,580,901,13:11:53.971398
169.848523,538,1077,13:11:53.971398
169.85038,589,894,13:11:53.971398
169.852236,573,938,13:11:53.971398
169.854094,538,1081,13:11:53.971398
169.855963,617,1004,13:11:54.024488
169.857823,761,603,13:11:54.024488
169.859687,680,897,13:11:54.024488
169.861588,485,948,13:11:54.024488
169.86345,584,737,13:11:54.024488
169.865306,628,936,13:11:54.024488
169.867164,517,938,13:11:54.024488
169.869021,448,1152,13:11:54.024488
169.870877,483,953,13:11:54.024488
169.872736,608,856,13:11:54.024488
169.874597,808,1262,13:11:54.024488
169.876459,724,1053,13:11:54.024488
169.878351,-1451,771,13:11:54.024488
169.880215,692,906,13:11:54.024488
169.882077,845,818,13:11:54.024488
169.883933,620,924,13:11:54.024488
169.885794,737,1081,13:11:54.024488
169.88765,632,894,13:11:54.024488
169.889512,338,763,13:11:54.024488
169.891369,567,808,13:11:54.024488
169.893226,536,721,13:11:54.024488
169.895088,603,1115,13:11:54.024488
169.896944,611,1072,13:11:54.024488
169.898806,535,1163,13:11:54.024488
169.900663,676,822,13:11:54.024488
169.902519,644,928,13:11:54.024488
169.904377,357,868,13:11:54.025847
169.906242,720,976,13:11:54.074678
169.908102,617,1239,13:11:54.074678
169.909991,487,1031,13:11:54.074678
169.911884,250,1065,13:11:54.074678
169.913741,749,942,13:11:54.074678
169.915597,494,835,13:11:54.074678
169.917455,738,891,13:11:54.074678
169.919312,345,1228,13:11:54.074678
169.921174,672,945,13:11:54.074678
169.923033,721,824,13:11:54.074678
169.924891,-71,1030,13:11:54.074678
169.926749,424,709,13:11:54.074678
169.928606,58,859,13:11:54.074678
169.930462,1065,890,13:11:54.074678
169.932324,-853,1051,13:11:54.074678
169.934205,555,1203,13:11:54.074678
169.936063,601,1058,13:11:54.074678
169.937919,659,1065,13:11:54.074678
169.939786,402,845,13:11:54.074678
169.941642,549,932,13:11:54.074678
169.943498,780,986,13:11:54.074678
169.945357,557,936,13:11:54.074678
169.947213,599,840,13:11:54.074678
169.949069,579,733,13:11:54.074678
169.950926,786,962,13:11:54.074678
169.952784,640,905,13:11:54.074678
169.954641,764,554,13:11:54.125431
169.956507,755,1069,13:11:54.125431
169.958367,739,1263,13:11:54.125431
169.960271,739,923,13:11:54.125431
169.962142,680,1094,13:11:54.125431
169.964002,454,913,13:11:54.125431
169.96586,546,1077,13:11:54.125431
169.967719,369,891,13:11:54.125431
169.969575,702,966,13:11:54.125431
169.971433,273,1078,13:11:54.125431
169.97329,74,1089,13:11:54.125431
169.975155,564,887,13:11:54.125431
169.977012,153,913,13:11:54.125431
169.978875,714,1008,13:11:54.125431
169.980738,-1884,996,13:11:54.125431
169.982601,820,965,13:11:54.125431
169.984479,634,1012,13:11:54.125431
169.986336,720,1004,13:11:54.125431
169.988224,646,1183,13:11:54.125431
169.990081,746,907,13:11:54.125431
169.991937,561,1110,13:11:54.125431
169.993802,594,983,13:11:54.125431
169.99566,724,1115,13:11:54.125431
169.997516,415,1024,13:11:54.125431
169.999374,628,1132,13:11:54.125431
170.001231,456,930,13:11:54.125431
170.003087,564,1267,13:11:54.125431
170.004945,513,1046,13:11:54.183728
170.00681,786,972,13:11:54.183728
170.00867,708,773,13:11:54.183728
170.010572,295,1016,13:11:54.183728
170.012437,288,1030,13:11:54.183728
170.014299,608,980,13:11:54.183728
170.016155,894,1087,13:11:54.183728
170.018014,579,900,13:11:54.183728
170.019874,-181,1021,13:11:54.183728
170.02173,496,1107,13:11:54.183728
170.023589,-70,748,13:11:54.183728
170.025445,510,1160,13:11:54.183728
170.027301,564,1027,13:11:54.183728
170.02916,150,907,13:11:54.183728
170.031024,23,984,13:11:54.183728
170.032902,-1458,912,13:11:54.183728
170.034763,369,1037,13:11:54.183728
170.036619,503,1011,13:11:54.183728
170.038475,448,925,13:11:54.183728
170.040334,575,1019,13:11:54.184727
170.04219,538,1166,13:11:54.184727
170.044046,745,1220,13:11:54.184727
170.045905,781,1012,13:11:54.184727
170.047763,648,1080,13:11:54.184727
170.049621,629,1283,13:11:54.184727
170.051478,624,1117,13:11:54.184727
170.053338,724,1107,13:11:54.184727
170.055195,443,1187,13:11:54.228388
170.05707,261,937,13:11:54.228388
170.058929,448,843,13:11:54.228388
170.060823,481,1108,13:11:54.228388
170.06268,622,963,13:11:54.228388
170.064538,372,989,13:11:54.228388
170.066396,426,1275,13:11:54.228388
170.068253,304,1003,13:11:54.228388
170.070109,487,1240,13:11:54.228388
170.071968,506,1133,13:11:54.228388
170.073824,536,976,13:11:54.228388
170.07568,639,826,13:11:54.228388
170.077539,715,1182,13:11:54.228388
170.079395,75,1038,13:11:54.228388
170.081256,643,905,13:11:54.228388
170.08314,382,954,13:11:54.228388
170.084996,796,1017,13:11:54.228388
170.086858,343,1267,13:11:54.228388
170.088716,674,1058,13:11:54.228388
170.090573,-1600,823,13:11:54.228388
170.092441,663,819,13:11:54.228388
170.094298,556,918,13:11:54.228388
170.096154,545,974,13:11:54.228388
170.09801,464,1058,13:11:54.228388
170.099871,657,1008,13:11:54.228388
170.101727,525,907,13:11:54.228388
170.103585,606,1320,13:11:54.228388
170.105444,442,1060,13:11:54.279429
170.10731,419,1043,13:11:54.279429
170.109172,431,976,13:11:54.279429
170.111067,615,1088,13:11:54.279429
170.112925,442,979,13:11:54.279429
170.114785,860,877,13:11:54.279429
170.116642,290,1053,13:11:54.279429
170.1185,462,1048,13:11:54.279429
170.120356,513,756,13:11:54.279429
170.122215,469,930,13:11:54.279429
170.124071,524,1084,13:11:54.279429
170.125933,524,1084,13:11:54.279429
170.127792,833,1029,13:11:54.279429
170.129648,706,958,13:11:54.279429
170.131506,748,912,13:11:54.279429
170.133363,622,1241,13:11:54.279429
170.135221,-554,800,13:11:54.279429
170.137103,336,1253,13:11:54.279429
170.13896,545,761,13:11:54.279429
170.140818,567,1050,13:11:54.279429
170.142674,419,1134,13:11:54.279429
170.144531,662,1087,13:11:54.279429
170.146387,738,985,13:11:54.279429
170.148245,615,944,13:11:54.279429
170.150102,796,1081,13:11:54.279429
170.151958,635,1058,13:11:54.279429
170.153816,740,860,13:11:54.279429
170.155677,883,954,13:11:54.334810
170.157541,693,814,13:11:54.334810
170.159403,595,914,13:11:54.334810
170.161312,731,901,13:11:54.334810
170.163172,479,902,13:11:54.334810
170.165028,511,998,13:11:54.334810
170.166889,670,1049,13:11:54.334810
170.168745,444,951,13:11:54.334810
170.170601,536,851,13:11:54.334810
170.172462,395,1020,13:11:54.334810
170.174318,285,1001,13:11:54.334810
170.176176,279,1208,13:11:54.334810
170.178033,576,964,13:11:54.334810
170.179889,802,898,13:11:54.334810
170.181746,437,1118,13:11:54.334810
170.183612,29,1009,13:11:54.334810
170.18551,34,1036,13:11:54.334810
170.187368,555,1415,13:11:54.334810
170.189225,614,1095,13:11:54.334810
170.191083,706,839,13:11:54.334810
170.192945,652,664,13:11:54.334810
170.194806,748,1040,13:11:54.334810
170.196662,898,1055,13:11:54.334810
170.198526,690,782,13:11:54.334810
170.200383,459,855,13:11:54.334810
170.202239,774,995,13:11:54.334810
170.204097,511,963,13:11:54.334810
170.205958,411,1133,13:11:54.386084
170.207822,704,1272,13:11:54.386084
170.209686,784,920,13:11:54.386084
170.211584,433,1102,13:11:54.386084
170.213441,256,1027,13:11:54.386084
170.215297,565,824,13:11:54.386084
170.217158,906,971,13:11:54.386084
170.219016,706,1056,13:11:54.386084
170.220876,661,760,13:11:54.386084
170.222737,803,1142,13:11:54.386084
170.224593,902,786,13:11:54.386084
170.226451,230,1119,13:11:54.386084
170.228308,134,1041,13:11:54.386084
170.23017,843,1086,13:11:54.386084
170.232028,745,998,13:11:54.386084
170.233885,713,955,13:11:54.386084
170.235748,-389,952,13:11:54.386084
170.237631,815,1216,13:11:54.386084
170.239494,253,966,13:11:54.386084
170.241352,705,1089,13:11:54.386084
170.243209,608,962,13:11:54.386084
170.245071,717,1057,13:11:54.386084
170.246927,655,903,13:11:54.386084
170.248785,633,1228,13:11:54.386084
170.250642,522,933,13:11:54.386084
170.252498,540,1107,13:11:54.386084
170.254356,773,893,13:11:54.386084
170.256221,787,829,13:11:54.435266
170.258081,496,1149,13:11:54.435266
170.259961,780,1003,13:11:54.435266
170.261838,552,789,13:11:54.435266
170.263696,368,844,13:11:54.435266
170.265552,576,1093,13:11:54.435266
170.267411,531,875,13:11:54.435266
170.269267,715,1032,13:11:54.435266
170.271129,461,1256,13:11:54.435266
170.27299,301,985,13:11:54.435266
170.274854,593,1151,13:11:54.435266
170.27671,583,1079,13:11:54.435266
170.278567,94,727,13:11:54.435266
170.280427,392,1110,13:11:54.435266
170.282283,515,1004,13:11:54.435266
170.28414,417,1102,13:11:54.435266
170.28601,573,1032,13:11:54.435266
170.287869,-1546,843,13:11:54.435266
170.289729,445,1065,13:11:54.435266
170.291587,547,908,13:11:54.435266
170.293445,588,837,13:11:54.435266
170.295334,580,1057,13:11:54.435266
170.29719,600,1047,13:11:54.435266
170.299049,760,945,13:11:54.435266
170.300905,698,903,13:11:54.435266
170.302765,753,1012,13:11:54.435266
170.304624,663,1081,13:11:54.484367
170.306487,421,869,13:11:54.484367
170.308346,752,976,13:11:54.484367
170.310258,670,911,13:11:54.484367
170.312123,664,1080,13:11:54.484367
170.313981,620,945,13:11:54.484367
170.315837,473,1108,13:11:54.484367
170.317696,682,953,13:11:54.484367
170.319552,562,896,13:11:54.484367
170.321417,262,1306,13:11:54.484367
170.323275,736,970,13:11:54.484367
170.325137,393,1407,13:11:54.484367
170.326994,327,829,13:11:54.484367
170.32885,673,1122,13:11:54.484367
170.330708,585,1287,13:11:54.484367
170.332565,626,1209,13:11:54.484367
170.334421,688,944,13:11:54.484367
170.336279,553,910,13:11:54.484367
170.338136,575,1097,13:11:54.484367
170.339994,202,1165,13:11:54.484367
170.341851,802,967,13:11:54.484367
170.343715,571,1029,13:11:54.484367
170.345571,585,954,13:11:54.484367
170.347428,542,973,13:11:54.484367
170.349286,746,975,13:11:54.484367
170.351142,697,1006,13:11:54.484367
170.352999,737,899,13:11:54.484367
170.354855,764,1462,13:11:54.536046
170.356729,548,904,13:11:54.536046
170.35859,513,914,13:11:54.536046
170.360502,644,1026,13:11:54.536046
170.362364,507,1073,13:11:54.536046
170.364221,434,928,13:11:54.536046
170.366077,809,1264,13:11:54.536046
170.367935,707,1177,13:11:54.536046
170.369794,721,967,13:11:54.536046
170.371652,846,837,13:11:54.536046
170.373508,758,929,13:11:54.536046
170.375365,613,1004,13:11:54.536046
170.377221,233,1273,13:11:54.536046
170.379083,128,1062,13:11:54.536046
170.38094,843,1138,13:11:54.536046
170.382798,807,1079,13:11:54.536046
170.384657,676,922,13:11:54.536046
170.386514,736,1022,13:11:54.536046
170.388377,421,976,13:11:54.536046
170.390258,-757,1136,13:11:54.536046
170.392128,706,894,13:11:54.536046
170.393988,703,1141,13:11:54.536046
170.395865,797,780,13:11:54.536046
170.397731,959,1124,13:11:54.536046
170.399587,681,899,13:11:54.536046
170.401444,548,1030,13:11:54.536046
170.403304,780,970,13:11:54.536046
170.40516,714,1155,13:11:54.585888
170.407027,672,991,13:11:54.585888
170.408887,753,1207,13:11:54.585888
170.410785,482,1153,13:11:54.585888
170.412656,845,1005,13:11:54.585888
170.414512,917,1086,13:11:54.586796
170.416369,827,845,13:11:54.586796
170.418229,747,934,13:11:54.586796
170.420085,476,577,13:11:54.586796
170.421943,544,1128,13:11:54.586796
170.423804,44,850,13:11:54.586796
170.42566,702,1171,13:11:54.586796
170.427518,740,765,13:11:54.586796
170.429379,325,970,13:11:54.586796
170.431237,887,744,13:11:54.586796
170.433094,812,1085,13:11:54.586796
170.434956,194,949,13:11:54.586796
170.436812,857,901,13:11:54.586796
170.438669,566,1286,13:11:54.586796
170.440528,831,935,13:11:54.586796
170.442411,733,1226,13:11:54.586796
170.444284,419,920,13:11:54.586796
170.44614,674,1191,13:11:54.586796
170.447996,679,987,13:11:54.586796
170.449855,778,1248,13:11:54.586796
170.451711,767,1131,13:11:54.586796
170.453569,743,937,13:11:54.586796
170.455426,681,934,13:11:54.603807
170.457298,647,998,13:11:54.603807
170.45916,598,1019,13:11:54.603807
170.461051,274,1018,13:11:54.603807
170.462909,711,941,13:11:54.603807
170.464765,786,914,13:11:54.603807
170.466622,622,923,13:11:54.603807
170.46848,577,742,13:11:54.603807
170.470338,271,1082,13:11:54.603807
170.472195,869,1062,13:11:54.603807
170.474051,50,886,13:11:54.603807
170.475915,256,1124,13:11:54.603807
170.477774,757,1126,13:11:54.603807
170.47963,853,1194,13:11:54.603807
170.481488,904,1038,13:11:54.603807
170.483345,235,926,13:11:54.603807
170.485203,297,1012,13:11:54.603807
170.48706,281,1167,13:11:54.603807
170.488922,272,1018,13:11:54.603807
170.490786,730,1061,13:11:54.603807
170.492645,-823,1031,13:11:54.603807
170.494505,731,876,13:11:54.603807
170.496361,797,1035,13:11:54.603807
170.498228,769,1020,13:11:54.603807
170.50011,747,1153,13:11:54.603807
170.501966,715,960,13:11:54.603807
170.503825,880,867,13:11:54.603807
170.505685,883,897,13:11:54.654247
170.507549,822,1012,13:11:54.654247
170.509412,707,980,13:11:54.654247
170.511334,526,914,13:11:54.654247
170.513192,854,872,13:11:54.654247
170.515048,705,989,13:11:54.654247
170.516905,916,1029,13:11:54.654247
170.518763,587,947,13:11:54.654247
170.52062,826,709,13:11:54.654247
170.522478,440,957,13:11:54.654247
170.524334,845,1037,13:11:54.654247
170.526199,546,874,13:11:54.654247
170.528055,1045,892,13:11:54.654247
170.529911,752,888,13:11:54.654247
170.53177,691,1123,13:11:54.654247
170.533626,891,918,13:11:54.654247
170.535484,1133,945,13:11:54.654247
170.537341,646,949,13:11:54.654247
170.539197,592,963,13:11:54.654247
170.541053,583,1023,13:11:54.654247
170.542919,841,820,13:11:54.654247
170.544776,848,932,13:11:54.654247
170.546633,1075,1145,13:11:54.654247
170.548491,709,999,13:11:54.654247
170.550347,842,828,13:11:54.654247
170.552204,472,1074,13:11:54.654247
170.554062,886,958,13:11:54.654247
170.555926,894,1305,13:11:54.705435
170.557791,973,988,13:11:54.705435
170.559658,686,976,13:11:54.705435
170.561585,761,1004,13:11:54.705435
170.563441,608,1007,13:11:54.705435
170.565298,715,784,13:11:54.705435
170.567158,829,1108,13:11:54.705435
170.569014,810,900,13:11:54.705435
170.570873,919,1026,13:11:54.705435
170.572731,604,1080,13:11:54.705435
170.574588,872,1006,13:11:54.705435
170.576449,765,1002,13:11:54.705435
170.578306,753,1166,13:11:54.705435
170.580163,697,875,13:11:54.705435
170.582019,803,762,13:11:54.705435
170.583878,674,916,13:11:54.705435
170.585736,892,968,13:11:54.705435
170.587592,844,840,13:11:54.705435
170.58945,1113,1203,13:11:54.705435
170.591307,879,1307,13:11:54.705435
170.593165,617,1027,13:11:54.705435
170.595023,982,952,13:11:54.706443
170.59688,746,1063,13:11:54.706443
170.598738,770,828,13:11:54.706443
170.600595,884,1017,13:11:54.706443
170.602455,634,856,13:11:54.706443
170.604313,736,682,13:11:54.706443
170.60621,713,984,13:11:54.753074
170.60807,679,839,13:11:54.753074
170.609952,844,953,13:11:54.753074
170.611837,917,1030,13:11:54.753074
170.613699,836,1072,13:11:54.753074
170.615555,864,842,13:11:54.753074
170.617413,849,1070,13:11:54.753074
170.61927,645,915,13:11:54.753074
170.621126,899,996,13:11:54.753074
170.622985,671,1112,13:11:54.753074
170.624846,624,823,13:11:54.753074
170.626703,560,965,13:11:54.753074
170.62856,845,1127,13:11:54.753074
170.630422,700,896,13:11:54.753074
170.632278,860,920,13:11:54.753074
170.634135,750,1002,13:11:54.753074
170.635993,917,956,13:11:54.753074
170.637849,832,960,13:11:54.753074
170.639708,876,911,13:11:54.753074
170.641564,698,1067,13:11:54.753074
170.643424,917,970,13:11:54.753074
170.645281,942,963,13:11:54.753074
170.647138,705,943,13:11:54.753074
170.649,997,1045,13:11:54.753074
170.650862,888,1051,13:11:54.753074
170.652738,993,1064,13:11:54.753074
170.654595,870,921,13:11:54.804539
170.656475,988,996,13:11:54.804539
170.658335,643,1095,13:11:54.804539
170.660227,808,1185,13:11:54.804539
170.662102,904,1010,13:11:54.804539
170.663962,823,805,13:11:54.804539
170.665818,670,763,13:11:54.804539
170.667677,815,1019,13:11:54.804539
170.669533,846,1151,13:11:54.804539
170.671395,855,843,13:11:54.804539
170.673254,826,824,13:11:54.804539
170.67512,690,1230,13:11:54.804539
170.676976,779,1247,13:11:54.804539
170.678835,707,943,13:11:54.804539
170.680693,842,829,13:11:54.804539
170.68255,778,944,13:11:54.804539
170.684406,684,1191,13:11:54.804539
170.686264,843,1027,13:11:54.804539
170.688121,839,754,13:11:54.804539
170.689979,831,931,13:11:54.804539
170.691835,790,960,13:11:54.804539
170.693698,940,1046,13:11:54.804539
170.695558,846,1019,13:11:54.804539
170.697418,754,857,13:11:54.804539
170.699279,825,932,13:11:54.804539
170.701135,772,1131,13:11:54.804539
170.702994,955,1226,13:11:54.805917
170.70485,752,1025,13:11:54.853329
170.706716,777,929,13:11:54.853329
170.708577,647,1309,13:11:54.854329
170.710483,993,826,13:11:54.854329
170.71235,719,877,13:11:54.854329
170.714225,472,1076,13:11:54.854329
170.716088,873,897,13:11:54.854329
170.717946,674,1000,13:11:54.854329
170.719804,525,772,13:11:54.854329
170.721669,976,928,13:11:54.854329
170.723525,776,1112,13:11:54.854329
170.725382,1077,818,13:11:54.854329
170.72724,834,992,13:11:54.854329
170.729096,797,726,13:11:54.854329
170.730955,885,930,13:11:54.854329
170.732811,962,953,13:11:54.854329
170.734667,901,788,13:11:54.854329
170.736524,855,1062,13:11:54.854329
170.73839,906,944,13:11:54.854329
170.740246,680,1086,13:11:54.854329
170.742103,717,1071,13:11:54.854329
170.743961,730,952,13:11:54.854329
170.745818,737,1124,13:11:54.854329
170.747674,939,926,13:11:54.854329
170.749532,933,980,13:11:54.854329
170.751389,816,1056,13:11:54.854329
170.753247,989,1212,13:11:54.854329
170.755103,946,971,13:11:54.903597
170.756976,824,860,13:11:54.903597
170.758838,742,1142,13:11:54.903597
170.76076,641,1036,13:11:54.903597
170.762623,847,981,13:11:54.903597
170.764479,753,896,13:11:54.903597
170.766335,731,1007,13:11:54.903597
170.768194,1100,857,13:11:54.904587
170.77005,832,758,13:11:54.904587
170.771908,883,1160,13:11:54.904587
170.773765,787,823,13:11:54.904587
170.775625,941,670,13:11:54.904587
170.777483,594,865,13:11:54.904587
170.779349,962,730,13:11:54.904587
170.781206,759,1033,13:11:54.904587
170.783063,881,984,13:11:54.904587
170.784921,824,1170,13:11:54.904587
170.786777,587,812,13:11:54.904587
170.788634,986,1060,13:11:54.904587
170.79049,662,1011,13:11:54.904587
170.792346,692,982,13:11:54.904587
170.794203,969,1087,13:11:54.904587
170.796059,855,986,13:11:54.904587
170.797927,999,1264,13:11:54.904587
170.799786,909,809,13:11:54.904587
170.801642,819,1137,13:11:54.904587
170.803501,952,833,13:11:54.904587
170.805357,760,866,13:11:54.955293
170.807231,782,966,13:11:54.955293
170.809092,586,919,13:11:54.955293
170.811012,681,983,13:11:54.955293
170.812874,824,706,13:11:54.955293
170.81473,1044,811,13:11:54.955293
170.816587,652,1057,13:11:54.955293
170.818444,913,773,13:11:54.955293
170.820308,764,1003,13:11:54.955293
170.822166,808,875,13:11:54.955293
170.824022,941,750,13:11:54.955293
170.825881,829,899,13:11:54.955293
170.827737,896,1139,13:11:54.955293
170.829593,941,972,13:11:54.955293
170.831452,959,1004,13:11:54.955293
170.833308,642,865,13:11:54.955293
170.835166,816,825,13:11:54.955293
170.837023,802,826,13:11:54.955293
170.838889,938,903,13:11:54.955293
170.840747,1018,1003,13:11:54.955293
170.842606,832,845,13:11:54.955293
170.844468,1016,941,13:11:54.955293
170.846324,720,981,13:11:54.955293
170.848183,943,1088,13:11:54.955293
170.850039,804,872,13:11:54.955293
170.851896,595,795,13:11:54.955293
170.853786,854,943,13:11:54.955293
170.855644,912,1019,13:11:55.003761
170.857505,577,923,13:11:55.003761
170.859366,626,882,13:11:55.003761
170.861269,490,1059,13:11:55.003761
170.863125,896,1056,13:11:55.003761
170.864982,956,1178,13:11:55.003761
170.86684,730,904,13:11:55.003761
170.868697,932,925,13:11:55.006771
170.870553,1108,777,13:11:55.006771
170.872411,1055,1109,13:11:55.006771
170.874268,866,971,13:11:55.006771
170.876124,846,976,13:11:55.007771
170.87798,1038,743,13:11:55.007771
170.879845,939,698,13:11:55.007771
170.881701,898,1177,13:11:55.007771
170.883557,726,727,13:11:55.007771
170.885416,668,942,13:11:55.007771
170.887272,784,1270,13:11:55.007771
170.889129,815,829,13:11:55.007771
170.890985,775,1053,13:11:55.007771
170.892843,776,1289,13:11:55.007771
170.8947,832,915,13:11:55.007771
170.896565,673,980,13:11:55.007771
170.898424,804,910,13:11:55.007771
170.900281,915,889,13:11:55.007771
170.902139,608,1085,13:11:55.008772
170.903995,929,893,13:11:55.008772
170.905864,900,784,13:11:55.053462
170.907724,921,959,13:11:55.053462
170.909585,799,653,13:11:55.053462
170.911516,993,851,13:11:55.053462
170.913425,431,649,13:11:55.053462
170.915281,813,968,13:11:55.053462
170.917141,683,955,13:11:55.053462
170.918998,788,631,13:11:55.053462
170.920856,1083,872,13:11:55.053462
170.922715,818,1029,13:11:55.053462
170.924571,978,747,13:11:55.053462
170.926429,850,856,13:11:55.053462
170.928286,789,803,13:11:55.053462
170.930142,931,1003,13:11:55.053462
170.932,913,1170,13:11:55.053462
170.933861,1019,993,13:11:55.053462
170.935717,838,980,13:11:55.053462
170.937573,789,1043,13:11:55.053462
170.939432,856,1012,13:11:55.053462
170.941288,948,900,13:11:55.053462
170.943145,664,1163,13:11:55.053462
170.945003,957,1043,13:11:55.053462
170.946859,934,945,13:11:55.053462
170.948716,1004,1147,13:11:55.054467
170.950572,764,864,13:11:55.054467
170.952438,893,1000,13:11:55.054467
170.954295,784,908,13:11:55.054467
170.95617,1055,863,13:11:55.104486
170.958029,956,1030,13:11:55.104486
170.959901,863,848,13:11:55.104486
170.961802,1140,1019,13:11:55.104486
170.963662,752,661,13:11:55.104486
170.965519,1052,1033,13:11:55.104486
170.967379,961,1111,13:11:55.104486
170.969235,893,879,13:11:55.104486
170.971096,899,849,13:11:55.104486
170.972954,716,875,13:11:55.104486
170.97482,1034,699,13:11:55.104486
170.976677,760,1107,13:11:55.104486
170.978533,769,986,13:11:55.104486
170.980391,1190,1052,13:11:55.104486
170.982248,780,933,13:11:55.104486
170.984112,818,902,13:11:55.104486
170.985972,980,835,13:11:55.104486
170.987829,741,924,13:11:55.104486
170.989687,826,820,13:11:55.104486
170.991544,966,866,13:11:55.104486
170.993402,783,887,13:11:55.104486
170.99526,690,705,13:11:55.104486
170.997118,870,1093,13:11:55.104486
170.998979,870,728,13:11:55.104486
171.000835,817,856,13:11:55.104486
171.002704,857,900,13:11:55.104486
171.00456,916,683,13:11:55.157143
171.006424,918,959,13:11:55.157143
171.008287,811,839,13:11:55.157143
171.010168,875,1260,13:11:55.157143
171.012087,455,965,13:11:55.157143
171.013946,1073,969,13:11:55.157143
171.015804,687,916,13:11:55.157143
171.017662,746,1139,13:11:55.157143
171.019519,1122,771,13:11:55.157143
171.021381,1066,973,13:11:55.157143
171.023239,866,797,13:11:55.157143
171.025103,1006,1207,13:11:55.157143
171.02696,994,1030,13:11:55.157143
171.028816,1120,993,13:11:55.157143
171.030675,925,1056,13:11:55.157143
171.032531,1020,1045,13:11:55.157143
171.034387,867,880,13:11:55.157143
171.036246,912,950,13:11:55.157143
171.038102,707,685,13:11:55.157143
171.039961,616,780,13:11:55.157143
171.041817,967,776,13:11:55.157143
171.043681,982,968,13:11:55.157143
171.045538,1082,1040,13:11:55.157143
171.047394,567,1223,13:11:55.157143
171.049252,867,957,13:11:55.157143
171.051109,1002,685,13:11:55.157143
171.052965,907,825,13:11:55.157143
171.054823,774,994,13:11:55.207668
171.056696,1009,876,13:11:55.207668
171.058556,827,676,13:11:55.207668
171.060466,729,1147,13:11:55.208668
171.062343,794,910,13:11:55.208668
171.064201,1059,1147,13:11:55.208668
171.066062,847,758,13:11:55.208668
171.06792,967,1014,13:11:55.208668
171.069776,743,752,13:11:55.208668
171.071634,1039,935,13:11:55.208668
171.073491,791,543,13:11:55.208668
171.075347,931,950,13:11:55.208668
171.077203,587,1076,13:11:55.208668
171.07906,986,1049,13:11:55.208668
171.080916,748,933,13:11:55.208668
171.082773,790,966,13:11:55.209659
171.084633,640,1097,13:11:55.209659
171.086489,639,905,13:11:55.209659
171.088346,644,995,13:11:55.209659
171.090204,890,977,13:11:55.209659
171.09206,801,1083,13:11:55.209659
171.093919,1002,922,13:11:55.209659
171.095775,899,1198,13:11:55.209659
171.097635,942,934,13:11:55.209659
171.099494,973,1011,13:11:55.209659
171.10136,881,742,13:11:55.209659
171.103217,1080,829,13:11:55.209659
171.105081,769,952,13:11:55.253234
171.106959,1007,872,13:11:55.253234
171.108819,920,862,13:11:55.253234
171.110718,822,819,13:11:55.253234
171.112576,914,891,13:11:55.253234
171.11445,824,712,13:11:55.253234
171.116307,818,932,13:11:55.253234
171.118165,869,963,13:11:55.253234
171.120021,941,1050,13:11:55.253234
171.12188,586,845,13:11:55.253234
171.123736,729,920,13:11:55.253234
171.125599,822,926,13:11:55.253234
171.127455,697,862,13:11:55.253234
171.129311,713,487,13:11:55.253234
171.13117,1038,873,13:11:55.253234
171.133026,1049,888,13:11:55.253234
171.134884,737,1047,13:11:55.253234
171.136741,637,948,13:11:55.253234
171.138597,872,820,13:11:55.253234
171.140453,909,747,13:11:55.253234
171.142319,713,1106,13:11:55.253234
171.144176,706,858,13:11:55.253234
171.146032,871,768,13:11:55.253234
171.147891,831,1021,13:11:55.253234
171.149747,989,803,13:11:55.253234
171.151604,778,957,13:11:55.253234
171.15346,877,870,13:11:55.253234
171.155316,775,875,13:11:55.308425
171.157185,805,853,13:11:55.308425
171.159045,636,1004,13:11:55.308425
171.160945,753,835,13:11:55.308425
171.162804,896,919,13:11:55.308425
171.16466,880,979,13:11:55.308425
171.166518,850,1099,13:11:55.308425
171.168379,981,770,13:11:55.308425
171.170235,751,826,13:11:55.308425
171.172093,904,1120,13:11:55.308425
171.17395,727,1070,13:11:55.308425
171.17581,592,971,13:11:55.308425
171.177667,833,887,13:11:55.308425
171.179525,595,805,13:11:55.308425
171.181381,862,1008,13:11:55.308425
171.183238,926,628,13:11:55.308425
171.185096,897,679,13:11:55.308425
171.186952,675,1064,13:11:55.308425
171.188809,739,759,13:11:55.308425
171.190665,601,809,13:11:55.308425
171.192531,825,900,13:11:55.308425
171.194388,730,999,13:11:55.308425
171.196244,916,730,13:11:55.308425
171.198103,682,1023,13:11:55.308425
171.199959,897,835,13:11:55.308425
171.201817,752,876,13:11:55.308425
171.203674,683,1053,13:11:55.308425
171.205534,738,822,13:11:55.353403
171.2074,759,858,13:11:55.353403
171.209261,952,981,13:11:55.353403
171.211181,711,830,13:11:55.353403
171.213039,767,989,13:11:55.353403
171.214896,778,1104,13:11:55.353403
171.216758,707,739,13:11:55.353403
171.218614,804,796,13:11:55.353403
171.220475,697,783,13:11:55.353403
171.222331,652,856,13:11:55.353403
171.224187,623,798,13:11:55.353403
171.226044,698,851,13:11:55.353403
171.227901,863,843,13:11:55.353403
171.229758,597,975,13:11:55.353403
171.231615,1149,1112,13:11:55.353403
171.233473,668,930,13:11:55.353403
171.235329,642,835,13:11:55.353403
171.237186,561,1025,13:11:55.353403
171.239044,702,837,13:11:55.354810
171.240901,840,879,13:11:55.354810
171.242757,785,869,13:11:55.354810
171.244613,655,841,13:11:55.354810
171.246478,524,909,13:11:55.354810
171.248334,882,1016,13:11:55.354810
171.25019,796,1215,13:11:55.354810
171.252049,707,918,13:11:55.354810
171.253905,807,850,13:11:55.354810
171.255769,871,822,13:11:55.403720
171.257632,830,947,13:11:55.403720
171.259496,688,751,13:11:55.403720
171.261452,475,876,13:11:55.403720
171.263308,950,733,13:11:55.403720
171.265165,694,852,13:11:55.403720
171.267025,861,1056,13:11:55.403720
171.268881,839,1185,13:11:55.403720
171.27074,847,927,13:11:55.403720
171.272596,667,946,13:11:55.403720
171.274458,721,1033,13:11:55.403720
171.276317,592,734,13:11:55.403720
171.278183,1046,921,13:11:55.403720
171.280039,804,807,13:11:55.403720
171.281896,689,948,13:11:55.403720
171.283754,775,826,13:11:55.403720
171.285611,848,761,13:11:55.403720
171.287467,980,942,13:11:55.403720
171.289325,691,824,13:11:55.403720
171.291182,957,715,13:11:55.403720
171.29304,963,892,13:11:55.403720
171.294896,900,834,13:11:55.403720
171.296761,876,756,13:11:55.403720
171.298617,774,721,13:11:55.403720
171.300473,838,618,13:11:55.403720
171.302332,684,923,13:11:55.403720
171.304188,767,830,13:11:55.403720
171.306055,674,1033,13:11:55.460112
171.307915,603,910,13:11:55.460112
171.309779,619,816,13:11:55.460112
171.311711,598,633,13:11:55.460112
171.313568,602,880,13:11:55.460112
171.315426,849,853,13:11:55.460112
171.317284,563,805,13:11:55.460112
171.319142,678,1019,13:11:55.460112
171.320999,424,839,13:11:55.460112
171.322855,887,755,13:11:55.460112
171.324714,884,793,13:11:55.460112
171.32657,720,472,13:11:55.460112
171.328426,950,675,13:11:55.460112
171.330283,837,928,13:11:55.460112
171.332139,841,869,13:11:55.460112
171.333996,789,857,13:11:55.460112
171.335854,853,810,13:11:55.460112
171.33772,548,1007,13:11:55.460112
171.339577,661,824,13:11:55.460112
171.341433,864,690,13:11:55.460112
171.343291,749,904,13:11:55.460112
171.345148,932,763,13:11:55.460112
171.347004,699,1014,13:11:55.460112
171.34886,677,709,13:11:55.460112
171.350717,598,659,13:11:55.460112
171.352573,956,661,13:11:55.460112
171.35443,618,966,13:11:55.510287
171.356298,666,860,13:11:55.510287
171.358158,683,643,13:11:55.510287
171.360046,840,601,13:11:55.510287
171.361933,743,1071,13:11:55.510287
171.363791,787,960,13:11:55.510287
171.365685,541,776,13:11:55.510287
171.367542,502,773,13:11:55.510287
171.369398,721,946,13:11:55.510287
171.371256,748,758,13:11:55.510287
171.373113,937,809,13:11:55.510287
171.374971,612,982,13:11:55.510287
171.376827,472,651,13:11:55.510287
171.378688,684,730,13:11:55.510287
171.380546,781,601,13:11:55.510287
171.382412,802,684,13:11:55.510287
171.384269,732,976,13:11:55.510287
171.386125,753,909,13:11:55.510287
171.387983,654,1026,13:11:55.510287
171.38984,904,646,13:11:55.510287
171.391696,769,660,13:11:55.510287
171.393555,772,967,13:11:55.510287
171.395411,708,1012,13:11:55.510287
171.397267,474,801,13:11:55.510287
171.399124,540,847,13:11:55.510287
171.40099,797,732,13:11:55.510287
171.402846,608,865,13:11:55.510287
171.404703,730,576,13:11:55.559198
171.406565,881,686,13:11:55.559198
171.408425,693,819,13:11:55.559198
171.410333,917,627,13:11:55.559198
171.412204,717,1193,13:11:55.559198
171.414088,276,400,13:11:55.559198
171.415954,806,736,13:11:55.559198
171.417813,819,727,13:11:55.559198
171.419669,890,856,13:11:55.559198
171.421528,699,754,13:11:55.559198
171.423384,827,804,13:11:55.559198
171.42524,859,864,13:11:55.559198
171.427097,811,940,13:11:55.559198
171.428961,691,797,13:11:55.559198
171.430817,758,1019,13:11:55.559198
171.432674,741,540,13:11:55.559198
171.434532,849,734,13:11:55.559198
171.436388,587,911,13:11:55.559198
171.438247,655,826,13:11:55.560209
171.440103,710,748,13:11:55.560209
171.441959,673,686,13:11:55.560209
171.443818,1063,607,13:11:55.560209
171.445682,580,756,13:11:55.560209
171.447539,448,803,13:11:55.560209
171.449395,757,826,13:11:55.560209
171.451253,927,663,13:11:55.560209
171.45311,855,613,13:11:55.560209
171.454966,681,693,13:11:55.610786
171.45683,640,806,13:11:55.610786
171.458691,836,651,13:11:55.610786
171.460585,716,720,13:11:55.610786
171.462441,759,619,13:11:55.610786
171.464298,758,920,13:11:55.610786
171.46617,754,569,13:11:55.610786
171.46805,848,719,13:11:55.610786
171.469913,997,949,13:11:55.610786
171.471771,890,517,13:11:55.610786
171.473627,661,944,13:11:55.610786
171.475486,622,616,13:11:55.610786
171.477342,1010,899,13:11:55.610786
171.4792,775,902,13:11:55.610786
171.481057,671,724,13:11:55.610786
171.482919,905,625,13:11:55.610786
171.484775,929,842,13:11:55.610786
171.486641,752,857,13:11:55.610786
171.488498,794,584,13:11:55.610786
171.490354,824,593,13:11:55.610786
171.492213,996,787,13:11:55.610786
171.494069,735,507,13:11:55.610786
171.495926,622,709,13:11:55.610786
171.497784,625,727,13:11:55.610786
171.49964,814,691,13:11:55.610786
171.501499,527,801,13:11:55.610786
171.503355,813,833,13:11:55.610786
171.505219,860,928,13:11:55.661825
171.507086,725,667,13:11:55.661825
171.508944,988,727,13:11:55.661825
171.51084,730,605,13:11:55.661825
171.512697,733,664,13:11:55.661825
171.514555,600,740,13:11:55.661825
171.516413,832,620,13:11:55.661825
171.518276,-418,759,13:11:55.661825
171.520134,710,531,13:11:55.661825
171.52202,646,619,13:11:55.661825
171.523888,595,846,13:11:55.661825
171.525753,848,658,13:11:55.661825
171.527609,1069,708,13:11:55.661825
171.529468,740,717,13:11:55.661825
171.531324,665,699,13:11:55.661825
171.53319,765,923,13:11:55.661825
171.535047,898,742,13:11:55.661825
171.536903,609,818,13:11:55.661825
171.538761,822,608,13:11:55.661825
171.540618,614,796,13:11:55.661825
171.542476,678,630,13:11:55.661825
171.544332,582,388,13:11:55.661825
171.546189,727,729,13:11:55.661825
171.548047,768,858,13:11:55.661825
171.549911,777,772,13:11:55.661825
171.551768,720,760,13:11:55.661825
171.553624,680,644,13:11:55.661825
171.555483,672,886,13:11:55.719441
171.557353,505,606,13:11:55.719441
171.559213,795,746,13:11:55.719441
171.561113,744,722,13:11:55.719441
171.562972,647,703,13:11:55.719441
171.564834,1200,694,13:11:55.719441
171.566693,620,844,13:11:55.719441
171.568587,-1516,630,13:11:55.719441
171.570453,680,514,13:11:55.719441
171.572309,676,789,13:11:55.719441
171.574166,837,591,13:11:55.719441
171.576024,662,684,13:11:55.719441
171.577883,513,576,13:11:55.719441
171.579741,651,630,13:11:55.719441
171.581597,533,677,13:11:55.719441
171.583456,682,487,13:11:55.719441
171.585312,828,811,13:11:55.719441
171.587168,866,679,13:11:55.719441
171.589027,704,868,13:11:55.719441
171.590883,839,398,13:11:55.719441
171.592739,548,579,13:11:55.719441
171.594596,619,736,13:11:55.719441
171.59646,394,718,13:11:55.719441
171.598316,723,770,13:11:55.719441
171.600173,471,765,13:11:55.719441
171.602031,747,751,13:11:55.719441
171.603887,676,754,13:11:55.719441
171.60575,685,711,13:11:55.765300
171.607614,482,980,13:11:55.765300
171.609478,535,682,13:11:55.765300
171.611371,345,595,13:11:55.765300
171.613227,679,658,13:11:55.765300
171.615085,924,664,13:11:55.765300
171.616948,492,733,13:11:55.765300
171.618818,382,674,13:11:55.765300
171.620686,656,736,13:11:55.765300
171.622543,847,674,13:11:55.765300
171.624405,430,730,13:11:55.765300
171.626269,-828,603,13:11:55.765300
171.628126,703,741,13:11:55.765300
171.629984,822,550,13:11:55.765300
171.631841,672,571,13:11:55.765300
171.633699,636,662,13:11:55.765300
171.635555,585,764,13:11:55.765300
171.63742,749,775,13:11:55.765300
171.639276,584,646,13:11:55.765300
171.641132,476,829,13:11:55.765300
171.642991,538,747,13:11:55.765300
171.644847,884,732,13:11:55.765300
171.646705,795,606,13:11:55.765300
171.648562,641,781,13:11:55.765300
171.650418,875,440,13:11:55.765300
171.652275,781,782,13:11:55.765300
171.65414,575,766,13:11:55.765300
171.656017,632,692,13:11:55.821126
171.657878,752,690,13:11:55.821126
171.659744,548,782,13:11:55.821126
171.661632,416,848,13:11:55.821126
171.663489,860,771,13:11:55.821126
171.665347,738,642,13:11:55.821126
171.667203,660,660,13:11:55.821126
171.669064,510,626,13:11:55.821126
171.670922,708,617,13:11:55.821126
171.67279,-108,480,13:11:55.821126
171.674669,560,835,13:11:55.821126
171.676525,784,711,13:11:55.821126
171.678381,790,884,13:11:55.821126
171.680238,386,451,13:11:55.821126
171.682094,497,663,13:11:55.821126
171.683952,727,642,13:11:55.821126
171.685809,366,533,13:11:55.821126
171.687667,558,923,13:11:55.821126
171.689524,650,501,13:11:55.821126
171.691382,747,780,13:11:55.821126
171.69324,578,731,13:11:55.821126
171.695099,807,871,13:11:55.821126
171.696957,213,817,13:11:55.821126
171.698813,544,481,13:11:55.821126
171.700672,606,692,13:11:55.821126
171.702528,578,598,13:11:55.821126
171.704384,583,738,13:11:55.821126
171.706257,445,536,13:11:55.867867
171.708117,746,788,13:11:55.867867
171.709983,626,636,13:11:55.867867
171.711868,438,537,13:11:55.867867
171.713728,760,661,13:11:55.867867
171.715586,479,531,13:11:55.867867
171.717444,674,842,13:11:55.867867
171.719307,401,883,13:11:55.867867
171.721163,716,1002,13:11:55.867867
171.723024,-546,603,13:11:55.867867
171.724882,522,619,13:11:55.867867
171.726743,401,824,13:11:55.867867
171.728601,560,735,13:11:55.867867
171.730457,577,806,13:11:55.867867
171.732318,638,640,13:11:55.867867
171.734174,527,692,13:11:55.867867
171.73603,650,709,13:11:55.867867
171.737889,475,639,13:11:55.867867
171.739745,744,873,13:11:55.867867
171.741603,639,684,13:11:55.867867
171.74346,397,675,13:11:55.867867
171.74532,549,743,13:11:55.867867
171.747179,614,839,13:11:55.867867
171.749045,584,590,13:11:55.867867
171.750901,410,617,13:11:55.867867
171.752758,750,738,13:11:55.867867
171.754616,670,782,13:11:55.917504
171.756498,609,659,13:11:55.917504
171.758358,714,870,13:11:55.917504
171.760253,558,432,13:11:55.917504
171.762125,407,410,13:11:55.917504
171.763983,189,852,13:11:55.917504
171.765844,490,795,13:11:55.917504
171.767702,209,761,13:11:55.917504
171.76956,255,747,13:11:55.917504
171.771417,188,722,13:11:55.917504
171.773307,436,682,13:11:55.917504
171.775181,-883,577,13:11:55.917504
171.777038,700,649,13:11:55.917504
171.778896,665,803,13:11:55.917504
171.780752,185,678,13:11:55.917504
171.782609,532,851,13:11:55.917504
171.784465,673,796,13:11:55.917504
171.786322,800,619,13:11:55.918506
171.78818,600,694,13:11:55.918506
171.790036,780,868,13:11:55.918506
171.791895,238,724,13:11:55.918506
171.793753,596,913,13:11:55.918506
171.795609,660,697,13:11:55.918506
171.797468,639,546,13:11:55.918506
171.799328,520,504,13:11:55.918506
171.801184,736,725,13:11:55.918506
171.803041,439,878,13:11:55.918506
171.804899,675,696,13:11:55.968832
171.806767,482,816,13:11:55.969675
171.808628,600,629,13:11:55.969675
171.810542,513,571,13:11:55.969675
171.812402,346,700,13:11:55.969675
171.814259,476,658,13:11:55.969675
171.816117,546,697,13:11:55.969675
171.817977,329,880,13:11:55.969675
171.819836,609,717,13:11:55.969675
171.821696,102,942,13:11:55.969675
171.823558,658,902,13:11:55.969675
171.825417,-1162,897,13:11:55.969675
171.827275,689,832,13:11:55.969675
171.829133,514,475,13:11:55.969675
171.830992,490,643,13:11:55.969675
171.83288,642,678,13:11:55.969675
171.834736,579,773,13:11:55.969675
171.836593,655,763,13:11:55.969675
171.838453,607,737,13:11:55.969675
171.840309,367,857,13:11:55.969675
171.842168,713,577,13:11:55.969675
171.844024,331,716,13:11:55.969675
171.845886,512,805,13:11:55.969675
171.847745,476,678,13:11:55.969675
171.849611,699,795,13:11:55.969675
171.851467,662,787,13:11:55.969675
171.853324,694,674,13:11:55.969675
171.855182,760,877,13:11:56.019265
171.857047,535,707,13:11:56.019265
171.858907,207,780,13:11:56.019265
171.860803,377,690,13:11:56.019265
171.862661,463,597,13:11:56.019265
171.864526,420,666,13:11:56.019265
171.866384,346,756,13:11:56.019265
171.868241,275,511,13:11:56.019265
171.870099,734,727,13:11:56.019265
171.871955,-1,747,13:11:56.019265
171.873816,550,716,13:11:56.019265
171.875672,-278,524,13:11:56.019265
171.877528,356,381,13:11:56.019265
171.879385,502,476,13:11:56.019265
171.881246,615,577,13:11:56.019265
171.883103,720,611,13:11:56.019265
171.88496,577,559,13:11:56.019265
171.886818,511,811,13:11:56.019265
171.888674,466,721,13:11:56.019265
171.890531,502,626,13:11:56.019265
171.892387,540,677,13:11:56.019265
171.894243,516,629,13:11:56.019265
171.8961,558,635,13:11:56.019265
171.897956,718,743,13:11:56.019265
171.899816,691,554,13:11:56.019265
171.901673,678,645,13:11:56.019265
171.903529,685,690,13:11:56.019265
171.905388,498,645,13:11:56.076773
171.907256,711,762,13:11:56.076773
171.909119,614,814,13:11:56.076773
171.911018,377,705,13:11:56.076773
171.912881,557,886,13:11:56.076773
171.914739,653,929,13:11:56.076773
171.916595,590,783,13:11:56.076773
171.918454,225,588,13:11:56.076773
171.92031,-19,688,13:11:56.076773
171.922167,450,716,13:11:56.076773
171.924031,396,1005,13:11:56.076773
171.925912,-1007,510,13:11:56.076773
171.927779,671,644,13:11:56.076773
171.929636,750,792,13:11:56.076773
171.931494,685,691,13:11:56.076773
171.933352,770,611,13:11:56.076773
171.935209,725,738,13:11:56.076773
171.937067,774,650,13:11:56.076773
171.938924,629,663,13:11:56.076773
171.940782,715,669,13:11:56.076773
171.942638,258,807,13:11:56.076773
171.944495,592,722,13:11:56.076773
171.946353,558,650,13:11:56.076773
171.948209,432,641,13:11:56.076773
171.950068,577,823,13:11:56.076773
171.951924,377,560,13:11:56.076773
171.953782,441,742,13:11:56.076773
171.955641,703,741,13:11:56.125196
171.957502,709,809,13:11:56.125196
171.959364,586,718,13:11:56.125196
171.961278,62,536,13:11:56.125196
171.963134,561,658,13:11:56.125196
171.964992,589,689,13:11:56.125196
171.966851,656,878,13:11:56.125196
171.968709,403,789,13:11:56.125196
171.970565,455,899,13:11:56.125196
171.972426,552,581,13:11:56.125196
171.974284,371,733,13:11:56.125196
171.976146,272,703,13:11:56.125196
171.978033,556,703,13:11:56.125196
171.979891,-1826,978,13:11:56.125196
171.981755,366,795,13:11:56.125196
171.983612,714,880,13:11:56.125196
171.985479,464,695,13:11:56.128137
171.987338,231,790,13:11:56.128137
171.989195,330,764,13:11:56.128137
171.991057,418,652,13:11:56.128137
171.992913,390,708,13:11:56.128137
171.994772,637,645,13:11:56.128137
171.99663,544,775,13:11:56.128137
171.998487,347,880,13:11:56.128137
172.000345,403,813,13:11:56.128137
172.002201,488,984,13:11:56.128137
172.004062,594,787,13:11:56.128137
172.005938,685,872,13:11:56.175395
172.0078,481,705,13:11:56.175395
172.009662,683,691,13:11:56.175395
172.01157,439,1001,13:11:56.175395
172.013447,628,935,13:11:56.175395
172.015309,305,611,13:11:56.175395
172.017166,418,753,13:11:56.175395
172.01903,491,846,13:11:56.175395
172.020886,356,546,13:11:56.175395
172.022743,328,899,13:11:56.175395
172.024601,334,751,13:11:56.175395
172.026459,720,714,13:11:56.175395
172.028318,621,976,13:11:56.175395
172.030178,228,679,13:11:56.175395
172.032034,451,1026,13:11:56.175395
172.033899,651,792,13:11:56.175395
172.035785,272,670,13:11:56.175395
172.037651,495,598,13:11:56.175395
172.039508,647,868,13:11:56.175395
172.041364,397,758,13:11:56.175395
172.043222,677,771,13:11:56.175395
172.045082,631,663,13:11:56.175395
172.046939,703,760,13:11:56.175395
172.048797,625,841,13:11:56.175395
172.050656,867,751,13:11:56.175395
172.052512,637,816,13:11:56.175395
172.054368,451,641,13:11:56.175395
172.056239,57,883,13:11:56.223926
172.058099,525,989,13:11:56.223926
172.059967,409,809,13:11:56.223926
172.061846,537,979,13:11:56.223926
172.063702,475,932,13:11:56.223926
172.06556,467,715,13:11:56.223926
172.067417,-408,734,13:11:56.223926
172.069275,450,546,13:11:56.223926
172.071131,656,842,13:11:56.223926
172.072992,665,787,13:11:56.223926
172.07485,344,476,13:11:56.223926
172.076707,592,879,13:11:56.223926
172.078567,198,784,13:11:56.223926
172.080423,399,664,13:11:56.223926
172.082281,-1889,771,13:11:56.223926
172.084148,565,673,13:11:56.223926
172.086004,402,682,13:11:56.223926
172.087865,454,753,13:11:56.223926
172.089721,482,817,13:11:56.223926
172.091579,651,656,13:11:56.223926
172.093436,385,717,13:11:56.223926
172.095294,304,908,13:11:56.223926
172.09715,526,928,13:11:56.223926
172.099007,569,800,13:11:56.223926
172.100867,520,940,13:11:56.223926
172.102723,576,784,13:11:56.223926
172.104582,397,747,13:11:56.277354
172.106444,637,844,13:11:56.277354
172.108304,636,691,13:11:56.277354
172.110212,422,634,13:11:56.277354
172.112085,636,758,13:11:56.277354
172.113947,407,490,13:11:56.277354
172.115805,610,548,13:11:56.277354
172.117663,613,992,13:11:56.277354
172.119524,427,922,13:11:56.277354
172.12138,399,479,13:11:56.277354
172.123239,396,881,13:11:56.277354
172.125095,619,690,13:11:56.277354
172.126952,527,814,13:11:56.277354
172.128812,184,824,13:11:56.277354
172.130672,-941,680,13:11:56.277354
172.132533,302,601,13:11:56.277354
172.134389,557,761,13:11:56.277354
172.136253,582,711,13:11:56.277354
172.138136,478,690,13:11:56.277354
172.139996,755,938,13:11:56.277354
172.141854,660,639,13:11:56.277354
172.143711,718,854,13:11:56.277354
172.145571,326,619,13:11:56.277354
172.147427,525,660,13:11:56.277354
172.149284,645,874,13:11:56.277354
172.151142,428,902,13:11:56.277354
172.152998,449,832,13:11:56.277354
172.154857,605,937,13:11:56.326579
172.156723,572,791,13:11:56.326579
172.158583,721,854,13:11:56.326579
172.160493,525,596,13:11:56.326579
172.162356,622,741,13:11:56.326579
172.164218,442,775,13:11:56.326579
172.166074,763,841,13:11:56.326579
172.167931,402,675,13:11:56.326579
172.169789,402,685,13:11:56.326579
172.171645,327,879,13:11:56.326579
172.173504,629,783,13:11:56.326579
172.175362,179,885,13:11:56.326579
172.177223,-5,925,13:11:56.326579
172.179079,554,928,13:11:56.326579
172.180936,154,581,13:11:56.326579
172.182798,578,960,13:11:56.326579
172.184655,-1626,636,13:11:56.326579
172.186516,729,742,13:11:56.326579
172.188373,551,813,13:11:56.326579
172.190229,735,1014,13:11:56.326579
172.192087,618,780,13:11:56.326579
172.193944,586,876,13:11:56.326579
172.195806,514,882,13:11:56.326579
172.197662,402,757,13:11:56.326579
172.199525,604,740,13:11:56.326579
172.201381,424,810,13:11:56.326579
172.203237,635,773,13:11:56.326579
172.205096,678,925,13:11:56.379723
172.206972,517,802,13:11:56.379723
172.208832,574,964,13:11:56.379723
172.210733,366,745,13:11:56.379723
172.212591,592,826,13:11:56.379723
172.214449,457,904,13:11:56.379723
172.21631,303,819,13:11:56.379723
172.218172,489,742,13:11:56.379723
172.22003,128,714,13:11:56.379723
172.221887,176,1077,13:11:56.379723
172.223745,608,911,13:11:56.379723
172.225601,174,865,13:11:56.379723
172.22746,217,974,13:11:56.379723
172.229318,115,828,13:11:56.379723
172.231182,79,706,13:11:56.379723
172.233041,-1127,864,13:11:56.379723
172.234931,428,606,13:11:56.379723
172.236789,539,919,13:11:56.379723
172.238648,388,715,13:11:56.379723
172.240504,572,839,13:11:56.379723
172.242362,488,854,13:11:56.379723
172.244218,356,883,13:11:56.379723
172.246075,568,832,13:11:56.379723
172.247931,601,705,13:11:56.379723
172.24979,691,1014,13:11:56.380714
172.251646,632,1054,13:11:56.380714
172.253502,410,959,13:11:56.380714
172.255361,656,835,13:11:56.428546
172.257227,443,1098,13:11:56.428546
172.259087,762,680,13:11:56.428546
172.260988,378,793,13:11:56.428546
172.262851,306,812,13:11:56.428546
172.264712,341,738,13:11:56.428546
172.266569,560,613,13:11:56.428546
172.268427,-220,754,13:11:56.428546
172.270283,469,813,13:11:56.428546
172.27214,286,845,13:11:56.428546
172.273998,219,870,13:11:56.428546
172.27586,249,616,13:11:56.428546
172.277719,70,613,13:11:56.428546
172.279575,591,755,13:11:56.428546
172.281441,-192,654,13:11:56.428546
172.283298,538,731,13:11:56.428546
172.285184,193,509,13:11:56.428546
172.287044,-2136,774,13:11:56.428546
172.288909,546,892,13:11:56.428546
172.290767,355,833,13:11:56.428546
172.292623,622,836,13:11:56.428546
172.29448,638,910,13:11:56.429553
172.296338,486,965,13:11:56.429553
172.298194,483,697,13:11:56.429553
172.300053,486,801,13:11:56.429553
172.301909,637,898,13:11:56.429553
172.303766,534,886,13:11:56.429553
172.305624,282,611,13:11:56.479862
172.307493,561,546,13:11:56.479862
172.309356,528,828,13:11:56.479862
172.311269,377,657,13:11:56.479862
172.313125,730,880,13:11:56.479862
172.314983,381,718,13:11:56.479862
172.31684,309,952,13:11:56.480853
172.318698,578,708,13:11:56.480853
172.320554,474,1023,13:11:56.480853
172.322415,646,890,13:11:56.480853
172.324273,246,813,13:11:56.480853
172.326134,442,715,13:11:56.480853
172.327992,428,883,13:11:56.480853
172.329848,606,739,13:11:56.480853
172.331706,628,801,13:11:56.480853
172.333573,577,799,13:11:56.480853
172.335429,-1240,799,13:11:56.480853
172.337289,757,1038,13:11:56.480853
172.339146,422,755,13:11:56.480853
172.34105,540,819,13:11:56.480853
172.342906,580,740,13:11:56.480853
172.344763,673,1098,13:11:56.480853
172.346621,478,1123,13:11:56.480853
172.348477,294,911,13:11:56.480853
172.350336,377,901,13:11:56.480853
172.352192,653,947,13:11:56.480853
172.354048,717,1032,13:11:56.480853
172.355911,901,1052,13:11:56.531067
172.357776,492,952,13:11:56.531067
172.359637,379,828,13:11:56.531067
172.361534,430,696,13:11:56.531067
172.363392,528,1089,13:11:56.531067
172.365252,358,917,13:11:56.531067
172.367109,584,946,13:11:56.531067
172.368967,358,862,13:11:56.531067
172.370825,574,813,13:11:56.531067
172.372684,583,764,13:11:56.531067
172.37454,273,725,13:11:56.531067
172.376396,386,900,13:11:56.531067
172.378255,658,769,13:11:56.531067
172.380111,297,960,13:11:56.531067
172.381969,634,859,13:11:56.531067
172.383826,-14,691,13:11:56.531067
172.385682,360,817,13:11:56.531067
172.38754,-1692,820,13:11:56.531067
172.389404,550,626,13:11:56.531067
172.391261,425,736,13:11:56.531067
172.393117,725,739,13:11:56.531067
172.394976,372,894,13:11:56.531067
172.396832,291,635,13:11:56.531067
172.398688,460,830,13:11:56.531067
172.400545,624,967,13:11:56.531067
172.402401,696,861,13:11:56.531067
172.40426,613,701,13:11:56.531067
172.406128,711,707,13:11:56.585021
172.40799,446,941,13:11:56.585021
172.409866,462,864,13:11:56.585021
172.411749,518,828,13:11:56.585021
172.413607,513,566,13:11:56.585021
172.415463,555,620,13:11:56.585021
172.41732,464,771,13:11:56.585021
172.419178,692,671,13:11:56.585021
172.421039,490,474,13:11:56.585021
172.422897,496,978,13:11:56.585021
172.424753,415,832,13:11:56.585021
172.426612,517,928,13:11:56.585021
172.428468,470,574,13:11:56.585021
172.430324,471,864,13:11:56.585021
172.432185,739,584,13:11:56.585021
172.434041,460,1155,13:11:56.585021
172.435903,553,664,13:11:56.585021
172.437763,-1147,746,13:11:56.585021
172.439656,433,917,13:11:56.585021
172.441516,527,872,13:11:56.585021
172.443379,671,654,13:11:56.585021
172.445235,821,799,13:11:56.585021
172.447091,582,534,13:11:56.585021
172.44895,636,960,13:11:56.585021
172.450808,559,869,13:11:56.585021
172.452674,587,839,13:11:56.585021
172.454531,748,968,13:11:56.585021
172.456391,476,752,13:11:56.634680
172.458255,498,890,13:11:56.634680
172.460147,286,722,13:11:56.634680
172.462024,377,944,13:11:56.634680
172.463882,621,840,13:11:56.634680
172.465739,325,552,13:11:56.634680
172.467597,264,853,13:11:56.634680
172.469455,658,871,13:11:56.634680
172.471322,199,800,13:11:56.634680
172.473178,173,961,13:11:56.634680
172.475034,421,900,13:11:56.634680
172.476893,179,822,13:11:56.634680
172.478751,300,886,13:11:56.634680
172.480608,592,900,13:11:56.634680
172.482466,779,904,13:11:56.634680
172.484322,1025,662,13:11:56.634680
172.486183,610,662,13:11:56.634680
172.488039,771,779,13:11:56.634680
172.4899,310,938,13:11:56.634680
172.491775,-1300,857,13:11:56.634680
172.493642,556,919,13:11:56.634680
172.4955,489,824,13:11:56.634680
172.497357,464,800,13:11:56.634680
172.499223,790,686,13:11:56.634680
172.501079,542,893,13:11:56.634680
172.502936,646,874,13:11:56.634680
172.504794,860,864,13:11:56.687277
172.506658,396,900,13:11:56.687277
172.508519,658,593,13:11:56.687277
172.510427,582,878,13:11:56.687277
172.51229,671,926,13:11:56.687277
172.514148,618,875,13:11:56.687277
172.516004,709,827,13:11:56.687277
172.517866,543,841,13:11:56.687277
172.519723,638,870,13:11:56.687277
172.521579,245,620,13:11:56.687277
172.523439,539,948,13:11:56.687277
172.525296,863,780,13:11:56.687277
172.527154,109,873,13:11:56.687277
172.52901,-216,1124,13:11:56.687277
172.530867,710,775,13:11:56.687277
172.532725,667,808,13:11:56.687277
172.534592,177,718,13:11:56.687277
172.53645,439,728,13:11:56.687277
172.538316,332,674,13:11:56.687277
172.540182,174,1110,13:11:56.687277
172.542041,-202,873,13:11:56.687277
172.543898,644,1039,13:11:56.687277
172.545756,515,792,13:11:56.687277
172.547612,-116,901,13:11:56.687277
172.549506,329,797,13:11:56.687277
172.551362,651,873,13:11:56.687277
172.553219,656,839,13:11:56.687277
172.555077,585,813,13:11:56.704874
172.556944,453,851,13:11:56.704874
172.558804,604,670,13:11:56.704874
172.560714,462,808,13:11:56.704874
172.562573,641,902,13:11:56.704874
172.564433,565,891,13:11:56.704874
172.566293,551,533,13:11:56.704874
172.568155,414,909,13:11:56.704874
172.570014,448,881,13:11:56.704874
172.571875,660,850,13:11:56.704874
172.573736,54,851,13:11:56.704874
172.575593,560,866,13:11:56.704874
172.577451,206,881,13:11:56.704874
172.579307,-41,1078,13:11:56.704874
172.581164,667,749,13:11:56.704874
172.583022,489,878,13:11:56.704874
172.584884,791,820,13:11:56.704874
172.586741,549,739,13:11:56.704874
172.588597,137,603,13:11:56.704874
172.590466,811,1014,13:11:56.704874
172.592322,843,918,13:11:56.704874
172.594181,-1368,844,13:11:56.704874
172.596039,348,794,13:11:56.704874
172.597895,547,846,13:11:56.704874
172.599755,569,991,13:11:56.704874
172.601612,553,944,13:11:56.704874
172.603468,515,895,13:11:56.704874
172.605326,632,729,13:11:56.752857
172.607195,468,724,13:11:56.752857
172.609055,575,778,13:11:56.752857
172.610973,474,650,13:11:56.752857
172.612829,565,662,13:11:56.753863
172.614686,700,904,13:11:56.753863
172.616542,531,912,13:11:56.753863
172.618401,688,760,13:11:56.753863
172.620257,779,849,13:11:56.753863
172.622113,661,1029,13:11:56.753863
172.623972,516,912,13:11:56.753863
172.625834,471,733,13:11:56.753863
172.62769,636,734,13:11:56.753863
172.629547,611,977,13:11:56.753863
172.631405,906,1656,13:11:56.753863
172.633262,2478,2759,13:11:56.753863
172.635118,3433,3453,13:11:56.753863
172.636976,4138,3871,13:11:56.753863
172.638833,5291,4685,13:11:56.753863
172.640691,6296,5109,13:11:56.753863
172.642552,6955,5515,13:11:56.753863
172.644424,8080,6502,13:11:56.753863
172.646282,8854,6981,13:11:56.753863
172.648162,9460,7360,13:11:56.753863
172.650021,10421,8212,13:11:56.753863
172.651877,11325,8951,13:11:56.753863
172.653735,12326,9306,13:11:56.753863
172.655596,13057,10309,13:11:56.803589
172.65747,14311,10665,13:11:56.803589
172.65933,15043,11544,13:11:56.803589
172.66123,15527,12434,13:11:56.803589
172.663087,16555,12749,13:11:56.803589
172.664945,17921,13894,13:11:56.803589
172.666803,19091,14690,13:11:56.803589
172.66866,20246,15525,13:11:56.803589
172.670516,21585,16492,13:11:56.803589
172.672376,22677,17291,13:11:56.803589
172.674233,23950,17996,13:11:56.803589
172.676089,24690,18858,13:11:56.803589
172.677948,25902,19769,13:11:56.803589
172.679804,26986,19914,13:11:56.803589
172.681662,27688,20785,13:11:56.803589
172.683519,28673,21600,13:11:56.803589
172.685381,29581,22056,13:11:56.803589
172.687237,30126,22446,13:11:56.803589
172.689094,31025,22739,13:11:56.803589
172.690954,31660,23654,13:11:56.804862
172.69281,32336,24083,13:11:56.804862
172.694669,32366,24312,13:11:56.804862
172.696525,33301,24662,13:11:56.804862
172.698381,33931,25078,13:11:56.804862
172.70024,34055,25098,13:11:56.804862
172.7021,34182,25322,13:11:56.804862
172.703959,34562,25481,13:11:56.804862
172.705821,34837,25189,13:11:56.853680
172.707683,34488,25461,13:11:56.853680
172.709546,34795,25537,13:11:56.853680
172.71146,34064,25169,13:11:56.853680
172.713342,34384,25249,13:11:56.853680
172.715198,34425,25115,13:11:56.853680
172.717057,34295,25113,13:11:56.853680
172.718915,33582,24809,13:11:56.853680
172.720773,33399,24649,13:11:56.853680
172.722632,33946,24372,13:11:56.853680
172.724488,32698,23437,13:11:56.853680
172.726344,32422,24012,13:11:56.853680
172.728203,32823,23478,13:11:56.853680
172.730063,31684,23246,13:11:56.853680
172.73192,31411,23331,13:11:56.853680
172.733776,31741,23168,13:11:56.853680
172.735634,31001,22221,13:11:56.853680
172.737491,30337,22389,13:11:56.853680
172.739347,30612,22079,13:11:56.853680
172.741205,29441,21272,13:11:56.853680
172.74307,28539,21316,13:11:56.853680
172.744928,28721,21061,13:11:56.853680
172.746784,28059,19924,13:11:56.854687
172.748641,26761,19509,13:11:56.854687
172.750497,26378,19490,13:11:56.854687
172.752354,26192,19067,13:11:56.854687
172.754212,24900,18035,13:11:56.854687
172.756082,24299,17764,13:11:56.903975
172.757942,23866,17226,13:11:56.903975
172.759807,22650,16236,13:11:56.903975
172.761698,21591,15631,13:11:56.903975
172.763557,21178,15439,13:11:56.903975
172.765414,20253,14494,13:11:56.903975
172.767272,18848,13377,13:11:56.903975
172.769128,17997,13434,13:11:56.903975
172.770985,17041,12077,13:11:56.903975
172.772845,15612,11254,13:11:56.903975
172.774702,14704,10518,13:11:56.903975
172.77656,13904,9776,13:11:56.903975
172.778416,12816,8991,13:11:56.903975
172.780277,11573,8249,13:11:56.903975
172.782133,10884,7844,13:11:56.903975
172.783989,9682,6999,13:11:56.903975
172.785848,8660,6458,13:11:56.903975
172.787704,8069,5888,13:11:56.903975
172.78956,7044,5083,13:11:56.903975
172.791417,6565,4612,13:11:56.903975
172.793273,5778,4401,13:11:56.903975
172.795129,5493,3923,13:11:56.903975
172.796986,4558,3370,13:11:56.903975
172.798846,4274,3074,13:11:56.903975
172.800703,3795,2861,13:11:56.904973
172.802561,3467,2874,13:11:56.904973
172.804417,2938,2579,13:11:56.904973
172.806286,2559,2486,13:11:56.954732
172.808148,3015,2299,13:11:56.954732
172.810012,2724,2361,13:11:56.954732
172.811932,2364,2172,13:11:56.954732
172.813789,2495,2060,13:11:56.954732
172.815645,2608,2109,13:11:56.954732
172.817501,2407,2448,13:11:56.954732
172.819358,2757,2214,13:11:56.954732
172.821216,2653,2355,13:11:56.954732
172.823073,3097,2736,13:11:56.954732
172.824929,3364,2825,13:11:56.954732
172.826787,3969,3177,13:11:56.954732
172.828644,3894,3259,13:11:56.954732
172.830502,4270,4123,13:11:56.954732
172.832358,4901,3806,13:11:56.954732
172.834223,5201,4347,13:11:56.954732
172.836079,5852,4731,13:11:56.954732
172.837935,6216,4927,13:11:56.954732
172.839794,6625,5351,13:11:56.954732
172.84165,7116,5786,13:11:56.954732
172.843509,7971,5919,13:11:56.954732
172.845373,8106,6546,13:11:56.954732
172.847229,8869,6936,13:11:56.954732
172.849086,9185,7047,13:11:56.954732
172.850943,9643,7630,13:11:56.954732
172.852806,10292,7885,13:11:56.954732
172.854663,10417,8067,13:11:57.003531
172.856525,11227,8217,13:11:57.003531
172.858385,11708,8815,13:11:57.003531
172.860305,12142,9434,13:11:57.003531
172.862182,12142,9739,13:11:57.003531
172.864058,13094,9880,13:11:57.003531
172.865914,13773,10450,13:11:57.003531
172.867777,14104,10919,13:11:57.003531
172.869633,14831,11222,13:11:57.003531
172.871491,15147,11692,13:11:57.003531
172.873348,15688,11968,13:11:57.003531
172.875204,16089,12351,13:11:57.003531
172.877063,16806,12783,13:11:57.003531
172.878923,17313,13037,13:11:57.003531
172.880781,17971,13510,13:11:57.003531
172.882638,18366,14008,13:11:57.003531
172.884498,18994,14470,13:11:57.003531
172.886354,19353,14775,13:11:57.003531
172.888211,19946,15358,13:11:57.003531
172.890069,20985,15851,13:11:57.003531
172.891925,21153,16187,13:11:57.003531
172.893784,22068,16540,13:11:57.003531
172.89564,22803,17264,13:11:57.003531
172.8975,23502,17618,13:11:57.003531
172.899359,24259,18161,13:11:57.003531
172.901225,24493,18778,13:11:57.003531
172.903081,25368,19033,13:11:57.003531
172.904938,25840,19541,13:11:57.053955
172.906808,26552,20023,13:11:57.053955
172.908668,27073,20076,13:11:57.053955
172.910579,27548,20594,13:11:57.053955
172.912437,28291,21090,13:11:57.053955
172.914293,28439,21249,13:11:57.053955
172.91615,29171,21816,13:11:57.053955
172.918006,29658,21892,13:11:57.053955
172.919873,29946,22030,13:11:57.053955
172.921733,30104,22281,13:11:57.053955
172.923589,30242,22453,13:11:57.053955
172.925449,30485,22339,13:11:57.053955
172.927306,30628,22334,13:11:57.053955
172.929162,30544,22504,13:11:57.053955
172.931021,30723,22408,13:11:57.053955
172.932877,30746,22518,13:11:57.053955
172.934735,30383,22332,13:11:57.053955
172.936592,30077,22242,13:11:57.053955
172.93845,30210,22326,13:11:57.053955
172.940306,29811,22202,13:11:57.053955
172.942163,29765,21890,13:11:57.053955
172.944021,29517,21626,13:11:57.053955
172.945877,29321,21824,13:11:57.053955
172.947736,29179,21780,13:11:57.053955
172.949592,29079,21330,13:11:57.053955
172.951449,28782,21532,13:11:57.053955
172.953307,28532,21018,13:11:57.053955
172.955171,28628,21261,13:11:57.103631
172.95704,28822,21201,13:11:57.103631
172.9589,28783,21445,13:11:57.104620
172.960815,28518,21285,13:11:57.104620
172.962686,28503,21450,13:11:57.104620
172.964543,28640,21235,13:11:57.104620
172.966401,28706,21279,13:11:57.104620
172.968257,28818,21548,13:11:57.104620
172.970114,28920,21397,13:11:57.104620
172.97197,28627,21377,13:11:57.104620
172.973828,29073,21725,13:11:57.104620
172.975687,29024,21529,13:11:57.104620
172.977543,29455,21821,13:11:57.104620
172.979409,29745,21857,13:11:57.104620
172.981266,29675,22125,13:11:57.104620
172.983122,29792,22163,13:11:57.104620
172.984988,29814,22392,13:11:57.104620
172.986845,29952,22191,13:11:57.104620
172.988703,29821,22002,13:11:57.104620
172.99056,29608,22119,13:11:57.104620
172.992416,29657,21934,13:11:57.104620
172.994274,29488,21605,13:11:57.104620
172.996131,29038,21294,13:11:57.104620
172.997987,28687,21123,13:11:57.104620
172.999845,28414,20553,13:11:57.104620
173.001704,27994,20622,13:11:57.104620
173.00356,27637,20280,13:11:57.104620
173.005416,26913,19979,13:11:57.154748
173.007305,26589,19502,13:11:57.154748
173.009165,25857,19173,13:11:57.154748
173.011071,25408,18775,13:11:57.154748
173.01293,24966,18543,13:11:57.154748
173.014786,24535,17908,13:11:57.154748
173.016642,23699,17647,13:11:57.154748
173.018499,23284,17388,13:11:57.154748
173.020361,22759,16842,13:11:57.154748
173.022217,22188,16327,13:11:57.154748
173.024074,21923,16182,13:11:57.154748
173.025932,21577,15807,13:11:57.154748
173.027788,20887,15325,13:11:57.154748
173.029647,20163,14958,13:11:57.154748
173.031503,20285,14854,13:11:57.154748
173.033365,19837,14583,13:11:57.154748
173.035222,18943,14045,13:11:57.154748
173.037079,19074,14131,13:11:57.154748
173.038941,18677,13790,13:11:57.154748
173.040799,18156,13546,13:11:57.154748
173.042659,18092,13634,13:11:57.154748
173.044516,18185,13385,13:11:57.154748
173.046374,17468,13489,13:11:57.154748
173.04823,17620,13393,13:11:57.154748
173.050091,17688,13309,13:11:57.154748
173.051949,17844,13462,13:11:57.154748
173.053805,17686,13227,13:11:57.154748
173.055672,17869,13422,13:11:57.206592
173.057536,18346,13970,13:11:57.206592
173.059403,18604,13805,13:11:57.206592
173.061328,18713,14291,13:11:57.206592
173.063189,19612,15064,13:11:57.206592
173.065048,20512,15116,13:11:57.206592
173.06691,20525,15874,13:11:57.206592
173.068766,21940,17036,13:11:57.206592
173.070624,22838,17105,13:11:57.206592
173.072481,23692,17851,13:11:57.206592
173.074337,24371,18745,13:11:57.206592
173.076195,25631,19487,13:11:57.206592
173.078057,26472,19988,13:11:57.206592
173.079914,27555,20802,13:11:57.206592
173.081772,28276,21489,13:11:57.206592
173.083639,29394,22404,13:11:57.206592
173.085495,30325,23115,13:11:57.206592
173.087352,31552,24035,13:11:57.206592
173.08921,32915,24871,13:11:57.206592
173.091066,34273,26105,13:11:57.206592
173.092923,35463,26898,13:11:57.206592
173.094779,36911,28054,13:11:57.206592
173.096635,38347,29009,13:11:57.206592
173.098492,39779,29960,13:11:57.206592
173.100348,40898,30904,13:11:57.206592
173.10221,42262,31624,13:11:57.206592
173.104067,43405,32676,13:11:57.206592
173.105931,45115,33831,13:11:57.253872
173.107791,46288,34606,13:11:57.253872
173.109654,47480,35550,13:11:57.253872
173.111565,48285,36399,13:11:57.253872
173.113488,49422,37125,13:11:57.253872
173.115345,50840,37872,13:11:57.253872
173.117203,52172,39123,13:11:57.253872
173.119059,53489,39791,13:11:57.253872
173.120917,54588,40835,13:11:57.253872
173.122774,55927,41330,13:11:57.253872
173.12463,56865,42383,13:11:57.253872
173.126489,58067,43184,13:11:57.253872
173.128345,59080,43947,13:11:57.253872
173.130201,60165,44706,13:11:57.256975
173.132058,60976,45222,13:11:57.256975
173.133922,62080,45990,13:11:57.256975
173.13578,62796,46416,13:11:57.256975
173.137637,63437,47035,13:11:57.256975
173.139495,64389,47801,13:11:57.256975
173.141351,65543,48436,13:11:57.256975
173.14321,66270,48886,13:11:57.256975
173.145066,67061,49552,13:11:57.256975
173.146922,67860,50443,13:11:57.256975
173.148781,68981,51137,13:11:57.256975
173.150642,69552,51488,13:11:57.256975
173.152503,70017,51572,13:11:57.256975
173.15436,70637,51889,13:11:57.256975
173.15623,71253,52498,13:11:57.304213
173.158091,71484,52852,13:11:57.304213
173.159963,71712,52817,13:11:57.304213
173.161859,71413,52949,13:11:57.304213
173.163727,71956,52676,13:11:57.304213
173.165584,72047,52613,13:11:57.304213
173.167442,71575,52548,13:11:57.304213
173.169299,71472,52246,13:11:57.304213
173.171155,71212,51899,13:11:57.304213
173.173011,70910,52152,13:11:57.304213
173.17487,70262,51291,13:11:57.304213
173.176726,69934,50934,13:11:57.304213
173.178582,69137,50817,13:11:57.304213
173.180444,68656,50229,13:11:57.304213
173.182301,67994,49776,13:11:57.304213
173.184159,67281,49466,13:11:57.304213
173.186016,67289,49085,13:11:57.304213
173.187878,66331,48498,13:11:57.304213
173.189734,65828,48220,13:11:57.304213
173.191601,65112,47988,13:11:57.304213
173.193457,64466,47068,13:11:57.304213
173.195314,63688,46485,13:11:57.304213
173.197172,62668,45962,13:11:57.304213
173.199028,61902,45370,13:11:57.304213
173.200885,61050,44645,13:11:57.304213
173.202743,60038,43813,13:11:57.304213
173.204599,59210,43194,13:11:57.356967
173.206472,58130,42446,13:11:57.356967
173.208332,57379,41879,13:11:57.356967
173.21021,56386,41301,13:11:57.356967
173.212105,55803,40658,13:11:57.356967
173.213961,54684,39859,13:11:57.356967
173.215819,54494,39789,13:11:57.356967
173.217678,53394,39377,13:11:57.356967
173.219534,53172,39164,13:11:57.356967
173.22139,52893,38768,13:11:57.356967
173.223247,52479,38713,13:11:57.356967
173.225103,52492,38729,13:11:57.356967
173.226959,52543,38595,13:11:57.356967
173.22882,52762,38788,13:11:57.356967
173.230676,53155,39324,13:11:57.356967
173.232533,53548,39793,13:11:57.356967
173.234391,54334,39834,13:11:57.356967
173.236247,55020,40545,13:11:57.356967
173.238106,55663,41126,13:11:57.356967
173.239962,56469,41828,13:11:57.356967
173.241822,57398,42410,13:11:57.356967
173.243681,58437,43046,13:11:57.356967
173.245547,59400,43596,13:11:57.356967
173.247403,60126,44486,13:11:57.356967
173.24926,61579,45547,13:11:57.356967
173.251118,62517,46148,13:11:57.356967
173.252974,63934,47113,13:11:57.356967
173.254835,65260,48291,13:11:57.405235
173.256715,66252,49199,13:11:57.405235
173.258575,67977,49740,13:11:57.405235
173.260459,68862,50599,13:11:57.405235
173.262352,70336,51941,13:11:57.405235
173.264212,71491,52943,13:11:57.405235
173.266071,73247,53979,13:11:57.405235
173.267927,74383,54841,13:11:57.405235
173.269785,75621,55349,13:11:57.405235
173.271642,76564,56226,13:11:57.405235
173.273498,77748,56786,13:11:57.405235
173.275356,78559,57579,13:11:57.405235
173.277213,79074,58065,13:11:57.405235
173.279071,80011,58485,13:11:57.405235
173.280927,80873,59232,13:11:57.405235
173.282784,81528,59603,13:11:57.405235
173.284642,82426,60431,13:11:57.405235
173.286506,83469,61046,13:11:57.405235
173.288363,83915,61405,13:11:57.405235
173.290219,84704,61824,13:11:57.405235
173.292078,85226,62729,13:11:57.405235
173.293934,86239,62839,13:11:57.405235
173.295792,87050,63602,13:11:57.405235
173.297651,87475,64034,13:11:57.405235
173.299507,88157,64714,13:11:57.405235
173.301363,89254,65181,13:11:57.405235
173.30322,90265,66054,13:11:57.405235
173.305084,91079,66844,13:11:57.458880
173.306945,92274,67472,13:11:57.458880
173.308805,93084,68186,13:11:57.458880
173.310701,94303,69149,13:11:57.458880
173.312579,95574,70429,13:11:57.458880
173.314436,97077,71121,13:11:57.458880
173.316292,98180,71970,13:11:57.458880
173.31815,99106,72675,13:11:57.458880
173.320009,100196,73856,13:11:57.458880
173.321867,101375,74415,13:11:57.458880
173.323732,102403,75273,13:11:57.458880
173.325588,103470,76137,13:11:57.458880
173.327444,104804,77038,13:11:57.458880
173.329303,106001,77937,13:11:57.458880
173.331159,107268,78960,13:11:57.458880
173.333017,108613,79963,13:11:57.458880
173.334876,109909,80741,13:11:57.458880
173.336732,111055,81583,13:11:57.458880
173.338588,112168,82648,13:11:57.458880
173.340444,113598,83275,13:11:57.458880
173.342303,115075,84584,13:11:57.458880
173.34416,116591,85712,13:11:57.458880
173.346018,118045,86812,13:11:57.458880
173.347874,118881,87644,13:11:57.458880
173.349731,120685,88724,13:11:57.458880
173.351589,121787,89604,13:11:57.458880
173.353448,123155,90452,13:11:57.458880
173.355306,124487,91790,13:11:57.504383
173.35718,125729,92508,13:11:57.504383
173.35904,127154,93405,13:11:57.504383
173.360935,128745,94924,13:11:57.504383
173.362793,130067,95794,13:11:57.504383
173.364651,131532,96723,13:11:57.504383
173.366514,132748,97663,13:11:57.504383
173.36837,134093,98535,13:11:57.505381
173.370228,135529,99758,13:11:57.505381
173.372087,137000,100781,13:11:57.505381
173.373943,138486,102009,13:11:57.505381
173.375801,140197,102845,13:11:57.505381
173.37766,141738,103723,13:11:57.505381
173.379516,142700,105134,13:11:57.505381
173.381372,144360,106362,13:11:57.505381
173.383231,146139,107472,13:11:57.505381
173.385087,147597,108550,13:11:57.505381
173.386944,149009,109810,13:11:57.505381
173.388804,151001,110969,13:11:57.505381
173.390664,152638,111913,13:11:57.505381
173.392521,154134,113397,13:11:57.505381
173.394379,155707,114152,13:11:57.505381
173.396237,157290,115503,13:11:57.505381
173.398094,158462,116514,13:11:57.505381
173.399952,159914,117269,13:11:57.505381
173.401808,161218,118708,13:11:57.505381
173.403665,162313,119091,13:11:57.505381
173.405523,163155,119636,13:11:57.555668
173.407392,164097,120356,13:11:57.555668
173.409253,164901,120706,13:11:57.555668
173.411204,165119,120970,13:11:57.555668
173.41306,165582,121333,13:11:57.555668
173.414917,166245,121526,13:11:57.555668
173.416773,166316,121365,13:11:57.555668
173.418637,166209,121390,13:11:57.555668
173.420494,166318,121432,13:11:57.555668
173.42235,166027,121479,13:11:57.555668
173.424208,166019,121151,13:11:57.555668
173.426065,165565,121076,13:11:57.555668
173.427921,165505,120910,13:11:57.555668
173.429777,164495,120516,13:11:57.555668
173.431634,164253,120082,13:11:57.555668
173.43349,163754,119787,13:11:57.555668
173.435347,163051,119415,13:11:57.555668
173.437207,162546,119009,13:11:57.555668
173.439063,162084,118694,13:11:57.555668
173.440922,161698,118240,13:11:57.555668
173.442778,161351,117788,13:11:57.555668
173.444634,160563,117769,13:11:57.555668
173.446493,160308,117089,13:11:57.555668
173.448353,159551,117017,13:11:57.555668
173.450211,159204,116838,13:11:57.555668
173.452068,158858,116372,13:11:57.555668
173.453934,158767,116447,13:11:57.555668
173.455797,158671,116132,13:11:57.606971
173.457666,158925,116608,13:11:57.606971
173.459535,159533,116903,13:11:57.607971
173.461435,159627,117865,13:11:57.607971
173.463329,160103,117991,13:11:57.607971
173.465186,161856,119102,13:11:57.607971
173.467046,163378,120115,13:11:57.607971
173.468911,164777,121388,13:11:57.607971
173.470767,166436,122580,13:11:57.607971
173.472623,167858,123830,13:11:57.607971
173.474482,169519,124934,13:11:57.607971
173.476338,171397,125903,13:11:57.607971
173.478196,172722,126915,13:11:57.607971
173.480053,174011,127751,13:11:57.607971
173.481911,175272,128681,13:11:57.607971
173.483769,176668,130063,13:11:57.607971
173.485627,178022,130703,13:11:57.607971
173.487488,179397,131609,13:11:57.607971
173.489345,180620,132708,13:11:57.607971
173.491203,182272,133828,13:11:57.607971
173.493059,183722,134564,13:11:57.607971
173.494916,184966,135454,13:11:57.607971
173.496774,185851,136555,13:11:57.607971
173.498636,187082,137275,13:11:57.607971
173.500495,188249,138077,13:11:57.607971
173.502351,189436,139044,13:11:57.607971
173.504217,190791,139903,13:11:57.607971
173.506078,192304,140885,13:11:57.657609
173.50794,193399,141737,13:11:57.657609
173.509804,194767,142699,13:11:57.657609
173.511716,195794,143834,13:11:57.657609
173.513573,197145,144358,13:11:57.657609
173.515431,198212,145356,13:11:57.657609
173.517309,199413,146259,13:11:57.657609
173.519168,200901,146919,13:11:57.657609
173.521024,202170,148100,13:11:57.657609
173.522881,203464,148993,13:11:57.657609
173.524739,204882,150389,13:11:57.657609
173.526599,206619,151785,13:11:57.657609
173.528456,208154,152744,13:11:57.657609
173.530312,209945,154119,13:11:57.657609
173.53217,211633,155152,13:11:57.657609
173.534027,213522,156580,13:11:57.657609
173.535883,215356,157693,13:11:57.657609
173.537741,216930,158876,13:11:57.657609
173.539598,218413,160025,13:11:57.657609
173.541456,220023,161024,13:11:57.657609
173.543312,221633,162364,13:11:57.657609
173.545177,223259,163555,13:11:57.657609
173.547033,225177,164927,13:11:57.657609
173.54889,227308,166713,13:11:57.657609
173.550748,229451,168341,13:11:57.657609
173.552604,231870,170400,13:11:57.657609
173.554461,234907,172337,13:11:57.657609
173.556329,237591,174296,13:11:57.708701
173.558189,240023,175943,13:11:57.708701
173.560063,242783,177683,13:11:57.708701
173.561948,244698,179840,13:11:57.708701
173.563808,247301,181531,13:11:57.708701
173.565671,249769,182843,13:11:57.708701
173.567527,251963,184459,13:11:57.708701
173.569389,254089,185923,13:11:57.708701
173.571246,256210,187359,13:11:57.708701
173.573104,258310,189112,13:11:57.708701
173.57496,260311,190554,13:11:57.708701
173.576821,262665,192128,13:11:57.708701
173.578679,264846,193801,13:11:57.708701
173.580545,267025,195418,13:11:57.708701
173.582402,269204,197044,13:11:57.708701
173.584258,271251,198251,13:11:57.708701
173.586116,273343,200144,13:11:57.708701
173.587973,275211,201443,13:11:57.708701
173.589829,277597,203215,13:11:57.708701
173.591687,279954,204669,13:11:57.708701
173.593544,282119,206336,13:11:57.708701
173.595402,284243,208326,13:11:57.708701
173.597259,286463,209820,13:11:57.708701
173.599123,288821,211551,13:11:57.708701
173.600979,291255,213584,13:11:57.708701
173.602836,293398,214920,13:11:57.709701
173.604694,296066,216738,13:11:57.764210
173.606566,298618,218181,13:11:57.765118
173.608427,300604,219849,13:11:57.765118
173.610325,302707,221534,13:11:57.765118
173.612193,304697,222883,13:11:57.765118
173.61405,306930,224541,13:11:57.765118
173.615942,307703,225803,13:11:57.765118
173.617812,311030,227372,13:11:57.765118
173.61967,313042,229041,13:11:57.765118
173.621527,315311,230900,13:11:57.765118
173.623385,317514,232708,13:11:57.765118
173.625242,320065,234433,13:11:57.765118
173.627104,323139,236425,13:11:57.765118
173.62896,325678,238141,13:11:57.765118
173.630817,328179,240159,13:11:57.765118
173.632679,330562,242002,13:11:57.765118
173.634535,332993,243411,13:11:57.765118
173.636394,335316,245143,13:11:57.765118
173.63825,337700,247045,13:11:57.765118
173.640106,340400,248659,13:11:57.765118
173.641965,342548,250385,13:11:57.765118
173.643824,344670,252143,13:11:57.765118
173.645681,347010,253796,13:11:57.765118
173.647538,349392,255284,13:11:57.765118
173.6494,351553,257038,13:11:57.765118
173.651256,354236,258771,13:11:57.765118
173.653113,356230,260543,13:11:57.765118
173.654973,358746,262379,13:11:57.811787
173.656834,360949,263450,13:11:57.811787
173.658694,363028,265195,13:11:57.811787
173.660602,364668,266579,13:11:57.811787
173.662463,366439,267536,13:11:57.811787
173.664323,367930,268634,13:11:57.811787
173.666189,369348,269893,13:11:57.811787
173.668063,370968,270711,13:11:57.813605
173.66992,372333,271969,13:11:57.813605
173.671777,373806,272985,13:11:57.813605
173.673664,374864,273945,13:11:57.813605
173.675521,376468,274999,13:11:57.813605
173.677377,378001,276122,13:11:57.813605
173.679233,379339,277137,13:11:57.813605
173.68109,380840,278307,13:11:57.813605
173.682948,382821,279445,13:11:57.813605
173.684804,384176,280651,13:11:57.813605
173.686663,386259,282257,13:11:57.813605
173.688519,388107,283366,13:11:57.813605
173.690376,389957,284818,13:11:57.813605
173.692234,392066,286475,13:11:57.813605
173.694098,394139,287743,13:11:57.813605
173.695955,396289,289406,13:11:57.813605
173.697811,398545,291074,13:11:57.813605
173.699669,400901,292989,13:11:57.813605
173.701526,403362,294774,13:11:57.813605
173.703382,405689,296308,13:11:57.813605
173.70524,407916,297937,13:11:57.869594
173.707107,410072,299592,13:11:57.869594
173.708967,412189,301097,13:11:57.869594
173.710865,414503,302765,13:11:57.869594
173.712726,416739,304375,13:11:57.869594
173.714584,419058,306213,13:11:57.869594
173.716444,421400,308061,13:11:57.869594
173.718302,421493,309397,13:11:57.869594
173.720159,425835,311206,13:11:57.869594
173.722015,427787,312293,13:11:57.869594
173.723876,429827,313855,13:11:57.869594
173.725733,431959,315333,13:11:57.869594
173.72759,433266,316428,13:11:57.869594
173.729449,435076,317564,13:11:57.869594
173.731315,436826,318713,13:11:57.869594
173.733171,438520,319685,13:11:57.869594
173.735028,440057,320987,13:11:57.869594
173.736886,441539,322183,13:11:57.872693
173.738742,442977,323427,13:11:57.872693
173.740601,444620,324217,13:11:57.872693
173.742457,446060,325384,13:11:57.872693
173.744319,447636,326613,13:11:57.872693
173.746178,449295,327750,13:11:57.873697
173.748044,450956,329152,13:11:57.873697
173.7499,452744,330703,13:11:57.873697
173.751757,454861,331615,13:11:57.873697
173.753615,456799,333351,13:11:57.873697
173.755476,458749,334855,13:11:57.916186
173.757342,461156,336552,13:11:57.916186
173.759204,463137,338310,13:11:57.916186
173.761108,465771,340319,13:11:57.916186
173.762967,468721,342294,13:11:57.916186
173.764827,471697,344702,13:11:57.916186
173.766692,474941,347271,13:11:57.916186
173.768552,478734,349990,13:11:57.916186
173.770432,482263,352840,13:11:57.916186
173.772292,486678,355885,13:11:57.916186
173.774171,491030,358896,13:11:57.916186
173.776027,494971,361830,13:11:57.916186
173.777893,499249,364308,13:11:57.916186
173.779752,502686,367584,13:11:57.916186
173.781608,506913,370221,13:11:57.916186
173.783464,510597,372827,13:11:57.916186
173.785321,514260,375744,13:11:57.916186
173.787179,517838,378406,13:11:57.916186
173.789035,521473,381153,13:11:57.916186
173.790894,525159,383146,13:11:57.916186
173.79275,528312,385914,13:11:57.916186
173.794606,531296,387974,13:11:57.916186
173.796463,534406,389881,13:11:57.916186
173.798327,537398,392068,13:11:57.916186
173.800183,540134,393785,13:11:57.916186
173.80204,542642,395493,13:11:57.916186
173.803898,544888,397312,13:11:57.916186
173.805763,547290,399006,13:11:57.965941
173.807629,549227,400210,13:11:57.965941
173.809491,551249,401763,13:11:57.965941
173.811399,552790,402811,13:11:57.965941
173.813258,554889,404428,13:11:57.965941
173.815116,556729,405639,13:11:57.965941
173.816977,558270,406573,13:11:57.965941
173.818835,559637,407902,13:11:57.965941
173.820691,561195,408660,13:11:57.965941
173.82255,561256,409777,13:11:57.965941
173.824438,563840,410639,13:11:57.965941
173.826299,565319,411604,13:11:57.965941
173.828156,566565,412583,13:11:57.965941
173.830013,567991,413301,13:11:57.965941
173.831871,568896,414198,13:11:57.965941
173.833728,570049,415147,13:11:57.965941
173.835584,571800,416399,13:11:57.965941
173.83744,573176,417434,13:11:57.965941
173.839297,574817,418814,13:11:57.965941
173.841153,576754,419986,13:11:57.965941
173.843009,578464,421286,13:11:57.965941
173.844872,580222,422434,13:11:57.965941
173.846728,581616,423701,13:11:57.965941
173.848584,583059,424895,13:11:57.965941
173.850444,584891,425991,13:11:57.965941
173.852301,586347,427170,13:11:57.965941
173.854159,588083,427976,13:11:57.965941
173.856026,589274,429641,13:11:58.016869
173.857886,591271,430886,13:11:58.016869
173.85975,593134,431867,13:11:58.016869
173.861657,595047,433434,13:11:58.016869
173.863519,596982,434940,13:11:58.016869
173.865381,598849,436647,13:11:58.016869
173.867238,601010,438126,13:11:58.016869
173.869098,602673,439550,13:11:58.016869
173.870954,604749,440982,13:11:58.016869
173.872813,607073,442499,13:11:58.016869
173.874673,609538,443810,13:11:58.016869
173.876529,611310,445471,13:11:58.016869
173.878386,614038,446958,13:11:58.016869
173.880245,615618,448174,13:11:58.016869
173.882103,617714,450081,13:11:58.016869
173.883959,619960,451770,13:11:58.016869
173.885817,622490,453477,13:11:58.016869
173.887674,625307,455745,13:11:58.016869
173.88953,627989,457660,13:11:58.016869
173.891386,631160,459970,13:11:58.016869
173.893243,633854,461986,13:11:58.016869
173.895099,637113,464400,13:11:58.016869
173.896956,640189,466714,13:11:58.016869
173.898816,643376,469266,13:11:58.016869
173.900672,646499,471655,13:11:58.016869
173.902529,649707,473628,13:11:58.016869
173.904387,652858,475835,13:11:58.016869
173.906257,655692,477886,13:11:58.068046
173.908118,658427,479915,13:11:58.068046
173.91,661170,481969,13:11:58.068046
173.91188,664016,484181,13:11:58.068046
173.913736,667318,486592,13:11:58.068046
173.915593,670666,488785,13:11:58.068046
173.917453,674047,491716,13:11:58.068046
173.91931,677786,494037,13:11:58.068046
173.921168,681141,496816,13:11:58.068046
173.923062,683756,498814,13:11:58.068046
173.92493,687512,501182,13:11:58.068046
173.926795,690027,502992,13:11:58.068046
173.928651,692681,504836,13:11:58.068046
173.930508,694837,506091,13:11:58.068046
173.932366,697006,507643,13:11:58.068046
173.934222,698987,509241,13:11:58.068046
173.936079,700611,510232,13:11:58.068046
173.937935,702497,511452,13:11:58.068046
173.939793,703450,512597,13:11:58.068046
173.941652,705272,513515,13:11:58.068046
173.943515,706305,514492,13:11:58.068046
173.945374,707558,515203,13:11:58.068046
173.947231,708903,516053,13:11:58.068046
173.949089,710202,517075,13:11:58.068046
173.950945,711573,517775,13:11:58.068046
173.952804,712754,519060,13:11:58.068046
173.954662,714415,520013,13:11:58.119206
173.956527,715696,521266,13:11:58.119206
173.958387,717550,522376,13:11:58.119206
173.960295,719243,523851,13:11:58.119206
173.962163,720892,524963,13:11:58.119206
173.96402,722356,526167,13:11:58.119206
173.96588,724083,527342,13:11:58.119206
173.967736,725692,528598,13:11:58.119206
173.969595,727209,529593,13:11:58.119206
173.971455,728839,530663,13:11:58.119206
173.973337,729794,531939,13:11:58.119206
173.97521,730005,533030,13:11:58.119206
173.977078,733514,534332,13:11:58.119206
173.978936,735291,535422,13:11:58.119206
173.980798,736896,536383,13:11:58.119206
173.982659,738507,538042,13:11:58.119206
173.984523,740473,539285,13:11:58.119206
173.986384,742186,540516,13:11:58.119206
173.98824,743920,541479,13:11:58.121593
173.990097,745730,542580,13:11:58.121593
173.991955,747060,544073,13:11:58.121593
173.993811,748409,544742,13:11:58.121593
173.99567,749760,545901,13:11:58.121593
173.997526,751360,546868,13:11:58.121593
173.99939,752700,547564,13:11:58.121593
174.001249,753561,548500,13:11:58.121593
174.003104,754769,549033,13:11:58.121593
174.004962,755512,549975,13:11:58.170424
174.006824,756907,550760,13:11:58.170424
174.008686,758143,552054,13:11:58.170424
174.010596,759393,552795,13:11:58.170424
174.012455,760656,554083,13:11:58.170424
174.014313,762181,554736,13:11:58.170424
174.016172,763033,555466,13:11:58.170424
174.018038,764433,556195,13:11:58.170424
174.019894,765112,556678,13:11:58.170424
174.021752,765076,557471,13:11:58.170424
174.023611,766118,557413,13:11:58.170424
174.025467,766610,557917,13:11:58.170424
174.027326,767319,558260,13:11:58.170424
174.029186,767497,558248,13:11:58.170424
174.031066,767995,558620,13:11:58.170424
174.032925,768154,559048,13:11:58.170424
174.034783,768857,559063,13:11:58.170424
174.036641,769212,559423,13:11:58.170424
174.038498,769580,559799,13:11:58.170424
174.040356,769841,560002,13:11:58.170424
174.042214,770289,560358,13:11:58.170424
174.044071,771050,560797,13:11:58.170424
174.045931,771871,561680,13:11:58.170424
174.047787,772835,562177,13:11:58.170424
174.049646,773727,563104,13:11:58.170424
174.051502,774577,563579,13:11:58.170424
174.053358,775407,563842,13:11:58.170424
174.055217,776238,564446,13:11:58.221860
174.057085,776826,565332,13:11:58.221860
174.058946,777954,565551,13:11:58.221860
174.060838,778095,566160,13:11:58.221860
174.062696,778986,566584,13:11:58.221860
174.064556,779522,567145,13:11:58.221860
174.066413,780008,567183,13:11:58.221860
174.068271,780749,567648,13:11:58.221860
174.070127,781160,567889,13:11:58.221860
174.071984,781436,568256,13:11:58.221860
174.073842,781641,568701,13:11:58.221860
174.075698,782351,568833,13:11:58.221860
174.077557,780176,569005,13:11:58.221860
174.079417,783079,569228,13:11:58.221860
174.081278,783599,569699,13:11:58.221860
174.083134,784046,570050,13:11:58.221860
174.08499,784379,570658,13:11:58.221860
174.086847,785007,570893,13:11:58.221860
174.088704,785404,571585,13:11:58.221860
174.090561,786376,572279,13:11:58.221860
174.092418,787410,572515,13:11:58.221860
174.094276,788216,573437,13:11:58.221860
174.096132,789025,574248,13:11:58.221860
174.097989,790124,574903,13:11:58.221860
174.099847,791340,575654,13:11:58.221860
174.101703,791997,576377,13:11:58.221860
174.103562,793392,577569,13:11:58.221860
174.105418,794949,578643,13:11:58.279596
174.107295,796792,580314,13:11:58.279596
174.109157,799147,582207,13:11:58.279596
174.111051,801360,584040,13:11:58.279596
174.112913,804501,586160,13:11:58.280603
174.114772,807458,588336,13:11:58.280603
174.116628,810520,590445,13:11:58.280603
174.118486,813865,593181,13:11:58.280603
174.120347,817099,595309,13:11:58.280603
174.122205,820263,597480,13:11:58.280603
174.124062,823352,600086,13:11:58.280603
174.125922,826327,602350,13:11:58.280603
174.127808,829199,604888,13:11:58.280603
174.12968,833387,607360,13:11:58.280603
174.131537,837044,610161,13:11:58.280603
174.133393,840694,612976,13:11:58.280603
174.135253,845019,615994,13:11:58.280603
174.13711,849291,619119,13:11:58.280603
174.138966,853207,622009,13:11:58.280603
174.140825,857931,625344,13:11:58.280603
174.142681,861762,628262,13:11:58.280603
174.144537,866105,631298,13:11:58.280603
174.146394,870129,634271,13:11:58.280603
174.14825,874007,636746,13:11:58.280603
174.150106,877497,639578,13:11:58.280603
174.151964,881343,642049,13:11:58.280603
174.153825,884525,644517,13:11:58.280603
174.155685,888332,647077,13:11:58.324730
174.157554,891371,649651,13:11:58.324730
174.159417,894861,651962,13:11:58.324730
174.161326,898159,654145,13:11:58.324730
174.163185,901182,656645,13:11:58.324730
174.165041,904323,658561,13:11:58.324730
174.166897,906855,660581,13:11:58.324730
174.168754,909528,662378,13:11:58.325730
174.170611,911919,664305,13:11:58.325730
174.172472,914578,665781,13:11:58.325730
174.174329,917009,667297,13:11:58.325730
174.176191,918837,668907,13:11:58.325730
174.178049,920462,670429,13:11:58.325730
174.179906,922051,671585,13:11:58.325730
174.181764,924883,672977,13:11:58.325730
174.183622,926251,674097,13:11:58.325730
174.185482,928073,675225,13:11:58.325730
174.187362,927168,676069,13:11:58.325730
174.189227,930757,677333,13:11:58.325730
174.191086,931975,678261,13:11:58.325730
174.192942,933152,678969,13:11:58.325730
174.194802,934407,679641,13:11:58.325730
174.196659,935563,680569,13:11:58.325730
174.198523,936737,681564,13:11:58.325730
174.200379,938048,682306,13:11:58.325730
174.202236,939268,683456,13:11:58.325730
174.204094,940907,684215,13:11:58.325730
174.205955,942048,685430,13:11:58.383969
174.207815,943428,686429,13:11:58.383969
174.209677,944582,687292,13:11:58.383969
174.211567,945566,687722,13:11:58.383969
174.213428,946683,688244,13:11:58.383969
174.215284,947118,688879,13:11:58.383969
174.217144,948016,689136,13:11:58.383969
174.219001,948459,689439,13:11:58.383969
174.220857,948800,689637,13:11:58.383969
174.222716,948847,690109,13:11:58.383969
174.224576,949552,690160,13:11:58.383969
174.226434,949511,690084,13:11:58.383969
174.228291,949600,690429,13:11:58.383969
174.230151,948332,690132,13:11:58.383969
174.232039,949645,690401,13:11:58.383969
174.2339,949769,690427,13:11:58.383969
174.235756,950223,690616,13:11:58.383969
174.237612,950539,691046,13:11:58.383969
174.239473,951133,691363,13:11:58.383969
174.241329,951356,691412,13:11:58.383969
174.243185,951627,691569,13:11:58.383969
174.245044,951809,691964,13:11:58.383969
174.2469,952186,692153,13:11:58.383969
174.248758,952504,692309,13:11:58.383969
174.250615,952974,692503,13:11:58.383969
174.252477,953615,693337,13:11:58.383969
174.254335,954352,694218,13:11:58.383969
174.2562,955617,694830,13:11:58.427485
174.25806,956912,695815,13:11:58.427485
174.259932,958534,697092,13:11:58.427485
174.261868,959819,697768,13:11:58.427485
174.263739,961130,698808,13:11:58.427485
174.265595,962375,699686,13:11:58.427485
174.267453,963358,700567,13:11:58.427485
174.26931,964918,701841,13:11:58.427485
174.271166,965982,702361,13:11:58.427485
174.273024,967431,703098,13:11:58.427485
174.274881,968237,704254,13:11:58.427485
174.276739,969322,704959,13:11:58.427485
174.278603,971062,705669,13:11:58.427485
174.280462,972152,706869,13:11:58.427485
174.28235,973358,707558,13:11:58.427485
174.284206,974463,708453,13:11:58.427485
174.286071,975616,709101,13:11:58.427485
174.287927,976831,710034,13:11:58.427485
174.289797,977838,710550,13:11:58.427485
174.291674,978649,711105,13:11:58.427485
174.29353,979641,712037,13:11:58.427485
174.295386,980439,712472,13:11:58.427485
174.297243,980993,712849,13:11:58.427485
174.299099,981565,713058,13:11:58.427485
174.300955,981973,713570,13:11:58.427485
174.302812,982400,713659,13:11:58.427485
174.304672,982808,713891,13:11:58.484507
174.306542,983008,714209,13:11:58.484507
174.308405,983136,713802,13:11:58.484507
174.310307,983265,714337,13:11:58.484507
174.312169,983243,714438,13:11:58.484507
174.314028,983647,714554,13:11:58.484507
174.315884,984383,715140,13:11:58.484507
174.317746,984351,715006,13:11:58.484507
174.319603,984353,715354,13:11:58.484507
174.32146,984663,715410,13:11:58.484507
174.323321,985596,716217,13:11:58.484507
174.325178,986639,717109,13:11:58.484507
174.327038,987552,718485,13:11:58.484507
174.328894,990494,720191,13:11:58.484507
174.330755,991469,721407,13:11:58.484507
174.332611,994130,722862,13:11:58.484507
174.334474,995016,724670,13:11:58.484507
174.336332,998933,726484,13:11:58.484507
174.338188,1001304,728383,13:11:58.484507
174.340048,1003779,730319,13:11:58.484507
174.341905,1006316,732053,13:11:58.484507
174.343763,1008908,733906,13:11:58.484507
174.345622,1011140,735553,13:11:58.484507
174.347478,1013821,737601,13:11:58.484507
174.349336,1016060,739062,13:11:58.484507
174.351193,1018452,741239,13:11:58.484507
174.353049,1021612,743617,13:11:58.484507
174.354907,1025540,746605,13:11:58.529436
174.35678,1029600,750022,13:11:58.529436
174.35864,1034101,753285,13:11:58.529436
174.360554,1038437,756476,13:11:58.529436
174.36241,1043099,759433,13:11:58.529436
174.364273,1047613,762376,13:11:58.529436
174.366129,1051562,765637,13:11:58.529436
174.367991,1055488,768323,13:11:58.529436
174.369848,1058680,771059,13:11:58.529436
174.371704,1062545,773209,13:11:58.529436
174.373563,1065040,775624,13:11:58.529436
174.375425,1068505,777261,13:11:58.529436
174.377283,1070689,778863,13:11:58.529436
174.37914,1072676,780507,13:11:58.529436
174.381002,1074471,781714,13:11:58.529436
174.38286,1076556,782618,13:11:58.529436
174.384717,1077727,783358,13:11:58.529436
174.386575,1078784,784236,13:11:58.529436
174.388433,1079562,784799,13:11:58.529436
174.3903,1080179,785090,13:11:58.529436
174.392182,1080273,785283,13:11:58.529436
174.394038,1081019,785623,13:11:58.529436
174.395897,1081111,785877,13:11:58.529436
174.397753,1080994,785419,13:11:58.529436
174.399611,1080711,785180,13:11:58.529436
174.401468,1080195,784847,13:11:58.529436
174.403326,1079296,784194,13:11:58.529436
174.405185,1078808,783684,13:11:58.581054
174.407049,1077671,782734,13:11:58.581054
174.408909,1076565,781781,13:11:58.581054
174.410805,1075127,781111,13:11:58.581054
174.412662,1074113,779626,13:11:58.581054
174.41452,1072392,779066,13:11:58.581054
174.416384,1070965,777671,13:11:58.581054
174.418243,1069582,776722,13:11:58.581054
174.420099,1067860,775873,13:11:58.581054
174.421965,1065959,774870,13:11:58.581054
174.423822,1064965,773579,13:11:58.581054
174.425678,1063328,773085,13:11:58.581054
174.427537,1063076,772666,13:11:58.581054
174.429393,1062920,772691,13:11:58.581054
174.431251,1063455,773405,13:11:58.581054
174.433108,1064006,773998,13:11:58.581054
174.434964,1065302,774991,13:11:58.581054
174.436824,1064536,775777,13:11:58.581054
174.438714,1068356,776879,13:11:58.581054
174.440571,1069574,777958,13:11:58.581054
174.442427,1070842,778643,13:11:58.581054
174.444286,1071828,779655,13:11:58.581054
174.446144,1072672,779902,13:11:58.581054
174.44801,1073358,780549,13:11:58.581054
174.449869,1074210,780980,13:11:58.581054
174.451725,1074457,781448,13:11:58.581054
174.453583,1075185,781771,13:11:58.581054
174.455442,1075338,781966,13:11:58.635055
174.457308,1075927,782316,13:11:58.635055
174.459168,1076285,782706,13:11:58.635055
174.461063,1076761,782865,13:11:58.635055
174.462925,1076946,782764,13:11:58.635055
174.464781,1077080,783174,13:11:58.635055
174.466638,1077699,783346,13:11:58.635055
174.468496,1077614,783025,13:11:58.635055
174.470352,1077142,783205,13:11:58.635055
174.472209,1077290,783074,13:11:58.635055
174.474065,1076974,783233,13:11:58.635055
174.475921,1076791,782977,13:11:58.635055
174.47778,1077162,782873,13:11:58.635055
174.479645,1076695,782942,13:11:58.635055
174.481504,1076658,782907,13:11:58.635055
174.483365,1077334,783020,13:11:58.635055
174.485227,1077928,783435,13:11:58.635055
174.487083,1077568,783820,13:11:58.635055
174.488942,1078733,784091,13:11:58.635055
174.4908,1079468,784629,13:11:58.635055
174.492657,1080033,785300,13:11:58.635055
174.494515,1081286,786105,13:11:58.635055
174.496373,1082895,787267,13:11:58.635055
174.498232,1084066,788378,13:11:58.635055
174.50009,1085851,789364,13:11:58.635055
174.501954,1087515,790737,13:11:58.635055
174.503815,1088839,791841,13:11:58.635055
174.505677,1090291,792854,13:11:58.690075
174.507545,1091851,793917,13:11:58.690075
174.509408,1093675,795537,13:11:58.690075
174.51132,1095922,797290,13:11:58.690075
174.51318,1098397,798858,13:11:58.690075
174.515038,1100652,800847,13:11:58.690075
174.516895,1103231,802672,13:11:58.690075
174.518755,1106139,804641,13:11:58.690075
174.520613,1108872,806776,13:11:58.690075
174.522472,1111962,809079,13:11:58.690075
174.524328,1115252,811285,13:11:58.690075
174.526195,1118022,813133,13:11:58.690075
174.528051,1120962,815167,13:11:58.690075
174.529907,1123707,817224,13:11:58.690075
174.531766,1126434,818935,13:11:58.690075
174.533622,1128861,820928,13:11:58.690075
174.53548,1131703,822534,13:11:58.690075
174.537337,1133509,824073,13:11:58.690075
174.539193,1135342,825755,13:11:58.690075
174.541076,1137134,827355,13:11:58.690075
174.542944,1140524,829396,13:11:58.690075
174.544806,1143537,831707,13:11:58.690075
174.546662,1146598,834383,13:11:58.690075
174.548519,1149422,835997,13:11:58.690075
174.550379,1152131,838003,13:11:58.690075
174.552239,1155002,839792,13:11:58.690075
174.554096,1157178,841633,13:11:58.690075
174.55597,1159700,843256,13:11:58.733231
174.55783,1161839,844931,13:11:58.733231
174.559694,1163792,846415,13:11:58.733231
174.561609,1165906,847635,13:11:58.733231
174.563467,1167543,848787,13:11:58.733231
174.565324,1169699,850327,13:11:58.733231
174.56718,1171429,851582,13:11:58.733231
174.569038,1173437,853190,13:11:58.733231
174.570896,1175062,854487,13:11:58.733231
174.572753,1176605,855589,13:11:58.733231
174.574609,1178603,856802,13:11:58.733231
174.576472,1180027,858152,13:11:58.733231
174.578328,1181224,858921,13:11:58.733231
174.580184,1183169,860052,13:11:58.733231
174.582043,1184287,860989,13:11:58.733231
174.583899,1185731,861916,13:11:58.733231
174.585761,1186911,862885,13:11:58.733231
174.587622,1187659,864256,13:11:58.733231
174.589516,1190635,865805,13:11:58.733231
174.591379,1192640,867573,13:11:58.733231
174.593239,1195093,869209,13:11:58.733231
174.595097,1197303,870730,13:11:58.733231
174.596961,1199764,872640,13:11:58.733231
174.598818,1202100,874253,13:11:58.733231
174.600676,1204193,875979,13:11:58.733231
174.602532,1206412,877354,13:11:58.733231
174.604389,1208790,878713,13:11:58.733231
174.606255,1210745,880082,13:11:58.791703
174.608113,1212177,881398,13:11:58.791703
174.609988,1214204,882576,13:11:58.791703
174.611876,1215721,884063,13:11:58.791703
174.613734,1217384,884901,13:11:58.791703
174.615591,1218512,886253,13:11:58.791703
174.617449,1220426,887331,13:11:58.791703
174.619307,1221301,888103,13:11:58.791703
174.62117,1222947,889112,13:11:58.791703
174.623028,1223886,889910,13:11:58.791703
174.624884,1225228,890528,13:11:58.791703
174.626743,1225799,891051,13:11:58.791703
174.628599,1226548,891529,13:11:58.791703
174.630457,1226649,892123,13:11:58.791703
174.632316,1227775,892360,13:11:58.791703
174.634177,1228336,892852,13:11:58.791703
174.636034,1228867,893172,13:11:58.791703
174.637891,1228587,893312,13:11:58.791703
174.639749,1228926,893459,13:11:58.792748
174.641633,1229578,893635,13:11:58.792748
174.64349,1229867,893502,13:11:58.792748
174.645348,1229832,893590,13:11:58.792748
174.647204,1229773,893528,13:11:58.792748
174.649065,1229340,893241,13:11:58.792748
174.650921,1229169,892955,13:11:58.792748
174.652778,1229112,892918,13:11:58.792748
174.654636,1228462,892864,13:11:58.835429
174.656504,1228330,892468,13:11:58.835429
174.658365,1228434,892704,13:11:58.835429
174.660267,1228261,892954,13:11:58.835429
174.662138,1228457,893066,13:11:58.835429
174.663997,1229361,893204,13:11:58.835429
174.665856,1229391,893309,13:11:58.835429
174.66772,1229416,893634,13:11:58.835429
174.669576,1230420,894360,13:11:58.835429
174.671433,1231348,894844,13:11:58.835429
174.673291,1231879,895504,13:11:58.835429
174.675148,1232948,896574,13:11:58.835429
174.677004,1234130,897388,13:11:58.835429
174.67886,1235008,898369,13:11:58.835429
174.680717,1236954,899469,13:11:58.835429
174.682573,1238520,901168,13:11:58.835429
174.68443,1241306,902578,13:11:58.835429
174.686292,1243139,904171,13:11:58.835429
174.688154,1244922,905671,13:11:58.835429
174.690024,1246981,907245,13:11:58.835429
174.691881,1249545,908730,13:11:58.835429
174.693737,1251873,910329,13:11:58.835429
174.695597,1254148,911809,13:11:58.835429
174.697454,1256533,913594,13:11:58.835429
174.699314,1257469,915166,13:11:58.835429
174.70117,1261044,916996,13:11:58.835429
174.703027,1263512,918693,13:11:58.835429
174.704885,1266026,920838,13:11:58.852847
174.706761,1268860,922882,13:11:58.852847
174.708622,1271612,924838,13:11:58.852847
174.710518,1274571,926636,13:11:58.852847
174.712382,1277005,928824,13:11:58.852847
174.714241,1279870,930525,13:11:58.852847
174.716101,1282158,932353,13:11:58.853852
174.717961,1284615,934142,13:11:58.853852
174.719818,1286541,935603,13:11:58.853852
174.721674,1288266,936316,13:11:58.853852
174.723532,1289319,937477,13:11:58.853852
174.725399,1290316,938068,13:11:58.853852
174.727255,1292012,939146,13:11:58.853852
174.729112,1292787,939733,13:11:58.853852
174.73097,1294250,940243,13:11:58.853852
174.732826,1295148,940973,13:11:58.853852
174.734683,1295562,941203,13:11:58.853852
174.736541,1295925,941480,13:11:58.853852
174.738397,1295900,941293,13:11:58.853852
174.740256,1295106,941016,13:11:58.853852
174.742112,1294403,940712,13:11:58.853852
174.743979,1294524,940005,13:11:58.853852
174.745877,1293443,939186,13:11:58.853852
174.747733,1292611,938713,13:11:58.853852
174.749591,1291517,937678,13:11:58.853852
174.751449,1290349,937006,13:11:58.853852
174.75331,1289187,936257,13:11:58.853852
174.755166,1287896,935269,13:11:58.903524
174.757033,1286630,934358,13:11:58.903524
174.758893,1285065,933229,13:11:58.903524
174.760791,1283558,932396,13:11:58.903524
174.76266,1282439,931251,13:11:58.903524
174.764518,1281195,930407,13:11:58.903524
174.766378,1280065,929922,13:11:58.903524
174.768237,1279587,929476,13:11:58.903524
174.770093,1279027,929196,13:11:58.903524
174.771949,1278748,928782,13:11:58.903524
174.773808,1277959,928529,13:11:58.903524
174.775664,1277706,928050,13:11:58.903524
174.777522,1277641,928194,13:11:58.903524
174.779379,1277571,928336,13:11:58.903524
174.781237,1277826,928623,13:11:58.903524
174.783094,1277970,928679,13:11:58.903524
174.78495,1278167,928903,13:11:58.903524
174.786808,1278835,929348,13:11:58.903524
174.788669,1279622,929975,13:11:58.903524
174.790527,1280328,930791,13:11:58.903524
174.792391,1281525,931392,13:11:58.903524
174.794254,1282783,932828,13:11:58.903524
174.79611,1284346,933977,13:11:58.903524
174.797969,1285948,935104,13:11:58.903524
174.799827,1288005,936641,13:11:58.903524
174.801683,1290123,938410,13:11:58.903524
174.803542,1292287,940307,13:11:58.903524
174.805398,1295263,942314,13:11:58.955818
174.807264,1298128,944637,13:11:58.955818
174.809126,1301496,946926,13:11:58.955818
174.811033,1304830,949400,13:11:58.955818
174.812891,1308391,951734,13:11:58.955818
174.814747,1312046,954600,13:11:58.955818
174.816604,1315647,956934,13:11:58.955818
174.818462,1318986,959837,13:11:58.955818
174.820319,1322875,962127,13:11:58.955818
174.822177,1326343,965156,13:11:58.955818
174.824033,1330058,967650,13:11:58.955818
174.8259,1333344,970189,13:11:58.955818
174.827756,1336859,972344,13:11:58.955818
174.829615,1340249,974912,13:11:58.955818
174.831477,1343569,977532,13:11:58.955818
174.833333,1346946,979697,13:11:58.955818
174.835191,1349796,981834,13:11:58.955818
174.837048,1353136,984234,13:11:58.955818
174.838904,1355986,986098,13:11:58.955818
174.840763,1358874,988277,13:11:58.955818
174.842624,1361917,990403,13:11:58.955818
174.844483,1364663,992431,13:11:58.955818
174.84634,1367499,994270,13:11:58.955818
174.848206,1369769,996052,13:11:58.955818
174.850062,1372504,997860,13:11:58.955818
174.851919,1374842,999800,13:11:58.955818
174.853785,1377575,1001169,13:11:58.955818
174.855661,1379628,1003164,13:11:59.002974
174.857528,1381892,1004911,13:11:59.002974
174.85939,1384415,1006253,13:11:59.002974
174.861294,1386342,1007913,13:11:59.002974
174.863151,1388462,1009238,13:11:59.002974
174.865007,1390315,1010573,13:11:59.002974
174.866865,1392229,1012027,13:11:59.002974
174.868722,1394136,1013248,13:11:59.002974
174.870587,1396098,1014663,13:11:59.002974
174.872449,1398311,1015938,13:11:59.002974
174.874307,1399819,1017082,13:11:59.002974
174.876169,1401173,1018174,13:11:59.002974
174.878025,1402185,1018970,13:11:59.002974
174.879882,1403091,1019349,13:11:59.002974
174.88174,1403873,1019909,13:11:59.004380
174.883597,1404625,1020314,13:11:59.004380
174.885455,1404809,1020690,13:11:59.004380
174.887311,1405134,1020369,13:11:59.004380
174.889174,1405107,1020351,13:11:59.004380
174.891032,1404633,1019901,13:11:59.004380
174.8929,1403986,1019468,13:11:59.004380
174.894765,1403575,1018940,13:11:59.004380
174.896621,1402909,1018681,13:11:59.004380
174.898483,1402192,1017665,13:11:59.004380
174.900364,1400953,1017129,13:11:59.004380
174.902222,1399649,1016053,13:11:59.004380
174.904078,1398267,1015061,13:11:59.004380
174.905949,1396537,1014062,13:11:59.053263
174.907811,1395529,1012979,13:11:59.053263
174.909675,1394294,1012087,13:11:59.053263
174.911579,1392713,1011015,13:11:59.053263
174.913452,1391368,1010079,13:11:59.054277
174.915308,1390057,1008788,13:11:59.054277
174.917164,1388522,1007800,13:11:59.054277
174.919023,1387227,1007209,13:11:59.054277
174.920879,1386005,1006100,13:11:59.054277
174.922738,1384429,1005148,13:11:59.054277
174.924594,1383565,1004325,13:11:59.054277
174.92646,1381996,1003377,13:11:59.054277
174.928317,1380719,1002420,13:11:59.054277
174.930173,1379763,1001776,13:11:59.054277
174.932031,1378653,1000849,13:11:59.054277
174.933888,1377981,1000363,13:11:59.054277
174.935746,1376930,1000011,13:11:59.054277
174.937602,1376579,999514,13:11:59.054277
174.939459,1376117,999424,13:11:59.054277
174.941317,1375993,999108,13:11:59.054277
174.943181,1375654,998990,13:11:59.054277
174.945038,1375653,999205,13:11:59.054277
174.946894,1375988,999304,13:11:59.054277
174.948754,1375970,999680,13:11:59.054277
174.950611,1376388,999970,13:11:59.054277
174.952467,1376831,999998,13:11:59.054277
174.954326,1377319,1000628,13:11:59.054277
174.956196,1377805,1001137,13:11:59.104119
174.958056,1378473,1001342,13:11:59.104119
174.959934,1378902,1001862,13:11:59.104119
174.961829,1379663,1002335,13:11:59.104119
174.963685,1380033,1002443,13:11:59.104119
174.965541,1380278,1002821,13:11:59.104119
174.967402,1380617,1003054,13:11:59.104119
174.969258,1380958,1003447,13:11:59.104119
174.971115,1382042,1004195,13:11:59.104119
174.972973,1383154,1005366,13:11:59.104119
174.974829,1385535,1007162,13:11:59.104119
174.976686,1388008,1009502,13:11:59.104119
174.978542,1391357,1012021,13:11:59.104119
174.980408,1395018,1014634,13:11:59.104119
174.982265,1398849,1017233,13:11:59.104119
174.984127,1402686,1019965,13:11:59.104119
174.985989,1406311,1022787,13:11:59.105127
174.987846,1410469,1025967,13:11:59.105127
174.989704,1414269,1028792,13:11:59.105127
174.99156,1418301,1031724,13:11:59.105127
174.993417,1422323,1034378,13:11:59.105127
174.995275,1426103,1037170,13:11:59.105127
174.997136,1429869,1040021,13:11:59.105127
174.998992,1433757,1042544,13:11:59.105127
175.000848,1437502,1045590,13:11:59.105127
175.002709,1441576,1048320,13:11:59.105127
175.004565,1445407,1051277,13:11:59.154618
175.006429,1449428,1053875,13:11:59.154618
175.00829,1453054,1056556,13:11:59.154618
175.010191,1457192,1059682,13:11:59.154618
175.012099,1461479,1062338,13:11:59.154618
175.01396,1465654,1065821,13:11:59.154618
175.015817,1469670,1068813,13:11:59.154618
175.017675,1473652,1071365,13:11:59.154618
175.019531,1477240,1073694,13:11:59.154618
175.021388,1480788,1075976,13:11:59.154618
175.023246,1483706,1078291,13:11:59.154618
175.025108,1486343,1080313,13:11:59.154618
175.026967,1489207,1081739,13:11:59.154618
175.028825,1491203,1083568,13:11:59.154618
175.030689,1493199,1084632,13:11:59.154618
175.032546,1494552,1085855,13:11:59.154618
175.034402,1496303,1086754,13:11:59.154618
175.036261,1497637,1087428,13:11:59.154618
175.038117,1498590,1088068,13:11:59.154618
175.039973,1499434,1088650,13:11:59.154618
175.04183,1499662,1088684,13:11:59.154618
175.043686,1500072,1088835,13:11:59.154618
175.045542,1499561,1088715,13:11:59.154618
175.047399,1499498,1087985,13:11:59.154618
175.049261,1498716,1087664,13:11:59.154618
175.051117,1497887,1087156,13:11:59.154618
175.052976,1497117,1086308,13:11:59.154618
175.05485,1495936,1085473,13:11:59.207548
175.056716,1494678,1084966,13:11:59.207548
175.058577,1493507,1083625,13:11:59.207548
175.060491,1492282,1082343,13:11:59.207548
175.062349,1490504,1081365,13:11:59.207548
175.064208,1488546,1079882,13:11:59.207548
175.066067,1486719,1078443,13:11:59.207548
175.067926,1484408,1077039,13:11:59.207548
175.069783,1482595,1075428,13:11:59.207548
175.071649,1480090,1074013,13:11:59.207548
175.073505,1478126,1072200,13:11:59.207548
175.075362,1475854,1070701,13:11:59.207548
175.07722,1474181,1069479,13:11:59.207548
175.079077,1472320,1068350,13:11:59.207548
175.080933,1470298,1066962,13:11:59.207548
175.082789,1468901,1066196,13:11:59.207548
175.084646,1467766,1065111,13:11:59.207548
175.086502,1466572,1064491,13:11:59.207548
175.088359,1465644,1063920,13:11:59.207548
175.090219,1464942,1063588,13:11:59.207548
175.092075,1464702,1063177,13:11:59.208548
175.093933,1464490,1063404,13:11:59.208548
175.095792,1465002,1063565,13:11:59.208548
175.097649,1465503,1064587,13:11:59.208548
175.099508,1466689,1065241,13:11:59.208548
175.101365,1467697,1066208,13:11:59.208548
175.103223,1469694,1067539,13:11:59.208548
175.10508,1471167,1068993,13:11:59.254484
175.106954,1473064,1070434,13:11:59.254484
175.108814,1475444,1072203,13:11:59.254484
175.110706,1477973,1073661,13:11:59.254484
175.112591,1480180,1075251,13:11:59.254484
175.114449,1482602,1077297,13:11:59.254484
175.116307,1484918,1079060,13:11:59.256472
175.118168,1487580,1081050,13:11:59.256472
175.120024,1490388,1082656,13:11:59.256472
175.121882,1493015,1084794,13:11:59.256472
175.123739,1495912,1086796,13:11:59.257481
175.125595,1498666,1088748,13:11:59.257481
175.127454,1501372,1090890,13:11:59.257481
175.12931,1504161,1092477,13:11:59.257481
175.131168,1506668,1094542,13:11:59.257481
175.133025,1509341,1096501,13:11:59.257481
175.134883,1511816,1098034,13:11:59.257481
175.136739,1514110,1099538,13:11:59.257481
175.138596,1515911,1101063,13:11:59.257481
175.140454,1518048,1102556,13:11:59.257481
175.142315,1519634,1103872,13:11:59.257481
175.144173,1521831,1105044,13:11:59.257481
175.146029,1523273,1106219,13:11:59.257481
175.147887,1524763,1107320,13:11:59.257481
175.149744,1526185,1108093,13:11:59.257481
175.1516,1527227,1108845,13:11:59.257481
175.153459,1528250,1109780,13:11:59.258483
175.155315,1529354,1110166,13:11:59.303773
175.157185,1530317,1110613,13:11:59.303773
175.159046,1530921,1111140,13:11:59.303773
175.160946,1531634,1111425,13:11:59.303773
175.162804,1531647,1111789,13:11:59.303773
175.16466,1532093,1112029,13:11:59.303773
175.166519,1532497,1112166,13:11:59.303773
175.168379,1532489,1112584,13:11:59.303773
175.170236,1532612,1112353,13:11:59.303773
175.172094,1532576,1112362,13:11:59.303773
175.173954,1532610,1112165,13:11:59.303773
175.175813,1532799,1112270,13:11:59.303773
175.177669,1532679,1112509,13:11:59.303773
175.179533,1533230,1112955,13:11:59.303773
175.18139,1533535,1113117,13:11:59.303773
175.183246,1533545,1113309,13:11:59.303773
175.185104,1534424,1113716,13:11:59.303773
175.186961,1534719,1113980,13:11:59.303773
175.188819,1535723,1114868,13:11:59.303773
175.190675,1536515,1115799,13:11:59.303773
175.192536,1537211,1116139,13:11:59.303773
175.194394,1538298,1116499,13:11:59.303773
175.196251,1538911,1117018,13:11:59.303773
175.198111,1539512,1117269,13:11:59.303773
175.199967,1540136,1117633,13:11:59.303773
175.201828,1540760,1118482,13:11:59.303773
175.203684,1541389,1118596,13:11:59.303773
175.205546,1541812,1119090,13:11:59.353938
175.207413,1542466,1119508,13:11:59.353938
175.209273,1542944,1119844,13:11:59.353938
175.211201,1543349,1120337,13:11:59.353938
175.213059,1544360,1120942,13:11:59.353938
175.214918,1545461,1121518,13:11:59.353938
175.216776,1546197,1122213,13:11:59.353938
175.218632,1546906,1122675,13:11:59.353938
175.220493,1547590,1123291,13:11:59.353938
175.222349,1548409,1124051,13:11:59.353938
175.224206,1549686,1124675,13:11:59.353938
175.226064,1550666,1125627,13:11:59.353938
175.22792,1551818,1126619,13:11:59.353938
175.229779,1553234,1127446,13:11:59.353938
175.231635,1554078,1128100,13:11:59.353938
175.233495,1555055,1128936,13:11:59.353938
175.235354,1556209,1129541,13:11:59.353938
175.23722,1557286,1130346,13:11:59.353938
175.239076,1558589,1131462,13:11:59.353938
175.240933,1559942,1132562,13:11:59.353938
175.242791,1561333,1133464,13:11:59.353938
175.244647,1563213,1134694,13:11:59.353938
175.246504,1564180,1135641,13:11:59.353938
175.248362,1566071,1136884,13:11:59.354923
175.250218,1567749,1138124,13:11:59.354923
175.252077,1569466,1139534,13:11:59.354923
175.253933,1571110,1140664,13:11:59.354923
175.255801,1572658,1142000,13:11:59.404117
175.257676,1574651,1143263,13:11:59.404117
175.259538,1576500,1144453,13:11:59.404117
175.26146,1578034,1145774,13:11:59.404117
175.263316,1580006,1146943,13:11:59.404117
175.265173,1581724,1148462,13:11:59.404117
175.267031,1583863,1149998,13:11:59.404117
175.268888,1585561,1151359,13:11:59.404117
175.270746,1587930,1152831,13:11:59.404117
175.272602,1589924,1154686,13:11:59.404117
175.274459,1592206,1156225,13:11:59.405092
175.276317,1594725,1158014,13:11:59.405092
175.278179,1597504,1160449,13:11:59.405092
175.280036,1600667,1162405,13:11:59.405092
175.281892,1603521,1164707,13:11:59.405092
175.28375,1606483,1166795,13:11:59.405092
175.285607,1609011,1168900,13:11:59.405092
175.287463,1612266,1170738,13:11:59.405092
175.289321,1614772,1172491,13:11:59.405092
175.291178,1617284,1174301,13:11:59.405092
175.293036,1619714,1176375,13:11:59.405092
175.294892,1622292,1178238,13:11:59.405092
175.296757,1624753,1179717,13:11:59.405092
175.298613,1626847,1181500,13:11:59.405092
175.30047,1629689,1183142,13:11:59.405092
175.302328,1631845,1184864,13:11:59.405092
175.304189,1634456,1186980,13:11:59.405092
175.306068,1636926,1188587,13:11:59.452851
175.307929,1639705,1190934,13:11:59.452851
175.309798,1642324,1192970,13:11:59.452851
175.311687,1645087,1194843,13:11:59.452851
175.313548,1647556,1196342,13:11:59.452851
175.315408,1650001,1197588,13:11:59.452851
175.317264,1651796,1199069,13:11:59.453858
175.31912,1653155,1200213,13:11:59.453858
175.320977,1655035,1201298,13:11:59.453858
175.322835,1656193,1202307,13:11:59.453858
175.324694,1657346,1202767,13:11:59.453858
175.32655,1657978,1203098,13:11:59.453858
175.328407,1658346,1203347,13:11:59.453858
175.330265,1658504,1203314,13:11:59.453858
175.332125,1658223,1203477,13:11:59.453858
175.333982,1658261,1203126,13:11:59.453858
175.335838,1658138,1203204,13:11:59.456859
175.337696,1657628,1202469,13:11:59.456859
175.339553,1657181,1202208,13:11:59.456859
175.341409,1656404,1201540,13:11:59.456859
175.343267,1655805,1200755,13:11:59.456859
175.345124,1654656,1200470,13:11:59.456859
175.346982,1653564,1199432,13:11:59.456859
175.348838,1652229,1198736,13:11:59.456859
175.350703,1651448,1197782,13:11:59.456859
175.352559,1650145,1196642,13:11:59.456859
175.354416,1648486,1195718,13:11:59.456859
175.35628,1646861,1194161,13:11:59.506856
175.35814,1644781,1192987,13:11:59.506856
175.360016,1642579,1191092,13:11:59.506856
175.36195,1640313,1189206,13:11:59.506856
175.363835,1638052,1187746,13:11:59.506856
175.365697,1635620,1186038,13:11:59.507857
175.367555,1633610,1184593,13:11:59.507857
175.369421,1631199,1183056,13:11:59.507857
175.371278,1628856,1181011,13:11:59.507857
175.373134,1626704,1179643,13:11:59.507857
175.374993,1624491,1178335,13:11:59.507857
175.376849,1622702,1176826,13:11:59.507857
175.378705,1620681,1175433,13:11:59.507857
175.380562,1618762,1174292,13:11:59.507857
175.382418,1617422,1173177,13:11:59.507857
175.384274,1615986,1172014,13:11:59.507857
175.386131,1614432,1171213,13:11:59.507857
175.387993,1613288,1170068,13:11:59.507857
175.38985,1612073,1169511,13:11:59.507857
175.391706,1611337,1168878,13:11:59.507857
175.393566,1610234,1168425,13:11:59.508858
175.395423,1609989,1167932,13:11:59.508858
175.397281,1609336,1167760,13:11:59.508858
175.399137,1609108,1167541,13:11:59.508858
175.400996,1609070,1167284,13:11:59.508858
175.402854,1608733,1167633,13:11:59.508858
175.404711,1609077,1167335,13:11:59.553154
175.406581,1609026,1167734,13:11:59.553154
175.408441,1609380,1167912,13:11:59.554146
175.410341,1609710,1168140,13:11:59.554146
175.412209,1610264,1168305,13:11:59.554146
175.414068,1609922,1167993,13:11:59.554146
175.41595,1610267,1168525,13:11:59.554146
175.417806,1610878,1169029,13:11:59.554146
175.419663,1611578,1169853,13:11:59.554146
175.421521,1612530,1170268,13:11:59.554146
175.423377,1613575,1171127,13:11:59.554146
175.425234,1614589,1171731,13:11:59.554146
175.42709,1615718,1172445,13:11:59.554146
175.428952,1616986,1173658,13:11:59.554146
175.430809,1618295,1174495,13:11:59.554146
175.432665,1619933,1175686,13:11:59.554146
175.434523,1621592,1177200,13:11:59.554146
175.43638,1623643,1178557,13:11:59.554146
175.438238,1625427,1179857,13:11:59.554146
175.440095,1627776,1181648,13:11:59.554146
175.441953,1629705,1183392,13:11:59.554146
175.443811,1632528,1185101,13:11:59.554146
175.445668,1635451,1187382,13:11:59.554146
175.447528,1638394,1189660,13:11:59.554146
175.449384,1641241,1191979,13:11:59.554146
175.451243,1644487,1194042,13:11:59.554146
175.453099,1647412,1196612,13:11:59.554146
175.454955,1650292,1198718,13:11:59.609620
175.456824,1653627,1201064,13:11:59.609620
175.458684,1657471,1203450,13:11:59.609620
175.460594,1660227,1206007,13:11:59.609620
175.462474,1663868,1208414,13:11:59.609620
175.464335,1667076,1210765,13:11:59.609620
175.466193,1670132,1212921,13:11:59.609620
175.468049,1673290,1215134,13:11:59.609620
175.46991,1676599,1217209,13:11:59.609620
175.471766,1679350,1219562,13:11:59.609620
175.473622,1682243,1221730,13:11:59.609620
175.475481,1685024,1223737,13:11:59.609620
175.477337,1687616,1225297,13:11:59.609620
175.479195,1689914,1227063,13:11:59.609620
175.481052,1692076,1228229,13:11:59.609620
175.482914,1694033,1230152,13:11:59.609620
175.484772,1696078,1231140,13:11:59.609620
175.486637,1697551,1232364,13:11:59.609620
175.488493,1699283,1233353,13:11:59.609620
175.49035,1700230,1233804,13:11:59.609620
175.492208,1701447,1234915,13:11:59.609620
175.494064,1702230,1235393,13:11:59.609620
175.495921,1702960,1236313,13:11:59.609620
175.497779,1703722,1236504,13:11:59.609620
175.499635,1704451,1237055,13:11:59.609620
175.501492,1705110,1237577,13:11:59.609620
175.503348,1705649,1238140,13:11:59.609620
175.505214,1706384,1238374,13:11:59.652760
175.507077,1706802,1238766,13:11:59.652760
175.508939,1707355,1238596,13:11:59.652760
175.510844,1707715,1239307,13:11:59.652760
175.512715,1707510,1239229,13:11:59.652760
175.514574,1707761,1238869,13:11:59.654216
175.516433,1707520,1238704,13:11:59.654216
175.518296,1706926,1238331,13:11:59.654216
175.520155,1706479,1237883,13:11:59.654216
175.522011,1705831,1237332,13:11:59.654216
175.523874,1705062,1236701,13:11:59.654216
175.525732,1704055,1236194,13:11:59.654216
175.527596,1702752,1234885,13:11:59.654216
175.529453,1701733,1234110,13:11:59.654216
175.531309,1700330,1233149,13:11:59.654216
175.533167,1698983,1232033,13:11:59.654216
175.535024,1697359,1230979,13:11:59.654216
175.53688,1695893,1229855,13:11:59.654216
175.538738,1694262,1228423,13:11:59.654216
175.540595,1692884,1227543,13:11:59.654216
175.542453,1691239,1226773,13:11:59.654216
175.544309,1689840,1225625,13:11:59.654216
175.546174,1688264,1224023,13:11:59.654216
175.54803,1686584,1223307,13:11:59.654216
175.549886,1685004,1222054,13:11:59.654216
175.551745,1683774,1221243,13:11:59.654216
175.553601,1682462,1220497,13:11:59.654216
175.555459,1681452,1219793,13:11:59.707924
175.557326,1680320,1218739,13:11:59.707924
175.559187,1679593,1218441,13:11:59.707924
175.561082,1678550,1218018,13:11:59.707924
175.562978,1678432,1217693,13:11:59.707924
175.564835,1677900,1217287,13:11:59.707924
175.566691,1677681,1216981,13:11:59.707924
175.568555,1677406,1216697,13:11:59.707924
175.570412,1677568,1216967,13:11:59.707924
175.572268,1677408,1216961,13:11:59.707924
175.574127,1677714,1217465,13:11:59.707924
175.575983,1678070,1217392,13:11:59.707924
175.577839,1678372,1217854,13:11:59.707924
175.579698,1679585,1218454,13:11:59.707924
175.581554,1680030,1219090,13:11:59.707924
175.58341,1680909,1219952,13:11:59.707924
175.585267,1682359,1220747,13:11:59.707924
175.587133,1683514,1221917,13:11:59.707924
175.588989,1684883,1223060,13:11:59.707924
175.590846,1686576,1224318,13:11:59.707924
175.592704,1688385,1225633,13:11:59.707924
175.594561,1690091,1226955,13:11:59.707924
175.596417,1692090,1228384,13:11:59.707924
175.598273,1694052,1229973,13:11:59.707924
175.60013,1696270,1231551,13:11:59.707924
175.601986,1698645,1233371,13:11:59.707924
175.603853,1700987,1234944,13:11:59.707924
175.605715,1703559,1237093,13:11:59.759454
175.607581,1705642,1238559,13:11:59.759454
175.609448,1708054,1240248,13:11:59.759454
175.611359,1710877,1242677,13:11:59.759454
175.613222,1713680,1244178,13:11:59.759454
175.615082,1716592,1246326,13:11:59.759454
175.616941,1719242,1248213,13:11:59.759454
175.618799,1721926,1250367,13:11:59.759454
175.620655,1724863,1252290,13:11:59.759454
175.622512,1727615,1254157,13:11:59.759454
175.624368,1730061,1256568,13:11:59.759454
175.626224,1733027,1258472,13:11:59.759454
175.628085,1736004,1260482,13:11:59.759454
175.629941,1738477,1262315,13:11:59.759454
175.631799,1741420,1264324,13:11:59.759454
175.633658,1744368,1266430,13:11:59.759454
175.635514,1747123,1268708,13:11:59.759454
175.63737,1750217,1270688,13:11:59.759454
175.639227,1753119,1272712,13:11:59.759454
175.641087,1756340,1275256,13:11:59.759454
175.642945,1759550,1277395,13:11:59.759454
175.644812,1762600,1279870,13:11:59.759454
175.646668,1765047,1281441,13:11:59.759454
175.648524,1767790,1283148,13:11:59.759454
175.650385,1770248,1285003,13:11:59.759454
175.652241,1772416,1286154,13:11:59.759454
175.654098,1774327,1287904,13:11:59.759454
175.655982,1776401,1289046,13:11:59.814466
175.657844,1777851,1290195,13:11:59.814466
175.659706,1779241,1290957,13:11:59.814466
175.661587,1780376,1291853,13:11:59.814466
175.663453,1781474,1292340,13:11:59.814466
175.665335,1781872,1293038,13:11:59.814466
175.667192,1782809,1293469,13:11:59.814466
175.66905,1783257,1293393,13:11:59.815529
175.670906,1783382,1293427,13:11:59.815529
175.672763,1783223,1293284,13:11:59.815529
175.674621,1782616,1292687,13:11:59.815529
175.676477,1781646,1292124,13:11:59.815529
175.678336,1781024,1291362,13:11:59.815529
175.680192,1779830,1290510,13:11:59.815529
175.682048,1778325,1289366,13:11:59.815529
175.683907,1776898,1288147,13:11:59.815529
175.685771,1775298,1286895,13:11:59.815529
175.687627,1773750,1285519,13:11:59.815529
175.689484,1771666,1284049,13:11:59.815529
175.691342,1769239,1282642,13:11:59.815529
175.693199,1767256,1281034,13:11:59.815529
175.695055,1764789,1279338,13:11:59.815529
175.696913,1762467,1277504,13:11:59.815529
175.698772,1760314,1275703,13:11:59.815529
175.700628,1757699,1273870,13:11:59.815529
175.702484,1755029,1271953,13:11:59.816534
175.704349,1752742,1270641,13:11:59.816534
175.706217,1750258,1268502,13:11:59.859933
175.70808,1747511,1266422,13:11:59.859933
175.709951,1745307,1264941,13:11:59.859933
175.711836,1742574,1263143,13:11:59.859933
175.713699,1740414,1261515,13:11:59.859933
175.71558,1738246,1259788,13:11:59.859933
175.717444,1736253,1258601,13:11:59.859933
175.719305,1734550,1257330,13:11:59.859933
175.721161,1732733,1255745,13:11:59.859933
175.723024,1730669,1254833,13:11:59.859933
175.724882,1729432,1253512,13:11:59.859933
175.726739,1728097,1252779,13:11:59.859933
175.728595,1727091,1252079,13:11:59.859933
175.730451,1725960,1251536,13:11:59.859933
175.732311,1725056,1250947,13:11:59.859933
175.734168,1723963,1249940,13:11:59.859933
175.736024,1723436,1249689,13:11:59.859933
175.737883,1722935,1249528,13:11:59.859933
175.739739,1722791,1249368,13:11:59.859933
175.741597,1723218,1249916,13:11:59.859933
175.743454,1723224,1249854,13:11:59.859933
175.745316,1723634,1250405,13:11:59.859933
175.747174,1724414,1250812,13:11:59.859933
175.749031,1725229,1251486,13:11:59.859933
175.750891,1726251,1252421,13:11:59.859933
175.752747,1727610,1253272,13:11:59.859933
175.754606,1729181,1254700,13:11:59.909700
175.756474,1730909,1256052,13:11:59.909700
175.758334,1733119,1257744,13:11:59.909700
175.760234,1735605,1259852,13:11:59.909700
175.762109,1738267,1261999,13:11:59.909700
175.763965,1741506,1264129,13:11:59.909700
175.765824,1744870,1266802,13:11:59.909700
175.767694,1747716,1269273,13:11:59.909700
175.769574,1752027,1272100,13:11:59.909700
175.77143,1755990,1274929,13:11:59.909700
175.773289,1759498,1277801,13:11:59.909700
175.775145,1763543,1280218,13:11:59.909700
175.777001,1767351,1283186,13:11:59.909700
175.778866,1771207,1285611,13:11:59.909700
175.780722,1774798,1288568,13:11:59.909700
175.782581,1778766,1291104,13:11:59.910704
175.784437,1782376,1293852,13:11:59.910704
175.786293,1785903,1296378,13:11:59.910704
175.788152,1789811,1299080,13:11:59.910704
175.790009,1793278,1301916,13:11:59.910704
175.791868,1796799,1304102,13:11:59.910704
175.793725,1799949,1306622,13:11:59.910704
175.795591,1803044,1308677,13:11:59.910704
175.797449,1806083,1310851,13:11:59.910704
175.799306,1809052,1312616,13:11:59.910704
175.801164,1811282,1314401,13:11:59.910704
175.80302,1813544,1315844,13:11:59.910704
175.804879,1815718,1317380,13:11:59.964149
175.806745,1817285,1318612,13:11:59.964149
175.808605,1818826,1319404,13:11:59.964149
175.810512,1819834,1319873,13:11:59.964149
175.812378,1820148,1320325,13:11:59.964149
175.814239,1820830,1320975,13:11:59.964149
175.816103,1821251,1320538,13:11:59.964149
175.817964,1821017,1320785,13:11:59.964149
175.819825,1820607,1320252,13:11:59.964149
175.821682,1820160,1319576,13:11:59.964149
175.82354,1819755,1319116,13:11:59.964149
175.825396,1818909,1318576,13:11:59.964149
175.827253,1817857,1317779,13:11:59.964149
175.829111,1816589,1316728,13:11:59.964149
175.830967,1815038,1315804,13:11:59.964149
175.832824,1813433,1314678,13:11:59.964149
175.83468,1811695,1313036,13:11:59.964149
175.83654,1809734,1311603,13:11:59.964149
175.838397,1807543,1309816,13:11:59.964149
175.840253,1805251,1308044,13:11:59.964149
175.842112,1802632,1306220,13:11:59.964149
175.843968,1799707,1304055,13:11:59.964149
175.845826,1797343,1302247,13:11:59.964149
175.847683,1794349,1299846,13:11:59.964149
175.849545,1791429,1297883,13:11:59.964149
175.851403,1788532,1295775,13:11:59.964149
175.85326,1785155,1293652,13:11:59.964149
175.85512,1782301,1291349,13:12:00.012986
175.857002,1779465,1289263,13:12:00.014107
175.858863,1776706,1287362,13:12:00.014107
175.860761,1773899,1285505,13:12:00.014107
175.862617,1770994,1283168,13:12:00.016137
175.864476,1768708,1281474,13:12:00.016137
175.866332,1766012,1279763,13:12:00.016137
175.868191,1764135,1278449,13:12:00.016137
175.870063,1762192,1277133,13:12:00.016137
175.871929,1759844,1275679,13:12:00.016137
175.873785,1758913,1274865,13:12:00.016137
175.875642,1757476,1273950,13:12:00.016137
175.877502,1756862,1273315,13:12:00.018547
175.879358,1756083,1272785,13:12:00.018547
175.881215,1755850,1272657,13:12:00.018547
175.883073,1755698,1273032,13:12:00.018547
175.884929,1756168,1273272,13:12:00.018547
175.886788,1756565,1273608,13:12:00.018547
175.888644,1757402,1274670,13:12:00.018547
175.890504,1758607,1275455,13:12:00.018547
175.892363,1759689,1276482,13:12:00.018547
175.894229,1761498,1277753,13:12:00.018547
175.896086,1763458,1279229,13:12:00.018547
175.897942,1765753,1281027,13:12:00.018547
175.899802,1768378,1282974,13:12:00.018547
175.901659,1771106,1285399,13:12:00.019547
175.903515,1774635,1287878,13:12:00.019547
175.905373,1778205,1290468,13:12:00.064191
175.907244,1781423,1293291,13:12:00.064191
175.909104,1785462,1295934,13:12:00.064191
175.911002,1789266,1299103,13:12:00.064191
175.912859,1793431,1301726,13:12:00.064191
175.914719,1797556,1304679,13:12:00.066196
175.916577,1801390,1307747,13:12:00.066196
175.91844,1805398,1310506,13:12:00.066196
175.920297,1806606,1313062,13:12:00.066196
175.922154,1813206,1315873,13:12:00.066196
175.924015,1816860,1318628,13:12:00.066196
175.925876,1820535,1321058,13:12:00.066196
175.927787,1823802,1323530,13:12:00.066196
175.929644,1827294,1325873,13:12:00.066196
175.9315,1830130,1327793,13:12:00.066196
175.933358,1832830,1329815,13:12:00.066196
175.935215,1835128,1331307,13:12:00.067195
175.937073,1837251,1332748,13:12:00.067195
175.938929,1839207,1334069,13:12:00.067195
175.940788,1840760,1335060,13:12:00.067195
175.942646,1841975,1335939,13:12:00.067195
175.944512,1843358,1336820,13:12:00.067195
175.946369,1843937,1336982,13:12:00.067195
175.948225,1844399,1336976,13:12:00.067195
175.950083,1844440,1337363,13:12:00.068197
175.95194,1844392,1336872,13:12:00.068197
175.953798,1843595,1336810,13:12:00.068197
175.95566,1843314,1336244,13:12:00.116109
175.957521,1842297,1335407,13:12:00.116109
175.959383,1841055,1334294,13:12:00.116109
175.961293,1839052,1333259,13:12:00.116109
175.96315,1837977,1331847,13:12:00.116109
175.96501,1835835,1330569,13:12:00.116109
175.96687,1833916,1328730,13:12:00.116109
175.968729,1831688,1327114,13:12:00.116109
175.970585,1829199,1325460,13:12:00.116109
175.972449,1826761,1323575,13:12:00.116109
175.974308,1824281,1321635,13:12:00.116109
175.976164,1821249,1319267,13:12:00.116109
175.978022,1818593,1317406,13:12:00.116109
175.979879,1815748,1315380,13:12:00.116109
175.981737,1812926,1313185,13:12:00.116109
175.983593,1810278,1311226,13:12:00.116109
175.985457,1807265,1309219,13:12:00.116109
175.987316,1804376,1307228,13:12:00.116109
175.989172,1801790,1305527,13:12:00.116109
175.991031,1798831,1303470,13:12:00.116109
175.992887,1796715,1301541,13:12:00.116109
175.994743,1794191,1299887,13:12:00.116109
175.996602,1791906,1298370,13:12:00.116109
175.998458,1789800,1296889,13:12:00.116109
176.000315,1788084,1295533,13:12:00.116109
176.002171,1786495,1294455,13:12:00.116109
176.004029,1784667,1293621,13:12:00.116109
176.005898,1783321,1292588,13:12:00.167290
176.007758,1782514,1291977,13:12:00.167290
176.009621,1781618,1291117,13:12:00.167290
176.011532,1781268,1290935,13:12:00.167290
176.013389,1780734,1290935,13:12:00.167290
176.015247,1780463,1290985,13:12:00.167290
176.017106,1780976,1290931,13:12:00.167290
176.018964,1780942,1291472,13:12:00.167290
176.020822,1782106,1291959,13:12:00.167290
176.022714,1781977,1292638,13:12:00.167290
176.024579,1783803,1293663,13:12:00.167290
176.026442,1785313,1294625,13:12:00.167290
176.028321,1787358,1296224,13:12:00.167290
176.030178,1788958,1297474,13:12:00.167290
176.032034,1790983,1299036,13:12:00.167290
176.03389,1793115,1300910,13:12:00.167290
176.035754,1795558,1302449,13:12:00.167290
176.037611,1798044,1304529,13:12:00.167290
176.039467,1800886,1306746,13:12:00.167290
176.041326,1803517,1308702,13:12:00.167290
176.043182,1806906,1310870,13:12:00.167290
176.045038,1809771,1313051,13:12:00.168236
176.046895,1812897,1315153,13:12:00.168236
176.048753,1816025,1317652,13:12:00.168236
176.050611,1819325,1320303,13:12:00.168236
176.052468,1822302,1322356,13:12:00.168236
176.054332,1825454,1324570,13:12:00.168236
176.056196,1828536,1326977,13:12:00.216992
176.058063,1831545,1329287,13:12:00.216992
176.059929,1834880,1331136,13:12:00.216992
176.061815,1837799,1333261,13:12:00.216992
176.063672,1840821,1335136,13:12:00.216992
176.06553,1843066,1337033,13:12:00.218000
176.067389,1845912,1338974,13:12:00.218000
176.069249,1848262,1340579,13:12:00.218000
176.071105,1850268,1341986,13:12:00.218000
176.072963,1851871,1343437,13:12:00.218000
176.07482,1851555,1344954,13:12:00.218000
176.076713,1855886,1345605,13:12:00.218000
176.07857,1857310,1346753,13:12:00.218000
176.080426,1858343,1347258,13:12:00.218000
176.082285,1859294,1348094,13:12:00.218000
176.084141,1859990,1348392,13:12:00.218000
176.085998,1860520,1348704,13:12:00.218000
176.087856,1861028,1349189,13:12:00.218000
176.089712,1860988,1348946,13:12:00.218000
176.091571,1860905,1348832,13:12:00.218000
176.093427,1860489,1348547,13:12:00.218000
176.095291,1860204,1347908,13:12:00.218000
176.097148,1859341,1347517,13:12:00.218000
176.099004,1858599,1346653,13:12:00.218000
176.100864,1857460,1345735,13:12:00.218000
176.102721,1856086,1344708,13:12:00.218000
176.104579,1854257,1343703,13:12:00.218000
176.106451,1852974,1342267,13:12:00.271497
176.108312,1851186,1341088,13:12:00.271497
176.110214,1849188,1339702,13:12:00.271497
176.112084,1847110,1337967,13:12:00.271497
176.113941,1844856,1336670,13:12:00.271497
176.115799,1842512,1334845,13:12:00.271497
176.117656,1840499,1333231,13:12:00.271497
176.119514,1838412,1331471,13:12:00.271497
176.12137,1836174,1329987,13:12:00.271497
176.123242,1833807,1328280,13:12:00.271497
176.125105,1830917,1326822,13:12:00.271497
176.126961,1829224,1324757,13:12:00.271497
176.128819,1826790,1323378,13:12:00.271497
176.130676,1824820,1321660,13:12:00.271497
176.132534,1822619,1320546,13:12:00.271497
176.13439,1820633,1318812,13:12:00.271497
176.136251,1818935,1317748,13:12:00.271497
176.138107,1816999,1316383,13:12:00.271497
176.139963,1815565,1315112,13:12:00.271497
176.141822,1813958,1314336,13:12:00.271497
176.143678,1812702,1313432,13:12:00.271497
176.145536,1811628,1312630,13:12:00.271497
176.147393,1811054,1312179,13:12:00.271497
176.149249,1810435,1311870,13:12:00.271497
176.151107,1809846,1311292,13:12:00.271497
176.152964,1809309,1311174,13:12:00.271497
176.154826,1809472,1311565,13:12:00.320721
176.156693,1809507,1311338,13:12:00.320721
176.158555,1809726,1311826,13:12:00.320721
176.160459,1810486,1312377,13:12:00.320721
176.162323,1811143,1312935,13:12:00.323846
176.164182,1812002,1313629,13:12:00.323846
176.166038,1813273,1314727,13:12:00.323846
176.167894,1814969,1315616,13:12:00.323846
176.169751,1815957,1316765,13:12:00.323846
176.171608,1818030,1318176,13:12:00.323846
176.173469,1819769,1319712,13:12:00.323846
176.175326,1821505,1321048,13:12:00.324852
176.177216,1823981,1322768,13:12:00.324852
176.179086,1824519,1324460,13:12:00.324852
176.180943,1829117,1326504,13:12:00.324852
176.182807,1831965,1328381,13:12:00.324852
176.184663,1834704,1330541,13:12:00.324852
176.186524,1837085,1332380,13:12:00.324852
176.18838,1840088,1334740,13:12:00.324852
176.190237,1843074,1336638,13:12:00.324852
176.192095,1845830,1338940,13:12:00.324852
176.193951,1848977,1340845,13:12:00.324852
176.19581,1851689,1343194,13:12:00.324852
176.197666,1854319,1345030,13:12:00.324852
176.199528,1857608,1347178,13:12:00.324852
176.201387,1860228,1348925,13:12:00.324852
176.203253,1862658,1350952,13:12:00.324852
176.205109,1865549,1352884,13:12:00.372232
176.206984,1868020,1354608,13:12:00.372232
176.208844,1870354,1356201,13:12:00.372232
176.210766,1872217,1357949,13:12:00.372232
176.212624,1874752,1359150,13:12:00.372232
176.214483,1876296,1360678,13:12:00.372232
176.216339,1878171,1361576,13:12:00.372232
176.218197,1879102,1362516,13:12:00.372232
176.220056,1880330,1363801,13:12:00.372232
176.221912,1881933,1364379,13:12:00.372232
176.223769,1882614,1364866,13:12:00.372232
176.225627,1884051,1365076,13:12:00.372232
176.227499,1883647,1365931,13:12:00.372232
176.229379,1884862,1366026,13:12:00.372232
176.231238,1885123,1366069,13:12:00.372232
176.233096,1885232,1366069,13:12:00.372232
176.234952,1885351,1365882,13:12:00.372232
176.236815,1884998,1365863,13:12:00.372232
176.238671,1884250,1365431,13:12:00.372232
176.240528,1883714,1364911,13:12:00.372232
176.242386,1882868,1364292,13:12:00.372232
176.244242,1882146,1363407,13:12:00.372232
176.246101,1880986,1362447,13:12:00.372232
176.247957,1880104,1361759,13:12:00.372232
176.249813,1878486,1360997,13:12:00.372232
176.25167,1877051,1359689,13:12:00.372232
176.253536,1875751,1358910,13:12:00.372232
176.255392,1874263,1357527,13:12:00.423561
176.257257,1872519,1356477,13:12:00.423561
176.259119,1870952,1355467,13:12:00.423561
176.261015,1869221,1354153,13:12:00.423561
176.262876,1867897,1352656,13:12:00.423561
176.264734,1866198,1351935,13:12:00.423561
176.26659,1864525,1350656,13:12:00.423561
176.268451,1862864,1349630,13:12:00.423561
176.270307,1861493,1348036,13:12:00.423561
176.272163,1860310,1347675,13:12:00.423561
176.274022,1858979,1346312,13:12:00.423561
176.275878,1856899,1345778,13:12:00.423561
176.277736,1856269,1344639,13:12:00.423561
176.279593,1853208,1344184,13:12:00.423561
176.281453,1854018,1343341,13:12:00.423561
176.283311,1853371,1342699,13:12:00.423561
176.285171,1852645,1342104,13:12:00.423561
176.287028,1851754,1342110,13:12:00.423561
176.288885,1851274,1341129,13:12:00.423561
176.290743,1851145,1341085,13:12:00.423561
176.292599,1850522,1341125,13:12:00.423561
176.294456,1850858,1340775,13:12:00.423561
176.296312,1850514,1340948,13:12:00.423561
176.298168,1850729,1341376,13:12:00.423561
176.300025,1851215,1341558,13:12:00.423561
176.301881,1851598,1341871,13:12:00.423561
176.303741,1852086,1342623,13:12:00.423561
176.3056,1852885,1342736,13:12:00.474596
176.307466,1853760,1343680,13:12:00.474596
176.309328,1854793,1344316,13:12:00.474596
176.311243,1855621,1345173,13:12:00.474596
176.313099,1856976,1346241,13:12:00.474596
176.314957,1858356,1347242,13:12:00.474596
176.316815,1859758,1348447,13:12:00.474596
176.318672,1861375,1349630,13:12:00.474596
176.320528,1862981,1350566,13:12:00.474596
176.322393,1865102,1351911,13:12:00.474596
176.324249,1866322,1353184,13:12:00.474596
176.326106,1868011,1354385,13:12:00.474596
176.327969,1870070,1355475,13:12:00.474596
176.329866,1871172,1356458,13:12:00.474596
176.33173,1873252,1358026,13:12:00.474596
176.333589,1874727,1358854,13:12:00.474596
176.335445,1876360,1360043,13:12:00.474596
176.337305,1878115,1361202,13:12:00.474596
176.339162,1879571,1362333,13:12:00.474596
176.34102,1880875,1363685,13:12:00.474596
176.342876,1882361,1364403,13:12:00.474596
176.344733,1883849,1365316,13:12:00.474596
176.346591,1885045,1366278,13:12:00.474596
176.348452,1886138,1367136,13:12:00.474596
176.350312,1887371,1367742,13:12:00.474596
176.352168,1888242,1368363,13:12:00.474596
176.354032,1888762,1369034,13:12:00.474596
176.355895,1889848,1369439,13:12:00.525372
176.357763,1890373,1369648,13:12:00.525372
176.359625,1890817,1370137,13:12:00.525372
176.361533,1891075,1370519,13:12:00.525372
176.363392,1890774,1370536,13:12:00.526363
176.36525,1891430,1370354,13:12:00.526363
176.367107,1891200,1370314,13:12:00.526363
176.368963,1891028,1370060,13:12:00.526363
176.370819,1890864,1369763,13:12:00.526363
176.37268,1889925,1369372,13:12:00.526363
176.374536,1889444,1368956,13:12:00.526363
176.376395,1889208,1368718,13:12:00.526363
176.378253,1888187,1367894,13:12:00.526363
176.380111,1887361,1367309,13:12:00.526363
176.381985,1884329,1366731,13:12:00.526363
176.383854,1885695,1365947,13:12:00.526363
176.38571,1884765,1365114,13:12:00.526363
176.387568,1883582,1364164,13:12:00.526363
176.389425,1882480,1363594,13:12:00.526363
176.391283,1881160,1362323,13:12:00.526363
176.393139,1879825,1361588,13:12:00.526363
176.395,1878696,1360682,13:12:00.526363
176.396858,1877296,1359567,13:12:00.526363
176.398724,1876407,1359040,13:12:00.526363
176.400581,1874900,1357811,13:12:00.526363
176.402437,1873624,1357035,13:12:00.526363
176.404295,1872199,1356196,13:12:00.526363
176.406162,1870934,1355291,13:12:00.576592
176.408022,1870234,1354561,13:12:00.576592
176.409894,1868855,1353497,13:12:00.576592
176.411777,1867511,1352821,13:12:00.576592
176.413639,1867149,1352181,13:12:00.576592
176.415495,1865431,1351447,13:12:00.576592
176.417354,1865166,1350983,13:12:00.576592
176.419212,1864661,1350383,13:12:00.576592
176.421068,1863663,1350265,13:12:00.576592
176.422927,1862859,1349858,13:12:00.576592
176.424783,1863094,1349710,13:12:00.576592
176.426639,1862653,1349347,13:12:00.576592
176.428496,1862827,1349281,13:12:00.576592
176.430368,1862212,1349126,13:12:00.576592
176.432226,1862191,1349401,13:12:00.576592
176.434085,1862838,1349396,13:12:00.576592
176.435949,1862990,1349717,13:12:00.576592
176.437807,1863329,1349883,13:12:00.576592
176.439707,1863837,1350394,13:12:00.576592
176.441566,1864626,1350899,13:12:00.576592
176.443422,1865210,1351409,13:12:00.576592
176.445282,1865705,1351804,13:12:00.576592
176.447141,1866295,1352487,13:12:00.576592
176.449007,1867383,1353150,13:12:00.576592
176.450866,1868204,1353926,13:12:00.576592
176.452722,1869325,1354469,13:12:00.576592
176.45458,1870593,1355500,13:12:00.576592
176.456451,1871657,1356477,13:12:00.629273
176.458311,1873077,1357187,13:12:00.629273
176.460203,1874559,1358297,13:12:00.629273
176.462129,1875652,1359273,13:12:00.629273
176.463992,1876919,1360400,13:12:00.629273
176.465852,1878295,1361307,13:12:00.629273
176.467708,1879513,1362155,13:12:00.629273
176.469567,1881072,1363348,13:12:00.629273
176.471423,1882118,1363989,13:12:00.629273
176.473279,1883370,1365018,13:12:00.629273
176.47514,1884175,1366008,13:12:00.629273
176.476996,1886176,1366621,13:12:00.629273
176.478854,1886979,1367674,13:12:00.629273
176.480711,1887844,1368597,13:12:00.629273
176.482569,1889563,1368945,13:12:00.629273
176.484431,1890296,1369887,13:12:00.629273
176.486318,1891224,1370225,13:12:00.629273
176.488176,1891830,1371019,13:12:00.629273
176.490032,1892583,1371445,13:12:00.629273
176.491893,1893095,1371878,13:12:00.629273
176.493749,1893972,1372346,13:12:00.629273
176.495605,1894484,1372398,13:12:00.629273
176.497464,1894962,1372881,13:12:00.629273
176.49932,1894933,1372914,13:12:00.629273
176.501178,1895320,1373018,13:12:00.629273
176.503035,1895693,1373061,13:12:00.629273
176.504891,1895328,1373387,13:12:00.679957
176.506752,1895284,1373163,13:12:00.679957
176.508612,1895011,1372569,13:12:00.679957
176.510516,1894966,1372653,13:12:00.679957
176.512372,1894372,1371918,13:12:00.679957
176.514231,1893592,1371907,13:12:00.679957
176.516089,1893180,1371203,13:12:00.679957
176.517947,1892366,1370697,13:12:00.679957
176.519808,1891901,1370034,13:12:00.679957
176.521664,1890262,1369407,13:12:00.679957
176.523528,1889496,1369102,13:12:00.679957
176.525385,1889132,1368138,13:12:00.679957
176.527244,1888409,1367560,13:12:00.679957
176.529102,1887128,1366662,13:12:00.679957
176.530959,1885531,1365994,13:12:00.679957
176.532824,1884433,1365017,13:12:00.679957
176.534682,1882934,1364478,13:12:00.679957
176.536539,1882889,1363513,13:12:00.679957
176.538397,1881750,1362830,13:12:00.679957
176.540258,1880860,1362230,13:12:00.679957
176.542116,1879681,1361258,13:12:00.679957
176.543972,1878260,1360460,13:12:00.679957
176.545835,1877383,1359676,13:12:00.679957
176.547691,1876331,1359164,13:12:00.679957
176.549547,1875442,1358176,13:12:00.679957
176.551406,1874291,1357295,13:12:00.679957
176.553262,1873352,1356853,13:12:00.680965
176.55512,1872641,1356331,13:12:00.729925
176.556997,1871621,1355616,13:12:00.729925
176.558857,1871187,1355377,13:12:00.729925
176.560759,1870198,1354811,13:12:00.729925
176.562619,1869947,1354515,13:12:00.729925
176.564488,1869441,1354255,13:12:00.729925
176.566344,1869137,1353907,13:12:00.730931
176.5682,1868923,1353560,13:12:00.730931
176.570059,1868603,1353583,13:12:00.730931
176.571915,1868307,1353504,13:12:00.730931
176.573775,1867982,1353598,13:12:00.730931
176.575632,1868833,1353706,13:12:00.730931
176.577488,1868142,1353621,13:12:00.730931
176.579345,1868526,1353970,13:12:00.730931
176.581208,1868903,1354201,13:12:00.730931
176.583065,1869743,1354420,13:12:00.730931
176.584922,1869925,1354851,13:12:00.730931
176.58678,1868893,1355263,13:12:00.730931
176.588666,1871054,1355761,13:12:00.730931
176.590532,1871903,1355981,13:12:00.730931
176.592389,1872379,1356662,13:12:00.730931
176.594245,1872992,1357133,13:12:00.730931
176.596104,1873844,1357736,13:12:00.730931
176.59796,1874706,1358300,13:12:00.730931
176.599816,1875492,1358880,13:12:00.730931
176.601675,1876301,1359742,13:12:00.730931
176.603531,1877295,1360076,13:12:00.730931
176.605387,1878033,1360677,13:12:00.782686
176.60726,1878938,1361182,13:12:00.782686
176.60912,1879856,1361709,13:12:00.782686
176.611008,1880488,1362273,13:12:00.782686
176.612869,1881385,1363225,13:12:00.782686
176.614727,1882404,1363741,13:12:00.782686
176.616583,1883067,1364329,13:12:00.782686
176.618442,1883334,1364903,13:12:00.782686
176.620298,1884123,1365110,13:12:00.782686
176.622154,1884831,1365500,13:12:00.782686
176.624017,1885312,1365796,13:12:00.782686
176.625875,1885724,1366292,13:12:00.782686
176.627733,1886203,1366646,13:12:00.782686
176.62959,1886610,1366656,13:12:00.782686
176.631449,1886556,1366749,13:12:00.782686
176.633306,1886834,1366881,13:12:00.782686
176.635169,1887061,1366632,13:12:00.782686
176.637027,1886556,1366886,13:12:00.782686
176.638885,1886940,1366961,13:12:00.782686
176.640744,1887085,1366625,13:12:00.782686
176.642602,1886675,1366751,13:12:00.782686
176.644459,1886533,1366562,13:12:00.782686
176.646317,1886161,1366431,13:12:00.782686
176.648173,1885788,1365949,13:12:00.782686
176.650032,1885425,1365724,13:12:00.782686
176.651888,1885035,1365149,13:12:00.783676
176.653744,1884380,1364426,13:12:00.783676
176.655611,1883984,1364099,13:12:00.832997
176.657479,1883043,1363458,13:12:00.832997
176.65934,1882422,1363298,13:12:00.832997
176.661256,1881323,1362583,13:12:00.832997
176.663116,1880528,1362062,13:12:00.832997
176.664976,1879917,1361628,13:12:00.832997
176.666832,1879173,1360770,13:12:00.832997
176.668691,1878234,1360084,13:12:00.832997
176.670547,1876942,1359266,13:12:00.832997
176.672405,1876407,1358533,13:12:00.832997
176.674264,1875334,1358185,13:12:00.832997
176.676122,1874298,1357601,13:12:00.832997
176.67798,1873315,1356418,13:12:00.832997
176.679837,1872798,1356136,13:12:00.832997
176.681697,1871796,1355228,13:12:00.832997
176.683554,1870855,1354654,13:12:00.832997
176.68541,1869878,1354209,13:12:00.832997
176.687269,1868759,1353576,13:12:00.832997
176.68915,1868204,1352926,13:12:00.832997
176.691015,1867925,1352564,13:12:00.832997
176.692873,1866829,1351872,13:12:00.832997
176.69473,1866121,1351592,13:12:00.832997
176.69659,1865841,1351222,13:12:00.832997
176.698449,1865219,1350785,13:12:00.832997
176.700309,1865134,1350711,13:12:00.832997
176.702165,1864563,1350330,13:12:00.832997
176.704023,1864229,1350164,13:12:00.832997
176.705886,1863911,1349964,13:12:00.885712
176.707749,1863688,1349765,13:12:00.885712
176.70961,1863812,1350050,13:12:00.885712
176.71151,1863599,1349850,13:12:00.885712
176.713367,1863348,1349893,13:12:00.885712
176.715223,1864164,1349758,13:12:00.885712
176.717081,1863941,1350305,13:12:00.885712
176.71894,1864109,1350232,13:12:00.885712
176.720798,1864040,1350483,13:12:00.885712
176.722663,1864635,1350562,13:12:00.885712
176.724519,1864782,1351079,13:12:00.885712
176.726378,1865581,1350964,13:12:00.885712
176.728236,1865964,1351831,13:12:00.885712
176.730092,1866092,1352083,13:12:00.885712
176.73195,1866821,1352543,13:12:00.885712
176.733807,1867395,1352974,13:12:00.885712
176.735666,1868234,1353381,13:12:00.885712
176.737529,1868751,1353879,13:12:00.885712
176.739392,1868788,1354323,13:12:00.885712
176.74125,1870248,1354812,13:12:00.885712
176.743106,1871196,1356185,13:12:00.885712
176.744967,1872725,1356085,13:12:00.885712
176.746861,1872626,1356742,13:12:00.885712
176.748717,1873784,1357565,13:12:00.885712
176.750574,1874155,1358033,13:12:00.885712
176.75243,1875441,1358542,13:12:00.885712
176.754292,1875764,1359052,13:12:00.885712
176.756157,1876795,1359420,13:12:00.938108
176.758018,1877473,1360155,13:12:00.938108
176.759887,1877954,1360461,13:12:00.938108
176.761775,1878948,1361106,13:12:00.938108
176.763632,1879388,1361544,13:12:00.938108
176.765488,1879854,1361925,13:12:00.938108
176.767345,1880965,1362312,13:12:00.938108
176.769207,1881000,1362701,13:12:00.938108
176.771063,1881503,1363275,13:12:00.938108
176.772922,1881409,1363467,13:12:00.938108
176.77478,1881987,1363721,13:12:00.938108
176.776636,1882283,1363580,13:12:00.938108
176.778493,1883131,1363876,13:12:00.938108
176.780351,1883115,1364142,13:12:00.938108
176.782209,1883581,1364554,13:12:00.938108
176.784066,1883533,1364205,13:12:00.938108
176.785932,1883454,1364428,13:12:00.938108
176.787788,1883014,1364061,13:12:00.938108
176.789645,1882820,1364120,13:12:00.938108
176.791503,1883147,1363734,13:12:00.938108
176.793361,1881704,1363747,13:12:00.938108
176.79522,1882650,1363409,13:12:00.938108
176.797076,1882261,1363102,13:12:00.938108
176.798932,1881896,1362849,13:12:00.938108
176.800791,1881443,1362277,13:12:00.938108
176.802653,1880790,1362053,13:12:00.938108
176.80451,1880224,1361512,13:12:00.938108
176.806378,1879736,1360817,13:12:00.986181
176.808244,1879008,1360905,13:12:00.986181
176.810122,1878463,1360406,13:12:00.986181
176.811999,1877356,1360077,13:12:00.986181
176.813857,1876968,1359258,13:12:00.986181
176.815715,1876411,1358810,13:12:00.986181
176.817576,1875493,1358128,13:12:00.986181
176.819434,1874552,1357685,13:12:00.986181
176.821301,1873630,1357215,13:12:00.986181
176.823159,1872927,1356683,13:12:00.986181
176.825015,1872717,1356231,13:12:00.986181
176.826873,1872105,1355543,13:12:00.986181
176.82873,1870394,1355111,13:12:00.986181
176.83059,1869790,1354535,13:12:00.986181
176.832449,1869102,1354107,13:12:00.986181
176.834307,1869008,1353608,13:12:00.986181
176.836163,1868380,1353293,13:12:00.987185
176.83802,1868397,1352944,13:12:00.987185
176.839884,1867304,1352835,13:12:00.987185
176.841768,1867762,1352199,13:12:00.987185
176.843634,1866131,1352038,13:12:00.987185
176.845493,1866859,1351818,13:12:00.987185
176.847353,1866270,1351909,13:12:00.987185
176.849212,1866239,1351859,13:12:00.987185
176.85107,1866367,1351826,13:12:00.987185
176.852936,1866472,1351930,13:12:00.987185
176.854793,1866602,1351869,13:12:01.007302
176.856655,1866833,1351953,13:12:01.007302
176.858517,1866909,1352413,13:12:01.007302
176.860452,1867137,1352446,13:12:01.007302
176.86231,1867430,1352652,13:12:01.007302
176.864168,1867736,1352907,13:12:01.007302
176.866024,1868253,1353481,13:12:01.007302
176.867881,1868846,1353914,13:12:01.007302
176.869739,1868884,1354257,13:12:01.007302
176.871595,1870066,1354745,13:12:01.007302
176.873454,1870589,1355214,13:12:01.007302
176.87531,1870959,1355863,13:12:01.007302
176.877174,1872420,1356574,13:12:01.007302
176.879031,1872972,1357223,13:12:01.007302
176.880887,1873997,1357635,13:12:01.007302
176.882746,1874284,1358384,13:12:01.007302
176.884602,1875089,1358767,13:12:01.007302
176.88646,1876376,1359473,13:12:01.007302
176.888317,1877017,1359813,13:12:01.007302
176.890173,1877982,1360724,13:12:01.007302
176.892033,1878807,1361004,13:12:01.007302
176.893916,1877724,1361716,13:12:01.007302
176.895778,1880716,1362202,13:12:01.007302
176.897634,1881277,1362971,13:12:01.007302
176.899495,1881959,1363476,13:12:01.007302
176.901353,1882350,1363676,13:12:01.007302
176.903219,1882986,1364143,13:12:01.007302
176.905076,1883579,1364828,13:12:01.052766
176.906946,1884449,1365004,13:12:01.052766
176.90881,1884645,1365383,13:12:01.052766
176.910701,1885064,1365648,13:12:01.053798
176.912589,1885555,1365835,13:12:01.053798
176.914449,1885979,1365893,13:12:01.053798
176.916307,1885940,1366313,13:12:01.053798
176.918164,1886325,1366432,13:12:01.053798
176.920022,1886300,1366260,13:12:01.053798
176.921878,1886279,1366297,13:12:01.053798
176.923737,1886075,1366261,13:12:01.053798
176.925593,1885919,1366064,13:12:01.053798
176.927457,1885898,1365995,13:12:01.053798
176.929314,1885679,1365724,13:12:01.053798
176.93117,1885245,1365505,13:12:01.053798
176.933029,1884913,1365212,13:12:01.053798
176.934885,1884768,1364724,13:12:01.053798
176.936743,1883847,1364142,13:12:01.053798
176.9386,1883472,1363897,13:12:01.053798
176.940456,1882553,1363419,13:12:01.053798
176.942316,1882037,1362970,13:12:01.053798
176.944178,1881007,1362321,13:12:01.053798
176.946035,1880577,1362121,13:12:01.053798
176.947893,1879691,1361274,13:12:01.053798
176.949752,1878965,1360995,13:12:01.053798
176.951608,1878272,1359968,13:12:01.053798
176.953464,1877392,1359569,13:12:01.053798
176.955323,1876605,1359107,13:12:01.102851
176.957191,1875782,1358480,13:12:01.102851
176.959053,1875267,1358059,13:12:01.102851
176.960952,1874162,1357318,13:12:01.102851
176.962808,1873660,1356784,13:12:01.102851
176.964666,1872475,1355986,13:12:01.102851
176.966525,1871961,1355684,13:12:01.103857
176.968383,1871055,1355269,13:12:01.103857
176.970239,1871128,1355127,13:12:01.103857
176.972096,1869977,1354258,13:12:01.103857
176.973954,1870252,1354121,13:12:01.103857
176.975813,1869038,1353783,13:12:01.103857
176.977669,1869129,1354148,13:12:01.103857
176.979525,1868958,1353526,13:12:01.103857
176.981386,1868616,1354168,13:12:01.103857
176.983242,1869309,1353606,13:12:01.103857
176.985098,1868572,1353964,13:12:01.103857
176.986957,1869499,1354436,13:12:01.103857
176.988813,1869752,1354389,13:12:01.103857
176.990671,1870033,1355024,13:12:01.103857
176.992528,1870387,1354953,13:12:01.103857
176.994392,1870330,1355546,13:12:01.103857
176.996248,1871703,1355816,13:12:01.103857
176.998105,1871339,1356127,13:12:01.103857
176.999963,1872693,1356615,13:12:01.103857
177.00182,1873153,1356946,13:12:01.103857
177.003678,1873916,1357633,13:12:01.103857
177.005536,1874656,1358134,13:12:01.153510
177.007401,1874974,1358972,13:12:01.153510
177.009261,1876252,1359348,13:12:01.153510
177.011201,1876590,1359757,13:12:01.153510
177.013057,1877922,1360612,13:12:01.153510
177.014916,1878808,1361131,13:12:01.153510
177.016774,1879508,1361854,13:12:01.153510
177.01863,1880677,1362563,13:12:01.153510
177.020487,1881379,1363260,13:12:01.153510
177.022345,1882255,1363966,13:12:01.153510
177.024201,1883039,1364452,13:12:01.154508
177.026058,1884129,1365088,13:12:01.154508
177.027916,1884912,1365792,13:12:01.154508
177.029772,1885638,1366281,13:12:01.154508
177.031629,1886548,1367099,13:12:01.154508
177.033485,1887367,1367474,13:12:01.154508
177.03535,1888084,1367893,13:12:01.154508
177.037206,1888611,1367998,13:12:01.154508
177.039062,1888757,1368515,13:12:01.154508
177.040921,1889442,1368981,13:12:01.154508
177.042778,1889702,1369368,13:12:01.154508
177.044639,1890091,1369151,13:12:01.154508
177.046496,1890283,1369611,13:12:01.154508
177.048352,1890754,1369659,13:12:01.154508
177.05021,1890704,1369636,13:12:01.154508
177.05207,1890769,1369748,13:12:01.154508
177.053927,1890907,1369762,13:12:01.154508
177.055785,1890530,1369212,13:12:01.204490
177.05767,1890305,1369556,13:12:01.204490
177.059533,1889956,1368997,13:12:01.204490
177.061454,1889649,1368675,13:12:01.204490
177.063314,1889868,1368638,13:12:01.204490
177.065171,1889428,1368445,13:12:01.204490
177.067027,1888704,1367990,13:12:01.204490
177.068886,1888450,1367315,13:12:01.204490
177.070742,1887357,1366966,13:12:01.204490
177.0726,1886550,1366443,13:12:01.204490
177.074457,1886133,1366014,13:12:01.204490
177.076317,1885224,1365385,13:12:01.204490
177.078175,1884707,1364880,13:12:01.204490
177.080032,1883316,1364280,13:12:01.204490
177.081892,1883327,1363649,13:12:01.204490
177.083748,1881784,1362893,13:12:01.204490
177.085607,1881462,1362616,13:12:01.204490
177.087463,1879881,1361367,13:12:01.204490
177.08932,1879314,1361530,13:12:01.204490
177.091178,1878508,1360212,13:12:01.204490
177.093038,1877321,1360291,13:12:01.204490
177.094897,1877325,1359315,13:12:01.204490
177.096753,1875791,1358762,13:12:01.204490
177.098619,1875582,1358489,13:12:01.204490
177.100476,1874625,1357574,13:12:01.204490
177.102332,1874137,1357425,13:12:01.204490
177.104204,1873336,1356960,13:12:01.204490
177.106071,1872864,1356575,13:12:01.253196
177.107935,1872699,1356339,13:12:01.255198
177.109799,1871984,1356198,13:12:01.255198
177.111702,1871653,1355717,13:12:01.255198
177.11356,1871193,1355531,13:12:01.255198
177.115416,1871344,1355831,13:12:01.255198
177.117277,1871181,1355318,13:12:01.258196
177.119135,1870665,1355060,13:12:01.258196
177.121001,1870816,1355166,13:12:01.258196
177.122858,1870780,1355306,13:12:01.258196
177.124714,1870864,1355239,13:12:01.258196
177.126572,1871069,1355320,13:12:01.258196
177.128429,1871502,1355722,13:12:01.258196
177.130285,1871538,1355839,13:12:01.258196
177.132143,1872250,1356375,13:12:01.258196
177.134,1872780,1356705,13:12:01.258196
177.135858,1873360,1357068,13:12:01.258196
177.137715,1874032,1357828,13:12:01.258196
177.139579,1874628,1358111,13:12:01.258196
177.141435,1875310,1359035,13:12:01.258196
177.143292,1876168,1359369,13:12:01.258196
177.14515,1876613,1359858,13:12:01.258196
177.147006,1877795,1360730,13:12:01.258196
177.148865,1878715,1360927,13:12:01.258196
177.150721,1879381,1361555,13:12:01.258196
177.152581,1880266,1362370,13:12:01.258196
177.15445,1881654,1363254,13:12:01.258196
177.156322,1881907,1364019,13:12:01.303423
177.158182,1882788,1364298,13:12:01.303423
177.160057,1883751,1364845,13:12:01.303423
177.161957,1884652,1365505,13:12:01.303423
177.163817,1885609,1366395,13:12:01.303423
177.165674,1886239,1366540,13:12:01.303423
177.167532,1886864,1367217,13:12:01.303423
177.169388,1887716,1367635,13:12:01.303423
177.171245,1888392,1368121,13:12:01.303423
177.173101,1888862,1368588,13:12:01.303423
177.174958,1889396,1368873,13:12:01.303423
177.176814,1890057,1369230,13:12:01.303423
177.17867,1890388,1369700,13:12:01.303423
177.180531,1890937,1369762,13:12:01.303423
177.182387,1890928,1370097,13:12:01.303423
177.184243,1891170,1370042,13:12:01.303423
177.186102,1891503,1369983,13:12:01.303423
177.187958,1891405,1370118,13:12:01.303423
177.189816,1891243,1369968,13:12:01.303423
177.191673,1891411,1369873,13:12:01.303423
177.193533,1891156,1369820,13:12:01.303423
177.195391,1890874,1369749,13:12:01.303423
177.197258,1890557,1369485,13:12:01.303423
177.199114,1890310,1368954,13:12:01.303423
177.200971,1889821,1368751,13:12:01.303423
177.202829,1889116,1368465,13:12:01.303423
177.204685,1888603,1367950,13:12:01.354072
177.20656,1888071,1367455,13:12:01.354072
177.20842,1887453,1367084,13:12:01.354072
177.21032,1886851,1366534,13:12:01.354072
177.212188,1886221,1366083,13:12:01.354072
177.214047,1885116,1365342,13:12:01.354072
177.215906,1884323,1364959,13:12:01.354072
177.217763,1883597,1364206,13:12:01.354072
177.21962,1882885,1363526,13:12:01.354072
177.221478,1882114,1363014,13:12:01.354072
177.223335,1880849,1362273,13:12:01.354072
177.225191,1880256,1361761,13:12:01.354072
177.227047,1879231,1360989,13:12:01.354072
177.228904,1878239,1360623,13:12:01.354072
177.230764,1877422,1359818,13:12:01.354072
177.23262,1876431,1359069,13:12:01.354072
177.234485,1875829,1358252,13:12:01.354072
177.236341,1874751,1357863,13:12:01.355071
177.238197,1874154,1357455,13:12:01.355071
177.240056,1873533,1356990,13:12:01.355071
177.241912,1872785,1356397,13:12:01.355071
177.24377,1872264,1356102,13:12:01.355071
177.245627,1871682,1355870,13:12:01.355071
177.247483,1871463,1355637,13:12:01.355071
177.249345,1870869,1355248,13:12:01.355071
177.251204,1870638,1355156,13:12:01.355071
177.25306,1870329,1354704,13:12:01.355071
177.254917,1870517,1355047,13:12:01.404325
177.256781,1870366,1355039,13:12:01.404325
177.258641,1870245,1354662,13:12:01.404325
177.260565,1870295,1354697,13:12:01.404325
177.262455,1870276,1354947,13:12:01.404325
177.264312,1870806,1355091,13:12:01.404325
177.266168,1870898,1355306,13:12:01.404325
177.268027,1871173,1355737,13:12:01.404325
177.269883,1871595,1355970,13:12:01.404325
177.271741,1872143,1356197,13:12:01.404325
177.273598,1872641,1356838,13:12:01.404325
177.275454,1873207,1357123,13:12:01.404325
177.277312,1873657,1357409,13:12:01.404325
177.279176,1874294,1358118,13:12:01.404325
177.281033,1875069,1358442,13:12:01.404325
177.282889,1876053,1359023,13:12:01.404325
177.284748,1876779,1359609,13:12:01.404325
177.286604,1877534,1360194,13:12:01.404325
177.28846,1878319,1360981,13:12:01.404325
177.290317,1879055,1361301,13:12:01.404325
177.292173,1880131,1362244,13:12:01.404325
177.294029,1881170,1362814,13:12:01.404325
177.295886,1881814,1363499,13:12:01.404325
177.297748,1882698,1364102,13:12:01.404325
177.299605,1883560,1364754,13:12:01.404325
177.301461,1884672,1365483,13:12:01.404325
177.303321,1885189,1366055,13:12:01.404325
177.305178,1885960,1366438,13:12:01.454424
177.307048,1886859,1367041,13:12:01.454424
177.308908,1887349,1367431,13:12:01.454424
177.310821,1888225,1367665,13:12:01.454424
177.312693,1888975,1368543,13:12:01.454424
177.314549,1889319,1368763,13:12:01.454424
177.316405,1889704,1369149,13:12:01.454424
177.318264,1890054,1369668,13:12:01.454424
177.320122,1890515,1369805,13:12:01.454424
177.321984,1890782,1369763,13:12:01.454424
177.323843,1890991,1369781,13:12:01.454424
177.325703,1891186,1369974,13:12:01.454424
177.32756,1891410,1370060,13:12:01.454424
177.329416,1891483,1370172,13:12:01.454424
177.331274,1891541,1369957,13:12:01.454424
177.333131,1891209,1369961,13:12:01.454424
177.334989,1890889,1369734,13:12:01.454424
177.336845,1890812,1369287,13:12:01.454424
177.338706,1890370,1369011,13:12:01.454424
177.340562,1890152,1368685,13:12:01.454424
177.342418,1889597,1368434,13:12:01.454424
177.344277,1889137,1368388,13:12:01.454424
177.346133,1888541,1367584,13:12:01.454424
177.347992,1887898,1367358,13:12:01.454424
177.349848,1887414,1366694,13:12:01.454424
177.351708,1886412,1366204,13:12:01.454424
177.353594,1885849,1365816,13:12:01.454424
177.355453,1884849,1365210,13:12:01.506253
177.357333,1884094,1364673,13:12:01.506253
177.359193,1883471,1364022,13:12:01.506253
177.361094,1882465,1363483,13:12:01.506253
177.362952,1881867,1362651,13:12:01.506253
177.364808,1881043,1362183,13:12:01.506253
177.366667,1879997,1361836,13:12:01.506253
177.368523,1879400,1360833,13:12:01.506253
177.370379,1878446,1360717,13:12:01.506253
177.372238,1877786,1360097,13:12:01.506253
177.374094,1877152,1359407,13:12:01.506253
177.375953,1876312,1358856,13:12:01.506253
177.377809,1875515,1358563,13:12:01.506253
177.379671,1874938,1357990,13:12:01.506253
177.381528,1874475,1357636,13:12:01.506253
177.383384,1873915,1357379,13:12:01.506253
177.385242,1873375,1356941,13:12:01.506253
177.387099,1872982,1356332,13:12:01.506253
177.388957,1872356,1356271,13:12:01.506253
177.390813,1872054,1356066,13:12:01.507253
177.39267,1871963,1355919,13:12:01.507253
177.394528,1871918,1355832,13:12:01.507253
177.396392,1871471,1355711,13:12:01.507253
177.398249,1871815,1355600,13:12:01.507253
177.400105,1871776,1355939,13:12:01.507253
177.401964,1871828,1355853,13:12:01.507253
177.40382,1872018,1356104,13:12:01.507253
177.405684,1872301,1356340,13:12:01.555278
177.407547,1872679,1356424,13:12:01.555278
177.409409,1872953,1356785,13:12:01.555278
177.411324,1872954,1357213,13:12:01.555278
177.413197,1874104,1357332,13:12:01.555278
177.415054,1874573,1357940,13:12:01.555278
177.416912,1875023,1358192,13:12:01.555278
177.418769,1875811,1358964,13:12:01.555278
177.420631,1876302,1359277,13:12:01.556277
177.422487,1876911,1359970,13:12:01.556277
177.424344,1878146,1360539,13:12:01.556277
177.426202,1878306,1361011,13:12:01.556277
177.428058,1879158,1361566,13:12:01.556277
177.429917,1879972,1362369,13:12:01.556277
177.431773,1881042,1362682,13:12:01.556277
177.433629,1881773,1363322,13:12:01.556277
177.435488,1882385,1363801,13:12:01.556277
177.437351,1883364,1364317,13:12:01.556277
177.43921,1884069,1364928,13:12:01.556277
177.441067,1884720,1365304,13:12:01.556277
177.442925,1885591,1366078,13:12:01.556277
177.444783,1886486,1366595,13:12:01.556277
177.44664,1886830,1367006,13:12:01.556277
177.448498,1887585,1367477,13:12:01.556277
177.450354,1888220,1367881,13:12:01.556277
177.452213,1888838,1368302,13:12:01.556277
177.454077,1889503,1368539,13:12:01.556277
177.455945,1889578,1368751,13:12:01.604124
177.457808,1889845,1369121,13:12:01.604124
177.459674,1890210,1369380,13:12:01.604124
177.461584,1890219,1369600,13:12:01.604124
177.463444,1890776,1369609,13:12:01.604124
177.465301,1890789,1369374,13:12:01.604124
177.467159,1890884,1369415,13:12:01.604124
177.469016,1890710,1369694,13:12:01.604124
177.470876,1890802,1369699,13:12:01.604124
177.472732,1890654,1369347,13:12:01.604124
177.474589,1890277,1368876,13:12:01.604124
177.476444,1890189,1369209,13:12:01.604124
177.47831,1889846,1368487,13:12:01.604124
177.480168,1889379,1368618,13:12:01.604124
177.482024,1888964,1368124,13:12:01.604124
177.483883,1888662,1367790,13:12:01.604124
177.485739,1887987,1366948,13:12:01.604124
177.487595,1887159,1366627,13:12:01.604124
177.489454,1886308,1366452,13:12:01.604124
177.49131,1885862,1365816,13:12:01.604124
177.493168,1885083,1365179,13:12:01.604124
177.495025,1884693,1364686,13:12:01.604124
177.496889,1883951,1363970,13:12:01.605129
177.498745,1883125,1363628,13:12:01.605129
177.500602,1881950,1362703,13:12:01.605129
177.50246,1881407,1362654,13:12:01.605129
177.504316,1880569,1361839,13:12:01.605129
177.506179,1879406,1361279,13:12:01.657422
177.508039,1878932,1360746,13:12:01.657422
177.509911,1878212,1360083,13:12:01.657422
177.511828,1876986,1359856,13:12:01.657422
177.513684,1876786,1359372,13:12:01.657422
177.515544,1876085,1358790,13:12:01.657422
177.517403,1875524,1358372,13:12:01.657422
177.519269,1875325,1357912,13:12:01.657422
177.521125,1874774,1357652,13:12:01.657422
177.522982,1874281,1357169,13:12:01.657422
177.52484,1873870,1356981,13:12:01.657422
177.526696,1873395,1356424,13:12:01.657422
177.528553,1873089,1356423,13:12:01.657422
177.530411,1872850,1356394,13:12:01.657422
177.532267,1872798,1356326,13:12:01.657422
177.534126,1872201,1356014,13:12:01.657422
177.535982,1872225,1355851,13:12:01.657422
177.537846,1872328,1356287,13:12:01.657422
177.539703,1872632,1356109,13:12:01.657422
177.541559,1872812,1356238,13:12:01.657422
177.543417,1872703,1356455,13:12:01.657422
177.545274,1873098,1356783,13:12:01.657422
177.547132,1873209,1356772,13:12:01.657422
177.548989,1873755,1356904,13:12:01.657422
177.550845,1874109,1357526,13:12:01.657422
177.552703,1874717,1358115,13:12:01.657422
177.55456,1875218,1358450,13:12:01.657422
177.556436,1876056,1358781,13:12:01.703575
177.558306,1876267,1359604,13:12:01.703575
177.560177,1877192,1359801,13:12:01.703575
177.562075,1877833,1360329,13:12:01.703575
177.563931,1878489,1360823,13:12:01.703575
177.565791,1879428,1361179,13:12:01.703575
177.567648,1879879,1361942,13:12:01.703575
177.569504,1880777,1362534,13:12:01.705090
177.571362,1881328,1363016,13:12:01.705090
177.573224,1881918,1363660,13:12:01.705090
177.575083,1883015,1364124,13:12:01.705090
177.57694,1883884,1364726,13:12:01.705090
177.578806,1884571,1365086,13:12:01.705090
177.580662,1885155,1365633,13:12:01.705090
177.582519,1885810,1366350,13:12:01.705090
177.584379,1886779,1366547,13:12:01.705090
177.586235,1887329,1366976,13:12:01.705090
177.588094,1887813,1367508,13:12:01.705090
177.58995,1888234,1367625,13:12:01.705090
177.591806,1888455,1368309,13:12:01.705090
177.593663,1889185,1368307,13:12:01.705090
177.595526,1889502,1368423,13:12:01.705090
177.597383,1889813,1368823,13:12:01.705090
177.59924,1889979,1368847,13:12:01.705090
177.601098,1890150,1369145,13:12:01.705090
177.602955,1890440,1369100,13:12:01.705090
177.604811,1890562,1369274,13:12:01.753854
177.606673,1890396,1369189,13:12:01.753854
177.608534,1890366,1369083,13:12:01.753854
177.610442,1889990,1368881,13:12:01.753854
177.612382,1890077,1368841,13:12:01.753854
177.614248,1889731,1368757,13:12:01.753854
177.61611,1889362,1368143,13:12:01.753854
177.617969,1889030,1368235,13:12:01.753854
177.619835,1888713,1367650,13:12:01.753854
177.621691,1888269,1367323,13:12:01.753854
177.623548,1887604,1366761,13:12:01.753854
177.625406,1887027,1366569,13:12:01.753854
177.627263,1886328,1366026,13:12:01.753854
177.629119,1886070,1365414,13:12:01.753854
177.630977,1885026,1365175,13:12:01.753854
177.632836,1884727,1364495,13:12:01.753854
177.634692,1884096,1364119,13:12:01.753854
177.636548,1882993,1363634,13:12:01.753854
177.638413,1882532,1362838,13:12:01.753854
177.640269,1881591,1362768,13:12:01.753854
177.642125,1880962,1361813,13:12:01.753854
177.643984,1880353,1361297,13:12:01.753854
177.64584,1879616,1361005,13:12:01.753854
177.647698,1878603,1360261,13:12:01.753854
177.649555,1878004,1359974,13:12:01.753854
177.651413,1877415,1359613,13:12:01.753854
177.65327,1876858,1359004,13:12:01.753854
177.655133,1876150,1358525,13:12:01.812247
177.656996,1875715,1358127,13:12:01.812247
177.658868,1875250,1357992,13:12:01.812247
177.660776,1874804,1357596,13:12:01.812247
177.662643,1874297,1357313,13:12:01.812247
177.664501,1874022,1357087,13:12:01.812247
177.66636,1873578,1356897,13:12:01.812247
177.668216,1873238,1356599,13:12:01.812247
177.670106,1872987,1356485,13:12:01.812247
177.671969,1873293,1356456,13:12:01.812247
177.673825,1873124,1356314,13:12:01.812247
177.675683,1873313,1356398,13:12:01.812247
177.67754,1873204,1356879,13:12:01.812247
177.679396,1873612,1356979,13:12:01.812247
177.681256,1873558,1357106,13:12:01.812247
177.683114,1873946,1357109,13:12:01.812247
177.684971,1874107,1357229,13:12:01.812247
177.686827,1874391,1357802,13:12:01.812247
177.68869,1874715,1357858,13:12:01.812247
177.690546,1875091,1358446,13:12:01.812247
177.692403,1875795,1358603,13:12:01.812247
177.694261,1876141,1358840,13:12:01.812247
177.696117,1877066,1359543,13:12:01.812247
177.697976,1877433,1359828,13:12:01.812247
177.699834,1878109,1360351,13:12:01.812247
177.701692,1878922,1361087,13:12:01.814709
177.703551,1879482,1361218,13:12:01.814709
177.705407,1880220,1361987,13:12:01.855711
177.707279,1881026,1362118,13:12:01.855711
177.70914,1881470,1362963,13:12:01.855711
177.711044,1882396,1363452,13:12:01.855711
177.712904,1883080,1363734,13:12:01.855711
177.714762,1883599,1364567,13:12:01.855711
177.716621,1884327,1364944,13:12:01.855711
177.718477,1885199,1365488,13:12:01.855711
177.720342,1885477,1365868,13:12:01.855711
177.7222,1886136,1366492,13:12:01.855711
177.724064,1886838,1366819,13:12:01.855711
177.725921,1887173,1366970,13:12:01.855711
177.727777,1888003,1367341,13:12:01.855711
177.729635,1888484,1367761,13:12:01.855711
177.731492,1888841,1367871,13:12:01.855711
177.733348,1889219,1368272,13:12:01.855711
177.735206,1889324,1368363,13:12:01.855711
177.737063,1889705,1368491,13:12:01.855711
177.738921,1889807,1368704,13:12:01.855711
177.740777,1889735,1368834,13:12:01.855711
177.742642,1890094,1368735,13:12:01.855711
177.744498,1889771,1368651,13:12:01.855711
177.746354,1889864,1368780,13:12:01.855711
177.748213,1889926,1368790,13:12:01.855711
177.750069,1889834,1368655,13:12:01.855711
177.751925,1889169,1368382,13:12:01.855711
177.753784,1889109,1368052,13:12:01.855711
177.755656,1888857,1367669,13:12:01.907196
177.757518,1888533,1367615,13:12:01.907196
177.759385,1887954,1366915,13:12:01.907196
177.761307,1887044,1366667,13:12:01.907196
177.763172,1886665,1366349,13:12:01.907196
177.765075,1886444,1365840,13:12:01.907196
177.766934,1885652,1365409,13:12:01.907196
177.768792,1885094,1364923,13:12:01.907196
177.770648,1884485,1364319,13:12:01.907196
177.772507,1883894,1363878,13:12:01.907196
177.774363,1883123,1363382,13:12:01.907196
177.776219,1882303,1363052,13:12:01.907196
177.778076,1881643,1362409,13:12:01.907196
177.779938,1881226,1361941,13:12:01.907196
177.781797,1880322,1361673,13:12:01.907196
177.783653,1879613,1361112,13:12:01.907196
177.785511,1879106,1360600,13:12:01.907196
177.787368,1878422,1359992,13:12:01.907196
177.789226,1877699,1359726,13:12:01.907196
177.791082,1877075,1359127,13:12:01.907196
177.792939,1876513,1358835,13:12:01.907196
177.794797,1875957,1358439,13:12:01.907196
177.796658,1875770,1358096,13:12:01.907196
177.798516,1875081,1357803,13:12:01.907196
177.800374,1874865,1357408,13:12:01.907196
177.802232,1874231,1357443,13:12:01.907196
177.804089,1874147,1357065,13:12:01.907196
177.805951,1874036,1356996,13:12:01.957391
177.807813,1873766,1357106,13:12:01.957391
177.809678,1873549,1356784,13:12:01.957391
177.811572,1873390,1356799,13:12:01.957391
177.813428,1873721,1356762,13:12:01.957391
177.815287,1873730,1356921,13:12:01.957391
177.817145,1874026,1356877,13:12:01.957391
177.819001,1874132,1357311,13:12:01.957391
177.82086,1874173,1357125,13:12:01.957391
177.822716,1874455,1357586,13:12:01.957391
177.824572,1874940,1357780,13:12:01.957391
177.826431,1875322,1358159,13:12:01.957391
177.828293,1875480,1358262,13:12:01.957391
177.83015,1876417,1358877,13:12:01.957391
177.832006,1876517,1359173,13:12:01.957391
177.833864,1876920,1359591,13:12:01.957391
177.835721,1877677,1360114,13:12:01.957391
177.837577,1878282,1360759,13:12:01.957391
177.839435,1879101,1360913,13:12:01.957391
177.841292,1879665,1361207,13:12:01.957391
177.84315,1880222,1362163,13:12:01.957391
177.845006,1880865,1362397,13:12:01.957391
177.846871,1881533,1362946,13:12:01.957391
177.848727,1882401,1363309,13:12:01.957391
177.850583,1882849,1363929,13:12:01.957391
177.852442,1883691,1364425,13:12:01.957391
177.854298,1884421,1364878,13:12:01.957391
177.856163,1884955,1365457,13:12:02.009878
177.858023,1885583,1365907,13:12:02.009878
177.859899,1886238,1366138,13:12:02.009878
177.861785,1886606,1366610,13:12:02.009878
177.863644,1887298,1366922,13:12:02.009878
177.86555,1887496,1367355,13:12:02.009878
177.867406,1887938,1367595,13:12:02.009878
177.869263,1888471,1367730,13:12:02.009878
177.871119,1888654,1368086,13:12:02.009878
177.872975,1889020,1367925,13:12:02.009878
177.874836,1889418,1368327,13:12:02.009878
177.876692,1889187,1368417,13:12:02.009878
177.878548,1889600,1368342,13:12:02.009878
177.880407,1889630,1368449,13:12:02.009878
177.882263,1889551,1368482,13:12:02.009878
177.884121,1889542,1368249,13:12:02.009878
177.885978,1889424,1368156,13:12:02.009878
177.887838,1889208,1368234,13:12:02.009878
177.889697,1889096,1367789,13:12:02.009878
177.891553,1888737,1367777,13:12:02.009878
177.893413,1888266,1367463,13:12:02.009878
177.89527,1887831,1366991,13:12:02.009878
177.897128,1887588,1366691,13:12:02.009878
177.898984,1887266,1366451,13:12:02.009878
177.900843,1886733,1366205,13:12:02.009878
177.902699,1886003,1366012,13:12:02.009878
177.90456,1885548,1365061,13:12:02.061162
177.906424,1884924,1364694,13:12:02.061162
177.908284,1884454,1364196,13:12:02.061162
177.910178,1883657,1363839,13:12:02.061162
177.912052,1882909,1363404,13:12:02.061162
177.913911,1882413,1362852,13:12:02.061162
177.915769,1881621,1362417,13:12:02.061162
177.917661,1880648,1361939,13:12:02.061162
177.919535,1880439,1361454,13:12:02.061162
177.921392,1879721,1360929,13:12:02.061162
177.923248,1879153,1360772,13:12:02.061162
177.925107,1878594,1360248,13:12:02.061162
177.926963,1878028,1359713,13:12:02.061162
177.928819,1877308,1359566,13:12:02.061162
177.930676,1876997,1359104,13:12:02.061162
177.932532,1876255,1358629,13:12:02.061162
177.934388,1875764,1358276,13:12:02.061162
177.936245,1875553,1358143,13:12:02.061162
177.938107,1875021,1357667,13:12:02.061162
177.939964,1874758,1357541,13:12:02.061162
177.94182,1874725,1357380,13:12:02.061162
177.94368,1874418,1357218,13:12:02.061162
177.945537,1874167,1357269,13:12:02.061162
177.947395,1874103,1357378,13:12:02.061162
177.949251,1873943,1357041,13:12:02.061162
177.95111,1873878,1357157,13:12:02.061162
177.952966,1873790,1357135,13:12:02.061162
177.954831,1874240,1357179,13:12:02.112106
177.956697,1874268,1357536,13:12:02.112106
177.958557,1874617,1357776,13:12:02.112106
177.960469,1874679,1357934,13:12:02.112106
177.962331,1875012,1358060,13:12:02.112106
177.964193,1875608,1358497,13:12:02.112106
177.966052,1876075,1358686,13:12:02.112106
177.967936,1875850,1358964,13:12:02.112106
177.9698,1876839,1359195,13:12:02.112106
177.971659,1877259,1359775,13:12:02.112106
177.973515,1877902,1359853,13:12:02.112106
177.975374,1878451,1360821,13:12:02.112106
177.97723,1879044,1360933,13:12:02.112106
177.979086,1879921,1361637,13:12:02.112106
177.980945,1880575,1362090,13:12:02.112106
177.982805,1881316,1362621,13:12:02.112106
177.984663,1881608,1362967,13:12:02.112106
177.98652,1882577,1363550,13:12:02.112106
177.98838,1882838,1363859,13:12:02.112106
177.990236,1883721,1364374,13:12:02.112106
177.992093,1884269,1364662,13:12:02.112106
177.993951,1885042,1365355,13:12:02.112106
177.995807,1885443,1365622,13:12:02.112106
177.997666,1885901,1365818,13:12:02.112106
177.999522,1886561,1366384,13:12:02.112106
178.001383,1886898,1366437,13:12:02.112106
178.003239,1887554,1366818,13:12:02.112106
178.005095,1887740,1367305,13:12:02.164089
178.006964,1888038,1367775,13:12:02.164089
178.008824,1888587,1367863,13:12:02.164089
178.010742,1888766,1367960,13:12:02.165090
178.012602,1888867,1368140,13:12:02.165090
178.014459,1889171,1368195,13:12:02.165090
178.016317,1889102,1368170,13:12:02.165090
178.018173,1889284,1368076,13:12:02.165090
178.02004,1888531,1368183,13:12:02.165090
178.021914,1889062,1368341,13:12:02.165090
178.023773,1889102,1368235,13:12:02.165090
178.025631,1888979,1368286,13:12:02.165090
178.027487,1888928,1367822,13:12:02.165090
178.029349,1888510,1367618,13:12:02.165090
178.031206,1888282,1367280,13:12:02.165090
178.033062,1887706,1367142,13:12:02.165090
178.034922,1887332,1366756,13:12:02.165090
178.036779,1886826,1366607,13:12:02.165090
178.038635,1886409,1366085,13:12:02.165090
178.040492,1885799,1365806,13:12:02.165090
178.04235,1885571,1365005,13:12:02.165090
178.044208,1884826,1364690,13:12:02.165090
178.046065,1884280,1364491,13:12:02.165090
178.047925,1883788,1363945,13:12:02.165090
178.049781,1882991,1363626,13:12:02.165090
178.05164,1882248,1363044,13:12:02.165090
178.053496,1881781,1362390,13:12:02.165090
178.055352,1881031,1361975,13:12:02.215789
178.057223,1880191,1361754,13:12:02.215789
178.059083,1879735,1361188,13:12:02.215789
178.060985,1879035,1360806,13:12:02.215789
178.062845,1878655,1360254,13:12:02.215789
178.064702,1877809,1360067,13:12:02.215789
178.06656,1877368,1359385,13:12:02.215789
178.068425,1876787,1359151,13:12:02.215789
178.070303,1876321,1358850,13:12:02.215789
178.072167,1874807,1358502,13:12:02.215789
178.074024,1875661,1358238,13:12:02.215789
178.075886,1874982,1358121,13:12:02.215789
178.077742,1874700,1357935,13:12:02.215789
178.079601,1874336,1357602,13:12:02.215789
178.081457,1874437,1357491,13:12:02.215789
178.083313,1874418,1357299,13:12:02.215789
178.085172,1874508,1357210,13:12:02.215789
178.087034,1874091,1357253,13:12:02.215789
178.08889,1874082,1357481,13:12:02.215789
178.090747,1874453,1357526,13:12:02.215789
178.092605,1874301,1357529,13:12:02.215789
178.094461,1874163,1357435,13:12:02.215789
178.096318,1874670,1357720,13:12:02.215789
178.098176,1875101,1357895,13:12:02.215789
178.100032,1875062,1358314,13:12:02.215789
178.101891,1875644,1358466,13:12:02.215789
178.103747,1875803,1358670,13:12:02.215789
178.105615,1876475,1359115,13:12:02.273426
178.107478,1876970,1359632,13:12:02.273426
178.10934,1877226,1359922,13:12:02.273426
178.111254,1877653,1360054,13:12:02.273426
178.113113,1878461,1360791,13:12:02.273426
178.114969,1878850,1361150,13:12:02.273426
178.116827,1879422,1361535,13:12:02.273426
178.118684,1880391,1362292,13:12:02.273426
178.120542,1880963,1362389,13:12:02.273426
178.122438,1880214,1362928,13:12:02.273426
178.124302,1881953,1363505,13:12:02.273426
178.126161,1882793,1363907,13:12:02.273426
178.128017,1883324,1364394,13:12:02.273426
178.129875,1884155,1364962,13:12:02.273426
178.131732,1884729,1365110,13:12:02.273426
178.133592,1885403,1365456,13:12:02.273426
178.135451,1885453,1365947,13:12:02.273426
178.137317,1886194,1366523,13:12:02.273426
178.139173,1886573,1366649,13:12:02.273426
178.14103,1887180,1366934,13:12:02.273426
178.142888,1887297,1367209,13:12:02.273426
178.144744,1887734,1367336,13:12:02.273426
178.146601,1888496,1367719,13:12:02.273426
178.148459,1888317,1367673,13:12:02.273426
178.150315,1888822,1367956,13:12:02.273426
178.152172,1888679,1367999,13:12:02.273426
178.154028,1889124,1368183,13:12:02.273426
178.155894,1888837,1368297,13:12:02.319793
178.157761,1889000,1368327,13:12:02.319793
178.159631,1888759,1368200,13:12:02.319793
178.161529,1888551,1367989,13:12:02.319793
178.163387,1888662,1368079,13:12:02.319793
178.165246,1888514,1367566,13:12:02.319793
178.167104,1888058,1367629,13:12:02.319793
178.168963,1887398,1367289,13:12:02.319793
178.170835,1887556,1367127,13:12:02.319793
178.172691,1887271,1366650,13:12:02.319793
178.174551,1886836,1366357,13:12:02.319793
178.176412,1886306,1366112,13:12:02.319793
178.178268,1885822,1365627,13:12:02.319793
178.180146,1883304,1365320,13:12:02.319793
178.182015,1884781,1364703,13:12:02.319793
178.183877,1884212,1364482,13:12:02.320577
178.185733,1883558,1364072,13:12:02.320577
178.18759,1883211,1363535,13:12:02.320577
178.18945,1882460,1362832,13:12:02.320577
178.191306,1881932,1362958,13:12:02.320577
178.193165,1881137,1362376,13:12:02.320577
178.195021,1880880,1361804,13:12:02.320577
178.196877,1879961,1361425,13:12:02.320577
178.198736,1879391,1360813,13:12:02.320577
178.200596,1878879,1360420,13:12:02.320577
178.202454,1878237,1359858,13:12:02.320577
178.204311,1877643,1359707,13:12:02.320577
178.206179,1877216,1359251,13:12:02.368243
178.20804,1876973,1358993,13:12:02.368243
178.209914,1876122,1358771,13:12:02.368243
178.211798,1875650,1358398,13:12:02.368243
178.213654,1875616,1358243,13:12:02.368243
178.215511,1875143,1357926,13:12:02.368243
178.217369,1874562,1357689,13:12:02.368243
178.219235,1874867,1357748,13:12:02.368243
178.221092,1874316,1357363,13:12:02.368243
178.222948,1874418,1357357,13:12:02.368243
178.224807,1872564,1357455,13:12:02.368243
178.226697,1874489,1357659,13:12:02.368243
178.228559,1874309,1357616,13:12:02.368243
178.230415,1874690,1357500,13:12:02.368243
178.232272,1874459,1357725,13:12:02.368243
178.23413,1874759,1357759,13:12:02.368243
178.235986,1875279,1358072,13:12:02.368243
178.237843,1875425,1358368,13:12:02.368243
178.239701,1875610,1358621,13:12:02.368243
178.241557,1876071,1358687,13:12:02.368243
178.243416,1876515,1359236,13:12:02.368243
178.245272,1876946,1359360,13:12:02.368243
178.247136,1877471,1359925,13:12:02.368243
178.248993,1878044,1360125,13:12:02.368243
178.250849,1878242,1360516,13:12:02.368243
178.252708,1878910,1361195,13:12:02.368243
178.254564,1879589,1361711,13:12:02.420865
178.256426,1880136,1361760,13:12:02.420865
178.258287,1880738,1362554,13:12:02.420865
178.260185,1881271,1362666,13:12:02.420865
178.262059,1882231,1363349,13:12:02.420865
178.263915,1882628,1363863,13:12:02.420865
178.265786,1883217,1364175,13:12:02.420865
178.267642,1883915,1364633,13:12:02.420865
178.269498,1884260,1364990,13:12:02.420865
178.271357,1885106,1365134,13:12:02.420865
178.273218,1885344,1365591,13:12:02.420865
178.275079,1884309,1366069,13:12:02.420865
178.276944,1886466,1366531,13:12:02.420865
178.278806,1887148,1366964,13:12:02.420865
178.280686,1887185,1366851,13:12:02.420865
178.282543,1887622,1367342,13:12:02.420865
178.284403,1887937,1367408,13:12:02.420865
178.286259,1888322,1367447,13:12:02.420865
178.288116,1888344,1367720,13:12:02.420865
178.289974,1888534,1367826,13:12:02.420865
178.291838,1888647,1367973,13:12:02.420865
178.293697,1888780,1368015,13:12:02.420865
178.295553,1888719,1367984,13:12:02.420865
178.297419,1888880,1368046,13:12:02.420865
178.299276,1888536,1367796,13:12:02.420865
178.301132,1888643,1367722,13:12:02.420865
178.302991,1888401,1367719,13:12:02.420865
178.304847,1888149,1367398,13:12:02.471499
178.306715,1887917,1367210,13:12:02.471499
178.308576,1887502,1367228,13:12:02.471499
178.31048,1887236,1366973,13:12:02.471499
178.312348,1886553,1366483,13:12:02.471499
178.314204,1886514,1366105,13:12:02.471499
178.316069,1886169,1365240,13:12:02.471499
178.317925,1885460,1365421,13:12:02.471499
178.319783,1884948,1364820,13:12:02.471499
178.321642,1884172,1364382,13:12:02.471499
178.323498,1883516,1363885,13:12:02.471499
178.325356,1882687,1363617,13:12:02.471499
178.327213,1882014,1363033,13:12:02.471499
178.329103,1881881,1362650,13:12:02.471499
178.330965,1881555,1362410,13:12:02.471499
178.332822,1880898,1361780,13:12:02.471499
178.33468,1880493,1361563,13:12:02.471499
178.336536,1879749,1361224,13:12:02.471499
178.338393,1878849,1360684,13:12:02.471499
178.340251,1878665,1360442,13:12:02.471499
178.342112,1877964,1359669,13:12:02.471499
178.34397,1877729,1359433,13:12:02.471499
178.345826,1877135,1359236,13:12:02.471499
178.347684,1876604,1359125,13:12:02.471499
178.349541,1876391,1358589,13:12:02.471499
178.351397,1876023,1358459,13:12:02.471499
178.353254,1875491,1358085,13:12:02.471499
178.35511,1875239,1357854,13:12:02.524722
178.356982,1875384,1357876,13:12:02.524722
178.358843,1874770,1357955,13:12:02.524722
178.360742,1874611,1357578,13:12:02.524722
178.362599,1874324,1357848,13:12:02.524722
178.364463,1874462,1357565,13:12:02.524722
178.366322,1874523,1357568,13:12:02.524722
178.368178,1874815,1357817,13:12:02.524722
178.370036,1874477,1357627,13:12:02.524722
178.371895,1875296,1357819,13:12:02.524722
178.373753,1875391,1358283,13:12:02.524722
178.375617,1874994,1358358,13:12:02.524722
178.377474,1876095,1358765,13:12:02.525711
178.37934,1875262,1358795,13:12:02.525711
178.381196,1876699,1359023,13:12:02.525711
178.383053,1877061,1359652,13:12:02.525711
178.384911,1877579,1359836,13:12:02.525711
178.386767,1877887,1360462,13:12:02.525711
178.388626,1878514,1360705,13:12:02.525711
178.390482,1879097,1361028,13:12:02.525711
178.392339,1879608,1361472,13:12:02.525711
178.394197,1879957,1361910,13:12:02.525711
178.396058,1880672,1362126,13:12:02.525711
178.397918,1881401,1362781,13:12:02.525711
178.399774,1881835,1362945,13:12:02.525711
178.401632,1882433,1363396,13:12:02.525711
178.403489,1882988,1363993,13:12:02.525711
178.405345,1883718,1364594,13:12:02.575404
178.407221,1884125,1365016,13:12:02.575404
178.409082,1884651,1365126,13:12:02.575404
178.41099,1884986,1365507,13:12:02.575404
178.412848,1885846,1365982,13:12:02.575404
178.414706,1886088,1366008,13:12:02.575404
178.416565,1886312,1366472,13:12:02.575404
178.418421,1886363,1366407,13:12:02.575404
178.420279,1886655,1367159,13:12:02.575404
178.422136,1886908,1367271,13:12:02.575404
178.423992,1887945,1367213,13:12:02.575404
178.42585,1888132,1367483,13:12:02.575404
178.427707,1888285,1367732,13:12:02.575404
178.429598,1886671,1367828,13:12:02.575404
178.431463,1888451,1367830,13:12:02.575404
178.43332,1888202,1367657,13:12:02.575404
178.435178,1888500,1367390,13:12:02.579414
178.437034,1888154,1367630,13:12:02.579414
178.438893,1888426,1367421,13:12:02.579414
178.440751,1888101,1367203,13:12:02.579414
178.442609,1888013,1367190,13:12:02.579414
178.444466,1887709,1366927,13:12:02.579414
178.446322,1887376,1366884,13:12:02.579414
178.44818,1886940,1366620,13:12:02.579414
178.450037,1886627,1366104,13:12:02.579414
178.451895,1886438,1366111,13:12:02.579414
178.453753,1885826,1365743,13:12:02.579414
178.455616,1885418,1365046,13:12:02.626515
178.45748,1885008,1364766,13:12:02.626515
178.45934,1884076,1364318,13:12:02.626515
178.461257,1883361,1364204,13:12:02.626515
178.463113,1883258,1363551,13:12:02.626515
178.464976,1882361,1363366,13:12:02.626515
178.466838,1882036,1362656,13:12:02.626515
178.468694,1881350,1362373,13:12:02.626515
178.470552,1880712,1361895,13:12:02.626515
178.472409,1880326,1361649,13:12:02.626515
178.474265,1879802,1361194,13:12:02.626515
178.476123,1879055,1360711,13:12:02.626515
178.477985,1878433,1360680,13:12:02.626515
178.479872,1877444,1360022,13:12:02.626515
178.481736,1877687,1359984,13:12:02.626515
178.483592,1877436,1359289,13:12:02.626515
178.485451,1876915,1359123,13:12:02.626515
178.487309,1876362,1358695,13:12:02.626515
178.489167,1876353,1358665,13:12:02.626515
178.491024,1875792,1358199,13:12:02.628013
178.492892,1875584,1358262,13:12:02.628013
178.494748,1875497,1358206,13:12:02.628013
178.496605,1875208,1358043,13:12:02.628013
178.498463,1875280,1357730,13:12:02.628013
178.50032,1874887,1357972,13:12:02.629019
178.502178,1874702,1357702,13:12:02.629019
178.504034,1875155,1357795,13:12:02.629019
178.505895,1874758,1357854,13:12:02.674879
178.507757,1875244,1358058,13:12:02.674879
178.509626,1875107,1358305,13:12:02.674879
178.511539,1875329,1358557,13:12:02.674879
178.513396,1875663,1358721,13:12:02.674879
178.515252,1876218,1358693,13:12:02.674879
178.51711,1876151,1359114,13:12:02.674879
178.518967,1876798,1359160,13:12:02.674879
178.520825,1877341,1359723,13:12:02.674879
178.522681,1877537,1359849,13:12:02.674879
178.524538,1877680,1360046,13:12:02.674879
178.526396,1877947,1360608,13:12:02.674879
178.528259,1879141,1360662,13:12:02.674879
178.530117,1879604,1361395,13:12:02.674879
178.531974,1880051,1361577,13:12:02.674879
178.533861,1879323,1362160,13:12:02.674879
178.535728,1880939,1362686,13:12:02.674879
178.537584,1881804,1363103,13:12:02.674879
178.53944,1882077,1363398,13:12:02.674879
178.541297,1883107,1363985,13:12:02.674879
178.543155,1883223,1363974,13:12:02.674879
178.545012,1883792,1364614,13:12:02.674879
178.54687,1884274,1364992,13:12:02.674879
178.548728,1884797,1365326,13:12:02.674879
178.550585,1885360,1365239,13:12:02.674879
178.552444,1885818,1365855,13:12:02.674879
178.554301,1885896,1366018,13:12:02.674879
178.556172,1886625,1366364,13:12:02.731726
178.558032,1886902,1366803,13:12:02.731726
178.559907,1887359,1366815,13:12:02.731726
178.561788,1887166,1367151,13:12:02.731726
178.563645,1887714,1367126,13:12:02.731726
178.565501,1887752,1367217,13:12:02.731726
178.567359,1887961,1367606,13:12:02.733737
178.56922,1887847,1367424,13:12:02.733737
178.571076,1887996,1367352,13:12:02.733737
178.572933,1887706,1367250,13:12:02.733737
178.574791,1887384,1367299,13:12:02.733737
178.576647,1887755,1367275,13:12:02.733737
178.578504,1887756,1367154,13:12:02.733737
178.58037,1887402,1366832,13:12:02.733737
178.58223,1885120,1366758,13:12:02.733737
178.584134,1887294,1366402,13:12:02.733737
178.585995,1886767,1366227,13:12:02.733737
178.587856,1886350,1366057,13:12:02.733737
178.589717,1886064,1365708,13:12:02.733737
178.591574,1885842,1365474,13:12:02.733737
178.593434,1885434,1365163,13:12:02.733737
178.59529,1884902,1364588,13:12:02.733737
178.597147,1884271,1364556,13:12:02.733737
178.599005,1883844,1363949,13:12:02.733737
178.600863,1883312,1363712,13:12:02.733737
178.60272,1882587,1363409,13:12:02.733737
178.604576,1882094,1362888,13:12:02.778863
178.606444,1881573,1362524,13:12:02.778863
178.608305,1881174,1362361,13:12:02.778863
178.61021,1880666,1361717,13:12:02.778863
178.612085,1880290,1361589,13:12:02.778863
178.613942,1879465,1361100,13:12:02.778863
178.615802,1879063,1360848,13:12:02.778863
178.61766,1878230,1360585,13:12:02.778863
178.619517,1877783,1359975,13:12:02.778863
178.621373,1877699,1359729,13:12:02.778863
178.623229,1876838,1359422,13:12:02.778863
178.625092,1876567,1359257,13:12:02.778863
178.626948,1876622,1358878,13:12:02.778863
178.628805,1876453,1358940,13:12:02.778863
178.630663,1875954,1358374,13:12:02.778863
178.632519,1875758,1358313,13:12:02.778863
178.634413,1875653,1358304,13:12:02.778863
178.63628,1875530,1358430,13:12:02.778863
178.638136,1874875,1358096,13:12:02.778863
178.639998,1875490,1358275,13:12:02.778863
178.641855,1875674,1358056,13:12:02.778863
178.643713,1875495,1358037,13:12:02.778863
178.645569,1875770,1358514,13:12:02.778863
178.647426,1875814,1358273,13:12:02.778863
178.649284,1876235,1358567,13:12:02.778863
178.651145,1876109,1358628,13:12:02.778863
178.653003,1876469,1359251,13:12:02.778863
178.654859,1876790,1359366,13:12:02.829503
178.65673,1876888,1359560,13:12:02.829503
178.65859,1877377,1360018,13:12:02.829503
178.6605,1877883,1360228,13:12:02.829503
178.66236,1878310,1360419,13:12:02.829503
178.664221,1878775,1360787,13:12:02.829503
178.666077,1879380,1361128,13:12:02.829503
178.667935,1879815,1361489,13:12:02.829503
178.669794,1880276,1361851,13:12:02.829503
178.67165,1880897,1362209,13:12:02.829503
178.673506,1881234,1362795,13:12:02.829503
178.675375,1881922,1363229,13:12:02.829503
178.677231,1882048,1363387,13:12:02.829503
178.67909,1882999,1363875,13:12:02.829503
178.680948,1883411,1364132,13:12:02.829503
178.682812,1883557,1364956,13:12:02.829503
178.68467,1884410,1364768,13:12:02.829503
178.686529,1883258,1365316,13:12:02.829503
178.688385,1885156,1365654,13:12:02.829503
178.690244,1885585,1365758,13:12:02.829503
178.692101,1886172,1365746,13:12:02.829503
178.69399,1886595,1366439,13:12:02.829503
178.695846,1886857,1366444,13:12:02.829503
178.697703,1886968,1366553,13:12:02.829503
178.699561,1887278,1366889,13:12:02.829503
178.701419,1887428,1366944,13:12:02.829503
178.703276,1887454,1367061,13:12:02.829503
178.705132,1887585,1367422,13:12:02.882550
178.706995,1887890,1367295,13:12:02.882550
178.708855,1887919,1366992,13:12:02.882550
178.710779,1887545,1367429,13:12:02.882550
178.712691,1887578,1366977,13:12:02.882550
178.714547,1887951,1367080,13:12:02.882550
178.716413,1887542,1366927,13:12:02.882550
178.71827,1887425,1366612,13:12:02.882550
178.720127,1887033,1366628,13:12:02.882550
178.721989,1886855,1366366,13:12:02.882550
178.723845,1886430,1365890,13:12:02.882550
178.725702,1886302,1365707,13:12:02.882550
178.72756,1885395,1365791,13:12:02.882550
178.729416,1885358,1365319,13:12:02.882550
178.731275,1884878,1364850,13:12:02.882550
178.733131,1884458,1364800,13:12:02.882550
178.734995,1883737,1364513,13:12:02.882550
178.736886,1882061,1364102,13:12:02.882550
178.738774,1883031,1363656,13:12:02.882550
178.740636,1882620,1363189,13:12:02.882550
178.742492,1882123,1362852,13:12:02.882550
178.744349,1881584,1362547,13:12:02.882550
178.746207,1880865,1362000,13:12:02.882550
178.748063,1880428,1361665,13:12:02.882550
178.749922,1880117,1361389,13:12:02.882550
178.751778,1879703,1361143,13:12:02.882550
178.753638,1879164,1360757,13:12:02.882550
178.755501,1878647,1360435,13:12:02.931704
178.757363,1878143,1360208,13:12:02.931704
178.759221,1878050,1360141,13:12:02.931704
178.761132,1877406,1359562,13:12:02.931704
178.762988,1877270,1359333,13:12:02.931704
178.764846,1876973,1358856,13:12:02.931704
178.766703,1876618,1358939,13:12:02.931704
178.768561,1876185,1358876,13:12:02.931704
178.770417,1875856,1358638,13:12:02.931704
178.772278,1875464,1358689,13:12:02.931704
178.774134,1875842,1358572,13:12:02.931704
178.77599,1875312,1358339,13:12:02.931704
178.777849,1875839,1358443,13:12:02.931704
178.779705,1876038,1358446,13:12:02.931704
178.781561,1875660,1358703,13:12:02.931704
178.783418,1876163,1358540,13:12:02.931704
178.785276,1876060,1358555,13:12:02.931704
178.787133,1875124,1358805,13:12:02.931704
178.788998,1876538,1358955,13:12:02.931704
178.790855,1876726,1359157,13:12:02.933710
178.792713,1876987,1359449,13:12:02.933710
178.794572,1877443,1359539,13:12:02.933710
178.796428,1878144,1359917,13:12:02.933710
178.798285,1878149,1360220,13:12:02.933710
178.800143,1878372,1360695,13:12:02.933710
178.801999,1879087,1360779,13:12:02.933710
178.803858,1879597,1361177,13:12:02.933710
178.80572,1880055,1361684,13:12:02.983451
178.807584,1880420,1362061,13:12:02.983451
178.809446,1880747,1362280,13:12:02.983451
178.811361,1881411,1362606,13:12:02.983451
178.813219,1881819,1363396,13:12:02.983451
178.815075,1882366,1363430,13:12:02.983451
178.816932,1882907,1363731,13:12:02.983451
178.81879,1883222,1364000,13:12:02.983451
178.820647,1883886,1364375,13:12:02.983451
178.822503,1884452,1364613,13:12:02.983451
178.824359,1884425,1365109,13:12:02.983451
178.826224,1885346,1365241,13:12:02.983451
178.82808,1885916,1365525,13:12:02.983451
178.829936,1885777,1365874,13:12:02.983451
178.831795,1886490,1366022,13:12:02.983451
178.833651,1886281,1366510,13:12:02.983451
178.835509,1886805,1366395,13:12:02.983451
178.837366,1887069,1366557,13:12:02.983451
178.839226,1885592,1366748,13:12:02.983451
178.84112,1887355,1366878,13:12:02.983451
178.842977,1887439,1366889,13:12:02.983451
178.844835,1887412,1366821,13:12:02.983451
178.846691,1887285,1366789,13:12:02.983451
178.848548,1887325,1366875,13:12:02.983451
178.850406,1887457,1366795,13:12:02.983451
178.852268,1887388,1366863,13:12:02.983451
178.854125,1887353,1366631,13:12:02.983451
178.855993,1886786,1366627,13:12:03.034878
178.857857,1886801,1366341,13:12:03.034878
178.859719,1886458,1365803,13:12:03.034878
178.861614,1886021,1366018,13:12:03.034878
178.863472,1886016,1365517,13:12:03.034878
178.865329,1885307,1365371,13:12:03.034878
178.867191,1884827,1365180,13:12:03.034878
178.869049,1884640,1364778,13:12:03.034878
178.870906,1884305,1364481,13:12:03.034878
178.872766,1884096,1364082,13:12:03.034878
178.874622,1883437,1363656,13:12:03.034878
178.876481,1883133,1363274,13:12:03.034878
178.878337,1882368,1363004,13:12:03.034878
178.880193,1881953,1362885,13:12:03.034878
178.882052,1881286,1362376,13:12:03.034878
178.883912,1880524,1362113,13:12:03.034878
178.88577,1880501,1361861,13:12:03.034878
178.887629,1880159,1361275,13:12:03.034878
178.889493,1879067,1360748,13:12:03.034878
178.891349,1879157,1360933,13:12:03.034878
178.893206,1878672,1360452,13:12:03.034878
178.895064,1878364,1360238,13:12:03.034878
178.89692,1877882,1359912,13:12:03.034878
178.898779,1877758,1359638,13:12:03.034878
178.900635,1877240,1359312,13:12:03.034878
178.902491,1877283,1359263,13:12:03.034878
178.904348,1876641,1359008,13:12:03.034878
178.906224,1876349,1358989,13:12:03.085985
178.908084,1876209,1358779,13:12:03.085985
178.90996,1876269,1358615,13:12:03.085985
178.911839,1876087,1358601,13:12:03.085985
178.913697,1876162,1358497,13:12:03.085985
178.915556,1875667,1358516,13:12:03.085985
178.917414,1875907,1358483,13:12:03.085985
178.91927,1875818,1358632,13:12:03.085985
178.921129,1875894,1358961,13:12:03.085985
178.922985,1876373,1358944,13:12:03.085985
178.924844,1876323,1358895,13:12:03.085985
178.926706,1876097,1359168,13:12:03.085985
178.928562,1876924,1359358,13:12:03.085985
178.930424,1877141,1359777,13:12:03.085985
178.932281,1877334,1359740,13:12:03.085985
178.934137,1877806,1360153,13:12:03.085985
178.935995,1878024,1360337,13:12:03.085985
178.937858,1878451,1360733,13:12:03.085985
178.939716,1878743,1361043,13:12:03.085985
178.941594,1878027,1361357,13:12:03.085985
178.943459,1880273,1361659,13:12:03.085985
178.945317,1880582,1362076,13:12:03.085985
178.947174,1881076,1362408,13:12:03.085985
178.949032,1881838,1362599,13:12:03.085985
178.950888,1881830,1362721,13:12:03.085985
178.952746,1882519,1363564,13:12:03.085985
178.954603,1882730,1363854,13:12:03.103207
178.956467,1883408,1364097,13:12:03.103207
178.958327,1883967,1364302,13:12:03.103207
178.960237,1884234,1364703,13:12:03.103207
178.962104,1884752,1365030,13:12:03.103207
178.963962,1885066,1365031,13:12:03.103207
178.965821,1885522,1365808,13:12:03.103207
178.967679,1885803,1365760,13:12:03.103207
178.969537,1886276,1366145,13:12:03.103207
178.971396,1886014,1366184,13:12:03.103207
178.973252,1886177,1366240,13:12:03.103207
178.975108,1886532,1366325,13:12:03.103207
178.976967,1887075,1366622,13:12:03.103207
178.978825,1887268,1366644,13:12:03.103207
178.980683,1887027,1366435,13:12:03.103207
178.982542,1887415,1366857,13:12:03.103207
178.984406,1887204,1366603,13:12:03.103207
178.986262,1887176,1366811,13:12:03.103207
178.988119,1887258,1366531,13:12:03.103207
178.989979,1887249,1366395,13:12:03.103207
178.991836,1885207,1366817,13:12:03.103207
178.993706,1886881,1366313,13:12:03.103207
178.995564,1886710,1366139,13:12:03.103207
178.997426,1886705,1365810,13:12:03.103207
178.999301,1886097,1365915,13:12:03.103207
179.001157,1885784,1365500,13:12:03.103207
179.003017,1885347,1365315,13:12:03.103923
179.004876,1884999,1364845,13:12:03.153629
179.006748,1884663,1364755,13:12:03.153629
179.008608,1884519,1364511,13:12:03.153629
179.010515,1883843,1363910,13:12:03.153629
179.012381,1883342,1363480,13:12:03.153629
179.014237,1882748,1363375,13:12:03.153629
179.016094,1882277,1362814,13:12:03.153629
179.017954,1882017,1362656,13:12:03.153629
179.01981,1881396,1362055,13:12:03.153629
179.021669,1881004,1361839,13:12:03.153629
179.023525,1880602,1361505,13:12:03.153629
179.025381,1879836,1361147,13:12:03.153629
179.02724,1879466,1360930,13:12:03.153629
179.0291,1879149,1360817,13:12:03.153629
179.030958,1878476,1360224,13:12:03.153629
179.032815,1878425,1359994,13:12:03.153629
179.034675,1877901,1359729,13:12:03.153629
179.036531,1877337,1359630,13:12:03.153629
179.038388,1877282,1359265,13:12:03.153629
179.040246,1877028,1359148,13:12:03.153629
179.042102,1876527,1358977,13:12:03.153629
179.043961,1876457,1358733,13:12:03.153629
179.045817,1876226,1358797,13:12:03.153629
179.047677,1876281,1358716,13:12:03.153629
179.049536,1876407,1358366,13:12:03.153629
179.051402,1875955,1358737,13:12:03.153629
179.053258,1876012,1358695,13:12:03.153629
179.055115,1876148,1358684,13:12:03.205791
179.056983,1875913,1358661,13:12:03.205791
179.058844,1876400,1358750,13:12:03.205791
179.060758,1876552,1358628,13:12:03.205791
179.062632,1876298,1359154,13:12:03.205791
179.064488,1876723,1359240,13:12:03.205791
179.066345,1876919,1359158,13:12:03.205791
179.068201,1877333,1359722,13:12:03.205791
179.070059,1877633,1359788,13:12:03.205791
179.071918,1877681,1359836,13:12:03.205791
179.073774,1878246,1360230,13:12:03.205791
179.07564,1878552,1360737,13:12:03.205791
179.077497,1879105,1361098,13:12:03.205791
179.079353,1879568,1361224,13:12:03.205791
179.081211,1879936,1361467,13:12:03.205791
179.083068,1880488,1361831,13:12:03.205791
179.084926,1880674,1362345,13:12:03.205791
179.086784,1881462,1362419,13:12:03.205791
179.088641,1881719,1363082,13:12:03.205791
179.090497,1882257,1363319,13:12:03.205791
179.092362,1882706,1363403,13:12:03.205791
179.094218,1883225,1363817,13:12:03.205791
179.096074,1883811,1364154,13:12:03.205791
179.097933,1883734,1364309,13:12:03.205791
179.099791,1884488,1364719,13:12:03.205791
179.101647,1885124,1364929,13:12:03.205791
179.103506,1885458,1365475,13:12:03.205791
179.105362,1885426,1365388,13:12:03.253517
179.107238,1885645,1365762,13:12:03.253517
179.109101,1886301,1366013,13:12:03.253517
179.111018,1886331,1366115,13:12:03.253517
179.112879,1886584,1366161,13:12:03.253517
179.114735,1886926,1366489,13:12:03.253517
179.1166,1886702,1366413,13:12:03.253517
179.118456,1886866,1366419,13:12:03.253517
179.120312,1887061,1366617,13:12:03.253517
179.122175,1886961,1366671,13:12:03.253517
179.124031,1887280,1366360,13:12:03.253517
179.125889,1886894,1366261,13:12:03.253517
179.127746,1886913,1366217,13:12:03.253517
179.129602,1886888,1366255,13:12:03.253517
179.131459,1886423,1366093,13:12:03.253517
179.13332,1886581,1365741,13:12:03.253517
179.135177,1886268,1365857,13:12:03.253517
179.137034,1885771,1365779,13:12:03.253517
179.138892,1885361,1365365,13:12:03.253517
179.140748,1884887,1365011,13:12:03.253517
179.142605,1884907,1364840,13:12:03.253517
179.144461,1884273,1364359,13:12:03.253517
179.146317,1884181,1364210,13:12:03.253517
179.148174,1883691,1363618,13:12:03.253517
179.15003,1883106,1363501,13:12:03.253517
179.151894,1882583,1363121,13:12:03.253517
179.153759,1881991,1363069,13:12:03.253517
179.155643,1881845,1362426,13:12:03.302845
179.157503,1881243,1362416,13:12:03.303866
179.159368,1880839,1361913,13:12:03.303866
179.161268,1880146,1361593,13:12:03.303866
179.163126,1880006,1361286,13:12:03.303866
179.164983,1879583,1360946,13:12:03.303866
179.166841,1879354,1360732,13:12:03.303866
179.168697,1878714,1360443,13:12:03.303866
179.170554,1878215,1359930,13:12:03.303866
179.17241,1877943,1359634,13:12:03.303866
179.174266,1877577,1359494,13:12:03.303866
179.176127,1877146,1359270,13:12:03.303866
179.177983,1876881,1359024,13:12:03.303866
179.179841,1876648,1358962,13:12:03.303866
179.181698,1876583,1358686,13:12:03.303866
179.183554,1876527,1358829,13:12:03.303866
179.185413,1876158,1358563,13:12:03.303866
179.187275,1876267,1358525,13:12:03.303866
179.189133,1876245,1358657,13:12:03.303866
179.19099,1876155,1358401,13:12:03.303866
179.19285,1875923,1358617,13:12:03.303866
179.194714,1876584,1358451,13:12:03.303866
179.196571,1876196,1358631,13:12:03.303866
179.198429,1876339,1358893,13:12:03.303866
179.200285,1876607,1358681,13:12:03.303866
179.202144,1876533,1359038,13:12:03.303866
179.204,1876998,1359019,13:12:03.303866
179.205863,1877414,1359533,13:12:03.352841
179.207725,1877548,1359666,13:12:03.353853
179.209586,1877661,1359942,13:12:03.353853
179.211509,1878171,1360159,13:12:03.353853
179.21338,1878548,1360450,13:12:03.353853
179.215241,1879212,1360788,13:12:03.353853
179.217102,1879356,1361141,13:12:03.353853
179.218959,1879959,1361302,13:12:03.353853
179.220821,1880009,1361721,13:12:03.353853
179.222677,1880830,1362204,13:12:03.353853
179.224534,1881091,1362432,13:12:03.353853
179.226392,1881451,1362819,13:12:03.353853
179.228248,1882213,1362999,13:12:03.353853
179.230107,1882715,1363583,13:12:03.353853
179.231963,1883085,1363691,13:12:03.353853
179.233826,1883600,1364025,13:12:03.353853
179.235682,1883971,1364316,13:12:03.353853
179.237539,1884110,1364656,13:12:03.353853
179.239399,1884749,1364942,13:12:03.353853
179.241255,1885061,1365065,13:12:03.353853
179.243113,1885076,1365371,13:12:03.353853
179.24497,1885601,1365706,13:12:03.353853
179.246826,1886175,1365709,13:12:03.353853
179.248684,1885968,1365766,13:12:03.353853
179.250545,1886397,1366173,13:12:03.353853
179.252403,1886562,1366144,13:12:03.353853
179.254259,1886733,1366384,13:12:03.353853
179.25613,1886713,1366445,13:12:03.404340
179.25799,1886937,1366423,13:12:03.404340
179.259855,1887096,1366314,13:12:03.404340
179.261743,1886962,1366411,13:12:03.404340
179.263599,1886862,1366449,13:12:03.404340
179.265459,1886768,1366370,13:12:03.404340
179.267318,1886763,1366198,13:12:03.404340
179.269184,1886482,1366204,13:12:03.404340
179.27104,1886418,1365838,13:12:03.404340
179.272897,1885738,1365681,13:12:03.404340
179.274755,1885793,1365341,13:12:03.404340
179.276611,1885207,1365302,13:12:03.404340
179.278468,1885284,1365087,13:12:03.404340
179.280326,1885042,1364823,13:12:03.404340
179.282183,1884465,1364423,13:12:03.404340
179.284041,1884071,1364408,13:12:03.404340
179.285897,1883689,1363692,13:12:03.404340
179.287762,1883051,1363673,13:12:03.404340
179.289618,1882799,1363228,13:12:03.404340
179.291474,1882352,1363038,13:12:03.404340
179.293333,1881900,1362681,13:12:03.404340
179.295189,1881556,1362407,13:12:03.404340
179.297047,1881085,1361890,13:12:03.404340
179.298904,1880422,1361803,13:12:03.404340
179.300762,1880317,1361346,13:12:03.404340
179.302618,1879925,1361090,13:12:03.404340
179.304482,1879496,1360987,13:12:03.456110
179.306343,1878971,1360450,13:12:03.456110
179.308203,1878572,1360208,13:12:03.456110
179.310077,1877966,1359994,13:12:03.456110
179.311992,1877477,1359440,13:12:03.456110
179.313848,1877532,1359436,13:12:03.456110
179.315707,1877142,1359266,13:12:03.456110
179.317563,1876968,1359287,13:12:03.456110
179.319419,1876643,1359013,13:12:03.456110
179.321278,1876716,1359020,13:12:03.456110
179.323139,1876479,1358821,13:12:03.456110
179.324998,1876326,1358703,13:12:03.456110
179.326855,1876104,1358701,13:12:03.456110
179.328721,1876417,1358670,13:12:03.456110
179.330577,1876088,1358775,13:12:03.456110
179.332434,1876395,1358930,13:12:03.456110
179.334292,1876316,1359106,13:12:03.456110
179.336148,1876618,1359014,13:12:03.456110
179.338005,1876607,1358999,13:12:03.456110
179.339863,1876967,1359255,13:12:03.456110
179.341726,1876906,1359612,13:12:03.456110
179.343584,1877224,1359689,13:12:03.456110
179.345441,1878012,1359743,13:12:03.456110
179.347299,1877932,1359910,13:12:03.456110
179.349155,1878018,1360404,13:12:03.456110
179.351013,1878579,1360413,13:12:03.456110
179.352874,1879073,1361169,13:12:03.456110
179.354731,1879344,1361170,13:12:03.504152
179.356604,1879906,1361534,13:12:03.504152
179.358465,1880044,1361929,13:12:03.504152
179.360361,1880555,1362163,13:12:03.504152
179.362235,1880852,1362493,13:12:03.504152
179.364091,1881660,1362767,13:12:03.504152
179.365948,1881699,1363076,13:12:03.504152
179.367806,1882321,1363304,13:12:03.504152
179.369671,1882924,1363579,13:12:03.504152
179.371527,1883128,1364201,13:12:03.504152
179.373383,1883677,1364463,13:12:03.504152
179.375242,1884254,1364604,13:12:03.504152
179.377098,1884274,1364967,13:12:03.504152
179.378956,1884858,1364838,13:12:03.504152
179.380813,1885243,1365420,13:12:03.504152
179.382675,1885684,1365613,13:12:03.504152
179.384533,1885694,1365614,13:12:03.504152
179.38639,1885775,1365820,13:12:03.504152
179.38825,1886048,1365915,13:12:03.504152
179.390106,1886213,1365981,13:12:03.504152
179.391965,1886750,1366373,13:12:03.504152
179.393823,1886546,1366332,13:12:03.504152
179.395679,1886758,1366455,13:12:03.504152
179.397538,1886790,1366337,13:12:03.504152
179.399398,1886754,1366230,13:12:03.504152
179.401255,1886465,1366251,13:12:03.504152
179.403111,1886420,1366255,13:12:03.504152
179.404979,1886580,1366332,13:12:03.552854
179.406867,1886338,1366240,13:12:03.552854
179.408732,1886133,1365748,13:12:03.552854
179.410618,1885708,1365345,13:12:03.552854
179.412524,1885671,1365504,13:12:03.552854
179.414381,1885616,1365394,13:12:03.552854
179.416239,1885206,1365172,13:12:03.552854
179.418095,1884828,1364994,13:12:03.552854
179.419956,1884359,1364666,13:12:03.552854
179.421812,1883986,1364686,13:12:03.552854
179.423668,1883402,1364195,13:12:03.552854
179.425527,1883278,1363736,13:12:03.554216
179.427383,1882972,1363330,13:12:03.554216
179.429241,1882440,1363096,13:12:03.554216
179.431098,1881792,1362935,13:12:03.554216
179.432958,1881475,1362805,13:12:03.554216
179.434816,1881021,1362132,13:12:03.554216
179.436673,1880989,1361771,13:12:03.554216
179.438533,1880383,1361802,13:12:03.554216
179.440389,1879730,1361380,13:12:03.554216
179.442248,1879535,1360910,13:12:03.554216
179.444104,1879009,1360510,13:12:03.554216
179.44596,1878752,1360446,13:12:03.554216
179.447819,1878441,1360539,13:12:03.554216
179.449679,1878013,1359932,13:12:03.554216
179.451537,1877752,1359835,13:12:03.554216
179.453394,1877391,1359708,13:12:03.554216
179.45526,1877297,1359368,13:12:03.603198
179.457121,1876905,1359387,13:12:03.603198
179.458983,1876868,1358987,13:12:03.603198
179.460885,1876912,1359090,13:12:03.603198
179.462755,1876668,1359110,13:12:03.603198
179.464612,1876597,1359085,13:12:03.603198
179.46647,1876694,1358728,13:12:03.603198
179.468327,1876501,1359152,13:12:03.603198
179.470183,1876476,1359003,13:12:03.603198
179.472039,1876731,1359025,13:12:03.603198
179.473901,1877003,1359282,13:12:03.603198
179.475758,1876772,1359156,13:12:03.603198
179.477614,1876876,1359328,13:12:03.603198
179.479472,1877268,1359767,13:12:03.603198
179.481329,1877683,1359777,13:12:03.603198
179.483187,1877697,1360073,13:12:03.603198
179.485044,1877974,1360427,13:12:03.603198
179.486902,1878427,1360616,13:12:03.603198
179.488758,1878735,1360765,13:12:03.603198
179.490616,1879041,1361093,13:12:03.603198
179.492477,1879308,1361219,13:12:03.603198
179.494333,1879705,1361741,13:12:03.603198
179.496192,1880204,1362017,13:12:03.603198
179.498048,1880543,1362120,13:12:03.604189
179.499904,1881077,1362274,13:12:03.604189
179.501779,1881365,1362642,13:12:03.604189
179.503635,1881750,1363073,13:12:03.604189
179.505495,1882232,1363403,13:12:03.653383
179.507358,1882703,1363762,13:12:03.653383
179.509218,1883357,1363910,13:12:03.653383
179.511114,1883350,1364232,13:12:03.653383
179.51297,1883615,1364350,13:12:03.653383
179.514829,1884193,1364557,13:12:03.653383
179.516685,1884405,1364983,13:12:03.653383
179.518542,1884743,1365216,13:12:03.653383
179.520398,1885179,1365351,13:12:03.653383
179.522264,1885462,1365361,13:12:03.653383
179.524121,1885775,1365722,13:12:03.653383
179.525977,1885886,1365755,13:12:03.653383
179.527835,1885965,1365959,13:12:03.653383
179.529692,1886423,1366030,13:12:03.654382
179.531548,1886248,1366129,13:12:03.654382
179.533406,1886378,1366273,13:12:03.654382
179.535263,1886230,1366216,13:12:03.654382
179.537121,1886498,1366300,13:12:03.654382
179.538977,1886119,1365991,13:12:03.654382
179.540842,1886389,1366182,13:12:03.654382
179.542698,1886179,1365999,13:12:03.654382
179.544554,1886025,1366065,13:12:03.654382
179.546413,1886017,1365876,13:12:03.654382
179.548269,1885484,1365626,13:12:03.654382
179.550125,1885479,1365292,13:12:03.654382
179.551982,1884908,1365331,13:12:03.654382
179.553838,1884826,1364875,13:12:03.654382
179.555701,1884713,1364866,13:12:03.705597
179.557561,1884249,1364708,13:12:03.705597
179.559428,1883791,1364252,13:12:03.705597
179.561361,1883235,1363985,13:12:03.705597
179.563223,1883158,1364030,13:12:03.705597
179.56508,1882716,1363483,13:12:03.705597
179.566936,1882533,1363268,13:12:03.705597
179.568797,1881902,1362887,13:12:03.705597
179.570653,1881353,1362725,13:12:03.705597
179.572509,1881150,1362196,13:12:03.705597
179.574368,1880521,1362233,13:12:03.705597
179.576224,1880363,1361910,13:12:03.705597
179.57808,1880000,1361533,13:12:03.705597
179.579937,1879544,1361460,13:12:03.705597
179.581801,1879057,1360885,13:12:03.705597
179.583658,1879089,1361027,13:12:03.705597
179.585514,1878582,1360519,13:12:03.705597
179.587374,1878218,1360340,13:12:03.705597
179.589231,1878039,1360328,13:12:03.705597
179.591089,1877940,1359874,13:12:03.705597
179.592945,1877758,1359653,13:12:03.705597
179.594804,1877249,1359726,13:12:03.705597
179.596662,1877321,1359641,13:12:03.705597
179.598521,1877282,1359519,13:12:03.705597
179.600379,1877212,1359526,13:12:03.705597
179.602235,1876840,1359224,13:12:03.705597
179.604093,1876985,1359422,13:12:03.705597
179.605962,1876611,1359278,13:12:03.758093
179.607828,1876791,1359439,13:12:03.758093
179.609692,1876929,1359327,13:12:03.758093
179.611614,1877003,1359502,13:12:03.759014
179.613477,1876808,1359642,13:12:03.759014
179.615335,1877278,1359909,13:12:03.759014
179.617192,1877685,1359943,13:12:03.759014
179.61905,1877740,1360102,13:12:03.759014
179.620906,1877823,1360151,13:12:03.759014
179.622769,1878358,1360532,13:12:03.759014
179.624627,1878638,1360786,13:12:03.759014
179.626493,1878848,1360850,13:12:03.759014
179.62835,1878902,1361526,13:12:03.759014
179.630206,1879762,1361333,13:12:03.759014
179.632064,1879977,1361794,13:12:03.759014
179.633921,1880203,1361973,13:12:03.759014
179.635777,1880417,1362134,13:12:03.759014
179.637635,1880922,1362574,13:12:03.759014
179.639492,1881240,1362777,13:12:03.759014
179.64135,1881742,1363190,13:12:03.759014
179.643206,1882307,1363664,13:12:03.759014
179.645071,1882463,1363856,13:12:03.759014
179.646927,1883052,1363776,13:12:03.759014
179.648783,1883279,1364321,13:12:03.759014
179.650642,1883609,1364434,13:12:03.759014
179.652498,1883886,1364895,13:12:03.759014
179.654356,1884546,1364815,13:12:03.759014
179.656225,1884815,1365296,13:12:03.812957
179.658085,1884877,1365521,13:12:03.812957
179.659971,1885077,1365528,13:12:03.812957
179.661865,1885348,1365693,13:12:03.812957
179.663728,1885650,1365873,13:12:03.812957
179.665584,1885789,1366045,13:12:03.812957
179.66744,1885770,1365957,13:12:03.812957
179.669303,1886033,1366150,13:12:03.812957
179.671159,1885804,1366038,13:12:03.812957
179.673018,1886033,1366242,13:12:03.812957
179.674876,1886334,1366276,13:12:03.812957
179.676732,1886043,1366231,13:12:03.812957
179.678591,1885779,1365828,13:12:03.812957
179.680448,1885605,1365850,13:12:03.812957
179.682307,1885596,1365693,13:12:03.812957
179.684164,1885609,1365477,13:12:03.812957
179.68603,1885455,1365591,13:12:03.812957
179.687886,1885017,1365389,13:12:03.812957
179.689743,1884850,1365221,13:12:03.812957
179.691601,1884690,1364966,13:12:03.812957
179.693457,1884416,1364908,13:12:03.812957
179.695314,1884110,1364495,13:12:03.812957
179.69717,1883596,1364324,13:12:03.812957
179.699026,1883323,1364058,13:12:03.812957
179.700883,1882921,1363820,13:12:03.812957
179.70274,1882749,1363559,13:12:03.812957
179.704601,1882236,1363037,13:12:03.854002
179.706476,1881842,1363120,13:12:03.854002
179.70834,1881354,1362533,13:12:03.854002
179.710222,1881183,1362441,13:12:03.854002
179.712089,1880766,1362216,13:12:03.854002
179.713949,1880345,1361605,13:12:03.854002
179.715811,1879949,1361717,13:12:03.854002
179.717674,1879827,1361633,13:12:03.854002
179.719532,1879199,1361154,13:12:03.854002
179.721398,1878859,1360963,13:12:03.854002
179.723255,1878828,1360495,13:12:03.854002
179.725111,1878532,1360451,13:12:03.854002
179.726969,1878038,1360338,13:12:03.854002
179.728826,1877761,1360030,13:12:03.854002
179.730682,1877441,1359962,13:12:03.854002
179.73254,1877387,1359984,13:12:03.854002
179.734397,1877366,1359699,13:12:03.854002
179.736255,1877146,1359599,13:12:03.854002
179.738111,1877044,1359713,13:12:03.854002
179.739976,1877281,1359604,13:12:03.854002
179.741832,1876939,1359415,13:12:03.854002
179.743689,1876874,1359717,13:12:03.854002
179.745547,1877176,1359547,13:12:03.854002
179.747403,1877133,1359784,13:12:03.854002
179.74926,1876990,1359637,13:12:03.854002
179.751116,1877244,1359718,13:12:03.854002
179.752972,1877198,1359856,13:12:03.854002
179.754829,1877518,1360223,13:12:03.903240
179.756704,1877865,1360538,13:12:03.903240
179.758563,1877968,1360518,13:12:03.903240
179.760464,1878339,1360429,13:12:03.903240
179.762366,1878684,1360724,13:12:03.903240
179.764224,1878507,1360975,13:12:03.903240
179.76608,1879111,1361404,13:12:03.903240
179.767941,1879544,1361399,13:12:03.903240
179.769799,1879889,1361862,13:12:03.903240
179.771655,1880207,1362095,13:12:03.903240
179.773514,1880815,1362612,13:12:03.903240
179.77537,1881044,1362575,13:12:03.903240
179.777228,1881596,1363023,13:12:03.903240
179.779085,1881797,1363135,13:12:03.903240
179.780943,1882214,1363470,13:12:03.903240
179.782803,1882619,1363819,13:12:03.903240
179.784668,1882553,1363645,13:12:03.903240
179.786524,1883287,1364331,13:12:03.904255
179.788381,1883382,1364424,13:12:03.904255
179.790239,1883661,1364544,13:12:03.904255
179.792095,1884197,1364600,13:12:03.904255
179.793952,1884373,1365196,13:12:03.904255
179.79581,1884574,1365463,13:12:03.904255
179.797666,1884973,1365422,13:12:03.904255
179.799523,1885312,1365502,13:12:03.904255
179.801379,1885397,1365633,13:12:03.904255
179.803245,1885485,1365869,13:12:03.910922
179.805102,1885718,1365906,13:12:03.958572
179.806968,1885728,1365924,13:12:03.958572
179.80883,1885556,1365995,13:12:03.958572
179.810762,1885891,1365874,13:12:03.958572
179.812702,1885819,1365940,13:12:03.958572
179.814569,1885723,1365994,13:12:03.958572
179.816425,1885652,1365969,13:12:03.958572
179.818286,1885621,1365769,13:12:03.958572
179.820168,1885677,1365634,13:12:03.958572
179.822024,1885318,1365580,13:12:03.958572
179.82388,1885126,1365400,13:12:03.958572
179.825737,1885075,1365359,13:12:03.958572
179.827593,1884446,1365068,13:12:03.958572
179.829451,1884617,1364835,13:12:03.958572
179.831308,1884039,1364489,13:12:03.958572
179.833166,1883886,1364384,13:12:03.958572
179.835022,1883502,1364159,13:12:03.959573
179.836883,1883235,1363931,13:12:03.959573
179.838741,1882884,1363433,13:12:03.959573
179.840599,1882582,1363430,13:12:03.959573
179.84246,1882128,1363118,13:12:03.959573
179.844316,1881902,1363043,13:12:03.959573
179.846175,1881515,1362525,13:12:03.959573
179.848031,1881123,1362314,13:12:03.959573
179.849887,1880748,1362069,13:12:03.959573
179.851746,1880164,1361876,13:12:03.959573
179.853608,1880066,1361648,13:12:03.959573
179.855466,1879780,1361455,13:12:04.006158
179.857339,1879132,1360934,13:12:04.006158
179.859201,1878876,1360741,13:12:04.006158
179.861095,1878518,1360625,13:12:04.006158
179.862957,1878094,1360624,13:12:04.006158
179.864816,1878513,1360325,13:12:04.006158
179.866672,1878350,1360520,13:12:04.006158
179.868528,1878399,1360298,13:12:04.006158
179.870387,1877955,1360419,13:12:04.006158
179.872247,1877787,1360184,13:12:04.006158
179.874103,1877632,1360023,13:12:04.006158
179.87596,1877572,1359973,13:12:04.006158
179.877818,1877602,1359710,13:12:04.006158
179.879674,1877590,1360242,13:12:04.006158
179.881531,1877504,1359856,13:12:04.006158
179.883389,1877607,1360364,13:12:04.006158
179.885246,1877535,1360096,13:12:04.006158
179.887104,1877684,1360034,13:12:04.006158
179.88896,1877905,1360072,13:12:04.006158
179.890825,1877783,1360433,13:12:04.006158
179.892681,1878154,1360497,13:12:04.006158
179.894537,1878574,1360742,13:12:04.006158
179.896396,1878601,1360762,13:12:04.006158
179.898252,1878966,1360425,13:12:04.006158
179.900108,1878609,1360833,13:12:04.006158
179.901965,1879289,1361127,13:12:04.006158
179.903823,1879316,1361248,13:12:04.006158
179.905685,1879465,1361462,13:12:04.059157
179.907552,1879973,1361978,13:12:04.059157
179.909416,1880418,1362011,13:12:04.059157
179.911334,1880534,1362200,13:12:04.059157
179.913205,1881125,1362617,13:12:04.059157
179.915099,1881220,1362720,13:12:04.059157
179.916955,1881450,1362979,13:12:04.059157
179.918811,1881774,1362981,13:12:04.059157
179.92067,1882249,1363321,13:12:04.059157
179.92253,1882448,1363885,13:12:04.059157
179.924386,1882712,1363927,13:12:04.059157
179.926243,1883152,1364048,13:12:04.059157
179.928101,1883545,1364120,13:12:04.059157
179.929957,1883871,1364510,13:12:04.059157
179.931814,1883974,1364755,13:12:04.059157
179.933672,1884399,1364792,13:12:04.061246
179.935528,1884497,1364877,13:12:04.061246
179.937387,1884470,1364847,13:12:04.061246
179.939243,1884732,1365216,13:12:04.061246
179.941108,1884997,1365181,13:12:04.061246
179.942964,1884947,1365301,13:12:04.061246
179.94482,1885250,1365515,13:12:04.061246
179.946679,1885311,1365510,13:12:04.061246
179.948535,1885300,1365559,13:12:04.061246
179.950393,1885162,1365548,13:12:04.061246
179.95225,1885388,1365220,13:12:04.061246
179.954106,1885199,1365332,13:12:04.061246
179.955984,1885096,1365095,13:12:04.109244
179.957845,1884826,1365233,13:12:04.109244
179.95971,1884644,1364962,13:12:04.109244
179.961625,1884511,1364862,13:12:04.109244
179.963489,1884088,1364567,13:12:04.109244
179.965348,1882808,1364200,13:12:04.109244
179.967204,1883473,1363905,13:12:04.109244
179.969062,1883091,1363761,13:12:04.109244
179.970919,1882561,1363127,13:12:04.109244
179.972775,1881941,1362993,13:12:04.109244
179.974634,1881557,1362505,13:12:04.109244
179.97649,1880729,1362052,13:12:04.109244
179.978346,1880281,1361653,13:12:04.109244
179.980203,1880048,1361309,13:12:04.109244
179.982067,1879364,1360999,13:12:04.109244
179.983925,1878738,1360354,13:12:04.109244
179.985787,1878051,1360020,13:12:04.109244
179.987648,1877693,1359363,13:12:04.109244
179.989504,1877005,1359164,13:12:04.109244
179.991363,1876466,1358865,13:12:04.109244
179.993219,1876180,1358398,13:12:04.109244
179.995075,1875421,1358115,13:12:04.109244
179.996934,1874959,1357710,13:12:04.109244
179.998796,1874603,1357226,13:12:04.109244
180.000654,1874268,1357401,13:12:04.109244
180.002511,1873662,1356717,13:12:04.109244
180.004377,1873620,1356829,13:12:04.109244
180.006246,1873304,1356672,13:12:04.161893
180.008109,1872975,1356478,13:12:04.161893
180.009986,1872834,1356373,13:12:04.161893
180.011888,1872378,1356147,13:12:04.161893
180.013749,1872566,1356009,13:12:04.161893
180.015625,1872173,1355924,13:12:04.161893
180.017517,1872443,1355871,13:12:04.161893
180.019373,1872264,1356028,13:12:04.161893
180.021234,1872365,1355649,13:12:04.161893
180.023096,1872161,1355969,13:12:04.161893
180.024952,1872343,1356150,13:12:04.161893
180.026809,1872310,1355862,13:12:04.161893
180.028667,1872501,1355943,13:12:04.161893
180.030524,1872326,1355877,13:12:04.161893
180.03238,1872388,1356106,13:12:04.161893
180.034238,1872412,1356332,13:12:04.161893
180.036095,1872616,1356325,13:12:04.161893
180.037953,1873104,1356696,13:12:04.161893
180.039809,1873100,1356704,13:12:04.161893
180.041674,1873275,1357032,13:12:04.161893
180.04353,1873633,1357185,13:12:04.161893
180.045386,1873884,1357418,13:12:04.161893
180.047245,1874024,1357555,13:12:04.161893
180.049101,1874277,1357663,13:12:04.161893
180.050959,1874325,1357923,13:12:04.161893
180.052816,1874685,1357621,13:12:04.161893
180.054672,1874689,1357714,13:12:04.210423
180.056532,1874468,1357686,13:12:04.210423
180.058393,1874395,1357574,13:12:04.210423
180.060303,1874440,1357444,13:12:04.210423
180.062171,1873774,1357370,13:12:04.210423
180.06403,1873784,1356623,13:12:04.210423
180.065888,1873075,1356429,13:12:04.210423
180.067744,1872566,1356025,13:12:04.210423
180.069603,1871627,1355687,13:12:04.210423
180.071491,1871417,1355160,13:12:04.210423
180.073347,1870602,1354661,13:12:04.210423
180.075205,1869907,1353977,13:12:04.210423
180.077062,1868946,1353365,13:12:04.210423
180.07892,1868054,1352859,13:12:04.210423
180.080777,1867252,1351895,13:12:04.210423
180.082633,1865910,1351156,13:12:04.210423
180.084489,1864907,1350470,13:12:04.210423
180.086346,1863771,1349793,13:12:04.210423
180.088204,1862638,1348468,13:12:04.210423
180.09006,1861344,1347893,13:12:04.210423
180.091917,1860150,1347053,13:12:04.210423
180.093773,1859104,1345947,13:12:04.210423
180.095629,1857874,1345124,13:12:04.210423
180.097486,1856349,1343810,13:12:04.210423
180.099343,1854896,1342626,13:12:04.210423
180.101204,1853669,1342000,13:12:04.210423
180.103061,1852328,1341159,13:12:04.211416
180.104921,1851132,1340360,13:12:04.262758
180.106791,1849777,1339311,13:12:04.262758
180.108652,1848561,1338456,13:12:04.262758
180.110556,1847208,1337462,13:12:04.262758
180.112416,1845847,1336810,13:12:04.262758
180.114277,1844893,1335960,13:12:04.262758
180.116138,1844232,1335156,13:12:04.262758
180.118001,1841551,1334426,13:12:04.262758
180.119862,1841826,1334012,13:12:04.262758
180.121718,1841144,1333365,13:12:04.262758
180.123574,1840047,1332665,13:12:04.262758
180.125431,1839695,1332184,13:12:04.262758
180.127287,1839020,1331797,13:12:04.262758
180.129145,1838664,1331414,13:12:04.262758
180.131002,1838382,1331314,13:12:04.262758
180.13286,1838138,1331374,13:12:04.262758
180.134717,1838119,1331258,13:12:04.262758
180.136579,1837943,1331149,13:12:04.262758
180.138435,1838234,1331075,13:12:04.262758
180.140292,1838439,1331639,13:12:04.262758
180.14215,1838670,1331951,13:12:04.262758
180.144006,1839067,1332359,13:12:04.262758
180.145865,1839599,1332550,13:12:04.262758
180.147721,1840127,1333172,13:12:04.262758
180.149577,1840997,1333478,13:12:04.262758
180.151436,1841705,1333999,13:12:04.262758
180.153299,1842848,1334880,13:12:04.262758
180.155156,1843392,1335585,13:12:04.314316
180.157035,1844475,1336035,13:12:04.314316
180.158895,1845605,1336913,13:12:04.314316
180.160793,1846030,1337485,13:12:04.314316
180.16265,1847183,1338469,13:12:04.314316
180.164508,1848376,1339047,13:12:04.314316
180.166364,1849184,1339533,13:12:04.314316
180.168223,1850124,1340512,13:12:04.314316
180.170113,1849137,1340853,13:12:04.314316
180.171975,1851825,1341580,13:12:04.314316
180.173834,1852616,1342115,13:12:04.314316
180.17569,1852850,1342465,13:12:04.314316
180.177546,1853727,1342473,13:12:04.314316
180.179405,1854259,1342798,13:12:04.314316
180.181271,1854812,1343560,13:12:04.314316
180.183127,1854892,1343339,13:12:04.314316
180.184984,1854910,1343753,13:12:04.314316
180.186842,1855205,1343741,13:12:04.314316
180.188698,1855060,1343598,13:12:04.314316
180.190555,1854955,1343608,13:12:04.314316
180.192413,1854897,1343139,13:12:04.314316
180.19427,1854395,1342390,13:12:04.314316
180.196128,1853717,1342318,13:12:04.314316
180.197984,1853301,1341857,13:12:04.314316
180.199849,1852389,1341455,13:12:04.315684
180.201705,1851457,1340771,13:12:04.315684
180.203561,1850456,1339946,13:12:04.316692
180.20542,1849427,1338956,13:12:04.367377
180.207288,1848188,1338007,13:12:04.367377
180.209148,1846582,1337128,13:12:04.367377
180.211054,1845100,1335898,13:12:04.367377
180.212913,1843693,1334901,13:12:04.367377
180.214773,1842248,1333457,13:12:04.367377
180.216634,1840648,1332352,13:12:04.367377
180.2185,1838574,1331387,13:12:04.367377
180.22038,1836923,1330000,13:12:04.367377
180.222246,1835776,1328992,13:12:04.367377
180.224105,1833754,1327413,13:12:04.367377
180.225961,1832042,1326151,13:12:04.367377
180.227822,1830175,1325212,13:12:04.367377
180.229678,1828187,1323605,13:12:04.367377
180.231534,1826861,1322220,13:12:04.367377
180.233393,1824676,1320763,13:12:04.367377
180.235249,1822894,1319609,13:12:04.367377
180.237107,1820968,1317985,13:12:04.367377
180.238964,1818840,1316681,13:12:04.367377
180.24082,1816878,1315283,13:12:04.367377
180.242678,1815113,1313758,13:12:04.367377
180.244541,1812967,1312502,13:12:04.367377
180.246397,1811036,1311255,13:12:04.367377
180.248253,1809708,1310060,13:12:04.367377
180.250112,1807838,1308668,13:12:04.367377
180.251968,1806509,1307646,13:12:04.367377
180.253825,1804806,1306249,13:12:04.367377
180.255687,1803049,1305323,13:12:04.415844
180.257547,1801653,1304449,13:12:04.415844
180.259409,1800195,1303415,13:12:04.415844
180.261322,1798770,1302248,13:12:04.415844
180.263189,1797766,1301513,13:12:04.415844
180.265046,1796959,1300910,13:12:04.415844
180.266903,1795907,1300281,13:12:04.415844
180.268763,1795006,1299775,13:12:04.415844
180.270619,1794353,1299442,13:12:04.415844
180.272479,1793719,1298864,13:12:04.415844
180.274364,1791712,1298475,13:12:04.415844
180.276228,1792694,1298153,13:12:04.415844
180.278087,1792582,1297709,13:12:04.415844
180.279943,1791937,1297590,13:12:04.415844
180.281801,1791477,1297336,13:12:04.415844
180.28366,1791271,1297228,13:12:04.415844
180.285516,1791020,1296747,13:12:04.415844
180.287374,1790933,1296972,13:12:04.415844
180.289231,1790758,1296732,13:12:04.415844
180.291091,1790566,1296789,13:12:04.415844
180.292948,1790635,1296767,13:12:04.415844
180.294804,1790749,1297019,13:12:04.415844
180.296662,1791060,1296948,13:12:04.415844
180.298519,1791494,1297326,13:12:04.415844
180.300379,1791571,1297688,13:12:04.415844
180.302235,1792060,1297319,13:12:04.415844
180.304092,1791988,1297963,13:12:04.415844
180.305956,1792397,1297565,13:12:04.470393
180.307819,1792259,1297773,13:12:04.471391
180.309681,1792134,1297568,13:12:04.471391
180.311565,1791736,1297514,13:12:04.471391
180.313421,1791178,1296853,13:12:04.471391
180.315284,1790093,1295723,13:12:04.471391
180.317144,1788756,1294627,13:12:04.471391
180.319002,1787075,1293515,13:12:04.471391
180.320865,1785336,1292457,13:12:04.471391
180.322747,1782205,1290225,13:12:04.471391
180.324613,1780632,1288522,13:12:04.471391
180.32647,1777604,1285949,13:12:04.471391
180.328332,1774657,1283514,13:12:04.471391
180.330188,1770921,1280931,13:12:04.471391
180.332051,1767145,1278219,13:12:04.471391
180.333907,1763253,1274949,13:12:04.471391
180.335764,1758427,1271966,13:12:04.471391
180.337622,1754240,1268467,13:12:04.471391
180.339478,1749608,1265041,13:12:04.471391
180.341337,1744442,1261301,13:12:04.471391
180.343193,1739218,1257345,13:12:04.471391
180.345049,1733580,1253343,13:12:04.471391
180.346908,1727913,1249117,13:12:04.471391
180.34877,1722551,1244932,13:12:04.471391
180.350626,1716664,1240689,13:12:04.471391
180.352483,1710626,1236735,13:12:04.471391
180.354341,1704756,1231872,13:12:04.471391
180.356204,1698137,1227572,13:12:04.526205
180.358064,1691931,1223068,13:12:04.526205
180.359944,1686051,1218651,13:12:04.526205
180.36183,1679539,1213932,13:12:04.526205
180.363687,1673464,1209487,13:12:04.526205
180.365545,1667288,1205233,13:12:04.526205
180.367405,1661811,1201162,13:12:04.526205
180.369268,1656089,1197070,13:12:04.526205
180.371126,1650781,1193451,13:12:04.526205
180.372984,1645550,1189898,13:12:04.526205
180.374857,1640955,1186310,13:12:04.526205
180.376713,1636067,1183325,13:12:04.526205
180.378585,1632581,1180885,13:12:04.526205
180.380442,1628858,1178171,13:12:04.526205
180.3823,1626083,1176424,13:12:04.526205
180.384156,1623334,1174634,13:12:04.526205
180.386013,1621267,1173682,13:12:04.526205
180.387873,1620037,1172525,13:12:04.526205
180.38973,1619035,1172142,13:12:04.526205
180.391586,1618608,1171719,13:12:04.526205
180.393442,1618440,1171918,13:12:04.526205
180.395301,1618646,1172389,13:12:04.526205
180.397157,1619215,1172624,13:12:04.526205
180.399013,1619848,1173304,13:12:04.526205
180.400874,1621180,1174324,13:12:04.526205
180.40273,1622375,1175377,13:12:04.526205
180.404586,1624464,1176904,13:12:04.570075
180.406451,1626399,1178496,13:12:04.570075
180.408317,1628403,1179777,13:12:04.570075
180.410225,1630493,1181412,13:12:04.570075
180.412093,1632457,1182991,13:12:04.570075
180.41395,1634288,1184170,13:12:04.570075
180.415808,1636102,1185220,13:12:04.570075
180.417664,1637213,1186020,13:12:04.570075
180.419523,1638480,1186991,13:12:04.570075
180.421379,1639259,1187168,13:12:04.570075
180.423244,1639518,1187436,13:12:04.570075
180.4251,1639522,1187267,13:12:04.570075
180.426956,1639148,1186862,13:12:04.573075
180.428813,1638473,1186170,13:12:04.573075
180.43067,1637447,1185758,13:12:04.573075
180.432547,1635851,1184543,13:12:04.573075
180.434417,1635128,1183346,13:12:04.573075
180.436278,1633116,1182040,13:12:04.575074
180.438134,1630658,1180091,13:12:04.575074
180.439991,1628187,1177789,13:12:04.575074
180.441849,1624541,1174914,13:12:04.575074
180.443705,1620698,1171906,13:12:04.575074
180.445564,1616524,1168423,13:12:04.575074
180.44742,1611372,1164711,13:12:04.575074
180.449276,1605522,1160371,13:12:04.575074
180.451133,1599310,1155326,13:12:04.575074
180.452999,1592409,1150050,13:12:04.575074
180.454855,1584898,1144645,13:12:04.621401
180.45672,1577174,1139217,13:12:04.621401
180.45858,1568982,1132985,13:12:04.621401
180.460476,1560796,1126679,13:12:04.621401
180.46234,1551489,1120495,13:12:04.621401
180.464199,1543074,1114049,13:12:04.621401
180.466055,1533846,1107785,13:12:04.621401
180.467914,1525385,1101180,13:12:04.621401
180.469772,1516724,1094943,13:12:04.621401
180.471634,1507791,1088542,13:12:04.621401
180.473495,1499176,1082359,13:12:04.621401
180.475351,1490665,1076641,13:12:04.621401
180.477211,1480888,1071224,13:12:04.621401
180.479121,1475741,1066024,13:12:04.621401
180.480977,1469373,1061480,13:12:04.621401
180.482834,1463478,1057233,13:12:04.621401
180.484691,1458053,1053779,13:12:04.621401
180.486553,1452991,1050532,13:12:04.621401
180.488409,1449069,1047381,13:12:04.621401
180.490266,1444637,1044544,13:12:04.621401
180.492124,1440605,1041750,13:12:04.621401
180.49398,1437314,1039690,13:12:04.621401
180.495839,1433946,1037108,13:12:04.621401
180.497695,1430753,1034861,13:12:04.621401
180.499557,1427947,1033152,13:12:04.621401
180.501416,1425702,1031181,13:12:04.621401
180.503282,1423887,1030256,13:12:04.621401
180.505138,1422127,1029098,13:12:04.675503
180.507007,1420957,1028369,13:12:04.675503
180.508873,1420512,1027969,13:12:04.675503
180.510771,1420162,1028595,13:12:04.675503
180.512632,1421104,1029311,13:12:04.675503
180.51449,1422531,1030706,13:12:04.675503
180.516346,1424126,1032490,13:12:04.675503
180.518207,1426785,1033787,13:12:04.675503
180.520063,1429128,1035768,13:12:04.675503
180.52192,1431754,1037471,13:12:04.675503
180.523782,1434470,1039667,13:12:04.675503
180.525642,1437180,1041767,13:12:04.675503
180.52752,1440156,1043532,13:12:04.675503
180.529385,1442176,1045868,13:12:04.675503
180.531241,1445947,1047527,13:12:04.675503
180.533129,1448912,1049975,13:12:04.675503
180.534986,1451785,1051961,13:12:04.675503
180.536846,1454849,1054276,13:12:04.675503
180.538702,1458162,1056916,13:12:04.675503
180.540559,1461774,1059367,13:12:04.675503
180.542417,1465379,1062154,13:12:04.675503
180.544273,1468866,1064589,13:12:04.675503
180.546132,1472335,1066829,13:12:04.675503
180.547988,1475125,1068536,13:12:04.675503
180.549847,1477268,1070308,13:12:04.675503
180.551705,1479832,1071771,13:12:04.675503
180.553565,1481658,1073022,13:12:04.675503
180.555422,1483291,1074067,13:12:04.723984
180.557284,1484226,1074229,13:12:04.723984
180.559146,1484512,1074882,13:12:04.723984
180.561041,1484439,1074548,13:12:04.723984
180.562903,1483810,1073838,13:12:04.724985
180.564763,1482742,1072838,13:12:04.724985
180.56662,1481960,1072162,13:12:04.724985
180.56848,1480129,1070859,13:12:04.724985
180.570336,1478261,1069492,13:12:04.724985
180.572193,1475940,1067662,13:12:04.724985
180.574051,1473557,1065512,13:12:04.724985
180.575907,1470505,1063165,13:12:04.724985
180.577764,1467119,1060584,13:12:04.724985
180.57962,1463486,1057587,13:12:04.724985
180.581477,1458728,1054008,13:12:04.724985
180.583341,1452777,1050103,13:12:04.724985
180.585217,1448150,1046280,13:12:04.724985
180.587075,1442710,1041915,13:12:04.724985
180.588932,1436306,1036782,13:12:04.724985
180.59079,1429511,1031741,13:12:04.724985
180.592647,1422160,1026398,13:12:04.724985
180.594503,1414799,1020937,13:12:04.724985
180.596361,1407282,1015325,13:12:04.724985
180.598218,1399584,1009479,13:12:04.724985
180.600076,1391362,1003617,13:12:04.724985
180.601932,1382994,997675,13:12:04.724985
180.603789,1374905,991720,13:12:04.724985
180.605653,1366757,985551,13:12:04.776409
180.607519,1358280,979482,13:12:04.776409
180.609384,1349580,973488,13:12:04.776409
180.611294,1340546,967099,13:12:04.776409
180.613159,1332774,961044,13:12:04.776409
180.615024,1324237,955330,13:12:04.776409
180.616881,1316335,949649,13:12:04.776409
180.618741,1308937,944162,13:12:04.776409
180.620598,1301561,938772,13:12:04.776409
180.622456,1293808,934033,13:12:04.776409
180.624314,1287941,929659,13:12:04.776409
180.626171,1281294,925040,13:12:04.777410
180.628033,1275518,921180,13:12:04.777410
180.629889,1270217,917040,13:12:04.777410
180.631751,1263382,913479,13:12:04.777410
180.633616,1260254,909806,13:12:04.777410
180.635483,1255804,906638,13:12:04.777410
180.637341,1251465,903850,13:12:04.777410
180.639197,1246938,900763,13:12:04.777410
180.641055,1243024,897821,13:12:04.777410
180.642912,1238908,895029,13:12:04.777410
180.64477,1235166,892324,13:12:04.777410
180.646628,1231735,889925,13:12:04.777410
180.648485,1228305,887158,13:12:04.777410
180.650343,1224909,884791,13:12:04.777410
180.652199,1221812,883051,13:12:04.777410
180.654062,1219439,881216,13:12:04.777410
180.655926,1217144,880077,13:12:04.825732
180.657793,1215604,878686,13:12:04.825732
180.659656,1213774,877369,13:12:04.825732
180.661557,1211921,876261,13:12:04.825732
180.663415,1210573,875381,13:12:04.825732
180.665274,1209146,874446,13:12:04.825732
180.667132,1207932,873604,13:12:04.825732
180.66899,1206560,872715,13:12:04.825732
180.670847,1205432,872247,13:12:04.825732
180.672709,1204678,871518,13:12:04.825732
180.674566,1203606,870958,13:12:04.825732
180.676424,1203717,870737,13:12:04.825732
180.678282,1203297,871031,13:12:04.825732
180.680139,1203636,871347,13:12:04.825732
180.682017,1204919,872085,13:12:04.825732
180.683875,1204390,873418,13:12:04.825732
180.685742,1207262,874484,13:12:04.825732
180.6876,1208909,875644,13:12:04.825732
180.689456,1210997,877493,13:12:04.825732
180.691315,1213661,879510,13:12:04.825732
180.693171,1216319,881138,13:12:04.825732
180.695029,1218747,883156,13:12:04.825732
180.696886,1221314,884959,13:12:04.825732
180.698742,1223638,886420,13:12:04.825732
180.700604,1226146,888095,13:12:04.825732
180.702461,1228040,889544,13:12:04.825732
180.704319,1229715,890550,13:12:04.825732
180.706187,1230767,891249,13:12:04.877088
180.708048,1231312,891521,13:12:04.877088
180.709922,1231890,891435,13:12:04.877088
180.7118,1231828,891282,13:12:04.877088
180.713668,1231432,890998,13:12:04.877088
180.715527,1230727,890470,13:12:04.877088
180.717383,1230044,889990,13:12:04.877088
180.719242,1228715,888911,13:12:04.877088
180.721098,1226616,887074,13:12:04.877088
180.722956,1224772,885377,13:12:04.877088
180.724813,1221834,883297,13:12:04.877088
180.726669,1218681,880666,13:12:04.877088
180.728527,1214787,877505,13:12:04.877088
180.730391,1210022,874008,13:12:04.877088
180.732248,1204734,870227,13:12:04.877088
180.734108,1199868,866234,13:12:04.877088
180.735971,1194004,861876,13:12:04.877088
180.737827,1187614,856913,13:12:04.877088
180.739723,1180495,851740,13:12:04.877088
180.74158,1173128,846334,13:12:04.877088
180.743436,1165619,840849,13:12:04.877088
180.745302,1157618,834794,13:12:04.877088
180.747159,1149341,828552,13:12:04.877088
180.749015,1140449,822500,13:12:04.877088
180.750875,1131926,815887,13:12:04.877088
180.752732,1123347,809793,13:12:04.877088
180.75459,1114520,803785,13:12:04.929310
180.756454,1106457,797752,13:12:04.929310
180.758315,1098485,792171,13:12:04.929310
180.760219,1090923,786951,13:12:04.929310
180.762087,1083569,781651,13:12:04.929310
180.763952,1076411,776304,13:12:04.929310
180.765812,1069453,771550,13:12:04.929310
180.767671,1063304,767146,13:12:04.929310
180.769533,1057161,762920,13:12:04.929310
180.771389,1051112,758941,13:12:04.929310
180.773247,1045757,754841,13:12:04.929310
180.775104,1040709,751369,13:12:04.929310
180.77696,1036150,748062,13:12:04.929310
180.778818,1031416,744572,13:12:04.929310
180.78068,1027250,741905,13:12:04.929310
180.782539,1023012,739138,13:12:04.929310
180.784395,1017931,736802,13:12:04.929310
180.786262,1016664,734497,13:12:04.929310
180.788118,1013732,732475,13:12:04.929310
180.789974,1010963,730629,13:12:04.929310
180.791833,1008489,729067,13:12:04.929310
180.793691,1006340,727409,13:12:04.929310
180.795547,1004603,726275,13:12:04.929310
180.797404,1002907,724895,13:12:04.929310
180.79926,1001216,723955,13:12:04.929310
180.801116,999642,722808,13:12:04.929310
180.802982,998173,721912,13:12:04.929310
180.804839,996154,720531,13:12:04.980694
180.806707,994742,719520,13:12:04.980694
180.808572,993076,718246,13:12:04.980694
180.810476,990467,716335,13:12:04.980694
180.812338,987692,713988,13:12:04.980694
180.814197,985001,712328,13:12:04.980694
180.816053,982434,710541,13:12:04.980694
180.817911,979596,708857,13:12:04.980694
180.81977,977147,706774,13:12:04.980694
180.82163,974671,705070,13:12:04.980694
180.823486,971352,703070,13:12:04.980694
180.825345,968776,700621,13:12:04.980694
180.827203,965551,698469,13:12:04.980694
180.829059,962384,696093,13:12:04.980694
180.830916,958993,692983,13:12:04.980694
180.832778,955705,691463,13:12:04.980694
180.83464,953275,688658,13:12:04.980694
180.836521,945573,685342,13:12:04.980694
180.838387,945153,683399,13:12:04.980694
180.840243,941767,680734,13:12:04.980694
180.842102,937570,677665,13:12:04.980694
180.843958,934265,675420,13:12:04.980694
180.845817,931370,673131,13:12:04.980694
180.847673,928438,671006,13:12:04.980694
180.849531,925397,669297,13:12:04.980694
180.851388,923227,667291,13:12:04.980694
180.853244,920681,665407,13:12:04.980694
180.855102,917569,663690,13:12:05.032215
180.856969,915399,661877,13:12:05.032215
180.858829,913069,660571,13:12:05.032215
180.860731,911241,659141,13:12:05.032215
180.862589,908735,656906,13:12:05.032215
180.864449,906207,655769,13:12:05.032215
180.866306,904624,653730,13:12:05.032215
180.868173,901776,652259,13:12:05.032215
180.870029,899502,650046,13:12:05.032215
180.871885,896665,647687,13:12:05.032215
180.873744,892597,645654,13:12:05.032215
180.8756,890688,643292,13:12:05.032215
180.877458,886583,640901,13:12:05.032215
180.879315,883612,639586,13:12:05.032215
180.881175,882015,637959,13:12:05.032215
180.883035,879068,635952,13:12:05.032215
180.8849,876711,634736,13:12:05.032215
180.886776,875022,632517,13:12:05.032215
180.888644,871999,630588,13:12:05.032215
180.890501,869364,628403,13:12:05.032215
180.892357,866145,626290,13:12:05.032215
180.894214,862677,624029,13:12:05.032215
180.896074,859199,621109,13:12:05.032215
180.89793,855486,618731,13:12:05.032215
180.899788,852068,616170,13:12:05.032215
180.901645,849072,613777,13:12:05.032215
180.903501,845491,611698,13:12:05.032215
180.90536,842285,609475,13:12:05.082195
180.907228,839282,607408,13:12:05.082195
180.909088,836354,604734,13:12:05.082195
180.910982,832814,602639,13:12:05.082195
180.912839,830030,600445,13:12:05.082195
180.914699,826906,598112,13:12:05.082195
180.916555,823383,595491,13:12:05.082195
180.918414,819525,592033,13:12:05.082195
180.92027,814625,590493,13:12:05.083294
180.922127,814510,589060,13:12:05.083294
180.923983,809690,585124,13:12:05.083294
180.925839,804712,583307,13:12:05.083294
180.927698,803706,581882,13:12:05.083294
180.929554,800906,579378,13:12:05.083294
180.93141,796617,577273,13:12:05.083294
180.933267,794636,575155,13:12:05.083294
180.935133,791744,572837,13:12:05.083294
180.936991,788368,570326,13:12:05.083294
180.938855,785403,568368,13:12:05.083294
180.940712,782197,565508,13:12:05.083294
180.94257,778533,563110,13:12:05.083294
180.944465,775495,561732,13:12:05.083294
180.946323,774155,559713,13:12:05.083294
180.948179,771373,557733,13:12:05.083294
180.950038,768214,555977,13:12:05.083294
180.951894,765950,553588,13:12:05.083294
180.95376,762561,550609,13:12:05.083294
180.955623,758221,547318,13:12:05.135641
180.957492,753973,544274,13:12:05.136550
180.959354,749412,540680,13:12:05.136550
180.961275,744228,536737,13:12:05.136550
180.963164,739100,533453,13:12:05.136550
180.965022,735380,530894,13:12:05.136550
180.96688,731308,527952,13:12:05.136550
180.968747,726670,524863,13:12:05.136550
180.970603,723862,522441,13:12:05.136550
180.972459,720147,519492,13:12:05.136550
180.974318,715757,517729,13:12:05.136550
180.976174,713547,515583,13:12:05.136550
180.978032,708939,512234,13:12:05.136550
180.979889,705350,509962,13:12:05.136550
180.981745,702837,507610,13:12:05.136550
180.983603,698528,504466,13:12:05.136550
180.98546,693564,501372,13:12:05.136550
180.987316,689757,498421,13:12:05.136550
180.989173,685407,494638,13:12:05.136550
180.991037,679846,490969,13:12:05.136550
180.992895,675034,487139,13:12:05.136550
180.994777,669313,483371,13:12:05.136550
180.996638,664154,479167,13:12:05.136550
180.998494,658834,475541,13:12:05.136550
181.000353,653382,471986,13:12:05.136550
181.002209,648658,468580,13:12:05.136550
181.004065,643945,465129,13:12:05.136550
181.005938,639137,461911,13:12:05.185094
181.007798,635288,459448,13:12:05.185094
181.00966,631470,456294,13:12:05.185094
181.011559,626420,452816,13:12:05.185094
181.013415,622302,450172,13:12:05.185094
181.015273,618272,446949,13:12:05.185094
181.01713,613923,443582,13:12:05.185094
181.018986,609016,440589,13:12:05.185094
181.020844,605003,437326,13:12:05.185094
181.022701,600661,434017,13:12:05.185094
181.024559,596301,431136,13:12:05.185094
181.026415,592315,428461,13:12:05.185094
181.028274,588214,425537,13:12:05.185094
181.03013,584255,423161,13:12:05.185094
181.031988,581770,421800,13:12:05.185094
181.033845,579317,419778,13:12:05.185094
181.035701,577381,418376,13:12:05.185094
181.037562,575810,417463,13:12:05.185094
181.039421,574256,416122,13:12:05.185094
181.041278,570210,414747,13:12:05.185094
181.043137,570968,414021,13:12:05.185094
181.045003,570292,413786,13:12:05.185094
181.046859,569958,413102,13:12:05.185094
181.048716,569144,412931,13:12:05.185094
181.050574,569356,413145,13:12:05.185094
181.05243,569639,413251,13:12:05.185094
181.054287,569427,413076,13:12:05.185094
181.056165,569425,412868,13:12:05.243128
181.058025,569614,412454,13:12:05.243128
181.059894,568529,411731,13:12:05.243128
181.061772,567079,411092,13:12:05.243128
181.06363,566332,409966,13:12:05.243128
181.065487,565264,409197,13:12:05.243128
181.067343,563564,408345,13:12:05.243128
181.069201,563036,407572,13:12:05.243128
181.071058,561886,406701,13:12:05.243128
181.072914,560834,406210,13:12:05.243128
181.074772,559781,405700,13:12:05.243128
181.076637,559198,404705,13:12:05.243128
181.078493,558407,404067,13:12:05.243128
181.08035,557444,403504,13:12:05.243128
181.082208,556690,402589,13:12:05.243128
181.084064,555695,401963,13:12:05.243128
181.085923,554332,401342,13:12:05.243128
181.087779,553616,400652,13:12:05.243128
181.089635,552780,400305,13:12:05.243128
181.091512,552006,399977,13:12:05.243128
181.093376,552231,400112,13:12:05.243128
181.095232,551876,399809,13:12:05.243128
181.097089,551287,399653,13:12:05.243128
181.098949,551303,399580,13:12:05.243128
181.100807,550906,399388,13:12:05.243128
181.102664,550582,399380,13:12:05.243128
181.104522,550571,399572,13:12:05.243128
181.106387,550803,400088,13:12:05.253819
181.108247,551346,400464,13:12:05.253819
181.110137,551915,401042,13:12:05.253819
181.112015,552427,401658,13:12:05.253819
181.113876,553289,402494,13:12:05.254817
181.115732,553731,402884,13:12:05.254817
181.117598,554356,403307,13:12:05.254817
181.119455,554787,403261,13:12:05.254817
181.121311,554362,402837,13:12:05.254817
181.123169,554317,402730,13:12:05.254817
181.125028,553422,401913,13:12:05.254817
181.126886,552101,400788,13:12:05.254817
181.128742,550504,400048,13:12:05.254817
181.130599,548494,398560,13:12:05.254817
181.132457,546658,397049,13:12:05.254817
181.134317,544418,396098,13:12:05.254817
181.136174,542943,393969,13:12:05.254817
181.13803,540503,392569,13:12:05.254817
181.139894,538128,390901,13:12:05.254817
181.141753,536208,389298,13:12:05.254817
181.143609,534352,387798,13:12:05.254817
181.14547,532379,386681,13:12:05.254817
181.147328,530242,385024,13:12:05.254817
181.14921,527572,383248,13:12:05.254817
181.151082,525810,381882,13:12:05.254817
181.152939,524034,380507,13:12:05.254817
181.154797,522217,379048,13:12:05.302840
181.156657,520041,377454,13:12:05.302840
181.158518,518179,375815,13:12:05.302840
181.160453,515923,374119,13:12:05.302840
181.162338,513172,372218,13:12:05.302840
181.164196,510383,370304,13:12:05.302840
181.166053,508252,368681,13:12:05.302840
181.167909,505138,366064,13:12:05.302840
181.169767,501991,363924,13:12:05.302840
181.171624,499011,361517,13:12:05.302840
181.17348,495797,359333,13:12:05.303847
181.175337,492724,357188,13:12:05.303847
181.177197,489868,355261,13:12:05.303847
181.179053,487595,353221,13:12:05.303847
181.18091,484347,351152,13:12:05.303847
181.182768,482412,349744,13:12:05.303847
181.184624,480414,347961,13:12:05.303847
181.186483,477441,345651,13:12:05.303847
181.188339,474666,343938,13:12:05.303847
181.190199,473107,342246,13:12:05.303847
181.192058,470224,340292,13:12:05.303847
181.193924,467726,338792,13:12:05.303847
181.19578,465582,337326,13:12:05.303847
181.197637,463152,335177,13:12:05.303847
181.199495,461304,334037,13:12:05.303847
181.201351,459548,332726,13:12:05.303847
181.203208,457579,331360,13:12:05.303847
181.205066,455972,329911,13:12:05.354071
181.206935,453689,328591,13:12:05.354071
181.208795,451395,327052,13:12:05.354071
181.210693,449235,325349,13:12:05.354071
181.212551,447067,323536,13:12:05.354071
181.21441,444470,322056,13:12:05.354071
181.216268,442546,320529,13:12:05.354071
181.218127,439908,318964,13:12:05.354071
181.219983,437523,316925,13:12:05.354071
181.221839,435028,315084,13:12:05.354071
181.223696,432460,313393,13:12:05.354071
181.225559,429450,310851,13:12:05.354071
181.227416,424196,307033,13:12:05.354071
181.229273,421467,307449,13:12:05.354071
181.231131,422805,306964,13:12:05.354071
181.232987,418993,304057,13:12:05.354071
181.234846,415771,303011,13:12:05.354071
181.236704,413064,299467,13:12:05.354071
181.23856,409621,299752,13:12:05.354071
181.240419,411513,299373,13:12:05.354071
181.242279,407968,294568,13:12:05.354071
181.244137,400939,293922,13:12:05.354071
181.245994,405522,297548,13:12:05.354071
181.24785,406392,294216,13:12:05.354071
181.249709,399672,291113,13:12:05.354071
181.251565,399697,293156,13:12:05.354071
181.253421,402445,293396,13:12:05.354071
181.255278,400308,291462,13:12:05.403516
181.257162,398620,291530,13:12:05.403516
181.259022,400039,291793,13:12:05.403516
181.260943,397763,288978,13:12:05.403516
181.262803,394718,288117,13:12:05.403516
181.264659,394988,287678,13:12:05.403516
181.266518,393411,286414,13:12:05.403516
181.268378,391111,285234,13:12:05.403516
181.270234,391257,285979,13:12:05.403516
181.272092,392088,285732,13:12:05.403516
181.273949,391279,285467,13:12:05.403516
181.275805,391701,286561,13:12:05.403516
181.277664,393210,286914,13:12:05.404528
181.27952,393007,286226,13:12:05.404528
181.281378,392302,286259,13:12:05.404528
181.283235,392953,286608,13:12:05.404528
181.285095,392155,285665,13:12:05.404528
181.286951,390652,284952,13:12:05.404528
181.288808,390273,285201,13:12:05.404528
181.290666,390115,284032,13:12:05.404528
181.292522,388128,282782,13:12:05.404528
181.294381,387544,282483,13:12:05.404528
181.296237,387366,281864,13:12:05.404528
181.298094,385224,280160,13:12:05.404528
181.299952,383358,279370,13:12:05.404528
181.30181,382794,278575,13:12:05.404528
181.303693,380656,276844,13:12:05.404528
181.305555,378217,275683,13:12:05.455644
181.307417,377509,274649,13:12:05.455644
181.309279,375904,273013,13:12:05.455644
181.311194,372942,271594,13:12:05.455644
181.31305,371809,270304,13:12:05.455644
181.314906,369602,268532,13:12:05.455644
181.316763,366845,266714,13:12:05.455644
181.318621,364674,265575,13:12:05.455644
181.320478,363070,263892,13:12:05.455644
181.322334,361270,262976,13:12:05.455644
181.32419,360332,262427,13:12:05.455644
181.326055,359723,262123,13:12:05.455644
181.327911,359189,261890,13:12:05.455644
181.329767,359374,261877,13:12:05.455644
181.331626,358956,260997,13:12:05.455644
181.333482,356541,260263,13:12:05.455644
181.33534,357679,261762,13:12:05.455644
181.337197,359142,261275,13:12:05.455644
181.339053,357734,260528,13:12:05.455644
181.340912,357688,260974,13:12:05.455644
181.34277,358968,261562,13:12:05.455644
181.344634,358554,261367,13:12:05.455644
181.346491,358260,261638,13:12:05.455644
181.348349,358983,261663,13:12:05.455644
181.350205,358685,261179,13:12:05.455644
181.352064,358259,261559,13:12:05.455644
181.353922,358282,261428,13:12:05.455644
181.355788,357697,260571,13:12:05.502840
181.357651,356925,260667,13:12:05.502840
181.359512,356427,259945,13:12:05.502840
181.361416,355222,258861,13:12:05.502840
181.363303,353917,257498,13:12:05.502840
181.36516,350990,256818,13:12:05.503855
181.367022,351148,256986,13:12:05.503855
181.368881,350636,255272,13:12:05.506847
181.370747,347673,253534,13:12:05.506847
181.372603,346095,252896,13:12:05.507847
181.37446,344496,250939,13:12:05.507847
181.376318,340940,248163,13:12:05.507847
181.378174,337627,246680,13:12:05.507847
181.380031,336528,245490,13:12:05.507847
181.381889,334305,242775,13:12:05.507847
181.383745,329092,240426,13:12:05.509846
181.385604,328237,240236,13:12:05.509846
181.38746,327065,238056,13:12:05.509846
181.389324,322449,235031,13:12:05.509846
181.391181,320117,233541,13:12:05.509846
181.393037,317195,231721,13:12:05.509846
181.394895,315966,231289,13:12:05.509846
181.396752,314930,229869,13:12:05.509846
181.39861,312919,229327,13:12:05.509846
181.400467,312579,229103,13:12:05.509846
181.402323,311833,228529,13:12:05.509846
181.404181,311475,228757,13:12:05.509846
181.406056,311964,228776,13:12:05.553968
181.407916,311973,227978,13:12:05.553968
181.409782,309335,226831,13:12:05.553968
181.41168,309726,228100,13:12:05.553968
181.413539,311223,226967,13:12:05.553968
181.415395,306071,224192,13:12:05.553968
181.417253,304988,225482,13:12:05.553968
181.41911,308723,226122,13:12:05.553968
181.420968,305301,222077,13:12:05.553968
181.422826,300008,221261,13:12:05.553968
181.424683,303633,223924,13:12:05.553968
181.426543,304536,221169,13:12:05.553968
181.4284,297424,218466,13:12:05.553968
181.430258,299401,221696,13:12:05.553968
181.432114,302176,220140,13:12:05.553968
181.433971,296839,217562,13:12:05.553968
181.435829,295604,217748,13:12:05.553968
181.437689,296056,217470,13:12:05.553968
181.439548,294496,215779,13:12:05.553968
181.441404,292526,215033,13:12:05.553968
181.44327,292320,214435,13:12:05.553968
181.445127,290604,212877,13:12:05.553968
181.446991,288658,211836,13:12:05.553968
181.448855,287706,211062,13:12:05.553968
181.450712,286156,209703,13:12:05.553968
181.452572,284037,208354,13:12:05.553968
181.454428,282304,207233,13:12:05.553968
181.456289,280879,205854,13:12:05.602912
181.458157,278665,204113,13:12:05.602912
181.460021,276812,202996,13:12:05.604042
181.461942,274818,201367,13:12:05.604042
181.463802,272643,197698,13:12:05.604042
181.465661,264524,194187,13:12:05.604042
181.467519,265652,196174,13:12:05.604042
181.469379,266408,193962,13:12:05.604042
181.471243,261323,192271,13:12:05.604042
181.4731,261843,192485,13:12:05.604042
181.474956,260771,190390,13:12:05.604042
181.476814,257649,189216,13:12:05.604042
181.478671,257512,188804,13:12:05.604042
181.480527,255592,186898,13:12:05.604042
181.482383,253702,186201,13:12:05.604042
181.48424,251896,183031,13:12:05.604042
181.486096,246609,180828,13:12:05.604042
181.487956,246090,180852,13:12:05.604042
181.489817,245052,179447,13:12:05.604042
181.491673,243867,179104,13:12:05.604042
181.493533,244167,179013,13:12:05.604042
181.49539,242518,177724,13:12:05.604042
181.497246,240633,176819,13:12:05.604042
181.499104,240749,176579,13:12:05.604042
181.500961,240029,175945,13:12:05.604042
181.502817,239338,175458,13:12:05.604042
181.504705,238485,174682,13:12:05.652891
181.50657,237170,173983,13:12:05.652891
181.50843,236859,173822,13:12:05.652891
181.510328,236100,172827,13:12:05.652891
181.512203,235246,172689,13:12:05.652891
181.514059,234638,172367,13:12:05.652891
181.515915,233980,171969,13:12:05.652891
181.517774,234001,171553,13:12:05.652891
181.51963,233037,170830,13:12:05.652891
181.521488,232451,170481,13:12:05.652891
181.523345,231933,169835,13:12:05.652891
181.525201,230776,169314,13:12:05.652891
181.527059,230007,168882,13:12:05.653890
181.528922,229334,167958,13:12:05.653890
181.530778,228012,167315,13:12:05.653890
181.532635,227380,166711,13:12:05.653890
181.534493,225996,165805,13:12:05.653890
181.536349,224887,164952,13:12:05.653890
181.538206,223604,163998,13:12:05.653890
181.540064,222314,163266,13:12:05.653890
181.54192,221245,162540,13:12:05.653890
181.543779,220119,161402,13:12:05.653890
181.545635,218807,160725,13:12:05.653890
181.547499,217489,159542,13:12:05.653890
181.549356,216662,159062,13:12:05.653890
181.551212,215455,158162,13:12:05.653890
181.55307,214236,157399,13:12:05.653890
181.554927,213261,156709,13:12:05.706933
181.556797,212324,156114,13:12:05.706933
181.558658,211732,155722,13:12:05.706933
181.560572,211137,155447,13:12:05.706933
181.562456,210437,154889,13:12:05.706933
181.564312,210039,154473,13:12:05.706933
181.566169,209798,154562,13:12:05.706933
181.568025,209182,153834,13:12:05.706933
181.569882,209053,153621,13:12:05.706933
181.57174,208148,153057,13:12:05.706933
181.573596,207379,152725,13:12:05.706933
181.575454,206801,151971,13:12:05.706933
181.577311,206282,151444,13:12:05.706933
181.579167,205429,151035,13:12:05.706933
181.581025,205006,150698,13:12:05.706933
181.582882,204229,150277,13:12:05.706933
181.58474,203559,149770,13:12:05.706933
181.586597,203316,149263,13:12:05.706933
181.588459,202337,148712,13:12:05.706933
181.590315,201389,147733,13:12:05.706933
181.592172,200168,147269,13:12:05.706933
181.59403,199321,146734,13:12:05.706933
181.595886,198478,145837,13:12:05.706933
181.597743,197378,144833,13:12:05.706933
181.599599,196124,143781,13:12:05.706933
181.601455,194796,142708,13:12:05.706933
181.603312,192765,141232,13:12:05.706933
181.605168,191136,140073,13:12:05.756992
181.607042,189560,138393,13:12:05.756992
181.608903,187013,136684,13:12:05.756992
181.610795,184391,135114,13:12:05.756992
181.612653,182330,133454,13:12:05.756992
181.614511,179488,131027,13:12:05.756992
181.61637,176807,129238,13:12:05.756992
181.618226,173706,127063,13:12:05.756992
181.620087,170433,124353,13:12:05.756992
181.621943,167285,121566,13:12:05.756992
181.623804,163013,118805,13:12:05.756992
181.625662,159747,116613,13:12:05.756992
181.627518,156111,113721,13:12:05.756992
181.629378,152065,111093,13:12:05.756992
181.631235,148743,108041,13:12:05.756992
181.633091,144344,105184,13:12:05.756992
181.634948,140520,102509,13:12:05.756992
181.636814,136682,99258,13:12:05.756992
181.63867,132337,96179,13:12:05.756992
181.640527,127896,93451,13:12:05.756992
181.642385,124649,91259,13:12:05.756992
181.644241,121538,88297,13:12:05.756992
181.646098,117791,85261,13:12:05.756992
181.647956,113013,82452,13:12:05.756992
181.649812,111096,80993,13:12:05.756992
181.651675,108528,78634,13:12:05.756992
181.653531,104594,76157,13:12:05.756992
181.655391,102186,74722,13:12:05.803915
181.657254,99983,72379,13:12:05.803915
181.659148,96156,69851,13:12:05.803915
181.661054,93219,68046,13:12:05.803915
181.662948,90912,65450,13:12:05.803915
181.664805,87255,63459,13:12:05.803915
181.666661,84911,61602,13:12:05.803915
181.668517,82066,59468,13:12:05.803915
181.670376,79259,57522,13:12:05.803915
181.672232,76169,55586,13:12:05.803915
181.674089,73583,53178,13:12:05.803915
181.675947,70579,51420,13:12:05.803915
181.677805,68044,49669,13:12:05.803915
181.679664,65842,47537,13:12:05.803915
181.68152,63461,45486,13:12:05.803915
181.68338,59699,42923,13:12:05.803915
181.685239,56392,40732,13:12:05.803915
181.687097,54022,38162,13:12:05.803915
181.688953,49755,35767,13:12:05.803915
181.69081,47406,34111,13:12:05.803915
181.692668,45095,32132,13:12:05.803915
181.694524,41397,28777,13:12:05.803915
181.696381,37476,27442,13:12:05.803915
181.698239,35818,25264,13:12:05.803915
181.700095,31789,22106,13:12:05.803915
181.701954,28398,20748,13:12:05.803915
181.70381,26983,19517,13:12:05.803915
181.705671,24557,17291,13:12:05.855171
181.707537,22070,16278,13:12:05.855171
181.709398,21457,16103,13:12:05.855171
181.711323,20682,15309,13:12:05.855171
181.713188,20123,15619,13:12:05.855171
181.715044,21669,15896,13:12:05.856162
181.716904,19779,12641,13:12:05.856162
181.718763,14913,11834,13:12:05.856162
181.720621,17019,12922,13:12:05.856162
181.722477,16317,9711,13:12:05.856162
181.724334,10095,7688,13:12:05.856162
181.726192,10961,9468,13:12:05.856162
181.728056,12591,8649,13:12:05.856162
181.729913,9684,7121,13:12:05.856162
181.731771,10515,8622,13:12:05.856162
181.73363,11838,7834,13:12:05.856162
181.735486,9857,7232,13:12:05.856162
181.737342,9976,8070,13:12:05.856162
181.739201,10283,6963,13:12:05.856162
181.741057,7617,5946,13:12:05.856162
181.742913,7166,6082,13:12:05.856162
181.744772,7931,5848,13:12:05.856162
181.746634,6677,5414,13:12:05.856162
181.74849,7163,5769,13:12:05.856162
181.750347,8001,5798,13:12:05.856162
181.752205,7340,5132,13:12:05.856162
181.754063,6711,4925,13:12:05.856162
181.755936,6695,4847,13:12:05.903250
181.757804,5879,4372,13:12:05.903250
181.759666,5298,3684,13:12:05.903250
181.761575,4731,3686,13:12:05.903250
181.763437,4944,4033,13:12:05.903250
181.765293,4744,3736,13:12:05.903250
181.76715,4487,3616,13:12:05.903250
181.769015,4975,3893,13:12:05.903250
181.770876,4661,3408,13:12:05.903250
181.772733,4315,3212,13:12:05.903250
181.774597,4103,3583,13:12:05.903250
181.776453,3846,3053,13:12:05.903250
181.77831,3925,3254,13:12:05.903250
181.780168,4374,3243,13:12:05.903250
181.782024,4026,3146,13:12:05.903250
181.783883,4484,3487,13:12:05.903250
181.785739,4826,3729,13:12:05.903250
181.787601,4559,3503,13:12:05.903250
181.78946,4540,3389,13:12:05.903250
181.791326,4302,3164,13:12:05.903250
181.793182,4107,3201,13:12:05.903250
181.795039,4028,3012,13:12:05.903250
181.796897,3856,3403,13:12:05.903250
181.798753,4281,3129,13:12:05.903250
181.80061,4271,3132,13:12:05.903250
181.802468,4399,3286,13:12:05.903250
181.804324,4052,3014,13:12:05.903250
181.806187,3740,3173,13:12:05.957624
181.808047,3855,2873,13:12:05.957624
181.809919,3107,2626,13:12:05.957624
181.811819,3144,2988,13:12:05.957624
181.813678,3453,2790,13:12:05.957624
181.815536,3423,2424,13:12:05.957624
181.817393,3746,2815,13:12:05.957624
181.819249,3178,2471,13:12:05.957624
181.821107,2730,2118,13:12:05.957624
181.822966,2842,2049,13:12:05.957624
181.824826,2140,1476,13:12:05.957624
181.826682,1380,940,13:12:05.957624
181.828543,1373,1146,13:12:05.957624
181.830399,1046,924,13:12:05.957624
181.832255,825,1067,13:12:05.958623
181.834114,825,967,13:12:05.958623
181.83597,688,933,13:12:05.958623
181.837828,402,584,13:12:05.958623
181.839685,378,528,13:12:05.958623
181.841547,254,592,13:12:05.958623
181.843405,367,606,13:12:05.958623
181.845262,573,893,13:12:05.958623
181.847122,394,863,13:12:05.958623
181.848979,950,732,13:12:05.958623
181.850837,864,745,13:12:05.958623
181.852693,658,787,13:12:05.958623
181.85455,932,557,13:12:05.958623
181.856426,802,684,13:12:06.004058
181.858286,767,676,13:12:06.004058
181.860156,829,962,13:12:06.004058
181.862027,893,971,13:12:06.004058
181.863889,570,707,13:12:06.004058
181.865753,340,969,13:12:06.004058
181.86761,966,865,13:12:06.004058
181.869468,644,431,13:12:06.004058
181.871325,363,768,13:12:06.004058
181.873183,306,495,13:12:06.004058
181.875039,664,561,13:12:06.004058
181.876895,580,835,13:12:06.004058
181.878758,849,910,13:12:06.004058
181.880614,968,1066,13:12:06.004058
181.882473,745,1038,13:12:06.004058
181.884329,381,571,13:12:06.004058
181.886185,165,400,13:12:06.004058
181.888044,915,1116,13:12:06.004058
181.889903,983,806,13:12:06.004058
181.89176,628,805,13:12:06.005057
181.893617,851,928,13:12:06.005057
181.895479,89,797,13:12:06.005057
181.897335,2063,1582,13:12:06.005057
181.899192,1093,433,13:12:06.005057
181.90105,-378,122,13:12:06.005057
181.902907,810,1657,13:12:06.008057
181.904765,1600,665,13:12:06.053398
181.906627,-51,246,13:12:06.053398
181.908488,639,1578,13:12:06.053398
181.910384,1918,1094,13:12:06.053398
181.91227,-695,-269,13:12:06.053398
181.914132,-566,579,13:12:06.053398
181.915989,1423,1262,13:12:06.053398
181.917845,859,516,13:12:06.053398
181.919703,-3,997,13:12:06.053398
181.92156,2173,1637,13:12:06.053398
181.923418,1585,384,13:12:06.053398
181.925274,-730,-150,13:12:06.053398
181.927131,-450,579,13:12:06.053398
181.928989,459,405,13:12:06.053398
181.930853,-452,-76,13:12:06.053398
181.93271,-6,772,13:12:06.054403
181.934566,1425,1419,13:12:06.054403
181.936425,1551,1137,13:12:06.054403
181.938281,845,852,13:12:06.054403
181.940137,908,1253,13:12:06.054403
181.941994,1068,719,13:12:06.054403
181.94385,219,346,13:12:06.054403
181.945708,-186,268,13:12:06.054403
181.947565,272,718,13:12:06.054403
181.949431,600,682,13:12:06.054403
181.951287,552,809,13:12:06.054403
181.953144,998,1114,13:12:06.054403
181.955002,1284,1197,13:12:06.105213
181.956866,1343,937,13:12:06.105213
181.958727,1101,1125,13:12:06.105213
181.960655,823,895,13:12:06.105213
181.962529,922,850,13:12:06.105213
181.964387,812,1071,13:12:06.105213
181.966252,480,681,13:12:06.105213
181.968108,752,900,13:12:06.105213
181.969966,928,652,13:12:06.105213
181.971825,445,672,13:12:06.105213
181.973683,644,834,13:12:06.105213
181.97554,714,686,13:12:06.105213
181.977402,792,816,13:12:06.105213
181.979258,514,674,13:12:06.105213
181.981115,811,988,13:12:06.106204
181.982973,716,771,13:12:06.106204
181.984837,623,841,13:12:06.106204
181.986696,1218,1534,13:12:06.106204
181.988552,967,688,13:12:06.106204
181.990408,-47,341,13:12:06.106204
181.992267,-103,614,13:12:06.106204
181.994124,214,561,13:12:06.106204
181.995981,-259,146,13:12:06.106204
181.997838,-79,823,13:12:06.106204
181.999696,1893,1793,13:12:06.106204
182.001553,1747,527,13:12:06.106204
182.003409,-229,873,13:12:06.106204
182.005267,1473,1846,13:12:06.155705
182.00713,2239,726,13:12:06.155705
182.00899,-219,-4,13:12:06.155705
182.010894,171,1171,13:12:06.155705
182.012773,1425,1326,13:12:06.155705
182.014649,442,377,13:12:06.155705
182.016505,-173,753,13:12:06.155705
182.018363,1386,1582,13:12:06.155705
182.020222,1330,752,13:12:06.155705
182.022077,-276,446,13:12:06.156695
182.023934,694,1169,13:12:06.156695
182.025793,1492,1082,13:12:06.156695
182.027651,413,526,13:12:06.156695
182.029508,288,1199,13:12:06.156695
182.031364,1501,1113,13:12:06.156695
182.03322,795,384,13:12:06.156695
182.035082,-169,424,13:12:06.156695
182.036939,703,1270,13:12:06.156695
182.038797,1392,875,13:12:06.156695
182.040656,150,392,13:12:06.156695
182.042512,572,908,13:12:06.156695
182.044368,1160,1157,13:12:06.156695
182.046227,381,620,13:12:06.156695
182.048083,280,786,13:12:06.156695
182.049939,1153,888,13:12:06.156695
182.051798,768,553,13:12:06.156695
182.05366,237,556,13:12:06.156695
182.055518,851,1315,13:12:06.207944
182.057391,1564,967,13:12:06.207944
182.059251,721,630,13:12:06.207944
182.061176,604,1044,13:12:06.207944
182.063082,1289,770,13:12:06.207944
182.064968,518,713,13:12:06.207944
182.066824,221,638,13:12:06.207944
182.068686,965,904,13:12:06.207944
182.070545,834,507,13:12:06.207944
182.072401,364,859,13:12:06.207944
182.074259,771,1124,13:12:06.207944
182.076116,1037,1250,13:12:06.207944
182.077978,749,896,13:12:06.207944
182.079834,465,717,13:12:06.207944
182.081691,655,1041,13:12:06.207944
182.083553,1060,462,13:12:06.207944
182.085409,484,845,13:12:06.207944
182.087268,937,1182,13:12:06.207944
182.089124,1056,979,13:12:06.207944
182.090981,645,1129,13:12:06.207944
182.092839,679,915,13:12:06.207944
182.094698,1023,699,13:12:06.207944
182.096556,778,739,13:12:06.207944
182.098412,490,720,13:12:06.207944
182.100274,831,939,13:12:06.208956
182.102131,771,689,13:12:06.208956
182.103987,850,1114,13:12:06.208956
182.105855,500,1122,13:12:06.265921
182.107716,986,1034,13:12:06.265921
182.10958,613,735,13:12:06.265921
182.111484,642,849,13:12:06.265921
182.113347,932,859,13:12:06.265921
182.115208,-891,805,13:12:06.265921
182.117107,504,934,13:12:06.265921
182.118963,685,916,13:12:06.265921
182.120822,798,1017,13:12:06.265921
182.122678,504,662,13:12:06.265921
182.124537,823,1195,13:12:06.265921
182.126393,759,1197,13:12:06.265921
182.128251,745,760,13:12:06.265921
182.130108,656,823,13:12:06.265921
182.131964,730,776,13:12:06.265921
182.133824,681,761,13:12:06.266916
182.135681,455,606,13:12:06.266916
182.137539,580,1059,13:12:06.266916
182.139395,833,884,13:12:06.266916
182.141252,614,878,13:12:06.266916
182.143108,612,535,13:12:06.266916
182.144965,659,979,13:12:06.266916
182.146827,741,796,13:12:06.266916
182.148683,666,970,13:12:06.266916
182.150542,675,746,13:12:06.266916
182.152398,890,731,13:12:06.266916
182.154254,433,784,13:12:06.266916
182.156123,573,1142,13:12:06.310398
182.157983,763,851,13:12:06.310398
182.159851,745,738,13:12:06.310398
182.161767,481,577,13:12:06.310398
182.163629,696,654,13:12:06.310398
182.165496,413,746,13:12:06.310398
182.167372,257,1008,13:12:06.310398
182.169229,733,1011,13:12:06.310398
182.171087,842,1149,13:12:06.310398
182.172944,501,960,13:12:06.310398
182.17481,783,1057,13:12:06.310398
182.176666,827,964,13:12:06.310398
182.178529,651,828,13:12:06.310398
182.180385,740,885,13:12:06.310398
182.182241,588,894,13:12:06.310398
182.1841,723,950,13:12:06.310398
182.185956,722,968,13:12:06.310398
182.187814,605,931,13:12:06.310398
182.189671,621,922,13:12:06.310398
182.191531,442,658,13:12:06.310398
182.193387,514,835,13:12:06.310398
182.195244,610,1279,13:12:06.310398
182.197106,732,904,13:12:06.310398
182.198963,737,734,13:12:06.310398
182.200821,669,849,13:12:06.310398
182.202677,676,982,13:12:06.310398
182.204534,586,962,13:12:06.310398
182.206398,752,949,13:12:06.361308
182.208258,814,920,13:12:06.361308
182.210148,751,935,13:12:06.361308
182.212021,707,1228,13:12:06.361308
182.213883,521,889,13:12:06.361308
182.215742,729,1046,13:12:06.362306
182.217602,388,837,13:12:06.362306
182.219488,596,915,13:12:06.362306
182.221345,656,903,13:12:06.362306
182.223201,433,917,13:12:06.362306
182.225061,670,1052,13:12:06.362306
182.226918,742,942,13:12:06.362306
182.228774,510,1076,13:12:06.362306
182.23063,605,510,13:12:06.362306
182.232489,549,1040,13:12:06.362306
182.234347,548,841,13:12:06.362306
182.236204,378,820,13:12:06.362306
182.238064,817,872,13:12:06.362306
182.23992,508,899,13:12:06.362306
182.241778,651,852,13:12:06.362306
182.243635,449,1211,13:12:06.362306
182.245491,649,1027,13:12:06.362306
182.24735,558,1009,13:12:06.362306
182.24921,654,819,13:12:06.362306
182.251068,756,1044,13:12:06.362306
182.252925,665,774,13:12:06.362306
182.254791,551,637,13:12:06.413905
182.256655,530,1052,13:12:06.413905
182.258523,600,833,13:12:06.413905
182.260422,598,811,13:12:06.413905
182.26228,529,841,13:12:06.413905
182.264136,626,987,13:12:06.413905
182.265997,673,864,13:12:06.413905
182.267858,536,865,13:12:06.413905
182.269719,-579,527,13:12:06.413905
182.271576,426,917,13:12:06.413905
182.27344,641,857,13:12:06.414898
182.275299,626,918,13:12:06.414898
182.277155,511,848,13:12:06.414898
182.279013,657,954,13:12:06.414898
182.280874,705,1028,13:12:06.414898
182.282734,515,752,13:12:06.414898
182.28459,606,920,13:12:06.414898
182.286449,1053,936,13:12:06.414898
182.288307,658,821,13:12:06.414898
182.290169,569,1070,13:12:06.414898
182.292028,507,933,13:12:06.414898
182.293884,567,888,13:12:06.414898
182.29575,633,704,13:12:06.414898
182.297607,493,685,13:12:06.414898
182.299463,414,942,13:12:06.414898
182.301322,682,917,13:12:06.414898
182.303178,644,745,13:12:06.414898
182.305034,714,888,13:12:06.464170
182.306915,340,948,13:12:06.464170
182.308775,378,891,13:12:06.464170
182.310667,534,746,13:12:06.464170
182.312525,668,902,13:12:06.464170
182.314384,405,659,13:12:06.464170
182.31624,511,706,13:12:06.464170
182.318097,498,934,13:12:06.464170
182.319979,411,991,13:12:06.464170
182.321849,-616,920,13:12:06.464170
182.323705,898,1017,13:12:06.464170
182.325562,586,1124,13:12:06.464170
182.327418,622,843,13:12:06.464170
182.329277,388,797,13:12:06.464170
182.331133,545,854,13:12:06.464170
182.332989,660,739,13:12:06.464170
182.334846,554,826,13:12:06.464170
182.33671,559,921,13:12:06.464170
182.338566,492,1301,13:12:06.464170
182.340423,552,897,13:12:06.464170
182.342281,614,936,13:12:06.464170
182.344137,529,795,13:12:06.464170
182.345994,465,786,13:12:06.464170
182.34785,362,792,13:12:06.464170
182.349706,434,782,13:12:06.464170
182.351563,610,1104,13:12:06.464170
182.35342,540,786,13:12:06.464170
182.355281,537,1191,13:12:06.516158
182.357154,733,1010,13:12:06.516158
182.35902,322,936,13:12:06.516158
182.360924,167,736,13:12:06.516158
182.362783,369,890,13:12:06.516158
182.364639,708,1235,13:12:06.516158
182.366495,687,895,13:12:06.516158
182.368358,435,1036,13:12:06.516158
182.370218,389,847,13:12:06.516158
182.372078,-773,638,13:12:06.516158
182.373935,595,1004,13:12:06.516158
182.375795,477,1005,13:12:06.516158
182.377653,659,643,13:12:06.516158
182.379554,786,896,13:12:06.516158
182.381411,625,788,13:12:06.516158
182.38327,577,968,13:12:06.516158
182.385127,450,998,13:12:06.516158
182.386993,567,906,13:12:06.516158
182.388849,715,758,13:12:06.516158
182.390706,820,711,13:12:06.516158
182.392564,685,1020,13:12:06.516158
182.39442,635,1166,13:12:06.516158
182.396277,680,853,13:12:06.516158
182.398133,464,1000,13:12:06.516158
182.399989,566,1018,13:12:06.516158
182.401846,767,896,13:12:06.516158
182.403703,837,939,13:12:06.516158
182.405571,522,875,13:12:06.570852
182.407433,579,1094,13:12:06.570852
182.409297,545,1005,13:12:06.570852
182.411209,523,826,13:12:06.570852
182.413066,666,879,13:12:06.570852
182.414932,479,781,13:12:06.570852
182.416788,718,965,13:12:06.570852
182.418647,757,897,13:12:06.570852
182.420507,218,989,13:12:06.570852
182.422363,593,1046,13:12:06.570852
182.424226,12,680,13:12:06.570852
182.426082,573,737,13:12:06.570852
182.427945,851,1011,13:12:06.570852
182.429803,561,992,13:12:06.570852
182.431659,715,766,13:12:06.570852
182.433518,482,689,13:12:06.570852
182.435378,452,597,13:12:06.570852
182.437236,431,785,13:12:06.570852
182.439093,618,807,13:12:06.570852
182.440949,570,798,13:12:06.570852
182.442805,484,882,13:12:06.570852
182.444662,619,1200,13:12:06.570852
182.446522,565,874,13:12:06.570852
182.448378,521,897,13:12:06.570852
182.450237,731,903,13:12:06.570852
182.452093,804,1051,13:12:06.570852
182.453949,438,854,13:12:06.570852
182.455818,435,1016,13:12:06.619604
182.45768,596,746,13:12:06.619604
182.459544,425,720,13:12:06.619604
182.461449,301,883,13:12:06.619604
182.463309,925,777,13:12:06.619604
182.465173,364,934,13:12:06.619604
182.46703,614,834,13:12:06.619604
182.468888,788,782,13:12:06.619604
182.470752,236,924,13:12:06.619604
182.472614,548,1070,13:12:06.619604
182.474503,-592,1093,13:12:06.619604
182.476359,476,935,13:12:06.619604
182.478218,658,798,13:12:06.619604
182.480074,779,808,13:12:06.619604
182.48193,527,708,13:12:06.619604
182.483789,596,826,13:12:06.619604
182.485645,541,950,13:12:06.619604
182.487501,455,1099,13:12:06.619604
182.489358,781,1007,13:12:06.619604
182.491222,632,1065,13:12:06.619604
182.493078,777,1064,13:12:06.619604
182.494935,816,980,13:12:06.619604
182.496793,603,860,13:12:06.619604
182.498649,761,1024,13:12:06.619604
182.500506,781,981,13:12:06.619604
182.502362,731,965,13:12:06.619604
182.504219,857,926,13:12:06.619604
182.506081,519,1018,13:12:06.669872
182.50794,439,1034,13:12:06.669872
182.509805,683,894,13:12:06.669872
182.511696,378,854,13:12:06.669872
182.513552,627,1079,13:12:06.669872
182.515411,610,1028,13:12:06.669872
182.517267,618,822,13:12:06.669872
182.519123,335,804,13:12:06.669872
182.52098,660,852,13:12:06.669872
182.522838,299,869,13:12:06.669872
182.524694,682,860,13:12:06.669872
182.526551,-1599,864,13:12:06.669872
182.528433,615,992,13:12:06.669872
182.530289,674,942,13:12:06.669872
182.532148,651,1008,13:12:06.669872
182.534004,695,833,13:12:06.669872
182.53586,815,814,13:12:06.669872
182.537719,501,859,13:12:06.669872
182.539577,557,982,13:12:06.669872
182.541433,424,892,13:12:06.669872
182.54329,906,1078,13:12:06.669872
182.545148,707,818,13:12:06.669872
182.547004,655,930,13:12:06.669872
182.548861,581,587,13:12:06.669872
182.550719,578,955,13:12:06.669872
182.552576,790,1296,13:12:06.669872
182.554434,750,927,13:12:06.669872
182.5563,839,949,13:12:06.721654
182.558163,373,1062,13:12:06.721654
182.560035,724,742,13:12:06.721654
182.561927,600,1173,13:12:06.721654
182.563787,919,974,13:12:06.721654
182.565644,457,829,13:12:06.721654
182.5675,485,1088,13:12:06.721654
182.569358,630,1149,13:12:06.721654
182.571221,490,871,13:12:06.721654
182.57308,755,933,13:12:06.721654
182.574942,377,798,13:12:06.721654
182.576802,-899,808,13:12:06.721654
182.57866,542,868,13:12:06.721654
182.580517,812,932,13:12:06.721654
182.582379,756,995,13:12:06.721654
182.584235,603,961,13:12:06.721654
182.586094,841,861,13:12:06.721654
182.58795,632,1024,13:12:06.721654
182.589806,569,901,13:12:06.721654
182.591665,896,827,13:12:06.721654
182.593523,431,889,13:12:06.721654
182.595379,716,890,13:12:06.721654
182.597236,675,1143,13:12:06.721654
182.599092,491,981,13:12:06.721654
182.600949,575,1112,13:12:06.721654
182.602805,585,858,13:12:06.721654
182.604661,568,1077,13:12:06.771116
182.606538,642,999,13:12:06.771116
182.608398,588,928,13:12:06.771116
182.610307,485,970,13:12:06.771116
182.61218,411,780,13:12:06.771116
182.614039,667,962,13:12:06.771116
182.615895,652,853,13:12:06.771116
182.617759,615,845,13:12:06.771116
182.619616,681,773,13:12:06.771116
182.621472,776,667,13:12:06.771116
182.62333,309,1042,13:12:06.771116
182.625187,179,706,13:12:06.771116
182.627063,721,1088,13:12:06.771116
182.628927,-1272,935,13:12:06.771116
182.630792,499,1012,13:12:06.771116
182.63265,661,994,13:12:06.771116
182.634506,652,715,13:12:06.771116
182.636365,422,904,13:12:06.771116
182.638221,651,680,13:12:06.771116
182.640081,980,992,13:12:06.771116
182.64194,592,830,13:12:06.771116
182.643806,597,1003,13:12:06.771116
182.645663,574,1021,13:12:06.771116
182.647519,706,969,13:12:06.771116
182.649381,624,1037,13:12:06.771116
182.651238,577,846,13:12:06.771116
182.653094,580,1025,13:12:06.771116
182.654952,730,1000,13:12:06.825657
182.656819,723,1350,13:12:06.825657
182.658679,605,1192,13:12:06.825657
182.660582,790,908,13:12:06.825657
182.662445,575,1152,13:12:06.825657
182.664304,515,998,13:12:06.825657
182.66616,860,914,13:12:06.825657
182.668019,172,849,13:12:06.825657
182.669875,132,761,13:12:06.825657
182.671731,748,1153,13:12:06.825657
182.67359,-12,911,13:12:06.825657
182.675445,338,942,13:12:06.825657
182.677304,903,958,13:12:06.825657
182.679163,48,774,13:12:06.825657
182.681025,839,920,13:12:06.825657
182.682881,678,977,13:12:06.825657
182.684742,766,803,13:12:06.825657
182.686628,652,723,13:12:06.825657
182.688484,636,1010,13:12:06.825657
182.690347,518,926,13:12:06.825657
182.692203,455,843,13:12:06.825657
182.694059,583,1091,13:12:06.825657
182.695918,839,1073,13:12:06.825657
182.697774,682,940,13:12:06.825657
182.699632,593,991,13:12:06.825657
182.701489,658,1071,13:12:06.825657
182.703351,479,883,13:12:06.825657
182.705209,871,1042,13:12:06.876320
182.707076,528,1020,13:12:06.876320
182.708936,775,788,13:12:06.876320
182.710864,664,847,13:12:06.876320
182.712724,443,952,13:12:06.876320
182.714585,486,1050,13:12:06.876320
182.716444,693,1026,13:12:06.876320
182.718304,770,867,13:12:06.876320
182.720166,766,908,13:12:06.876320
182.722022,327,758,13:12:06.876320
182.723881,348,944,13:12:06.876320
182.725737,771,1043,13:12:06.876320
182.727595,462,1305,13:12:06.876320
182.729452,290,1036,13:12:06.877320
182.731314,494,960,13:12:06.877320
182.733176,-935,702,13:12:06.877320
182.735035,617,954,13:12:06.877320
182.736897,754,983,13:12:06.877320
182.738754,785,825,13:12:06.877320
182.740612,782,1059,13:12:06.877320
182.742468,668,1007,13:12:06.877320
182.744325,686,983,13:12:06.877320
182.746183,789,814,13:12:06.877320
182.748044,877,1063,13:12:06.877320
182.749902,419,915,13:12:06.877320
182.751758,833,1041,13:12:06.877320
182.75362,609,904,13:12:06.877320
182.755479,430,803,13:12:06.928282
182.757357,924,912,13:12:06.928282
182.759217,660,882,13:12:06.928282
182.761122,607,1118,13:12:06.928282
182.762982,806,1007,13:12:06.928282
182.76484,389,1235,13:12:06.928282
182.766697,384,996,13:12:06.928282
182.768553,639,1154,13:12:06.928282
182.770409,502,1006,13:12:06.928282
182.772274,832,776,13:12:06.928282
182.77413,561,753,13:12:06.928282
182.775986,333,811,13:12:06.928282
182.777845,888,977,13:12:06.928282
182.779706,515,878,13:12:06.928282
182.78159,-989,965,13:12:06.928282
182.783456,664,942,13:12:06.928282
182.785333,794,961,13:12:06.929310
182.787206,762,913,13:12:06.929310
182.789063,622,1171,13:12:06.929310
182.790921,776,1125,13:12:06.929310
182.792777,728,803,13:12:06.929310
182.794634,697,951,13:12:06.929310
182.796492,438,1164,13:12:06.929310
182.798348,835,964,13:12:06.929310
182.800207,587,830,13:12:06.929310
182.802063,652,974,13:12:06.929310
182.803919,599,1025,13:12:06.929310
182.805782,600,1030,13:12:06.976227
182.80765,747,1138,13:12:06.976227
182.809514,612,683,13:12:06.976227
182.811413,640,977,13:12:06.976227
182.813269,548,1035,13:12:06.976227
182.815127,813,898,13:12:06.976227
182.816986,695,1136,13:12:06.976227
182.818846,620,828,13:12:06.976227
182.820702,551,891,13:12:06.976227
182.822563,298,984,13:12:06.976227
182.824421,542,908,13:12:06.976227
182.826277,798,1116,13:12:06.976227
182.828138,473,1013,13:12:06.976227
182.829994,815,762,13:12:06.976227
182.831854,416,803,13:12:06.976227
182.833735,458,977,13:12:06.976227
182.835591,-182,940,13:12:06.976227
182.837453,824,1154,13:12:06.976227
182.83931,569,987,13:12:06.976227
182.841168,612,1092,13:12:06.976227
182.843024,734,1143,13:12:06.976227
182.844881,378,898,13:12:06.976227
182.846737,658,1066,13:12:06.976227
182.848601,996,771,13:12:06.976227
182.850458,666,966,13:12:06.976227
182.852314,727,826,13:12:06.976227
182.854173,804,849,13:12:06.976227
182.856045,583,739,13:12:07.029224
182.857905,972,1126,13:12:07.029224
182.859769,698,1042,13:12:07.029224
182.861674,503,1031,13:12:07.029224
182.86353,669,886,13:12:07.029224
182.865388,634,825,13:12:07.029224
182.867249,681,1031,13:12:07.029224
182.869105,712,759,13:12:07.029224
182.870961,637,812,13:12:07.029224
182.87282,187,1121,13:12:07.029224
182.874676,944,1006,13:12:07.029224
182.876536,232,838,13:12:07.029224
182.878395,857,853,13:12:07.029224
182.880252,169,1043,13:12:07.029224
182.882119,870,1257,13:12:07.029224
182.883978,-532,1234,13:12:07.029224
182.885836,646,1253,13:12:07.029224
182.887706,655,1113,13:12:07.029224
182.889583,658,944,13:12:07.029224
182.891441,584,771,13:12:07.029224
182.893297,665,934,13:12:07.029224
182.89516,916,818,13:12:07.029224
182.897018,631,912,13:12:07.029224
182.898884,728,915,13:12:07.029224
182.900741,952,1003,13:12:07.029224
182.902597,878,792,13:12:07.029224
182.904455,779,899,13:12:07.029224
182.90632,798,753,13:12:07.079048
182.90818,603,893,13:12:07.079048
182.91006,664,821,13:12:07.079048
182.911943,913,830,13:12:07.079048
182.913807,772,1063,13:12:07.079048
182.915665,689,909,13:12:07.079048
182.917522,754,1073,13:12:07.079048
182.919384,750,948,13:12:07.079048
182.92124,519,795,13:12:07.079048
182.923099,335,841,13:12:07.079048
182.924957,303,974,13:12:07.079048
182.926813,230,1037,13:12:07.079048
182.928672,726,1145,13:12:07.079048
182.930528,435,1136,13:12:07.079048
182.932387,649,1023,13:12:07.079048
182.934243,751,945,13:12:07.079048
182.936109,-1003,613,13:12:07.079048
182.937968,804,1122,13:12:07.079048
182.939824,663,1077,13:12:07.079048
182.941682,891,962,13:12:07.079048
182.943539,824,957,13:12:07.079048
182.945397,880,1241,13:12:07.079048
182.947253,744,1144,13:12:07.079048
182.94911,815,1060,13:12:07.079048
182.950966,803,1022,13:12:07.079048
182.95283,785,962,13:12:07.079048
182.954687,671,892,13:12:07.137744
182.956549,798,1122,13:12:07.137744
182.958411,1000,759,13:12:07.137744
182.960318,974,1197,13:12:07.137744
182.962182,680,977,13:12:07.137744
182.964038,781,981,13:12:07.137744
182.965897,729,1238,13:12:07.137744
182.967753,920,1038,13:12:07.137744
182.969611,690,1158,13:12:07.137744
182.971468,730,801,13:12:07.137744
182.97333,840,965,13:12:07.137744
182.975188,493,1116,13:12:07.137744
182.977047,813,928,13:12:07.137744
182.978903,927,819,13:12:07.137744
182.980761,634,1007,13:12:07.137744
182.98262,799,1029,13:12:07.137744
182.98449,844,985,13:12:07.137744
182.986374,-1095,955,13:12:07.137744
182.988237,740,801,13:12:07.137744
182.990095,719,928,13:12:07.137744
182.991955,642,926,13:12:07.137744
182.993812,851,1292,13:12:07.137744
182.99567,792,1110,13:12:07.137744
182.997526,777,832,13:12:07.137744
182.999389,810,803,13:12:07.137744
183.001247,493,1214,13:12:07.137744
183.003113,761,1087,13:12:07.137744
183.00497,581,1020,13:12:07.182295
183.006836,830,1046,13:12:07.182295
183.008696,821,1014,13:12:07.182295
183.010603,630,944,13:12:07.182295
183.012459,841,908,13:12:07.182295
183.014317,690,904,13:12:07.182295
183.016174,773,1063,13:12:07.183281
183.018036,744,1105,13:12:07.183281
183.019894,693,1010,13:12:07.183281
183.021761,874,1150,13:12:07.183281
183.023617,841,1067,13:12:07.183281
183.025473,673,1005,13:12:07.183281
183.027332,714,1218,13:12:07.183281
183.029188,827,955,13:12:07.183281
183.031044,812,1246,13:12:07.183281
183.032903,498,1229,13:12:07.183281
183.034761,475,662,13:12:07.183281
183.036618,968,1124,13:12:07.183281
183.03848,-45,972,13:12:07.183281
183.040356,976,1048,13:12:07.183281
183.042212,787,859,13:12:07.183281
183.044072,1000,1249,13:12:07.183281
183.045929,834,839,13:12:07.183281
183.047786,877,1325,13:12:07.183281
183.049644,881,1173,13:12:07.184282
183.0515,839,960,13:12:07.184282
183.053357,946,967,13:12:07.184282
183.055213,664,1095,13:12:07.235011
183.057085,992,1060,13:12:07.235011
183.058946,1098,898,13:12:07.235011
183.060832,486,893,13:12:07.235011
183.06269,1069,1038,13:12:07.235011
183.064549,774,994,13:12:07.235011
183.066405,641,1172,13:12:07.235011
183.068263,947,1152,13:12:07.235011
183.07012,715,814,13:12:07.235011
183.071982,723,926,13:12:07.235011
183.07384,588,1107,13:12:07.235011
183.075697,840,907,13:12:07.235011
183.077559,731,960,13:12:07.235011
183.079418,808,1064,13:12:07.235011
183.081276,556,1093,13:12:07.235011
183.083132,932,788,13:12:07.235011
183.084989,604,1098,13:12:07.235011
183.086853,379,991,13:12:07.235011
183.088709,-286,1101,13:12:07.235011
183.090568,968,1110,13:12:07.235011
183.092424,882,981,13:12:07.235011
183.094284,743,1378,13:12:07.235011
183.096141,569,1088,13:12:07.235011
183.097997,864,1199,13:12:07.235011
183.099855,931,1001,13:12:07.235011
183.101712,647,808,13:12:07.235011
183.10357,959,992,13:12:07.235011
183.105427,825,1144,13:12:07.284127
183.107301,671,1140,13:12:07.284127
183.109161,970,918,13:12:07.284127
183.111063,946,1264,13:12:07.284127
183.112922,639,878,13:12:07.284127
183.114778,765,959,13:12:07.284127
183.116634,837,1220,13:12:07.284127
183.118495,662,961,13:12:07.284127
183.120351,936,1094,13:12:07.284127
183.122209,623,1086,13:12:07.284127
183.124066,783,1247,13:12:07.284127
183.125928,928,803,13:12:07.284127
183.127787,695,1120,13:12:07.284127
183.129653,845,996,13:12:07.284127
183.131509,861,1129,13:12:07.284127
183.133366,947,1083,13:12:07.284127
183.135224,720,1178,13:12:07.284127
183.13708,1202,997,13:12:07.284127
183.138957,607,842,13:12:07.284127
183.140835,669,1081,13:12:07.284127
183.142695,-641,978,13:12:07.285144
183.144559,855,1029,13:12:07.285144
183.146416,634,981,13:12:07.285144
183.148272,799,894,13:12:07.285144
183.15013,1069,1041,13:12:07.285144
183.151987,1158,904,13:12:07.285144
183.153845,961,981,13:12:07.289246
183.155708,816,1073,13:12:07.336338
183.15757,727,1022,13:12:07.336338
183.159432,872,950,13:12:07.336338
183.161354,416,1070,13:12:07.336338
183.163237,699,1057,13:12:07.336338
183.165095,896,954,13:12:07.336338
183.166958,499,957,13:12:07.336338
183.168816,807,1104,13:12:07.336338
183.170672,1067,1150,13:12:07.336338
183.172534,882,845,13:12:07.336338
183.174391,588,857,13:12:07.336338
183.176247,1070,1021,13:12:07.336338
183.178107,631,1042,13:12:07.336338
183.179964,360,851,13:12:07.336338
183.181826,646,825,13:12:07.336338
183.183682,825,685,13:12:07.336338
183.185539,279,883,13:12:07.336338
183.187398,717,958,13:12:07.336338
183.18926,478,1069,13:12:07.336338
183.191118,-1576,1033,13:12:07.336338
183.19298,802,892,13:12:07.336338
183.194844,1110,1176,13:12:07.336338
183.196702,840,828,13:12:07.336338
183.198593,988,1108,13:12:07.336338
183.200451,1011,865,13:12:07.336338
183.202308,868,944,13:12:07.336338
183.204168,1065,1035,13:12:07.336338
183.20603,902,849,13:12:07.353420
183.207896,636,1055,13:12:07.353420
183.209762,959,889,13:12:07.353420
183.211677,778,1000,13:12:07.353420
183.213535,505,1136,13:12:07.353420
183.215396,796,821,13:12:07.353420
183.217252,873,1068,13:12:07.353420
183.21911,620,947,13:12:07.353420
183.220967,912,1187,13:12:07.353420
183.222831,526,1195,13:12:07.353420
183.224689,1016,869,13:12:07.353420
183.226546,259,997,13:12:07.353420
183.228406,611,1046,13:12:07.353420
183.230263,545,860,13:12:07.353420
183.232121,783,823,13:12:07.353420
183.233977,249,1003,13:12:07.353420
183.235836,1000,1140,13:12:07.353420
183.237694,676,955,13:12:07.353420
183.239552,865,1053,13:12:07.353420
183.241411,445,960,13:12:07.353420
183.243267,381,910,13:12:07.353420
183.245177,520,1093,13:12:07.353420
183.247035,744,882,13:12:07.353420
183.248892,1007,1064,13:12:07.353420
183.25075,547,998,13:12:07.353420
183.252607,840,970,13:12:07.353420
183.254467,976,1091,13:12:07.353420
183.256325,847,1021,13:12:07.404768
183.25819,781,1149,13:12:07.404768
183.260068,960,984,13:12:07.404768
183.261948,917,920,13:12:07.404768
183.263804,1012,870,13:12:07.404768
183.265663,994,1053,13:12:07.404768
183.267524,800,976,13:12:07.404768
183.269382,812,1071,13:12:07.404768
183.271238,859,897,13:12:07.404768
183.2731,744,911,13:12:07.404768
183.274957,891,1124,13:12:07.404768
183.276813,602,854,13:12:07.404768
183.278673,909,948,13:12:07.404768
183.28053,802,838,13:12:07.404768
183.282386,854,1038,13:12:07.404768
183.284242,925,952,13:12:07.404768
183.286101,619,926,13:12:07.404768
183.287959,912,1006,13:12:07.404768
183.289816,911,903,13:12:07.405767
183.291682,795,962,13:12:07.405767
183.293556,776,1039,13:12:07.405767
183.295416,801,850,13:12:07.405767
183.297275,815,803,13:12:07.405767
183.299132,847,921,13:12:07.405767
183.300989,894,822,13:12:07.405767
183.302846,854,1003,13:12:07.405767
183.304704,783,1062,13:12:07.453116
183.306571,595,888,13:12:07.453116
183.308431,881,950,13:12:07.453116
183.310336,785,668,13:12:07.453116
183.312201,785,1006,13:12:07.453116
183.314066,914,976,13:12:07.453116
183.315922,947,934,13:12:07.453116
183.317778,1037,936,13:12:07.453116
183.319637,721,1061,13:12:07.453116
183.321493,613,904,13:12:07.453116
183.323351,855,869,13:12:07.453116
183.325208,763,861,13:12:07.453116
183.327064,887,963,13:12:07.453116
183.328921,758,1156,13:12:07.453116
183.330785,899,1064,13:12:07.453116
183.332641,1113,936,13:12:07.453116
183.334498,861,1146,13:12:07.453973
183.336356,804,914,13:12:07.453973
183.338212,687,1022,13:12:07.453973
183.340069,955,1029,13:12:07.453973
183.341927,1105,838,13:12:07.453973
183.343783,978,885,13:12:07.453973
183.345642,516,1015,13:12:07.453973
183.347498,749,796,13:12:07.453973
183.349362,933,945,13:12:07.453973
183.35122,580,1134,13:12:07.453973
183.353105,774,758,13:12:07.453973
183.354963,814,936,13:12:07.503353
183.356826,701,1080,13:12:07.503353
183.358686,674,1113,13:12:07.503353
183.360592,771,1083,13:12:07.503353
183.362449,681,969,13:12:07.503353
183.364309,1082,961,13:12:07.503353
183.366165,775,1172,13:12:07.503353
183.368022,702,1060,13:12:07.503353
183.36988,869,901,13:12:07.503353
183.371744,634,953,13:12:07.503353
183.373601,1023,916,13:12:07.503353
183.375457,788,915,13:12:07.503353
183.377315,880,1025,13:12:07.503353
183.379172,774,1077,13:12:07.503353
183.381028,906,1024,13:12:07.503353
183.382885,816,987,13:12:07.503353
183.384741,657,892,13:12:07.503353
183.386599,775,984,13:12:07.503353
183.388456,849,1205,13:12:07.503353
183.390322,972,1108,13:12:07.503353
183.392178,926,876,13:12:07.503353
183.394037,694,948,13:12:07.503353
183.395895,806,634,13:12:07.503353
183.397753,736,856,13:12:07.503353
183.399612,752,961,13:12:07.503353
183.401468,909,873,13:12:07.503353
183.403324,645,1230,13:12:07.503353
183.405183,821,967,13:12:07.553131
183.407051,958,908,13:12:07.554140
183.408911,1065,1365,13:12:07.554140
183.410832,706,1123,13:12:07.554140
183.412704,773,985,13:12:07.554140
183.41456,824,779,13:12:07.554140
183.416417,787,635,13:12:07.554140
183.418275,799,1031,13:12:07.554140
183.420131,984,884,13:12:07.554140
183.421988,854,946,13:12:07.554140
183.423846,891,929,13:12:07.554140
183.425702,1015,1143,13:12:07.554140
183.427561,796,770,13:12:07.554140
183.429417,717,917,13:12:07.554140
183.431281,871,1142,13:12:07.554140
183.433138,923,904,13:12:07.554140
183.434994,583,753,13:12:07.554140
183.436854,768,917,13:12:07.554140
183.438711,869,958,13:12:07.554140
183.440569,762,910,13:12:07.554140
183.442426,818,966,13:12:07.554140
183.444282,775,1204,13:12:07.554140
183.44614,769,745,13:12:07.554140
183.448001,856,982,13:12:07.554140
183.449859,776,929,13:12:07.554140
183.451715,712,841,13:12:07.554140
183.453574,673,1216,13:12:07.554140
183.45543,978,1195,13:12:07.603979
183.457294,769,873,13:12:07.603979
183.459155,819,1046,13:12:07.603979
183.461057,460,949,13:12:07.603979
183.462915,869,866,13:12:07.603979
183.464774,638,1167,13:12:07.603979
183.466631,880,889,13:12:07.603979
183.468488,938,1054,13:12:07.603979
183.470345,855,968,13:12:07.603979
183.472203,826,899,13:12:07.603979
183.474059,537,1121,13:12:07.603979
183.475916,767,1056,13:12:07.603979
183.477774,707,903,13:12:07.603979
183.479636,775,1028,13:12:07.603979
183.481493,746,774,13:12:07.603979
183.483349,640,1052,13:12:07.603979
183.485208,753,930,13:12:07.603979
183.487064,790,1101,13:12:07.603979
183.48892,924,1040,13:12:07.603979
183.490779,702,982,13:12:07.603979
183.492635,839,1244,13:12:07.603979
183.494491,743,982,13:12:07.603979
183.49635,691,790,13:12:07.603979
183.498214,698,792,13:12:07.603979
183.50007,974,1052,13:12:07.603979
183.501927,860,1123,13:12:07.603979
183.503785,758,938,13:12:07.603979
183.505647,506,853,13:12:07.655753
183.50752,586,962,13:12:07.655753
183.509383,790,956,13:12:07.655753
183.51131,587,926,13:12:07.655753
183.51317,469,997,13:12:07.655753
183.515027,637,1055,13:12:07.655753
183.516883,684,1257,13:12:07.655753
183.518741,964,1004,13:12:07.655753
183.520604,712,808,13:12:07.655753
183.522462,716,766,13:12:07.655753
183.524318,693,941,13:12:07.655753
183.526179,836,959,13:12:07.655753
183.528035,561,1036,13:12:07.655753
183.529892,759,920,13:12:07.655753
183.53175,920,945,13:12:07.655753
183.533606,593,868,13:12:07.655753
183.535465,1092,898,13:12:07.655753
183.537321,880,983,13:12:07.656753
183.539181,719,775,13:12:07.656753
183.54104,672,950,13:12:07.656753
183.542906,740,912,13:12:07.656753
183.544762,764,857,13:12:07.656753
183.546619,615,937,13:12:07.656753
183.548477,595,1056,13:12:07.656753
183.550333,704,1037,13:12:07.656753
183.55219,553,920,13:12:07.656753
183.554056,571,1126,13:12:07.656753
183.555936,687,1051,13:12:07.706718
183.557801,527,918,13:12:07.706718
183.559663,570,1061,13:12:07.706718
183.561573,601,809,13:12:07.706718
183.563432,615,1028,13:12:07.706718
183.565288,900,1035,13:12:07.706718
183.567146,622,891,13:12:07.706718
183.569003,765,1032,13:12:07.706718
183.570859,583,948,13:12:07.706718
183.572717,620,974,13:12:07.706718
183.574574,581,989,13:12:07.706718
183.576432,866,890,13:12:07.706718
183.578288,921,1030,13:12:07.706718
183.580145,703,1064,13:12:07.706718
183.582001,839,1083,13:12:07.706718
183.583865,730,848,13:12:07.706718
183.585722,586,851,13:12:07.706718
183.587578,887,972,13:12:07.706718
183.589437,696,960,13:12:07.706718
183.591293,789,923,13:12:07.706718
183.593149,754,1183,13:12:07.706718
183.595006,642,1184,13:12:07.706718
183.596864,820,976,13:12:07.706718
183.598724,600,855,13:12:07.706718
183.600581,851,1190,13:12:07.706718
183.602444,724,838,13:12:07.706718
183.604301,811,1168,13:12:07.706718
183.606166,1063,1028,13:12:07.753225
183.608028,549,1025,13:12:07.753225
183.609898,782,991,13:12:07.753225
183.611799,386,1042,13:12:07.753225
183.613657,568,832,13:12:07.753225
183.615513,773,979,13:12:07.753225
183.617372,1030,1016,13:12:07.753225
183.619228,706,889,13:12:07.753225
183.62109,694,1164,13:12:07.753225
183.622947,806,1063,13:12:07.753225
183.624803,739,698,13:12:07.753225
183.626661,980,961,13:12:07.753225
183.628518,473,974,13:12:07.753225
183.630378,1013,941,13:12:07.753225
183.632234,669,935,13:12:07.753225
183.634091,750,1131,13:12:07.753225
183.635949,822,1251,13:12:07.753225
183.637811,775,987,13:12:07.753225
183.639668,865,931,13:12:07.753225
183.641524,682,1114,13:12:07.753225
183.643383,611,727,13:12:07.753225
183.645239,481,1165,13:12:07.753225
183.647095,825,1039,13:12:07.753225
183.648952,760,1013,13:12:07.753225
183.650808,654,1023,13:12:07.753225
183.652664,948,1049,13:12:07.753225
183.654521,769,1007,13:12:07.803606
183.656391,858,983,13:12:07.803606
183.658252,802,1026,13:12:07.803606
183.660144,784,948,13:12:07.803606
183.66202,771,935,13:12:07.803606
183.663876,959,1042,13:12:07.803606
183.665733,598,915,13:12:07.803606
183.667591,875,1032,13:12:07.803606
183.669448,603,987,13:12:07.803606
183.671306,862,757,13:12:07.803606
183.673162,724,1171,13:12:07.803606
183.675021,707,1201,13:12:07.803606
183.676877,832,890,13:12:07.803606
183.678733,855,1135,13:12:07.803606
183.680592,739,1061,13:12:07.803606
183.682449,708,959,13:12:07.803606
183.684308,1128,1000,13:12:07.803606
183.686165,515,959,13:12:07.803606
183.688023,762,938,13:12:07.803606
183.689879,874,1062,13:12:07.803606
183.691736,676,988,13:12:07.803606
183.693594,865,1062,13:12:07.803606
183.69545,925,930,13:12:07.803606
183.697309,564,1128,13:12:07.803606
183.699165,767,1120,13:12:07.803606
183.701027,1109,999,13:12:07.803606
183.702886,893,934,13:12:07.803606
183.704745,899,816,13:12:07.853601
183.706612,778,1197,13:12:07.853601
183.708473,750,970,13:12:07.853601
183.710369,714,1014,13:12:07.853601
183.712269,766,912,13:12:07.853601
183.714126,645,1089,13:12:07.853601
183.71599,963,981,13:12:07.853601
183.717846,898,1046,13:12:07.853601
183.719703,984,903,13:12:07.853601
183.721561,564,815,13:12:07.853601
183.723417,682,1179,13:12:07.853601
183.725276,657,970,13:12:07.853601
183.727132,666,1029,13:12:07.853601
183.728992,945,969,13:12:07.853601
183.730849,1148,809,13:12:07.853601
183.732706,953,1101,13:12:07.853601
183.734567,973,930,13:12:07.853601
183.736424,807,942,13:12:07.853601
183.738284,811,1216,13:12:07.853601
183.74014,841,994,13:12:07.853601
183.741997,694,892,13:12:07.853601
183.743855,940,998,13:12:07.853601
183.745712,765,953,13:12:07.853601
183.74757,879,945,13:12:07.853601
183.749426,817,1087,13:12:07.853601
183.751287,675,1195,13:12:07.854587
183.753143,636,1098,13:12:07.854587
183.754999,629,1054,13:12:07.904359
183.756876,626,1173,13:12:07.904359
183.758736,832,1019,13:12:07.904359
183.760624,756,834,13:12:07.904359
183.762504,749,1121,13:12:07.904359
183.764361,885,913,13:12:07.904359
183.766217,986,970,13:12:07.904359
183.768074,798,793,13:12:07.904359
183.769936,646,1125,13:12:07.904359
183.771794,904,1211,13:12:07.904359
183.773651,862,1152,13:12:07.904359
183.775509,813,933,13:12:07.904359
183.777365,763,1110,13:12:07.904359
183.779224,983,1336,13:12:07.904359
183.78108,907,934,13:12:07.904359
183.782938,813,841,13:12:07.905344
183.784797,790,978,13:12:07.905344
183.786662,720,1122,13:12:07.905344
183.788521,647,1020,13:12:07.905344
183.790378,443,862,13:12:07.905344
183.792236,723,1115,13:12:07.905344
183.794093,657,957,13:12:07.905344
183.795949,854,1223,13:12:07.905344
183.797807,640,1154,13:12:07.905344
183.799664,625,974,13:12:07.905344
183.801522,838,1188,13:12:07.905344
183.80338,917,1415,13:12:07.905344
183.805275,781,862,13:12:07.955717
183.807139,698,824,13:12:07.955717
183.808999,652,993,13:12:07.955717
183.810895,847,1065,13:12:07.955717
183.812754,718,1200,13:12:07.955717
183.81461,1033,1174,13:12:07.955717
183.81647,491,908,13:12:07.955717
183.818327,892,950,13:12:07.955717
183.820185,666,1118,13:12:07.955717
183.822042,1090,1206,13:12:07.955717
183.823898,788,1225,13:12:07.955717
183.825756,832,829,13:12:07.955717
183.827621,971,1041,13:12:07.955717
183.829477,617,968,13:12:07.955717
183.831333,962,1042,13:12:07.956716
183.833192,602,929,13:12:07.957716
183.835048,1009,810,13:12:07.957716
183.836904,724,966,13:12:07.957716
183.838763,694,1006,13:12:07.957716
183.840619,800,813,13:12:07.957716
183.842475,820,802,13:12:07.957716
183.844332,800,894,13:12:07.957716
183.846198,979,850,13:12:07.957716
183.848054,775,1030,13:12:07.957716
183.849911,858,1246,13:12:07.957716
183.851769,1026,1107,13:12:07.957716
183.853626,802,1049,13:12:07.957716
183.855484,868,1063,13:12:08.007843
183.857348,954,1004,13:12:08.007843
183.859209,623,1183,13:12:08.007843
183.861117,518,713,13:12:08.007843
183.863019,884,1037,13:12:08.007843
183.864875,779,1095,13:12:08.007843
183.866734,673,1053,13:12:08.007843
183.86859,591,980,13:12:08.007843
183.870449,689,881,13:12:08.007843
183.872307,953,876,13:12:08.007843
183.874171,540,1193,13:12:08.007843
183.876027,793,1045,13:12:08.007843
183.877884,921,822,13:12:08.007843
183.879742,902,998,13:12:08.007843
183.881598,997,1187,13:12:08.007843
183.883455,768,1178,13:12:08.007843
183.885311,735,1201,13:12:08.007843
183.887168,654,872,13:12:08.007843
183.889024,844,1067,13:12:08.007843
183.890881,428,847,13:12:08.007843
183.892741,649,726,13:12:08.007843
183.894597,807,1110,13:12:08.007843
183.896455,597,1124,13:12:08.007843
183.898312,959,985,13:12:08.008841
183.900168,828,1068,13:12:08.008841
183.902026,886,971,13:12:08.008841
183.903887,856,1051,13:12:08.009843
183.905755,895,1045,13:12:08.054126
183.907619,943,1030,13:12:08.054126
183.909483,860,1216,13:12:08.054126
183.91141,794,1031,13:12:08.054126
183.913266,930,1081,13:12:08.054126
183.915138,869,884,13:12:08.054126
183.916997,798,1007,13:12:08.054126
183.918863,750,907,13:12:08.054126
183.920719,788,1300,13:12:08.054126
183.922576,727,1105,13:12:08.054126
183.924434,690,1185,13:12:08.054126
183.92629,743,874,13:12:08.054126
183.928147,773,1005,13:12:08.054126
183.930005,653,921,13:12:08.054126
183.931863,694,1049,13:12:08.054126
183.933722,905,1134,13:12:08.054126
183.935578,658,1017,13:12:08.054126
183.93744,926,973,13:12:08.054126
183.939297,836,995,13:12:08.054126
183.941153,724,719,13:12:08.054126
183.943012,989,1240,13:12:08.054126
183.94487,988,1101,13:12:08.054126
183.946728,977,879,13:12:08.054126
183.948585,849,1121,13:12:08.054126
183.950441,744,1019,13:12:08.054126
183.952297,706,941,13:12:08.054126
183.954161,592,1026,13:12:08.054126
183.956024,719,986,13:12:08.108532
183.957884,589,994,13:12:08.108532
183.959758,618,1071,13:12:08.108532
183.961683,573,1018,13:12:08.108532
183.963539,763,1051,13:12:08.108532
183.965395,585,1226,13:12:08.108532
183.967256,815,1151,13:12:08.108532
183.969112,505,1138,13:12:08.108532
183.97097,723,1175,13:12:08.108532
183.972827,835,948,13:12:08.108532
183.974683,566,1183,13:12:08.108532
183.97654,823,1128,13:12:08.108532
183.978404,840,1041,13:12:08.108532
183.980262,816,1048,13:12:08.108532
183.98212,755,1121,13:12:08.108532
183.983983,718,1274,13:12:08.108532
183.985839,666,1017,13:12:08.108532
183.987698,685,964,13:12:08.108532
183.989554,861,1269,13:12:08.108532
183.99141,698,1139,13:12:08.108532
183.993269,725,1379,13:12:08.108532
183.995129,708,1046,13:12:08.108532
183.996987,893,1020,13:12:08.108532
183.998846,871,1062,13:12:08.108532
184.000712,1032,1057,13:12:08.108532
184.002568,754,895,13:12:08.108532
184.004425,651,956,13:12:08.108532
184.006296,495,1035,13:12:08.152882
184.008159,571,1018,13:12:08.152882
184.010036,593,1125,13:12:08.152882
184.011952,816,892,13:12:08.152882
184.01381,963,1013,13:12:08.153875
184.01567,557,1213,13:12:08.153875
184.017529,823,1039,13:12:08.153875
184.019385,794,933,13:12:08.153875
184.021243,872,1136,13:12:08.153875
184.023101,898,1046,13:12:08.153875
184.02496,922,1286,13:12:08.153875
184.026817,693,991,13:12:08.153875
184.028683,880,954,13:12:08.153875
184.030539,1048,878,13:12:08.153875
184.032396,727,1137,13:12:08.153875
184.034254,771,961,13:12:08.153875
184.03611,659,1258,13:12:08.153875
184.037967,566,1234,13:12:08.153875
184.039825,809,1011,13:12:08.153875
184.041681,526,1114,13:12:08.153875
184.04354,521,1176,13:12:08.153875
184.045403,689,1000,13:12:08.153875
184.047262,868,1060,13:12:08.153875
184.049119,757,988,13:12:08.153875
184.050977,743,876,13:12:08.153875
184.052835,896,970,13:12:08.153875
184.054692,990,1050,13:12:08.203484
184.056564,797,1090,13:12:08.203484
184.058425,923,1224,13:12:08.203484
184.060334,759,1001,13:12:08.203484
184.062227,874,1111,13:12:08.203484
184.064083,976,1083,13:12:08.203484
184.065942,918,1206,13:12:08.203484
184.067802,751,1073,13:12:08.203484
184.069658,686,1168,13:12:08.203484
184.071517,833,1085,13:12:08.204493
184.073375,800,1216,13:12:08.204493
184.075231,688,1003,13:12:08.204493
184.077088,794,1099,13:12:08.204493
184.078946,578,1139,13:12:08.204493
184.080804,570,1105,13:12:08.204493
184.082661,874,988,13:12:08.204493
184.084519,819,1164,13:12:08.204493
184.086377,540,1027,13:12:08.204493
184.088236,696,959,13:12:08.204493
184.090092,587,1008,13:12:08.204493
184.091952,720,1251,13:12:08.208502
184.093809,704,1073,13:12:08.208502
184.095665,733,1233,13:12:08.208502
184.097524,894,1105,13:12:08.208502
184.09938,1137,958,13:12:08.208502
184.101238,813,905,13:12:08.208502
184.103095,639,1210,13:12:08.209501
184.104951,794,1216,13:12:08.256867
184.106817,721,1097,13:12:08.256867
184.108681,892,1116,13:12:08.256867
184.110584,692,1213,13:12:08.256867
184.112442,566,1161,13:12:08.256867
184.114298,705,1139,13:12:08.256867
184.116157,696,948,13:12:08.256867
184.118013,855,1087,13:12:08.256867
184.119872,605,1161,13:12:08.256867
184.121728,715,1148,13:12:08.256867
184.123588,719,1245,13:12:08.256867
184.125444,757,1182,13:12:08.256867
184.127301,613,1059,13:12:08.256867
184.129159,861,1085,13:12:08.256867
184.131016,716,1115,13:12:08.256867
184.132876,889,1302,13:12:08.256867
184.134732,762,1038,13:12:08.256867
184.136589,969,1313,13:12:08.256867
184.138449,737,1123,13:12:08.257869
184.140308,801,1081,13:12:08.257869
184.142166,893,1152,13:12:08.257869
184.144022,734,959,13:12:08.257869
184.14588,929,1300,13:12:08.257869
184.147737,1059,1168,13:12:08.257869
184.149593,769,1009,13:12:08.257869
184.151449,756,664,13:12:08.257869
184.153306,1049,1245,13:12:08.257869
184.155162,747,1109,13:12:08.306436
184.157027,764,1140,13:12:08.306436
184.158887,540,890,13:12:08.306436
184.160809,562,911,13:12:08.306436
184.162673,775,1032,13:12:08.306436
184.164557,801,1291,13:12:08.306436
184.166414,919,1113,13:12:08.306436
184.16828,930,1165,13:12:08.306436
184.170137,783,1229,13:12:08.306436
184.171993,831,1163,13:12:08.306436
184.173851,724,1169,13:12:08.306436
184.175708,750,926,13:12:08.306436
184.177564,921,1177,13:12:08.306436
184.179422,764,963,13:12:08.306436
184.181279,845,1134,13:12:08.306436
184.183137,956,834,13:12:08.306436
184.184993,969,1027,13:12:08.306436
184.186858,825,822,13:12:08.306436
184.188714,693,1214,13:12:08.306436
184.19057,738,962,13:12:08.306436
184.192429,655,1277,13:12:08.306436
184.194285,925,878,13:12:08.306436
184.196143,994,994,13:12:08.306436
184.198,997,953,13:12:08.306436
184.199856,1017,1251,13:12:08.306436
184.201714,759,1214,13:12:08.306436
184.203578,909,909,13:12:08.306436
184.205435,929,1011,13:12:08.360841
184.207301,797,1032,13:12:08.360841
184.209169,711,955,13:12:08.360841
184.211072,785,1024,13:12:08.360841
184.212939,1002,1208,13:12:08.360841
184.21483,900,1020,13:12:08.360841
184.216691,815,1094,13:12:08.360841
184.21855,740,1061,13:12:08.360841
184.220411,811,1036,13:12:08.360841
184.222268,485,1032,13:12:08.360841
184.224126,865,1207,13:12:08.360841
184.225982,436,993,13:12:08.360841
184.227839,1140,1111,13:12:08.360841
184.229697,952,1196,13:12:08.360841
184.231559,891,1299,13:12:08.360841
184.233418,697,1013,13:12:08.360841
184.235274,854,1335,13:12:08.360841
184.237141,1047,1147,13:12:08.360841
184.238997,967,1074,13:12:08.360841
184.240855,984,983,13:12:08.360841
184.242714,895,1124,13:12:08.360841
184.24457,831,1205,13:12:08.360841
184.246428,761,1094,13:12:08.360841
184.248285,795,1322,13:12:08.360841
184.250141,851,1015,13:12:08.360841
184.251997,656,943,13:12:08.360841
184.253861,843,837,13:12:08.360841
184.255722,795,1219,13:12:08.416175
184.257586,918,889,13:12:08.416175
184.259456,708,1027,13:12:08.416175
184.261363,590,1300,13:12:08.416175
184.263219,888,1013,13:12:08.416175
184.265079,700,1072,13:12:08.416175
184.266958,1004,943,13:12:08.416175
184.26882,-20,848,13:12:08.416175
184.270678,828,945,13:12:08.418165
184.272535,951,901,13:12:08.418165
184.274393,736,903,13:12:08.418165
184.276249,869,1056,13:12:08.418165
184.278108,489,851,13:12:08.418165
184.279966,432,992,13:12:08.418165
184.281833,899,1375,13:12:08.418165
184.283691,1216,1038,13:12:08.418165
184.285547,934,1246,13:12:08.418165
184.287406,812,1177,13:12:08.418165
184.289262,1033,878,13:12:08.418165
184.291118,929,933,13:12:08.418165
184.292977,824,1122,13:12:08.418165
184.294835,942,1223,13:12:08.418165
184.296693,963,1154,13:12:08.418165
184.29855,900,1099,13:12:08.418165
184.30041,958,1252,13:12:08.418165
184.302266,1329,1043,13:12:08.418165
184.304123,1243,1130,13:12:08.418165
184.305993,988,1299,13:12:08.462200
184.307853,1090,1335,13:12:08.462200
184.309715,786,1019,13:12:08.462200
184.311632,572,949,13:12:08.462200
184.313509,598,1168,13:12:08.462200
184.31537,914,933,13:12:08.462200
184.317227,712,1201,13:12:08.462200
184.319083,907,1012,13:12:08.462200
184.320943,940,955,13:12:08.462200
184.322807,749,744,13:12:08.462200
184.324709,6,843,13:12:08.462200
184.326584,429,898,13:12:08.462200
184.32844,373,920,13:12:08.462200
184.330301,542,742,13:12:08.462200
184.332157,591,839,13:12:08.462200
184.334016,634,597,13:12:08.462200
184.335876,421,761,13:12:08.462200
184.337732,635,946,13:12:08.462200
184.339591,568,804,13:12:08.462200
184.341451,540,949,13:12:08.462200
184.343307,558,811,13:12:08.462200
184.345164,660,1044,13:12:08.462200
184.347024,639,900,13:12:08.462200
184.34888,772,1001,13:12:08.462200
184.350737,902,1068,13:12:08.462200
184.352595,1057,1115,13:12:08.462200
184.354451,1187,802,13:12:08.511934
184.356312,835,1024,13:12:08.511934
184.358172,812,849,13:12:08.511934
184.360058,841,870,13:12:08.511934
184.361941,727,1172,13:12:08.511934
184.363799,878,1004,13:12:08.511934
184.365657,749,1003,13:12:08.511934
184.367514,577,871,13:12:08.511934
184.36937,-1479,834,13:12:08.511934
184.37123,741,694,13:12:08.511934
184.373087,533,842,13:12:08.511934
184.374945,572,621,13:12:08.511934
184.376803,417,849,13:12:08.511934
184.378666,692,916,13:12:08.511934
184.380522,599,985,13:12:08.511934
184.382378,686,968,13:12:08.511934
184.384237,892,921,13:12:08.511934
184.386093,742,1063,13:12:08.511934
184.387949,451,778,13:12:08.511934
184.389806,842,751,13:12:08.511934
184.391662,844,839,13:12:08.511934
184.39352,937,687,13:12:08.511934
184.395386,752,855,13:12:08.511934
184.397243,860,1020,13:12:08.511934
184.3991,734,1052,13:12:08.511934
184.400958,755,1184,13:12:08.511934
184.402814,852,945,13:12:08.511934
184.404671,799,693,13:12:08.567184
184.406539,702,768,13:12:08.567184
184.408399,851,872,13:12:08.567184
184.410309,738,941,13:12:08.567184
184.412176,780,916,13:12:08.567184
184.414035,990,1022,13:12:08.567184
184.415893,860,920,13:12:08.567184
184.417756,867,1015,13:12:08.567184
184.419663,-938,941,13:12:08.567184
184.421525,992,932,13:12:08.567184
184.423382,434,891,13:12:08.567184
184.42524,475,746,13:12:08.567184
184.427096,745,929,13:12:08.567184
184.428959,851,638,13:12:08.567184
184.430815,853,910,13:12:08.567184
184.432672,913,983,13:12:08.567184
184.434532,907,920,13:12:08.567184
184.436388,581,828,13:12:08.567184
184.438246,674,814,13:12:08.567184
184.440103,727,1002,13:12:08.567184
184.441959,605,1093,13:12:08.567184
184.443817,894,984,13:12:08.567184
184.445678,843,1060,13:12:08.567184
184.447536,810,1013,13:12:08.567184
184.449392,701,693,13:12:08.567184
184.451253,976,1211,13:12:08.567184
184.453109,909,692,13:12:08.567184
184.454966,795,876,13:12:08.614581
184.45683,927,839,13:12:08.614581
184.45869,866,721,13:12:08.614581
184.460604,785,838,13:12:08.614581
184.462461,1026,955,13:12:08.614581
184.464318,842,829,13:12:08.614581
184.466177,893,894,13:12:08.614581
184.468034,-4,1030,13:12:08.614581
184.469892,776,910,13:12:08.614581
184.471748,889,1080,13:12:08.614581
184.473606,-631,918,13:12:08.614581
184.475495,583,808,13:12:08.614581
184.477351,822,968,13:12:08.614581
184.47921,840,717,13:12:08.614581
184.481066,842,656,13:12:08.614581
184.482922,591,1077,13:12:08.614581
184.484781,699,1034,13:12:08.614581
184.486637,744,941,13:12:08.614581
184.488495,935,965,13:12:08.614581
184.490352,895,962,13:12:08.614581
184.492218,677,826,13:12:08.614581
184.494074,684,981,13:12:08.614581
184.495931,748,860,13:12:08.614581
184.497789,674,790,13:12:08.614581
184.499646,896,841,13:12:08.614581
184.501504,806,971,13:12:08.614581
184.50336,817,849,13:12:08.614581
184.505217,498,833,13:12:08.669003
184.507085,664,872,13:12:08.669003
184.508948,631,927,13:12:08.669003
184.510851,662,784,13:12:08.669748
184.51271,561,790,13:12:08.669748
184.514566,637,1005,13:12:08.669748
184.516424,601,934,13:12:08.669748
184.518281,620,1014,13:12:08.669748
184.520143,959,838,13:12:08.669748
184.522041,-1760,707,13:12:08.669748
184.523902,913,983,13:12:08.669748
184.525762,845,565,13:12:08.669748
184.527618,727,981,13:12:08.669748
184.529475,800,933,13:12:08.669748
184.531331,809,888,13:12:08.669748
184.533187,673,693,13:12:08.669748
184.535044,616,469,13:12:08.669748
184.536901,898,747,13:12:08.669748
184.538762,837,990,13:12:08.669748
184.540619,856,664,13:12:08.669748
184.542479,740,757,13:12:08.669748
184.544335,822,983,13:12:08.669748
184.546192,914,923,13:12:08.669748
184.548048,869,672,13:12:08.669748
184.549907,772,832,13:12:08.669748
184.551763,990,937,13:12:08.669748
184.553619,885,942,13:12:08.669748
184.555478,728,815,13:12:08.716987
184.557346,623,774,13:12:08.716987
184.559207,1017,693,13:12:08.716987
184.56111,626,623,13:12:08.716987
184.562967,576,898,13:12:08.716987
184.564831,946,855,13:12:08.716987
184.566687,809,891,13:12:08.716987
184.568546,435,782,13:12:08.716987
184.570402,896,733,13:12:08.716987
184.572258,971,999,13:12:08.716987
184.574133,669,875,13:12:08.716987
184.57599,-1748,651,13:12:08.716987
184.57786,860,658,13:12:08.716987
184.57972,541,802,13:12:08.716987
184.581576,823,861,13:12:08.716987
184.583434,604,748,13:12:08.716987
184.585291,811,1017,13:12:08.716987
184.587147,519,824,13:12:08.716987
184.589005,684,767,13:12:08.716987
184.590866,759,787,13:12:08.716987
184.592724,669,904,13:12:08.716987
184.594581,930,752,13:12:08.716987
184.596441,930,747,13:12:08.716987
184.598297,813,619,13:12:08.717987
184.600154,887,857,13:12:08.717987
184.602012,830,869,13:12:08.717987
184.60387,559,966,13:12:08.717987
184.605733,683,735,13:12:08.769644
184.607599,923,934,13:12:08.769644
184.609463,967,752,13:12:08.769644
184.611356,491,667,13:12:08.769644
184.613214,591,789,13:12:08.769644
184.615072,747,530,13:12:08.769644
184.616929,1018,840,13:12:08.769644
184.618787,603,622,13:12:08.769644
184.620644,648,1021,13:12:08.769644
184.62251,1018,501,13:12:08.769644
184.624366,-1216,805,13:12:08.769644
184.626222,772,938,13:12:08.769644
184.628083,903,862,13:12:08.769644
184.629939,548,678,13:12:08.769644
184.631835,933,736,13:12:08.769644
184.633694,1002,833,13:12:08.769644
184.63555,643,791,13:12:08.769644
184.637408,937,854,13:12:08.769644
184.639265,851,1039,13:12:08.769644
184.641121,761,635,13:12:08.769644
184.642979,906,812,13:12:08.769644
184.644836,871,665,13:12:08.769644
184.646694,812,951,13:12:08.769644
184.648551,698,806,13:12:08.769644
184.650407,1056,716,13:12:08.769644
184.652265,941,928,13:12:08.769644
184.654127,659,872,13:12:08.769644
184.655994,921,765,13:12:08.819897
184.657856,677,768,13:12:08.819897
184.659722,736,874,13:12:08.819897
184.661611,626,619,13:12:08.819897
184.663467,767,700,13:12:08.819897
184.665326,874,1012,13:12:08.819897
184.667182,887,1021,13:12:08.819897
184.669042,705,761,13:12:08.819897
184.670899,332,583,13:12:08.819897
184.672762,823,793,13:12:08.819897
184.674623,794,823,13:12:08.819897
184.67648,-831,677,13:12:08.819897
184.67834,632,842,13:12:08.819897
184.680196,704,788,13:12:08.819897
184.682053,781,797,13:12:08.819897
184.683911,873,789,13:12:08.819897
184.685771,907,659,13:12:08.819897
184.68763,830,832,13:12:08.819897
184.689486,934,721,13:12:08.819897
184.691352,836,578,13:12:08.819897
184.693209,673,814,13:12:08.819897
184.695065,782,813,13:12:08.819897
184.696923,731,749,13:12:08.819897
184.698782,711,826,13:12:08.819897
184.70064,734,604,13:12:08.819897
184.702497,796,917,13:12:08.819897
184.704353,887,906,13:12:08.819897
184.706221,731,816,13:12:08.872492
184.708082,786,496,13:12:08.872492
184.709958,816,645,13:12:08.872492
184.711846,598,800,13:12:08.872492
184.713702,655,922,13:12:08.872492
184.715563,796,625,13:12:08.872492
184.717419,546,718,13:12:08.872492
184.719277,758,1043,13:12:08.872492
184.721134,148,777,13:12:08.872492
184.722997,1019,752,13:12:08.872492
184.724861,157,506,13:12:08.872492
184.726743,49,552,13:12:08.872492
184.728621,771,612,13:12:08.872492
184.730477,843,664,13:12:08.872492
184.732334,820,990,13:12:08.872492
184.734192,856,868,13:12:08.872492
184.736054,658,782,13:12:08.872492
184.737913,899,792,13:12:08.872492
184.739771,916,944,13:12:08.872492
184.741636,698,750,13:12:08.872492
184.743492,802,855,13:12:08.872492
184.745348,656,512,13:12:08.872492
184.747207,871,848,13:12:08.872492
184.749063,890,639,13:12:08.872492
184.750921,687,681,13:12:08.872492
184.752778,952,644,13:12:08.872492
184.754634,823,942,13:12:08.928746
184.7565,881,652,13:12:08.928746
184.758365,810,690,13:12:08.928746
184.760279,826,862,13:12:08.928746
184.762145,678,597,13:12:08.928746
184.764004,642,845,13:12:08.928746
184.765868,393,781,13:12:08.928746
184.767724,458,851,13:12:08.928746
184.769583,726,698,13:12:08.928746
184.771439,668,740,13:12:08.928746
184.773295,744,893,13:12:08.928746
184.775154,497,707,13:12:08.928746
184.777011,639,936,13:12:08.928746
184.778896,566,885,13:12:08.928746
184.780757,669,848,13:12:08.928746
184.782613,963,809,13:12:08.928746
184.784469,971,769,13:12:08.928746
184.786328,962,877,13:12:08.928746
184.788184,672,966,13:12:08.928746
184.79004,989,667,13:12:08.928746
184.791899,674,629,13:12:08.928746
184.793755,733,837,13:12:08.928746
184.795611,835,738,13:12:08.928746
184.79747,595,643,13:12:08.928746
184.799326,957,883,13:12:08.928746
184.801182,900,801,13:12:08.928746
184.803039,789,685,13:12:08.928746
184.804905,797,790,13:12:08.974381
184.806769,706,873,13:12:08.974381
184.808637,848,949,13:12:08.974381
184.810544,795,909,13:12:08.974381
184.812404,959,682,13:12:08.974381
184.814261,317,626,13:12:08.974381
184.816117,842,940,13:12:08.974381
184.817977,881,917,13:12:08.974381
184.819838,556,828,13:12:08.974381
184.821694,856,759,13:12:08.974381
184.823554,79,830,13:12:08.974381
184.825413,565,746,13:12:08.974381
184.827275,134,615,13:12:08.974381
184.829137,826,739,13:12:08.974381
184.830994,794,814,13:12:08.974381
184.832852,807,572,13:12:08.974381
184.834708,670,1012,13:12:08.974381
184.836567,-596,797,13:12:08.974381
184.838451,617,632,13:12:08.974381
184.840307,385,768,13:12:08.974381
184.842166,886,726,13:12:08.974381
184.844022,764,348,13:12:08.974381
184.845878,707,858,13:12:08.974381
184.847735,715,794,13:12:08.974381
184.849598,807,886,13:12:08.974381
184.851455,980,807,13:12:08.974381
184.853312,708,617,13:12:08.974381
184.85517,703,737,13:12:09.026565
184.857035,687,704,13:12:09.026565
184.858895,774,771,13:12:09.026565
184.860785,673,538,13:12:09.026565
184.862643,456,697,13:12:09.026565
184.864506,705,690,13:12:09.026565
184.866362,638,747,13:12:09.026565
184.868219,633,716,13:12:09.026565
184.870077,813,884,13:12:09.026565
184.871933,322,844,13:12:09.026565
184.873794,992,814,13:12:09.026565
184.87565,643,760,13:12:09.026565
184.877508,407,824,13:12:09.026565
184.879368,763,546,13:12:09.026565
184.881247,-615,779,13:12:09.026565
184.883111,804,793,13:12:09.026565
184.884968,719,790,13:12:09.026565
184.886824,954,616,13:12:09.026565
184.88868,714,841,13:12:09.026565
184.890537,833,728,13:12:09.026565
184.892395,772,788,13:12:09.026565
184.894251,803,700,13:12:09.026565
184.896108,815,688,13:12:09.026565
184.897964,962,828,13:12:09.026565
184.89982,856,769,13:12:09.026565
184.901677,947,885,13:12:09.026565
184.903534,763,626,13:12:09.026565
184.905395,676,712,13:12:09.077557
184.907264,570,819,13:12:09.077557
184.909128,650,599,13:12:09.077557
184.91103,478,520,13:12:09.077557
184.912891,598,692,13:12:09.077557
184.914749,717,600,13:12:09.077557
184.916605,752,624,13:12:09.077557
184.918468,926,665,13:12:09.077557
184.920326,1013,823,13:12:09.077557
184.922192,653,627,13:12:09.077557
184.924049,591,782,13:12:09.077557
184.925905,629,787,13:12:09.077557
184.927765,-22,682,13:12:09.077557
184.929629,98,818,13:12:09.077557
184.931516,789,911,13:12:09.077557
184.933394,-626,706,13:12:09.077557
184.93525,807,819,13:12:09.077557
184.937107,760,808,13:12:09.077557
184.938965,737,812,13:12:09.077557
184.940827,543,578,13:12:09.077557
184.942688,645,916,13:12:09.077557
184.944544,625,678,13:12:09.077557
184.946403,716,925,13:12:09.077557
184.948259,765,600,13:12:09.077557
184.950115,843,634,13:12:09.077557
184.951974,615,759,13:12:09.077557
184.953836,688,809,13:12:09.077557
184.955694,786,645,13:12:09.127747
184.957553,582,477,13:12:09.127747
184.959418,871,641,13:12:09.127747
184.961325,594,962,13:12:09.127747
184.963182,503,720,13:12:09.127747
184.96504,604,893,13:12:09.127747
184.966896,65,619,13:12:09.127747
184.968753,676,701,13:12:09.127747
184.970611,790,741,13:12:09.127747
184.972468,937,834,13:12:09.127747
184.974332,-344,614,13:12:09.127747
184.976188,-188,815,13:12:09.128748
184.978046,745,769,13:12:09.128748
184.979903,641,803,13:12:09.129747
184.981761,508,856,13:12:09.129747
184.98363,-885,781,13:12:09.129747
184.985539,1145,897,13:12:09.129747
184.9874,864,875,13:12:09.129747
184.989256,836,951,13:12:09.129747
184.991113,796,830,13:12:09.129747
184.992973,846,690,13:12:09.130748
184.994829,573,899,13:12:09.130748
184.996688,590,567,13:12:09.131748
184.998544,625,862,13:12:09.131748
185.0004,738,625,13:12:09.131748
185.002259,788,968,13:12:09.131748
185.004119,663,698,13:12:09.131748
185.005977,620,705,13:12:09.178048
185.00784,624,466,13:12:09.178048
185.009704,726,625,13:12:09.178048
185.011616,412,948,13:12:09.178048
185.013475,735,657,13:12:09.178048
185.015333,642,966,13:12:09.178048
185.017189,513,839,13:12:09.178048
185.019046,758,902,13:12:09.178048
185.020902,760,1044,13:12:09.178048
185.022759,814,798,13:12:09.178048
185.024617,576,702,13:12:09.178048
185.026474,781,1053,13:12:09.178048
185.028331,271,656,13:12:09.178048
185.030188,490,1037,13:12:09.178048
185.032048,599,736,13:12:09.178048
185.033906,206,619,13:12:09.178048
185.035765,500,689,13:12:09.178048
185.037625,513,736,13:12:09.178048
185.039507,725,758,13:12:09.178048
185.041364,585,869,13:12:09.178048
185.04322,791,624,13:12:09.178048
185.045078,783,822,13:12:09.178048
185.046937,694,829,13:12:09.178048
185.048795,907,640,13:12:09.178048
185.050659,839,682,13:12:09.178048
185.052516,772,718,13:12:09.179048
185.054374,752,714,13:12:09.179048
185.056241,682,920,13:12:09.230414
185.058101,628,705,13:12:09.230414
185.059969,791,835,13:12:09.230414
185.061857,685,731,13:12:09.230414
185.063718,763,623,13:12:09.230414
185.065576,481,859,13:12:09.230414
185.067432,862,396,13:12:09.230414
185.069291,579,733,13:12:09.230414
185.071147,793,676,13:12:09.230414
185.073003,920,827,13:12:09.230414
185.074864,241,845,13:12:09.230414
185.07672,153,806,13:12:09.230414
185.078576,194,900,13:12:09.230414
185.080433,760,502,13:12:09.230414
185.082295,257,678,13:12:09.230414
185.084153,538,862,13:12:09.230414
185.086038,-650,631,13:12:09.230414
185.087894,647,660,13:12:09.230414
185.089752,560,555,13:12:09.230414
185.091619,575,619,13:12:09.230414
185.093475,925,841,13:12:09.230414
185.095332,977,921,13:12:09.230414
185.09719,730,679,13:12:09.230414
185.099046,740,855,13:12:09.230414
185.100903,489,870,13:12:09.230414
185.102761,526,713,13:12:09.230414
185.104617,763,856,13:12:09.282004
185.106484,475,1025,13:12:09.282004
185.108347,668,568,13:12:09.282004
185.110244,621,793,13:12:09.282004
185.11211,813,793,13:12:09.282004
185.113969,617,984,13:12:09.282004
185.115829,589,928,13:12:09.282004
185.117685,628,792,13:12:09.282004
185.119544,710,1092,13:12:09.282004
185.1214,984,702,13:12:09.282004
185.123263,623,894,13:12:09.282004
185.125121,251,706,13:12:09.282004
185.126987,680,838,13:12:09.282004
185.128846,686,1118,13:12:09.282004
185.130702,659,734,13:12:09.282004
185.13256,415,628,13:12:09.282004
185.134425,905,670,13:12:09.282004
185.136281,459,778,13:12:09.282004
185.138143,-349,761,13:12:09.282004
185.14,739,1036,13:12:09.282004
185.141886,518,749,13:12:09.282004
185.143742,823,856,13:12:09.282004
185.145599,599,668,13:12:09.282004
185.147457,695,705,13:12:09.282004
185.149313,834,719,13:12:09.282004
185.151172,873,690,13:12:09.282004
185.153028,678,749,13:12:09.283010
185.15489,598,826,13:12:09.333243
185.156759,494,675,13:12:09.333243
185.15862,599,757,13:12:09.333243
185.160527,704,805,13:12:09.333243
185.162387,714,617,13:12:09.333243
185.164244,593,698,13:12:09.333243
185.1661,846,590,13:12:09.333243
185.167958,435,810,13:12:09.333243
185.169815,486,832,13:12:09.333243
185.171671,515,716,13:12:09.333243
185.173537,634,816,13:12:09.333243
185.175394,720,767,13:12:09.333243
185.17725,541,834,13:12:09.333243
185.179109,317,919,13:12:09.333243
185.180965,666,816,13:12:09.333243
185.182823,530,585,13:12:09.333243
185.18468,485,667,13:12:09.333243
185.186536,706,707,13:12:09.333243
185.188394,276,943,13:12:09.333243
185.190257,586,782,13:12:09.333243
185.192115,890,692,13:12:09.333243
185.193971,469,823,13:12:09.333243
185.19583,766,630,13:12:09.333243
185.197686,748,559,13:12:09.333243
185.199542,574,704,13:12:09.333243
185.201401,1029,812,13:12:09.333243
185.203257,794,475,13:12:09.333243
185.205113,890,707,13:12:09.385349
185.206992,761,868,13:12:09.385349
185.208852,723,774,13:12:09.385349
185.210768,592,920,13:12:09.385349
185.212629,616,675,13:12:09.385349
185.214489,890,1144,13:12:09.385349
185.216349,547,636,13:12:09.385349
185.218206,479,555,13:12:09.385349
185.220064,696,759,13:12:09.385349
185.221922,643,932,13:12:09.387338
185.223783,380,865,13:12:09.387338
185.225639,452,1096,13:12:09.387338
185.227495,383,1070,13:12:09.387338
185.229354,459,621,13:12:09.387338
185.231216,409,558,13:12:09.387338
185.233072,109,705,13:12:09.387338
185.234929,186,665,13:12:09.387338
185.236799,767,752,13:12:09.387338
185.238681,-1071,673,13:12:09.387338
185.240549,488,803,13:12:09.387338
185.242408,678,889,13:12:09.387338
185.244264,461,506,13:12:09.387338
185.246131,877,811,13:12:09.387338
185.247987,638,1002,13:12:09.387338
185.249846,545,884,13:12:09.387338
185.251704,655,989,13:12:09.387338
185.25356,965,978,13:12:09.387338
185.255418,738,571,13:12:09.433910
185.257283,626,975,13:12:09.433910
185.259144,563,715,13:12:09.433910
185.261049,520,668,13:12:09.433910
185.262908,645,527,13:12:09.433910
185.264772,532,606,13:12:09.433910
185.266628,747,760,13:12:09.433910
185.268489,385,718,13:12:09.433910
185.270347,879,765,13:12:09.433910
185.272203,940,790,13:12:09.433910
185.274062,950,793,13:12:09.433910
185.275918,449,913,13:12:09.433910
185.277774,139,533,13:12:09.433910
185.279633,739,860,13:12:09.433910
185.281499,649,924,13:12:09.433910
185.283355,-213,720,13:12:09.433910
185.285212,784,941,13:12:09.433910
185.28707,250,610,13:12:09.433910
185.288928,315,810,13:12:09.433910
185.290803,641,1011,13:12:09.433910
185.292673,162,689,13:12:09.433910
185.294529,977,803,13:12:09.433910
185.296388,709,919,13:12:09.433910
185.298244,447,1051,13:12:09.433910
185.300101,732,653,13:12:09.433910
185.301959,876,730,13:12:09.433910
185.303819,743,703,13:12:09.433910
185.30568,492,928,13:12:09.485621
185.307546,654,756,13:12:09.485621
185.30941,554,818,13:12:09.485621
185.31131,407,481,13:12:09.485621
185.313167,644,773,13:12:09.485621
185.315027,815,835,13:12:09.485621
185.316883,547,806,13:12:09.485621
185.318742,768,803,13:12:09.485621
185.3206,681,681,13:12:09.485621
185.322458,666,710,13:12:09.485621
185.324315,543,506,13:12:09.485621
185.326171,148,546,13:12:09.485621
185.32803,588,749,13:12:09.485621
185.329886,883,856,13:12:09.485621
185.331742,293,905,13:12:09.485621
185.333601,455,693,13:12:09.485621
185.335457,715,615,13:12:09.485621
185.337318,111,1042,13:12:09.485621
185.339186,478,675,13:12:09.485621
185.341044,-1059,786,13:12:09.485621
185.342906,667,668,13:12:09.485621
185.344769,543,867,13:12:09.485621
185.346625,749,801,13:12:09.485621
185.348511,734,966,13:12:09.485621
185.350368,525,504,13:12:09.485621
185.352226,706,624,13:12:09.485621
185.354083,577,661,13:12:09.485621
185.355965,929,894,13:12:09.503517
185.357829,757,896,13:12:09.503517
185.359695,806,729,13:12:09.503517
185.361589,601,1030,13:12:09.503517
185.363449,493,761,13:12:09.503517
185.365308,369,515,13:12:09.503517
185.367168,284,638,13:12:09.503517
185.369027,384,889,13:12:09.503517
185.370885,782,816,13:12:09.503517
185.372742,445,747,13:12:09.503517
185.3746,474,723,13:12:09.503517
185.376456,253,754,13:12:09.503517
185.378315,415,494,13:12:09.503517
185.380171,293,477,13:12:09.503517
185.382027,470,845,13:12:09.503517
185.383886,680,729,13:12:09.503517
185.385742,346,555,13:12:09.503517
185.3876,386,908,13:12:09.535992
185.389457,742,840,13:12:09.535992
185.391319,490,731,13:12:09.535992
185.393177,-1338,830,13:12:09.535992
185.395034,594,790,13:12:09.535992
185.396892,568,849,13:12:09.535992
185.398748,458,721,13:12:09.535992
185.400607,677,968,13:12:09.535992
185.402463,516,873,13:12:09.535992
185.404319,654,828,13:12:09.535992
185.406188,436,568,13:12:09.553270
185.408048,806,828,13:12:09.553270
185.409926,497,680,13:12:09.553270
185.411854,598,619,13:12:09.553270
185.413719,409,828,13:12:09.553270
185.415577,531,856,13:12:09.553270
185.417435,466,792,13:12:09.553270
185.419292,178,823,13:12:09.553270
185.421148,374,771,13:12:09.553270
185.423005,728,681,13:12:09.553270
185.424865,480,922,13:12:09.553270
185.426723,679,621,13:12:09.553270
185.428582,600,721,13:12:09.553270
185.430438,113,878,13:12:09.553270
185.432296,224,816,13:12:09.553270
185.434155,556,509,13:12:09.553270
185.436012,3,778,13:12:09.553270
185.437871,529,882,13:12:09.553270
185.439728,815,951,13:12:09.553270
185.441595,231,793,13:12:09.553270
185.44349,-134,795,13:12:09.553270
185.445356,505,909,13:12:09.553270
185.447213,601,576,13:12:09.553270
185.449069,725,1032,13:12:09.553270
185.450928,593,781,13:12:09.553270
185.452786,605,694,13:12:09.553270
185.454643,579,819,13:12:09.603518
185.456509,531,853,13:12:09.603518
185.458369,674,661,13:12:09.603518
185.460267,722,693,13:12:09.603518
185.462159,652,872,13:12:09.603518
185.464016,535,664,13:12:09.603518
185.465878,405,551,13:12:09.603518
185.467734,798,595,13:12:09.603518
185.469591,716,775,13:12:09.603518
185.471449,837,711,13:12:09.603518
185.473307,689,897,13:12:09.603518
185.475164,746,808,13:12:09.603518
185.47702,682,696,13:12:09.603518
185.478881,667,560,13:12:09.603518
185.480737,628,723,13:12:09.603518
185.482593,520,1059,13:12:09.603518
185.484452,485,894,13:12:09.603518
185.486308,788,863,13:12:09.603518
185.488164,557,866,13:12:09.603518
185.490021,938,668,13:12:09.603518
185.491887,766,920,13:12:09.603518
185.493743,738,568,13:12:09.603518
185.4956,396,694,13:12:09.603518
185.497458,642,757,13:12:09.603518
185.499314,711,753,13:12:09.603518
185.501173,649,862,13:12:09.603518
185.503029,407,867,13:12:09.603518
185.504886,363,665,13:12:09.652979
185.506748,288,858,13:12:09.652979
185.508613,585,706,13:12:09.652979
185.510512,531,909,13:12:09.652979
185.512373,609,860,13:12:09.652979
185.514229,638,1018,13:12:09.652979
185.516087,535,743,13:12:09.652979
185.517944,851,813,13:12:09.652979
185.519806,686,617,13:12:09.652979
185.521663,380,896,13:12:09.652979
185.523519,562,720,13:12:09.652979
185.525377,396,684,13:12:09.652979
185.527234,901,709,13:12:09.652979
185.529092,632,842,13:12:09.652979
185.530948,839,644,13:12:09.652979
185.532807,555,789,13:12:09.652979
185.534663,221,795,13:12:09.652979
185.536519,578,712,13:12:09.652979
185.538378,799,728,13:12:09.652979
185.54024,513,838,13:12:09.652979
185.542097,607,749,13:12:09.652979
185.543953,628,670,13:12:09.652979
185.545811,597,839,13:12:09.652979
185.547668,766,879,13:12:09.652979
185.549524,653,635,13:12:09.652979
185.551382,866,516,13:12:09.652979
185.553239,574,666,13:12:09.652979
185.555097,461,797,13:12:09.703634
185.556967,777,884,13:12:09.703634
185.558828,776,661,13:12:09.703634
185.56074,484,999,13:12:09.703634
185.562608,598,671,13:12:09.703634
185.564471,597,638,13:12:09.703634
185.566327,747,742,13:12:09.703634
185.568183,824,887,13:12:09.703634
185.570042,687,612,13:12:09.703634
185.571898,669,886,13:12:09.703634
185.573756,538,463,13:12:09.703634
185.575613,765,713,13:12:09.703634
185.577475,571,898,13:12:09.703634
185.579331,589,317,13:12:09.703634
185.581188,600,888,13:12:09.703634
185.58305,562,950,13:12:09.703634
185.584906,646,786,13:12:09.703634
185.586765,813,645,13:12:09.703634
185.588621,517,823,13:12:09.703634
185.590478,596,917,13:12:09.703634
185.592336,658,719,13:12:09.703634
185.594195,594,757,13:12:09.703634
185.596053,585,941,13:12:09.703634
185.597909,708,854,13:12:09.703634
185.599771,760,848,13:12:09.703634
185.601628,826,958,13:12:09.703634
185.603484,619,765,13:12:09.703634
185.605342,511,761,13:12:09.752837
185.607209,679,838,13:12:09.752837
185.609069,589,733,13:12:09.752837
185.610985,814,688,13:12:09.752837
185.612846,364,954,13:12:09.753827
185.614704,457,824,13:12:09.753827
185.61656,402,786,13:12:09.753827
185.618425,887,760,13:12:09.753827
185.620281,626,658,13:12:09.753827
185.622137,794,815,13:12:09.753827
185.623996,743,729,13:12:09.753827
185.625854,527,688,13:12:09.753827
185.627712,752,660,13:12:09.753827
185.629569,702,660,13:12:09.753827
185.631425,688,637,13:12:09.753827
185.633282,1032,824,13:12:09.753827
185.635145,473,530,13:12:09.753827
185.637002,573,621,13:12:09.753827
185.638859,645,1032,13:12:09.753827
185.640717,780,805,13:12:09.753827
185.642573,693,749,13:12:09.753827
185.64443,649,662,13:12:09.753827
185.646288,633,784,13:12:09.753827
185.648144,395,722,13:12:09.753827
185.650003,342,712,13:12:09.753827
185.651859,899,641,13:12:09.753827
185.653723,607,915,13:12:09.753827
185.655636,551,742,13:12:09.802831
185.657498,779,815,13:12:09.802831
185.659361,626,711,13:12:09.802831
185.661268,383,662,13:12:09.802831
185.663126,835,726,13:12:09.802831
185.664983,703,906,13:12:09.802831
185.66684,668,600,13:12:09.802831
185.668702,722,763,13:12:09.802831
185.670558,550,825,13:12:09.803845
185.672415,629,639,13:12:09.803845
185.674273,586,635,13:12:09.803845
185.676129,640,758,13:12:09.803845
185.677988,716,859,13:12:09.803845
185.679846,641,607,13:12:09.803845
185.681704,643,696,13:12:09.803845
185.683561,783,658,13:12:09.803845
185.685418,541,748,13:12:09.803845
185.687279,544,622,13:12:09.803845
185.689136,702,607,13:12:09.803845
185.690996,701,693,13:12:09.803845
185.692855,691,851,13:12:09.803845
185.694711,547,1027,13:12:09.803845
185.696569,904,762,13:12:09.803845
185.698426,700,636,13:12:09.803845
185.700282,820,742,13:12:09.803845
185.702138,546,831,13:12:09.803845
185.703999,623,816,13:12:09.803845
185.705861,709,560,13:12:09.853260
185.707727,739,534,13:12:09.853260
185.709591,530,805,13:12:09.853260
185.711508,433,608,13:12:09.853260
185.71338,618,891,13:12:09.853260
185.715238,561,498,13:12:09.853260
185.717097,345,376,13:12:09.853260
185.718955,523,290,13:12:09.853260
185.720812,467,718,13:12:09.853260
185.722668,399,697,13:12:09.853260
185.724526,346,677,13:12:09.853260
185.726387,556,585,13:12:09.853260
185.728243,602,491,13:12:09.853260
185.730099,560,657,13:12:09.853260
185.731958,583,716,13:12:09.853260
185.733814,776,659,13:12:09.853260
185.73567,868,952,13:12:09.853260
185.737529,706,660,13:12:09.853260
185.739385,645,731,13:12:09.853260
185.741241,787,1105,13:12:09.853260
185.743098,698,851,13:12:09.853260
185.744964,874,971,13:12:09.853260
185.74682,711,745,13:12:09.853260
185.748685,1084,982,13:12:09.853260
185.750547,743,761,13:12:09.853260
185.752404,880,731,13:12:09.853260
185.754262,1093,619,13:12:09.853260
185.75613,911,846,13:12:09.903450
185.757991,690,652,13:12:09.903450
185.759861,925,833,13:12:09.903450
185.761749,921,604,13:12:09.903450
185.763613,497,498,13:12:09.903450
185.765472,794,624,13:12:09.903450
185.767328,426,512,13:12:09.903450
185.769186,427,296,13:12:09.903450
185.771043,155,720,13:12:09.903450
185.772901,586,848,13:12:09.903450
185.774758,636,433,13:12:09.903450
185.776614,658,466,13:12:09.903450
185.778472,528,549,13:12:09.903450
185.780333,274,826,13:12:09.903450
185.782189,420,356,13:12:09.903450
185.784045,569,464,13:12:09.903450
185.785904,620,778,13:12:09.903450
185.787762,655,857,13:12:09.903450
185.789618,557,768,13:12:09.904449
185.791477,675,1097,13:12:09.904449
185.793333,724,804,13:12:09.904449
185.795189,674,677,13:12:09.904449
185.797046,930,872,13:12:09.904449
185.79891,977,792,13:12:09.904449
185.800768,871,697,13:12:09.904449
185.802625,495,880,13:12:09.904449
185.804483,1096,1045,13:12:09.904449
185.806342,1233,610,13:12:09.953837
185.808202,590,495,13:12:09.953837
185.810071,821,846,13:12:09.953837
185.81199,931,840,13:12:09.953837
185.813849,599,550,13:12:09.953837
185.815705,444,906,13:12:09.953837
185.817567,1188,815,13:12:09.953837
185.819426,595,539,13:12:09.953837
185.821292,795,831,13:12:09.953837
185.823148,923,567,13:12:09.953837
185.825005,777,652,13:12:09.953837
185.826863,790,357,13:12:09.953837
185.828719,674,774,13:12:09.953837
185.830576,782,510,13:12:09.953837
185.832434,736,980,13:12:09.953837
185.83429,580,702,13:12:09.953837
185.836149,791,910,13:12:09.953837
185.838005,785,570,13:12:09.953837
185.839869,471,327,13:12:09.953837
185.841726,674,677,13:12:09.953837
185.843582,819,767,13:12:09.953837
185.845441,459,556,13:12:09.953837
185.847297,299,741,13:12:09.953837
185.849153,1052,833,13:12:09.953837
185.851012,785,740,13:12:09.953837
185.85287,944,728,13:12:09.953837
185.854726,655,934,13:12:10.003203
185.856598,928,690,13:12:10.003203
185.858457,497,382,13:12:10.003203
185.860353,546,839,13:12:10.003203
185.862253,745,735,13:12:10.003203
185.86411,609,742,13:12:10.003203
185.865966,666,719,13:12:10.003203
185.867824,799,638,13:12:10.003203
185.869681,855,870,13:12:10.003203
185.871537,739,683,13:12:10.003203
185.873393,527,811,13:12:10.003203
185.87525,662,526,13:12:10.003203
185.877108,559,812,13:12:10.003203
185.878965,397,532,13:12:10.003203
185.880829,879,695,13:12:10.003203
185.882685,746,511,13:12:10.003203
185.884542,895,481,13:12:10.003203
185.8864,728,955,13:12:10.003203
185.888256,1034,997,13:12:10.003203
185.890115,546,414,13:12:10.003203
185.891971,695,660,13:12:10.003203
185.893827,858,633,13:12:10.003203
185.895684,686,557,13:12:10.003203
185.897549,828,553,13:12:10.003203
185.899407,426,585,13:12:10.003203
185.901263,596,405,13:12:10.003203
185.903121,626,618,13:12:10.003203
185.904998,809,499,13:12:10.053566
185.906873,836,601,13:12:10.053566
185.908734,477,960,13:12:10.053566
185.910624,894,971,13:12:10.053566
185.912485,759,719,13:12:10.053566
185.914341,677,573,13:12:10.053566
185.916198,618,896,13:12:10.053566
185.918056,854,726,13:12:10.053566
185.919912,646,408,13:12:10.053566
185.92177,597,698,13:12:10.054555
185.923627,685,672,13:12:10.054555
185.925483,722,817,13:12:10.054555
185.92734,610,570,13:12:10.054555
185.929196,473,501,13:12:10.054555
185.931052,687,840,13:12:10.054555
185.932909,455,547,13:12:10.054555
185.934775,417,581,13:12:10.054555
185.936631,615,602,13:12:10.054555
185.938488,699,604,13:12:10.054555
185.940346,477,865,13:12:10.054555
185.942202,433,712,13:12:10.054555
185.944059,847,620,13:12:10.054555
185.945915,527,517,13:12:10.054555
185.947773,604,477,13:12:10.054555
185.94963,777,733,13:12:10.054555
185.951486,794,630,13:12:10.054555
185.953345,607,611,13:12:10.054555
185.955201,532,669,13:12:10.235694
185.957065,604,685,13:12:10.235694
185.958926,585,557,13:12:10.235694
