----------META DATA----------
SOFTWARE VERSION,2.3.0
DEVICE MAC ADDRESS,b8:27:eb:11:33:db
DEVICE OPERATOR,AL+CA
----------TEST ATTRIBUTES----------
FIELD,VALUE,UNIT
YEAR,2022
MONTH,06
DAY,25
TIME,02:47:51,Local Time
PLOT,1001,#
TEST NUMBER,183,#
HEIGHT,76.6,cm
BARCODE,
LATITUDE,0.0000000,angular degrees
LONGITUDE,0.0000000,angular degrees
----------OPTIONAL DATA----------
PRE_TEST_NOTE_1,Med lab Half length
PRE_TEST_NOTE_2,s16
PRE_TEST_NOTE_3,
PRE_TEST_NOTE_4,
PRE_TEST_NOTE_5,
POST_TEST_NOTE_1,
POST_TEST_NOTE_2,
POST_TEST_NOTE_3,
POST_TEST_NOTE_4,
POST_TEST_NOTE_5,
BREAK_HEIGHT,N/A,cm
LCA_WEIGTH,0,g
----------SENSOR CALIBRATION DATA (ADC*A + B = stored_value)------
SENSOR,A,B,UNIT,ID
LOAD_X,0.028949269317560866,-1.3346983708123412,Pounds,loadx1
LOAD_Y,1.2799672328388392,-3.2800440308728036,Pounds,loady1
IMU,1,0,Deg,imu1
POT,0.011885895404120442,-64.83755942947695,Deg,pot1
----------TEST DATA-----------
TIME (milliseconds),ANGLE_POT,ANGLE_IMU,LOAD_X,LOAD_Y
77.971,87.956,-5.766,1.2997,0.0
124.931,88.074,-5.684,1.4734,0.0
130.45399999999998,88.086,-5.357,1.5023,0.0
135.679,88.086,-5.033,1.5602,0.0
140.789,88.134,-5.439,1.5602,0.0
145.978,88.146,-5.439,1.5023,0.0
151.07999999999998,88.146,-3.833,1.5892,0.0
156.192,88.146,-4.71,1.5602,0.0
161.255,88.17,-5.195,1.6181,0.0
166.27599999999998,88.193,-5.276,1.676,0.0
171.27499999999998,88.217,-4.47,1.705,0.0
176.29399999999998,88.241,-4.952,1.676,0.0
181.32299999999998,88.253,-4.71,1.705,0.0
186.456,88.265,-5.033,1.7629,0.0
191.51,88.265,-4.63,1.7339,0.0
196.635,88.312,-4.23,1.705,0.0
201.683,88.3,-4.23,1.8208,0.0
206.72199999999998,88.324,-3.596,1.8208,0.0
211.74099999999999,88.336,-3.991,1.8208,0.0
216.777,88.336,-3.754,1.8497,0.0
221.80899999999997,88.372,-4.23,1.8787,0.0
226.81799999999998,88.384,-4.39,1.9076,0.0
231.807,88.395,-3.833,1.9076,0.0
236.94199999999998,88.419,-3.754,1.9945,0.0
241.998,88.419,-3.754,1.9366,0.0
247.022,88.419,-4.39,1.9945,0.0
252.056,88.443,-4.23,2.0524,0.0
257.1,88.467,-4.31,2.0524,0.0
262.127,88.467,-4.31,2.0524,0.0
267.258,88.467,-3.912,2.0813,0.0
272.304,88.49,-3.991,2.0813,0.0
277.31600000000003,88.49,-3.912,2.0813,0.0
282.33799999999997,88.514,-3.517,2.1103,0.0
287.46299999999997,88.526,-3.991,2.1682,0.0
292.47200000000004,88.562,-3.833,2.1682,0.0
297.508,88.574,-3.754,2.1971,0.0
302.544,88.562,-3.991,2.2261,0.0
307.65,88.597,-3.754,2.284,0.0
312.673,88.621,-3.36,2.3129,0.0
317.727,88.645,-3.596,2.3129,0.0
322.729,88.657,-4.791,2.3419,0.0
327.74399999999997,88.621,-4.071,2.3708,0.0
332.777,88.657,-4.071,2.3998,0.0
337.80199999999996,88.669,-3.991,2.3998,0.0
342.832,88.716,-3.833,2.4287,0.0
347.862,88.716,-3.754,2.4577,0.0
352.9,88.74,-3.517,2.4866,0.0
358.024,88.704,-3.36,2.5156,0.0
363.054,88.716,-3.438,2.5156,0.0
368.167,88.716,-3.281,2.6024,0.0
373.20300000000003,88.752,-3.596,2.6024,0.0
378.217,88.8,-3.754,2.6024,0.0
383.234,88.823,-3.912,2.6314,0.0
388.258,88.776,-4.15,2.6314,0.0
393.28499999999997,88.811,-4.071,2.6603,0.0
398.296,88.8,-4.23,2.6893,0.0
403.30699999999996,88.883,-3.833,2.7471,0.0
408.412,88.859,-3.36,2.7182,0.0
413.45,88.895,-3.36,2.805,0.0
418.513,88.906,-3.203,2.805,0.0
423.481,88.954,-2.969,2.8629,0.0
428.606,88.966,-3.833,2.8629,0.0
433.621,88.978,-3.675,2.8919,0.0
438.657,88.99,-3.833,2.8919,0.0
443.679,89.013,-3.517,2.9498,0.0
448.687,89.002,-3.438,2.9208,0.0
453.68899999999996,89.002,-3.438,3.0366,0.0
458.721,89.061,-3.281,3.0077,0.0
463.73199999999997,89.109,-2.271,3.0366,0.0
468.711,89.085,-1.734,3.0945,0.0
473.666,89.097,-1.963,3.1235,0.0
478.82099999999997,89.12,-2.969,3.0945,0.0
483.85,89.144,-2.271,3.1235,0.0
488.921,89.144,-2.657,3.2103,0.0
493.95599999999996,89.168,-3.36,3.1814,0.0
499.094,89.18,-2.891,3.2393,0.0
504.13399999999996,89.192,-3.833,3.2682,0.0
509.1979999999999,89.216,-2.891,3.2972,0.0
514.226,89.204,-3.047,3.2682,0.0
519.263,89.263,-2.194,3.3261,0.0
524.313,89.263,-2.271,3.3551,0.0
529.4519999999999,89.251,-2.194,3.3551,0.0
534.496,89.299,-2.348,3.413,0.0
539.64,89.311,-2.04,3.413,0.0
544.7330000000001,89.382,-1.81,3.4419,0.0
549.827,89.406,-1.963,3.4709,0.0
554.9309999999999,89.441,-2.194,3.5288,0.0
560.012,89.429,-2.04,3.5288,0.0
565.133,89.429,-2.58,3.5867,0.0
570.271,89.453,-2.657,3.6156,0.0
575.433,89.489,-2.735,3.6156,0.0
580.5319999999999,89.513,-3.36,3.7025,0.0
585.704,89.525,-3.281,3.7025,0.0
590.794,89.572,-2.58,3.7025,0.0
595.9219999999999,89.596,-2.04,3.6735,0.0
601.012,89.62,-2.502,3.7025,0.0
606.1809999999999,89.608,-2.502,3.7893,0.0
611.246,89.655,-2.657,3.8183,0.0
616.355,89.679,-1.81,3.7893,0.0
621.4499999999999,89.715,-2.117,3.8762,0.0
626.62,89.727,-2.117,3.8472,0.0
631.706,89.739,-1.734,3.9051,0.0
636.8009999999999,89.762,-1.81,3.9341,0.0
641.883,89.762,-2.04,3.992,0.0
646.939,89.81,-2.502,3.9341,0.0
652.0239999999999,89.822,-2.425,3.992,0.0
657.111,89.81,-2.348,4.0209,0.0
662.1659999999999,89.834,-1.963,4.0499,0.0
667.276,89.869,-2.502,4.0209,0.0
672.249,89.893,-1.963,4.1078,0.0
677.3199999999999,89.917,-2.194,4.1657,0.0
682.346,89.893,-2.348,4.1367,0.0
687.476,89.881,-2.735,4.1657,0.0
692.634,89.917,-2.04,4.2525,0.0
697.716,89.941,-1.734,4.2236,0.0
702.7489999999999,89.952,-1.734,4.2236,0.0
707.799,89.976,-2.58,4.3104,0.0
712.8409999999999,89.952,-1.887,4.2815,0.0
717.908,89.964,-2.502,4.2815,0.0
722.931,89.988,-2.657,4.3394,0.0
727.963,89.988,-2.891,4.3683,0.0
732.9979999999999,89.988,-2.117,4.3973,0.0
738.027,89.988,-2.969,4.4262,0.0
743.049,90.048,-3.833,4.4552,0.0
748.1569999999999,90.024,-2.735,4.4262,0.0
753.1899999999999,90.048,-2.735,4.4552,0.0
758.2280000000001,90.024,-2.194,4.5131,0.0
763.261,90.071,-2.04,4.5131,0.0
768.288,90.071,-1.581,4.542,0.0
773.312,90.083,-1.505,4.5999,0.0
778.357,90.107,-1.505,4.5999,0.0
783.374,90.071,-1.963,4.6289,0.0
788.4789999999999,90.095,-1.887,4.6578,0.0
793.5089999999999,90.131,-2.271,4.6578,0.0
798.6479999999999,90.131,-2.735,4.6578,0.0
803.669,90.143,-2.657,4.6867,0.0
808.708,90.155,-2.425,4.7446,0.0
813.7439999999999,90.166,-2.271,4.7736,0.0
818.7399999999999,90.166,-2.04,4.7736,0.0
823.808,90.178,-2.271,4.8315,0.0
828.9609999999999,90.19,-2.117,4.8315,0.0
833.972,90.202,-2.348,4.9183,0.0
839.084,90.214,-2.271,4.8894,0.0
844.1139999999999,90.214,-2.117,4.9183,0.0
849.137,90.238,-1.963,4.9183,0.0
854.1489999999999,90.25,-1.429,4.9473,0.0
859.182,90.25,-1.201,5.0052,0.0
864.193,90.285,-1.81,5.0052,0.0
869.1809999999999,90.273,-1.277,5.0341,0.0
874.1399999999999,90.309,-1.125,5.0631,0.0
879.2019999999999,90.345,-1.05,5.121,0.0
884.2299999999999,90.357,-1.734,5.121,0.0
889.2629999999999,90.345,-1.125,5.121,0.0
894.289,90.357,-1.581,5.121,0.0
899.347,90.416,-1.505,5.1499,0.0
904.376,90.428,-1.81,5.2078,0.0
909.528,90.452,-1.581,5.2078,0.0
914.611,90.475,-1.81,5.2368,0.0
919.622,90.487,-2.271,5.2078,0.0
924.684,90.523,-1.05,5.2947,0.0
929.761,90.559,-2.425,5.2947,0.0
934.843,90.582,-1.277,5.2947,0.0
939.923,90.618,-2.04,5.3236,0.0
945.012,90.582,-1.505,5.4105,0.0
950.063,90.63,-2.194,5.4105,0.0
955.1619999999999,90.642,-1.353,5.4394,0.0
960.2259999999999,90.642,-1.81,5.4394,0.0
979.2379999999999,90.701,-1.657,5.4973,0.0
1043.0759999999998,90.903,-1.734,5.8158,0.0
1067.962,90.903,-0.823,5.9026,0.0
1073.338,90.939,-0.598,5.9026,0.0
1078.425,90.963,-0.523,5.9316,0.0
1083.5349999999999,90.975,-0.974,5.9316,0.0
1088.689,90.975,-0.899,5.9316,0.0
1093.776,90.975,-1.201,6.0184,0.0
1098.96,90.998,-1.505,6.0184,0.0
1104.035,91.034,-1.05,6.0474,0.0
1109.1960000000001,91.046,-1.581,6.0763,0.0
1114.269,91.058,-1.657,6.0763,0.0
1119.383,91.046,-1.657,6.1342,0.0
1124.447,91.105,-0.673,6.1053,0.0
1129.642,91.129,-1.81,6.1342,0.0
1134.769,91.177,-1.734,6.1632,0.0
1139.875,91.177,-1.81,6.1921,0.0
1145.022,91.2,-1.277,6.25,0.0
1150.1129999999998,91.212,-1.125,6.25,0.0
1155.229,91.224,-1.05,6.2211,0.0
1160.3429999999998,91.248,-0.974,6.3079,0.0
1165.4759999999999,91.26,-0.673,6.279,0.0
1170.4650000000001,91.272,-0.298,6.3079,0.0
1175.532,91.284,0.074,6.3658,0.0
1180.577,91.284,-0.224,6.3658,0.0
1185.6770000000001,91.307,-0.974,6.3658,0.0
1190.72,91.307,-0.598,6.3948,0.0
1195.917,91.307,-1.05,6.3948,0.0
1201.154,91.343,-0.899,6.3948,0.0
1206.232,91.391,-0.448,6.4237,0.0
1211.2849999999999,91.379,-0.974,6.4527,0.0
1216.322,91.367,-1.125,6.4527,0.0
1221.324,91.355,-0.748,6.5106,0.0
1226.442,91.355,-0.899,6.5395,0.0
1231.463,91.426,-1.429,6.5106,0.0
1236.5980000000002,91.403,-1.277,6.5685,0.0
1241.6309999999999,91.438,-1.201,6.5685,0.0
1246.729,91.426,-0.974,6.6264,0.0
1251.741,91.45,-1.734,6.6264,0.0
1256.7749999999999,91.426,-0.748,6.5685,0.0
1261.803,91.426,-0.974,6.6553,0.0
1268.972,91.498,-0.748,6.6553,0.0
1274.038,91.51,-1.125,6.6553,0.0
1279.161,91.498,-0.298,6.7421,0.0
1284.193,91.498,-0.748,6.6842,0.0
1289.233,91.51,-1.277,6.7132,0.0
1294.259,91.51,-0.075,6.7711,0.0
1299.277,91.545,-0.673,6.7711,0.0
1304.286,91.533,-0.899,6.8,0.0
1309.36,91.545,-1.277,6.829,0.0
1314.3880000000001,91.533,-1.429,6.8579,0.0
1319.544,91.581,-1.657,6.829,0.0
1324.65,91.581,-1.277,6.829,0.0
1329.71,91.581,-0.823,6.8869,0.0
1334.8029999999999,91.581,-1.429,6.8869,0.0
1339.858,91.616,-1.277,6.9158,0.0
1344.96,91.616,-0.974,6.9737,0.0
1350.028,91.628,-1.734,6.9448,0.0
1355.1229999999998,91.664,-1.125,6.9737,0.0
1360.175,91.652,-1.734,7.0316,0.0
1365.274,91.676,-1.429,7.0027,0.0
1370.3319999999999,91.688,-0.823,7.0316,0.0
1375.4520000000002,91.688,-0.523,7.0316,0.0
1380.503,91.735,-0.748,7.0606,0.0
1385.627,91.723,-0.899,7.0606,0.0
1390.6719999999998,91.7,-1.353,7.0606,0.0
1395.71,91.723,-1.277,7.1185,0.0
1400.76,91.759,-1.353,7.1474,0.0
1405.921,91.783,-2.04,7.1185,0.0
1410.97,91.795,-0.748,7.1474,0.0
1416.007,91.807,-1.505,7.2053,0.0
1420.998,91.842,-0.673,7.2053,0.0
1426.015,91.771,-0.373,7.1764,0.0
1431.017,91.854,-0.823,7.2632,0.0
1436.1580000000001,91.878,-0.448,7.2632,0.0
1441.2350000000001,91.866,0.371,7.2632,0.0
1446.286,91.854,-0.298,7.2922,0.0
1451.354,91.854,-0.149,7.2922,0.0
1456.502,91.878,-0.149,7.3501,0.0
1461.55,91.89,-0.523,7.379,0.0
1466.6090000000002,91.902,-0.523,7.379,0.0
1471.6480000000001,91.926,-0.899,7.408,0.0
1476.677,91.902,-0.0,7.4659,0.0
1481.7209999999998,91.937,-0.448,7.4948,0.0
1486.7599999999998,91.926,-0.673,7.4369,0.0
1491.786,91.949,-0.224,7.4659,0.0
1496.8490000000002,91.937,-0.0,7.5238,0.0
1501.897,91.937,0.297,7.4948,0.0
1506.907,91.961,-0.224,7.4948,0.0
1511.887,91.961,-0.523,7.5238,0.0
1516.9669999999999,91.949,0.148,7.5817,0.0
1521.993,91.949,-0.149,7.5817,0.0
1527.045,91.973,0.148,7.6106,0.0
1532.103,92.021,-0.0,7.6106,0.0
1537.2430000000002,92.044,-0.298,7.5817,0.0
1542.2769999999998,92.044,-0.298,7.5817,0.0
1547.336,92.056,-0.149,7.6396,0.0
1552.3660000000002,92.056,0.297,7.6685,0.0
1557.4789999999998,92.08,-0.0,7.6685,0.0
1562.522,92.08,1.106,7.6685,0.0
1567.702,92.068,0.592,7.6975,0.0
1572.81,92.08,0.371,7.7554,0.0
1577.9019999999998,92.056,0.371,7.7554,0.0
1582.985,92.068,0.074,7.7843,0.0
1588.0749999999998,92.08,-0.0,7.8133,0.0
1593.1419999999998,92.092,-0.598,7.7554,0.0
1598.227,92.104,0.592,7.7843,0.0
1603.294,92.116,0.666,7.8133,0.0
1608.379,92.139,0.148,7.8422,0.0
1613.462,92.163,0.444,7.9001,0.0
1618.628,92.128,0.222,7.8712,0.0
1623.7089999999998,92.187,0.222,7.9001,0.0
1628.8039999999999,92.211,0.666,7.9291,0.0
1633.883,92.211,-0.0,7.9291,0.0
1638.972,92.223,0.592,7.9291,0.0
1644.038,92.223,0.518,7.9291,0.0
1649.1370000000002,92.223,0.886,7.958,0.0
1654.202,92.258,0.297,7.958,0.0
1659.278,92.258,0.148,7.958,0.0
1664.317,92.27,0.148,8.0449,0.0
1669.441,92.27,-0.224,8.0159,0.0
1674.432,92.258,0.444,8.0159,0.0
1679.579,92.27,0.074,8.0738,0.0
1684.6689999999999,92.318,-0.0,8.0738,0.0
1689.7389999999998,92.33,-0.075,8.0738,0.0
1694.967,92.318,-0.224,8.1028,0.0
1700.057,92.318,-0.075,8.1028,0.0
1705.1509999999998,92.342,-0.373,8.1317,0.0
1710.224,92.342,-0.0,8.0738,0.0
1715.306,92.365,0.148,8.1896,0.0
1720.372,92.377,0.297,8.1607,0.0
1725.4640000000002,92.389,0.148,8.1317,0.0
1730.499,92.425,-0.448,8.2186,0.0
1735.6,92.448,0.297,8.1896,0.0
1740.646,92.472,0.074,8.2186,0.0
1745.86,92.437,0.222,8.2186,0.0
1751.037,92.472,0.592,8.3054,0.0
1756.1589999999999,92.52,0.739,8.2475,0.0
1761.19,92.496,-0.598,8.2765,0.0
1766.234,92.472,-0.523,8.3344,0.0
1771.273,92.472,-0.224,8.2765,0.0
1776.298,92.496,0.886,8.3054,0.0
1781.323,92.579,0.297,8.3344,0.0
1786.481,92.567,-0.373,8.3344,0.0
1791.5299999999997,92.579,-0.224,8.3344,0.0
1796.568,92.544,-0.149,8.3923,0.0
1801.6019999999999,92.544,-0.673,8.4502,0.0
1806.6390000000001,92.555,-0.298,8.3923,0.0
1811.655,92.603,-0.0,8.4212,0.0
1816.6979999999999,92.627,0.297,8.4502,0.0
1821.7259999999999,92.627,0.148,8.4791,0.0
1826.722,92.651,0.739,8.4791,0.0
1831.7299999999998,92.615,-0.0,8.4791,0.0
1836.7559999999999,92.639,-0.149,8.537,0.0
1841.796,92.686,0.148,8.566,0.0
1846.864,92.686,0.297,8.537,0.0
1851.902,92.698,-0.598,8.537,0.0
1856.958,92.71,-0.0,8.5081,0.0
1861.987,92.722,0.297,8.566,0.0
1867.032,92.722,-0.523,8.6239,0.0
1872.0620000000001,92.758,0.371,8.5949,0.0
1877.157,92.734,0.444,8.6239,0.0
1882.1970000000001,92.746,0.959,8.6528,0.0
1887.2469999999998,92.769,1.252,8.6528,0.0
1892.27,92.793,0.813,8.6817,0.0
1897.3249999999998,92.793,1.252,8.6528,0.0
1902.339,92.841,0.666,8.7107,0.0
1922.685,92.829,-0.149,8.7107,0.0
1971.185,92.876,1.325,8.9133,0.0
1976.6219999999998,92.9,0.886,8.9712,0.0
1981.686,92.9,0.959,8.9423,0.0
1986.711,92.876,0.592,8.9133,0.0
1991.7549999999999,92.924,1.252,8.9423,0.0
1996.8539999999998,92.888,1.179,8.9423,0.0
2001.8899999999999,92.948,1.252,9.0291,0.0
2020.9519999999998,92.936,1.106,9.0581,0.0
2026.2959999999998,92.971,0.518,9.087,0.0
2031.338,92.971,0.739,9.087,0.0
2036.4429999999998,92.971,0.666,9.087,0.0
2041.4819999999997,92.948,0.959,9.116,0.0
2046.6109999999999,93.007,0.739,9.087,0.0
2051.62,92.995,0.739,9.116,0.0
2056.651,93.007,-0.075,9.116,0.0
2061.675,92.983,0.222,9.116,0.0
2066.7270000000003,92.96,0.666,9.1739,0.0
2071.793,92.96,0.074,9.2028,0.0
2076.904,92.983,0.444,9.2028,0.0
2081.973,92.96,0.371,9.2607,0.0
2087.1059999999998,92.983,0.666,9.2607,0.0
2092.189,93.031,1.106,9.2607,0.0
2097.272,93.007,0.444,9.2318,0.0
2102.322,93.031,0.148,9.3476,0.0
2107.473,92.995,0.739,9.3476,0.0
2112.5370000000003,93.007,0.813,9.2897,0.0
2117.707,93.019,0.666,9.3476,0.0
2122.798,93.019,0.959,9.3186,0.0
2127.853,93.031,1.033,9.3765,0.0
2132.92,93.007,0.148,9.3476,0.0
2138.0,93.019,-0.075,9.4055,0.0
2143.052,93.031,1.179,9.4055,0.0
2148.185,93.043,1.398,9.3765,0.0
2153.261,93.067,1.033,9.4055,0.0
2158.3610000000003,93.078,0.886,9.4344,0.0
2163.3830000000003,93.078,1.471,9.4344,0.0
2168.466,93.055,1.761,9.4634,0.0
2173.458,93.078,0.666,9.4923,0.0
2178.546,93.09,1.106,9.4634,0.0
2183.564,93.138,1.106,9.5213,0.0
2188.597,93.114,0.444,9.5502,0.0
2193.609,93.126,-0.075,9.4923,0.0
2198.648,93.138,1.398,9.5502,0.0
2203.6699999999996,93.138,0.739,9.5213,0.0
2208.691,93.126,0.886,9.5502,0.0
2213.7129999999997,93.114,1.252,9.5502,0.0
2218.743,93.114,1.906,9.6371,0.0
2223.75,93.138,1.033,9.6081,0.0
2228.868,93.138,0.444,9.6081,0.0
2233.943,93.15,0.444,9.6371,0.0
2239.0029999999997,93.15,0.592,9.6371,0.0
2243.983,93.174,0.739,9.6081,0.0
2249.1659999999997,93.162,0.739,9.6371,0.0
2254.2,93.15,0.592,9.695,0.0
2259.215,93.197,2.194,9.6371,0.0
2264.2419999999997,93.174,1.325,9.6371,0.0
2269.285,93.209,1.688,9.695,0.0
2274.309,93.185,1.398,9.7239,0.0
2279.457,93.209,1.033,9.7239,0.0
2284.4790000000003,93.233,1.179,9.7239,0.0
2289.6229999999996,93.221,0.959,9.7239,0.0
2294.711,93.233,1.761,9.7529,0.0
2299.8289999999997,93.233,0.739,9.8108,0.0
2304.927,93.257,1.033,9.7818,0.0
2309.958,93.245,1.033,9.7818,0.0
2315.191,93.292,0.813,9.7818,0.0
2320.325,93.304,0.371,9.8108,0.0
2325.4289999999996,93.281,0.371,9.8687,0.0
2330.512,93.269,1.033,9.8108,0.0
2335.617,93.281,0.739,9.8687,0.0
2340.6479999999997,93.316,-0.075,9.8397,0.0
2345.681,93.34,0.813,9.8687,0.0
2350.715,93.352,0.518,9.8687,0.0
2355.751,93.364,1.033,9.8976,0.0
2360.7670000000003,93.34,0.739,9.8976,0.0
2365.785,93.328,1.543,9.8976,0.0
2370.806,93.352,1.033,9.8976,0.0
2375.9320000000002,93.376,0.959,9.8976,0.0
2380.987,93.376,1.616,9.9555,0.0
2386.032,93.352,1.325,9.9266,0.0
2391.06,93.352,0.886,9.9845,0.0
2396.154,93.387,1.106,9.9845,0.0
2401.165,93.387,1.033,9.9845,0.0
2406.187,93.376,1.761,9.9845,0.0
2411.2079999999996,93.387,1.761,9.9845,0.0
2416.2369999999996,93.376,1.543,9.9845,0.0
2421.199,93.399,0.739,9.9845,0.0
2426.215,93.387,-0.224,9.9845,0.0
2431.2490000000003,93.399,0.666,10.0134,0.0
2436.273,93.399,0.148,10.0424,0.0
2441.304,93.411,0.959,10.1003,0.0
2446.313,93.423,0.813,10.0424,0.0
2451.325,93.435,1.106,10.0424,0.0
2456.455,93.459,1.179,10.0713,0.0
2461.489,93.471,0.666,10.0713,0.0
2466.5699999999997,93.483,0.518,10.1003,0.0
2471.598,93.53,0.886,10.1582,0.0
2476.658,93.506,1.252,10.1003,0.0
2481.667,93.518,1.616,10.1292,0.0
2486.6839999999997,93.578,1.616,10.1003,0.0
2491.7180000000003,93.59,1.616,10.1292,0.0
2496.734,93.601,1.398,10.1003,0.0
2501.7329999999997,93.613,1.688,10.1582,0.0
2506.8109999999997,93.59,1.252,10.245,0.0
2511.871,93.613,1.906,10.1871,0.0
2516.909,93.601,1.471,10.1582,0.0
2521.926,93.637,1.761,10.2161,0.0
2527.031,93.637,1.398,10.2161,0.0
2532.044,93.697,1.398,10.245,0.0
2537.086,93.685,1.471,10.274,0.0
2542.1040000000003,93.697,1.471,10.274,0.0
2547.091,93.708,1.325,10.274,0.0
2552.08,93.72,0.886,10.274,0.0
2557.221,93.72,0.813,10.3029,0.0
2562.2470000000003,93.756,1.106,10.3029,0.0
2567.2999999999997,93.708,0.739,10.274,0.0
2572.391,93.72,0.739,10.3029,0.0
2577.473,93.697,0.666,10.3029,0.0
2582.5260000000003,93.72,1.761,10.3608,0.0
2587.6839999999997,93.72,1.978,10.3319,0.0
2592.759,93.732,1.179,10.3319,0.0
2597.8529999999996,93.756,1.325,10.3608,0.0
2602.927,93.78,-0.0,10.3319,0.0
2608.0069999999996,93.768,1.688,10.3608,0.0
2613.08,93.744,1.398,10.3319,0.0
2618.246,93.803,1.398,10.3608,0.0
2623.314,93.78,1.179,10.3608,0.0
2628.37,93.768,1.471,10.3898,0.0
2633.458,93.827,1.179,10.3898,0.0
2638.613,93.839,1.179,10.4187,0.0
2643.673,93.803,1.252,10.4187,0.0
2648.7780000000002,93.839,1.978,10.4477,0.0
2653.845,93.851,1.471,10.3898,0.0
2658.914,93.875,1.761,10.4477,0.0
2663.932,93.899,1.106,10.4187,0.0
2668.9379999999996,93.863,1.325,10.4766,0.0
2673.893,93.875,1.906,10.5056,0.0
2678.959,93.875,1.325,10.4766,0.0
2683.9750000000004,93.887,1.106,10.4766,0.0
2689.096,93.899,1.616,10.4477,0.0
2694.242,93.91,1.688,10.5056,0.0
2699.313,93.887,0.886,10.5056,0.0
2704.342,93.887,1.252,10.5635,0.0
2709.4579999999996,93.922,0.297,10.5345,0.0
2714.477,93.946,1.106,10.5345,0.0
2719.6220000000003,93.982,-0.0,10.5345,0.0
2724.7110000000002,93.97,0.813,10.5635,0.0
2729.7729999999997,93.922,0.148,10.5635,0.0
2734.8360000000002,93.922,0.592,10.5056,0.0
2739.888,93.922,0.444,10.5924,0.0
2744.996,93.946,1.252,10.5924,0.0
2750.052,93.946,1.325,10.5635,0.0
2755.136,93.922,1.398,10.5635,0.0
2760.182,93.958,1.033,10.5924,0.0
2765.268,93.958,1.761,10.5635,0.0
2770.307,93.934,2.05,10.5924,0.0
2775.3869999999997,93.946,1.252,10.6213,0.0
2780.442,93.946,0.444,10.6213,0.0
2785.545,93.934,1.398,10.5924,0.0
2790.5860000000002,93.982,1.398,10.6503,0.0
2795.6789999999996,93.97,1.398,10.6503,0.0
2800.71,93.982,1.106,10.6503,0.0
2805.738,93.982,1.833,10.6792,0.0
2810.761,93.994,1.471,10.7082,0.0
2815.776,93.994,0.444,10.6503,0.0
2820.788,94.006,1.325,10.7082,0.0
2853.573,94.053,1.106,10.7371,0.0
2917.1,94.136,1.761,10.8819,0.0
2922.5249999999996,94.113,1.543,10.9108,0.0
2927.699,94.136,1.616,10.9108,0.0
2932.779,94.172,1.398,10.8819,0.0
2937.8940000000002,94.148,1.978,10.9108,0.0
2942.9309999999996,94.172,1.688,10.9398,0.0
2947.965,94.172,2.194,10.9398,0.0
2953.0029999999997,94.184,2.482,10.9108,0.0
2958.046,94.196,2.05,10.9687,0.0
2963.063,94.208,2.553,10.9687,0.0
2968.169,94.196,2.05,10.9687,0.0
2973.2180000000003,94.219,1.906,10.9977,0.0
2978.2549999999997,94.231,1.471,11.0266,0.0
2983.2609999999995,94.243,1.616,10.9977,0.0
2988.298,94.243,1.543,10.9687,0.0
2993.329,94.267,1.325,11.0266,0.0
2998.38,94.255,0.959,11.0266,0.0
3003.467,94.243,1.688,11.0266,0.0
3021.601,94.279,1.833,11.0556,0.0
3026.949,94.291,1.906,11.0845,0.0
3032.002,94.326,1.543,11.0556,0.0
3037.128,94.338,1.106,11.0845,0.0
3042.154,94.374,0.444,11.1135,0.0
3047.26,94.315,1.398,11.1424,0.0
3052.305,94.35,2.05,11.1714,0.0
3057.3489999999997,94.386,1.471,11.1714,0.0
3062.381,94.398,1.471,11.1424,0.0
3067.476,94.386,0.813,11.1714,0.0
3072.5370000000003,94.41,1.978,11.1714,0.0
3077.682,94.374,1.252,11.2293,0.0
3082.7599999999998,94.362,2.05,11.2003,0.0
3087.834,94.386,1.252,11.1714,0.0
3092.8810000000003,94.41,0.813,11.2293,0.0
3098.0370000000003,94.433,1.761,11.2293,0.0
3103.101,94.422,1.906,11.2293,0.0
3108.261,94.422,1.978,11.2293,0.0
3113.36,94.445,1.833,11.2872,0.0
3118.5139999999997,94.469,1.761,11.2582,0.0
3123.571,94.481,1.906,11.2582,0.0
3128.6960000000004,94.493,2.122,11.2582,0.0
3133.775,94.469,2.266,11.2872,0.0
3138.951,94.457,1.471,11.2872,0.0
3144.0190000000002,94.481,1.978,11.3451,0.0
3149.2079999999996,94.481,2.122,11.3161,0.0
3154.271,94.493,2.05,11.374,0.0
3159.321,94.493,2.266,11.374,0.0
3164.371,94.493,1.833,11.403,0.0
3169.431,94.505,1.252,11.374,0.0
3174.3869999999997,94.517,2.338,11.403,0.0
3179.538,94.493,1.398,11.403,0.0
3184.606,94.54,2.41,11.403,0.0
3189.6420000000003,94.529,1.833,11.4319,0.0
3194.732,94.529,1.543,11.374,0.0
3199.846,94.54,2.122,11.403,0.0
3204.961,94.529,2.338,11.403,0.0
3210.0480000000002,94.529,2.41,11.4898,0.0
3215.147,94.517,2.41,11.4609,0.0
3220.19,94.564,2.553,11.4898,0.0
3225.287,94.564,2.482,11.5188,0.0
3230.3480000000004,94.576,3.408,11.4609,0.0
3235.437,94.552,2.553,11.4898,0.0
3240.477,94.564,2.482,11.4609,0.0
3245.615,94.576,2.625,11.5188,0.0
3250.66,94.6,2.41,11.5477,0.0
3255.684,94.612,2.266,11.4898,0.0
3260.7400000000002,94.612,2.41,11.5188,0.0
3265.7690000000002,94.6,2.911,11.4898,0.0
3270.794,94.6,2.696,11.5477,0.0
3275.845,94.624,2.553,11.5767,0.0
3280.879,94.612,2.05,11.6056,0.0
3285.904,94.659,2.338,11.5767,0.0
3290.927,94.647,1.616,11.5188,0.0
3295.959,94.635,2.338,11.5767,0.0
3300.9779999999996,94.635,2.05,11.5477,0.0
3306.1189999999997,94.647,1.978,11.6056,0.0
3311.148,94.647,1.688,11.6925,0.0
3316.1800000000003,94.659,2.122,11.6925,0.0
3321.692,94.659,2.553,11.6346,0.0
3326.815,94.671,1.688,11.6346,0.0
3331.84,94.647,2.05,11.6346,0.0
3336.941,94.695,2.911,11.6056,0.0
3352.3779999999997,94.683,2.696,11.6925,0.0
3359.377,94.671,2.911,11.6635,0.0
3364.637,94.707,2.338,11.6635,0.0
3371.449,94.707,3.053,11.7504,0.0
3376.6929999999998,94.707,3.195,11.6925,0.0
3381.733,94.683,2.266,11.7214,0.0
3388.6789999999996,94.683,2.482,11.7214,0.0
3393.8700000000003,94.671,2.982,11.6925,0.0
3398.926,94.695,2.696,11.7214,0.0
3405.864,94.695,2.41,11.7504,0.0
3411.053,94.707,1.761,11.7214,0.0
3416.195,94.695,2.839,11.6925,0.0
3422.892,94.719,2.625,11.6635,0.0
3428.09,94.707,2.122,11.6925,0.0
3435.0009999999997,94.695,3.761,11.6635,0.0
3440.2509999999997,94.695,3.479,11.6925,0.0
3445.394,94.754,3.124,11.7214,0.0
3450.495,94.731,2.696,11.6925,0.0
3455.586,94.742,2.696,11.6925,0.0
3460.621,94.731,3.053,11.7504,0.0
3467.717,94.719,2.41,11.6925,0.0
3472.9339999999997,94.707,2.266,11.7214,0.0
3478.0389999999998,94.695,2.911,11.7214,0.0
3485.0080000000003,94.683,2.982,11.6925,0.0
3490.169,94.707,2.625,11.6925,0.0
3495.251,94.671,3.195,11.6635,0.0
3502.406,94.719,2.839,11.6925,0.0
3507.6730000000002,94.719,2.625,11.6925,0.0
3512.6910000000003,94.695,1.471,11.6925,0.0
3517.804,94.731,1.906,11.6635,0.0
3522.815,94.742,0.959,11.6925,0.0
3527.864,94.707,1.398,11.7214,0.0
3532.925,94.719,2.122,11.7504,0.0
3537.9480000000003,94.754,2.338,11.6925,0.0
3542.924,94.754,3.408,11.6925,0.0
